0,60,40,10,3.49001089306,3.08037545357,0.0084180831909
1,150,80,20,0.620926716684,1.42029139013,0.01487898826
2,230,120,30,0.553755547824,0.579713275331,0.022733211517
3,320,160,40,0.581391994969,1.42682489359,0.030817985534
4,400,200,50,0.557608549859,0.989733433323,0.036579132080
5,480,240,60,0.69126185128,3.16407976539,0.043287992477
6,550,280,70,0.569328857072,1.29094178126,0.047440052032
7,630,320,80,0.482207294072,1.13993115006,0.051928043365
8,680,360,90,0.300136442866,0.272878818589,0.055215120315
9,760,400,100,1.10198303998,2.81136088917,0.063616991043
10,840,440,110,0.651332613598,2.82786793411,0.07011198997
11,910,480,120,0.323672792518,0.815918923882,0.074030160903
12,990,520,130,0.59036713786,1.27522846588,0.078478097915
13,1070,560,140,0.627095775205,2.37065362859,0.086090087890
14,1140,600,150,0.306558352941,0.529999912108,0.092012166976
15,1220,640,160,0.435930948443,0.382622452026,0.096498012542
16,1300,680,170,0.43118781889,0.162231393801,0.10372114181
17,1350,720,180,0.437339004608,0.0929938771375,0.10702705383
18,1430,760,190,0.501408061692,0.352601314791,0.1138281822
19,1510,800,200,0.434679320897,1.06636794038,0.11823415756
20,1590,840,210,0.790190971464,2.35503180377,0.12276601791
21,1670,880,220,0.780113899057,2.91797060193,0.13024711608
22,1720,920,230,0.20494324189,0.464461176367,0.13369107246
23,1800,960,240,0.861720752599,1.96892474321,0.13823413848
24,1880,1000,250,0.68995821475,2.36991596777,0.14262318611
25,1960,1040,260,0.494543943355,1.12899009928,0.14910912513
26,2020,1080,270,0.373409963705,0.254978128029,0.15278005
27,2080,1120,280,0.434270772525,0.175580401945,0.15944409370
28,2160,1160,290,0.392200710678,0.770024897001,0.16379213333
29,2240,1200,300,0.454045853225,0.811175362279,0.16856598854
30,2320,1240,310,0.45704144041,0.579212180058,0.17293119430
31,2400,1280,320,0.371299656047,0.216793128458,0.17835617065
32,2470,1320,330,0.35534307319,0.10624404903,0.18436312675
33,2530,1360,340,0.377811326866,0.0703648101224,0.18800997734
34,2610,1400,350,0.705553746368,2.12231258894,0.19634819030
35,2690,1440,360,0.732151174284,2.24734026308,0.20097303390
36,2770,1480,370,0.47472246809,0.875116868344,0.2054641246
37,2850,1520,380,0.492755378201,0.0494000219004,0.21193504333
38,2930,1560,390,0.400578963751,1.33024376111,0.21622610092
39,3010,1600,400,0.564042441237,1.38772742852,0.22393608093
40,3090,1640,410,0.526741813295,0.417909145388,0.2287840843
41,3160,1680,420,0.520500689403,2.85212878636,0.23466515541
42,3230,1720,430,2.15571034538,3.17128928324,0.2388031482
43,3310,1760,440,0.630257893084,2.62938021357,0.24318814277
44,3390,1800,450,0.609561729723,1.49544076655,0.25052118301
45,3460,1840,460,0.35952431177,1.02318897278,0.25481319427
46,3540,1880,470,0.959510485993,2.45524996482,0.26510214805
47,3610,1920,480,0.457660602362,2.67442215965,0.27226519584
48,3680,1960,490,1.2320298218,2.10311657043,0.27685618400
49,3760,2000,500,0.481890836479,0.843954296816,0.28131818771
50,3840,2040,510,0.506765658589,0.480651441083,0.2859230041
51,3920,2080,520,0.516462120285,1.62298003029,0.29269814491
52,4000,2120,530,0.636672737803,1.71554335735,0.29721307754
53,4090,2160,540,0.509219388537,1.16030078373,0.30516219139
54,4170,2200,550,0.581764809526,1.23898004788,0.31012201309
55,4250,2240,560,0.852695918562,3.94642472189,0.31674003601
56,4320,2280,570,0.451379383457,1.03287160498,0.32080316543
57,4380,2320,580,0.211931628827,0.724625371218,0.32771921157
58,4450,2360,590,1.37755290883,2.75403053369,0.3330631256
59,4530,2400,600,1.16252665079,4.47768932287,0.33795309066
60,4610,2440,610,1.21142993231,2.97823868876,0.34245514869
61,4690,2480,620,0.552711231748,2.02439224329,0.34682011604
62,4760,2520,630,0.323528608017,0.516845816191,0.35070610046
63,4840,2560,640,0.532001394555,1.10357735405,0.35717201232
64,4920,2600,650,0.49719093195,0.406767610782,0.36170411109
65,4980,2640,660,0.485025405,0.0643217846812,0.36553120613
66,5060,2680,670,0.403809498701,0.832865545059,0.37328815460
67,5140,2720,680,0.745998112463,2.134412119,0.38058209419
68,5220,2760,690,0.669870558838,2.07565995013,0.38768506050
69,5270,2800,700,0.303768184429,0.315325100652,0.39099001884
70,5350,2840,710,0.997669862023,2.61394178589,0.39905214309
71,5430,2880,720,0.812798011242,4.014299691,0.40350508689
72,5500,2920,730,0.67225292615,1.62096838382,0.41047215461
73,5580,2960,740,0.494501352132,1.12536806336,0.41497206687
74,5660,3000,750,0.581516132591,1.3153114268,0.41947197914
75,5740,3040,760,0.537355177639,2.53964402511,0.42726206779
76,5820,3080,770,0.725130275112,1.7706616891,0.4340920448
77,5900,3120,780,0.633074501642,1.34924790078,0.43878006935
78,5990,3160,790,0.578099956371,1.66636488923,0.44678807258
79,6080,3200,800,0.456440069199,0.229763586983,0.45207214355
80,6160,3240,810,0.502490714805,0.325444502748,0.45905709266
81,6240,3280,820,0.521897703994,0.78371338914,0.46369004249
82,6320,3320,830,0.442558356672,0.235590039847,0.47143912315
83,6400,3360,840,0.369723466212,1.05444719371,0.475804090
84,6480,3400,850,1.23585718319,4.38515113935,0.48109316825
85,6560,3440,860,2.39648538998,6.75418693158,0.48790311813
86,6630,3480,870,0.907164133643,1.75100920527,0.49199199676
87,6710,3520,880,0.477746533002,0.342768906331,0.49660611152
88,6790,3560,890,0.448590596278,0.679395206674,0.50877618789
89,6870,3600,900,0.48894452095,0.300306615408,0.51346898078
90,6950,3640,910,0.39686857611,0.42410949866,0.52023911476
91,7030,3680,920,0.46011523186,0.650518501059,0.52472519874
92,7110,3720,930,0.538959847649,0.900240158545,0.53320312
93,7190,3760,940,0.671236102555,3.4405298061,0.53757500648
94,7270,3800,950,0.865497704569,1.98436787501,0.5446400642
95,7330,3840,960,0.395859151927,0.186247793948,0.5484321117
96,7410,3880,970,0.374644831326,0.19650597373,0.55643010139
97,7500,3920,980,0.364897538998,0.0640687783584,0.56125116348
98,7580,3960,990,0.562856189117,1.48186998332,0.5683510303
99,7660,4000,1000,0.654284333691,2.586460528,0.57662510871
100,7740,4040,1010,0.764717351018,2.00564543102,0.58118510246
101,7830,4080,1020,0.469494392546,0.561136669658,0.5884981155
102,7910,4120,1030,0.432944769976,1.12665994425,0.59605002403
103,7990,4160,1040,0.391133245553,0.699478711933,0.60083413124
104,8070,4200,1050,0.372266993828,0.234686988465,0.6079001426
105,8150,4240,1060,0.363019901909,0.139646191645,0.61240720748
106,8230,4280,1070,0.701013493581,2.339603843,0.62029409408
107,8310,4320,1080,1.14347637085,4.81892872074,0.62509202957
108,8380,4360,1090,1.00115025967,2.1665641647,0.62928318977
109,8460,4400,1100,0.600901373931,1.59844631542,0.63391017913
110,8540,4440,1110,0.55592652125,0.688653589318,0.64098310470
111,8630,4480,1120,0.498375278939,0.803295357959,0.64671611785
112,8710,4520,1130,0.526513880134,0.312128447927,0.65452408790
113,8790,4560,1140,0.489359882724,1.07812883528,0.65953803062
114,8870,4600,1150,0.567825139551,0.990861169343,0.66727614402
115,8950,4640,1160,0.514266291885,0.386181859556,0.67497706413
116,9030,4680,1170,0.618740541249,2.82382961434,0.67968010902
117,9110,4720,1180,0.947479946841,2.34879177736,0.68677210807
118,9190,4760,1190,0.458453036438,1.70291401863,0.69116306304
119,9270,4800,1200,0.583087117671,1.33483866103,0.69903898239
120,9350,4840,1210,0.368607710701,1.07709573932,0.70339107513
121,9430,4880,1220,0.664308006402,1.72402168438,0.71074414253
122,9500,4920,1230,0.543834140879,3.03101393512,0.71470499038
123,9570,4960,1240,1.86320318519,2.74556939293,0.71884608268
124,9650,5000,1250,0.418401494874,0.708472880445,0.72665619850
125,9730,5040,1260,0.552946557493,1.2360195447,0.73125004768
126,9820,5080,1270,0.446890055505,0.794347739489,0.73886704444
127,9900,5120,1280,0.54970586577,1.3327333464,0.74696111679
128,9980,5160,1290,0.868871613672,3.98121057706,0.75341105461
129,10050,5200,1300,0.430454496488,0.987025874758,0.75730609893
130,10130,5240,1310,0.370948316954,0.317035708193,0.76449608802
131,10210,5280,1320,0.436890943441,0.290311431863,0.76916503906
132,10290,5320,1330,0.425962399688,0.055090754017,0.77555012702
133,10350,5360,1340,0.418529204561,0.0636307027532,0.77955007553
134,10420,5400,1350,0.327739580618,0.773126418332,0.78344297409
135,10500,5440,1360,0.501119027855,1.11252706182,0.79076504707
136,10580,5480,1370,0.468059085581,0.73382436201,0.79542303085
137,10660,5520,1380,0.459274104352,0.548747670708,0.80009508132
138,10740,5560,1390,0.456963220116,0.493115560909,0.80644416809
139,10810,5600,1400,0.320735709106,1.83136543353,0.81030201911
140,10880,5640,1410,2.54319924756,4.75745781071,0.81475305557
141,10950,5680,1420,4.70604949926,7.16497651476,0.8188140392
142,11010,5720,1430,2.3315169682,2.67050021604,0.82545900344
143,11090,5760,1440,0.600343054866,1.87401288105,0.83036804199
144,11170,5800,1450,0.392639793434,0.860161188691,0.83704209327
145,11250,5840,1460,0.627921735112,1.54296797588,0.8415300846
146,11330,5880,1470,0.617795532904,1.93570082885,0.84601807594
147,11410,5920,1480,0.71971611855,2.00087745789,0.85060119628
148,11490,5960,1490,0.601432176684,2.12857397098,0.85798716545
149,11560,6000,1500,0.320540424834,0.468293169988,0.86194610595
150,11640,6040,1510,0.460234399765,0.595213187471,0.86670112609
151,11720,6080,1520,0.518578705597,0.646174160476,0.87323498725
152,11800,6120,1530,0.563945605948,1.77468290805,0.8809180259
153,11880,6160,1540,0.398207627881,0.730309497437,0.88520002365
154,11960,6200,1550,0.461339466168,0.251107843187,0.88954210281
155,12040,6240,1560,0.55573530922,0.781314053597,0.89623808860
156,12130,6280,1570,0.497423870302,0.994727681368,0.90144014358
157,12210,6320,1580,0.440823847078,1.0331324313,0.90890312194
158,12290,6360,1590,0.690029749633,1.8301778516,0.91377902030
159,12380,6400,1600,0.48588160738,0.203492516554,0.92086505889
160,12470,6440,1610,0.467127163772,0.521304048071,0.92578601837
161,12550,6480,1620,0.505897842608,0.993329393498,0.93335008621
162,12630,6520,1630,0.442791475105,0.266175998634,0.93799805641
163,12710,6560,1640,0.531448487241,0.849057751824,0.94258403778
164,12800,6600,1650,0.527406586808,0.328886524608,0.94948816299
165,12980,6640,1660,0.52031326056,0.0433870314709,0.95797705650
166,13060,6680,1670,0.5071052675,1.36774251472,0.96553897857
167,13140,6720,1680,0.408289624339,0.488428881888,0.9699110984
168,13210,6760,1690,0.372072032669,0.11243130012,0.97429013252
169,13290,6800,1700,0.453507265545,0.58407592319,0.98078298568
170,13370,6840,1710,0.443401507256,0.415427958859,0.98518013954
171,13450,6880,1720,0.512203663042,0.857130025004,0.99305701255
172,13540,6920,1730,0.493756765472,0.728654106232,1.0000181198
173,13630,6960,1740,0.495720877591,0.116251376497,1.0055921077
174,13710,7000,1750,0.423157386792,0.826188013938,1.0129411220
175,13790,7040,1760,0.597281022739,1.3062171864,1.017451047
176,13880,7080,1770,0.520975963614,0.509938380081,1.023182153
177,13960,7120,1780,0.452852431369,1.68627391732,1.027662038
178,14040,7160,1790,0.578674028366,1.42892963623,1.0350270271
179,14120,7200,1800,0.399850405466,0.738640860945,1.0395300388
180,14200,7240,1810,0.562370507981,1.28354406711,1.0474121570
181,14290,7280,1820,0.487730901935,0.98980529023,1.0527122020
182,14350,7320,1830,0.445376240058,0.058635188842,1.0624470710
183,14430,7360,1840,0.43499076084,1.12263337495,1.0670871734
184,14510,7400,1850,0.421013733983,0.604226573445,1.0753719806
185,14590,7440,1860,0.516046661962,0.854202728185,1.0808260440
186,14670,7480,1870,0.477620999691,1.75659434208,1.0854330062
187,14750,7520,1880,0.572417867894,1.49934162523,1.0899360179
188,14820,7560,1890,0.499534431799,0.0784570865439,1.0967490673
189,14890,7600,1900,0.383878382025,1.93277954099,1.1007020473
190,14960,7640,1910,0.836955389889,1.71987402647,1.1085510253
191,15040,7680,1920,0.431896065009,0.111963233233,1.1133291721
192,15120,7720,1930,0.499916485465,0.321533239923,1.1203031539
193,15200,7760,1940,0.44503003359,1.19220569354,1.1250591278
194,15280,7800,1950,0.738800649061,2.09500979594,1.1330831050
195,15360,7840,1960,0.729605735613,3.82413805713,1.1378240585
196,15440,7880,1970,1.19071363564,2.72869925126,1.1428711414
197,15520,7920,1980,0.499228585,0.64858770609,1.1499221324
198,15600,7960,1990,0.493568677908,1.57019531778,1.1548051834
199,15680,8000,2000,0.424390427001,0.673239345373,1.1632781028
200,15750,8040,2010,0.408860557289,0.289288636238,1.1697621345
201,15830,8080,2020,0.546357129338,1.32518671114,1.1745941638
202,15920,8120,2030,0.514625339302,0.860352567753,1.1833641529
203,16000,8160,2040,0.413636930682,1.48464244627,1.1899261474
204,16080,8200,2050,0.909061489183,2.51362230115,1.198903083
205,16160,8240,2060,0.574812008007,1.40944844814,1.2040410041
206,16230,8280,2070,0.387253682886,0.275801481093,1.2085731029
207,16280,8320,2080,0.293377331747,0.226370736056,1.2141880989
208,16360,8360,2090,0.828709811735,2.1537374801,1.2190551757
209,16450,8400,2100,0.51588569087,1.54654288312,1.2274951934
210,16500,8440,2110,0.45538834339,0.200817128514,1.2332501411
211,16580,8480,2120,0.524988896616,0.885666996912,1.2380871772
212,16660,8520,2130,0.568282283498,1.30868279322,1.2461190223
213,16740,8560,2140,0.603841938529,1.41414290503,1.2511601448
214,16820,8600,2150,0.591482724245,2.47448996994,1.2581582069
215,16890,8640,2160,0.352095650587,0.684039297322,1.2621450424
216,16970,8680,2170,0.785415722869,2.67787669604,1.2705130577
217,17050,8720,2180,1.55414770326,5.91119890239,1.2752511501
218,17120,8760,2190,1.58822559189,3.17548197981,1.2795641422
219,17200,8800,2200,1.77867581058,6.04246183939,1.286324024
220,17270,8840,2210,1.15600827151,2.24257085974,1.2904870510
221,17350,8880,2220,0.651005497913,2.47936122356,1.2950870990
222,17430,8920,2230,0.83387071742,2.36364761475,1.2997281551
223,17520,8960,2240,0.513570372977,1.20925939262,1.304799079
224,17590,9000,2250,0.457563359349,2.06627477706,1.3122251033
225,17660,9040,2260,0.601919785732,1.28332577641,1.3188500404
226,17740,9080,2270,0.700874521325,1.91680939633,1.3234970569
227,17820,9120,2280,0.553135438928,1.10820655321,1.3319711685
228,17900,9160,2290,0.444256265711,0.545931582844,1.3365211486
229,17980,9200,2300,0.457885355256,0.397035249485,1.3434300422
230,18060,9240,2310,0.609160092975,1.5943378224,1.3482191562
231,18140,9280,2320,0.766152841397,3.8075073448,1.3527681827
232,18210,9320,2330,0.667613125614,1.53177888836,1.3602111339
233,18290,9360,2340,0.502335070117,1.23103026907,1.3647620677
234,18340,9400,2350,0.296795698044,0.262121039041,1.3704271316
235,18420,9440,2360,0.438382254039,0.857938894027,1.3748571872
236,18500,9480,2370,0.645367795235,1.52200361382,1.3794620037
237,18580,9520,2380,0.800166374316,3.39988555271,1.3873021602
238,18650,9560,2390,0.584284852473,1.44232846091,1.3913900852
239,18730,9600,2400,0.563590238428,2.10478274743,1.3981571197
240,18810,9640,2410,1.1110764733,3.19768539218,1.402830123
241,18890,9680,2420,0.805711732358,3.19214034629,1.4104931354
242,18970,9720,2430,0.485363001494,1.12281565197,1.415297031
243,19050,9760,2440,0.443831486831,0.462232532747,1.4225740432
244,19130,9800,2450,0.568471178529,1.00865656336,1.4312801361
245,19220,9840,2460,0.444769758275,0.16526893688,1.4393870830
246,19310,9880,2470,0.531719129057,1.23040762568,1.444581031
247,19390,9920,2480,0.451193147244,1.7533014213,1.4491372108
248,19470,9960,2490,0.728790435126,1.88165881613,1.4574100971
249,19550,10000,2500,0.465653312492,1.01487097591,1.4626190662
250,19630,10040,2510,0.625736261715,1.55652285819,1.4704132080
251,19710,10080,2520,0.668421576082,3.47472049925,1.4790899753
252,19790,10120,2530,1.29060041758,3.10116184491,1.4868471622
253,19870,10160,2540,0.532123137955,0.594957570555,1.4950230121
254,19950,10200,2550,0.523753346652,0.493757390056,1.503247976
255,20040,10240,2560,0.486220732671,0.313427819536,1.5085780620
256,20120,10280,2570,0.466157024503,1.32610927444,1.5168070793
257,20200,10320,2580,0.798104248163,2.42409539358,1.5221881866
258,20280,10360,2590,0.838861118123,3.48136365264,1.5297050476
259,20350,10400,2600,0.600576090583,1.43134306472,1.5339741706
260,20430,10440,2610,0.57911579545,2.06223473865,1.5385661125
261,20510,10480,2620,0.789084925506,2.18810613599,1.5476021766
262,20590,10520,2630,0.61228749525,2.82596189413,1.5528810024
263,20660,10560,2640,0.51919835838,1.24422331236,1.5600941181
264,20750,10600,2650,0.477506603706,0.886620581578,1.5693111419
265,20840,10640,2660,0.512591826338,0.17635112018,1.5744969844
266,20920,10680,2670,0.401410139179,1.27118947433,1.5819330215
267,21000,10720,2680,0.54964105149,1.33534557462,1.5865721702
268,21080,10760,2690,0.458693553401,0.134140208796,1.5950419902
269,21160,10800,2700,0.457371606134,0.182513225049,1.6032531261
270,21250,10840,2710,0.399349236083,0.212088858259,1.6083970069
271,21330,10880,2720,0.364198934358,1.03294332447,1.616636991
272,21410,10920,2730,0.529301036451,1.28879842936,1.6217811107
273,21490,10960,2740,0.39115273904,1.63174660511,1.6264750957
274,21570,11000,2750,0.712176827635,2.04103957168,1.6341450214
275,21650,11040,2760,0.53946395578,2.00539704233,1.6387240886
276,21730,11080,2770,0.583091375729,1.47713584176,1.6507380008
277,21800,11120,2780,0.434277892495,1.45032760066,1.6550869941
278,21870,11160,2790,0.749570655274,1.71317233783,1.6593329906
279,21950,11200,2800,0.574357800006,2.80786086608,1.6689310073
280,22030,11240,2810,0.784241060618,2.05534243591,1.673814058
281,22110,11280,2820,0.539580104339,0.923002840229,1.6815471649
282,22190,11320,2830,0.567003594859,1.94978301485,1.6906321048
283,22230,11360,2840,0.179539776152,0.399550424212,1.6965031623
284,22300,11400,2850,0.986612152831,1.80738940721,1.7007701396
285,22370,11440,2860,0.745976706791,1.01897256051,1.7088131904
286,22450,11480,2870,0.604588465538,1.20787563012,1.7141370773
287,22530,11520,2880,0.464113783528,1.17880864737,1.7216920852
288,22610,11560,2890,0.689058159832,1.78659542478,1.7264311313
289,22700,11600,2900,0.576074429937,2.02623710447,1.7362811565
290,22780,11640,2910,0.5169447702,0.770593683761,1.7410080432
291,22850,11680,2920,0.500685118171,0.313545485201,1.7466781139
292,22930,11720,2930,0.478853618753,0.176479502744,1.7537670135
293,23010,11760,2940,0.371391016446,1.23581249612,1.7618370056
294,23090,11800,2950,0.686330826943,1.85223512842,1.768742084
295,23170,11840,2960,0.509133390462,1.57982277009,1.7735500335
296,23220,11880,2970,0.298025592607,0.266817833551,1.7803452014
297,23270,11920,2980,0.399713511174,0.293561746467,1.7840750217
298,23350,11960,2990,0.432759463313,0.356191408202,1.7908780574
299,23420,12000,3000,0.343316821918,1.68642186344,1.7950789928
300,23490,12040,3010,0.493547820069,1.16230017785,1.7994019985
301,23570,12080,3020,0.364670988204,0.669622165401,1.8074190616
302,23650,12120,3030,0.462423875526,0.181601195943,1.8143291473
303,23710,12160,3040,0.452904558003,0.130739622748,1.81834912
304,23790,12200,3050,0.371198867109,0.419217950054,1.8262281417
305,23860,12240,3060,0.390157934022,0.0660219891914,1.8306770324
306,23940,12280,3070,0.592224893911,1.42514165794,1.837757110
307,24030,12320,3080,0.567828664403,1.40643594568,1.8431181907
308,24110,12360,3090,0.539289379511,0.458659177167,1.8509690761
309,24190,12400,3100,0.498204625881,0.454877343535,1.8561890125
310,24270,12440,3110,0.466835258073,0.853218916466,1.8630750179
311,24350,12480,3120,0.442865178375,0.603993889925,1.8707211017
312,24420,12520,3130,0.476904104024,0.107721086966,1.875544071
313,24500,12560,3140,0.464546285592,0.114486620852,1.8826060295
314,24580,12600,3150,0.465045084848,0.0805138679947,1.8874599933
315,24660,12640,3160,0.538078754564,0.361966409743,1.8953690528
316,24740,12680,3170,0.45499313356,1.07331717522,1.9024829864
317,24820,12720,3180,0.786193640253,2.25154920729,1.9104840755
318,24900,12760,3190,1.06105195846,4.79715483058,1.9175469875
319,24970,12800,3200,1.06619092208,2.26162758369,1.9221730232
320,25050,12840,3210,0.892954321937,3.98334302326,1.9301300048
321,25120,12880,3220,0.651538067225,1.42678706956,1.9364531040
322,25200,12920,3230,0.446387321021,1.16542217976,1.9413170814
323,25280,12960,3240,0.518239426213,0.964064072366,1.9492352008
324,25360,13000,3250,0.412815094394,0.781889938287,1.9560191631
325,25440,13040,3260,0.577058958308,1.30810459823,1.9638462066
326,25510,13080,3270,0.523046487509,0.120279213593,1.9687941074
327,25580,13120,3280,0.621784838053,3.34849917464,1.9749410152
328,25640,13160,3290,0.953209751421,1.66541607194,1.9789180755
329,25720,13200,3300,0.560487984736,2.92318092559,1.986523151
330,25790,13240,3310,0.568191338945,1.36685084768,1.99114799
331,25870,13280,3320,0.457901767823,2.25083068536,1.9979100227
332,25940,13320,3330,0.310880895406,0.830809341336,2.0022270679
333,26020,13360,3340,0.502401895779,0.607863461628,2.0103361606
334,26100,13400,3350,0.516596140566,0.611244973333,2.0174081325
335,26190,13440,3360,0.60055537612,2.37891311079,2.0257501602
336,26270,13480,3370,0.375603817358,0.218777576307,2.0326001644
337,26350,13520,3380,0.683473988148,1.94451580163,2.0408852100
338,26430,13560,3390,0.92641176129,4.05594055784,2.0476450920
339,26500,13600,3400,0.889966967012,2.07480013245,2.0550951957
340,26580,13640,3410,0.712383654735,2.3774359426,2.0622479915
341,26640,13680,3420,0.323190983842,0.297171561107,2.0662641525
342,26720,13720,3430,0.45247705479,0.517736104248,2.0712051391
343,26800,13760,3440,0.600152088227,1.20645996107,2.0791749954
344,26880,13800,3450,0.566532431418,1.07936308408,2.086525201
345,26960,13840,3460,0.529401445425,0.528488813721,2.0914301872
346,27040,13880,3470,0.51649376595,0.562727195505,2.0994050502
347,27120,13920,3480,0.681279527523,2.69103641444,2.1043910980
348,27190,13960,3490,0.463438099128,0.987005222382,2.1109390258
349,27270,14000,3500,0.464999879358,1.47608313181,2.115718126
350,27350,14040,3510,0.779565166628,2.17393630467,2.1239910125
351,27430,14080,3520,0.68595715545,2.59475380251,2.130840063
352,27510,14120,3530,0.637046718257,1.59797315924,2.1387851238
353,27590,14160,3540,0.443309149812,0.347726540781,2.1435401439
354,27670,14200,3550,0.500167368285,0.462626862753,2.1502351760
355,27750,14240,3560,0.406218878227,0.816540673039,2.1553971767
356,27830,14280,3570,0.57707330772,1.23204772488,2.1635520458
357,27910,14320,3580,0.534528232154,1.86297441393,2.168804168
358,27990,14360,3590,0.807363023392,2.34172173671,2.1738851070
359,28070,14400,3600,0.661460263483,2.50390972679,2.1808190345
360,28150,14440,3610,0.732846377687,1.92201213934,2.1857299804
361,28230,14480,3620,0.507134617816,0.767729900316,2.1937811374
362,28310,14520,3630,0.447235751851,0.234990897232,2.1989359855
363,28390,14560,3640,0.538221662489,0.597450916218,2.2064001560
364,28470,14600,3650,0.474977901892,1.16503514963,2.2112870216
365,28550,14640,3660,0.707499102826,1.88055630034,2.219747066
366,28630,14680,3670,0.653451200485,1.7850324506,2.2268021106
367,28710,14720,3680,0.535729428175,0.951353759443,2.2353410720
368,28790,14760,3690,0.487693305789,0.56347220963,2.240641117
369,28840,14800,3700,0.43707624669,0.106896973987,2.2443301677
370,28920,14840,3710,0.562597556713,1.02355523032,2.2493920326
371,29010,14880,3720,0.579934934993,1.55375151644,2.2567801475
372,29090,14920,3730,0.374500040795,1.27989733164,2.2648890018
373,29170,14960,3740,0.5686445742,1.4269570428,2.2719881534
374,29250,15000,3750,0.507846643959,0.382024544307,2.2770299911
375,29330,15040,3760,0.515394058398,2.49083815151,2.2851150035
376,29410,15080,3770,0.893971227019,2.34334220893,2.2921111583
377,29490,15120,3780,0.475901270273,1.07358949705,2.3009610176
378,29570,15160,3790,0.546497803701,1.26889057688,2.3070600032
379,29650,15200,3800,0.496143710394,0.942041880655,2.3140451908
380,29730,15240,3810,0.520095489405,0.654090825473,2.3192181587
381,29800,15280,3820,0.493834367252,0.0671371987916,2.3268711566
382,29880,15320,3830,0.445350076631,1.44199657979,2.3319890499
383,29960,15360,3840,0.528593681719,1.18997111859,2.3368721008
384,30050,15400,3850,0.469579319043,0.0840135577541,2.3419601917
385,30130,15440,3860,0.512480379489,0.183736877484,2.3488721847
386,30210,15480,3870,0.416130824875,0.54476551541,2.3536801338
387,30290,15520,3880,0.61227249053,1.68572593246,2.3618052005
388,30370,15560,3890,0.659455354266,2.68906841401,2.3670120239
389,30450,15600,3900,0.501680319667,1.17874033839,2.3739030361
390,30530,15640,3910,0.452366574678,0.467834216037,2.3822400569
391,30620,15680,3920,0.422024403788,0.120010968159,2.387436151
392,30700,15720,3930,0.33957718569,1.00445030176,2.3942182064
393,30780,15760,3940,0.537166781763,1.10959844921,2.399115085
394,30860,15800,3950,0.369457780145,0.7166362966,2.407093048
395,30940,15840,3960,0.719133874796,2.03333941197,2.4143240451
396,31020,15880,3970,0.834269551624,3.94587783403,2.4220650196
397,31100,15920,3980,1.6025548322,3.81610745423,2.4275441169
398,31180,15960,3990,0.688179414274,2.8460934686,2.4349370002
399,31260,16000,4000,1.16122162442,3.38069611395,2.4431691169
400,31340,16040,4010,1.09455746684,4.28749458527,2.4503331184
401,31410,16080,4020,0.701145502663,1.49981830708,2.454883098
402,31490,16120,4030,0.470307869664,0.961193882323,2.4631011486
403,31560,16160,4040,0.395552526864,0.28399146057,2.469566106
404,31630,16200,4050,0.342360343156,0.72394467508,2.4769241809
405,31710,16240,4060,0.812839499875,2.06919472026,2.48221397
406,31790,16280,4070,0.469134704767,1.66226812773,2.4891700744
407,31860,16320,4080,0.316297492084,0.450428509062,2.4967360496
408,31940,16360,4090,0.548251176301,1.07612293716,2.5037109851
409,32020,16400,4100,0.552922712447,1.53535606804,2.5087151527
410,32100,16440,4110,0.512646096645,1.07282569233,2.5135121345
411,32180,16480,4120,0.504300982863,0.456920828175,2.5217480659
412,32260,16520,4130,0.509554397152,1.26568142852,2.5287179946
413,32340,16560,4140,0.483253436122,0.810242343444,2.5365672111
414,32420,16600,4150,0.454588664501,0.438476771583,2.5431981086
415,32490,16640,4160,0.386704865324,0.218298709171,2.5520610809
416,32550,16680,4170,0.278101549902,0.161528241588,2.5558660030
417,32620,16720,4180,0.282793797609,0.32019009953,2.5632231235
418,32700,16760,4190,0.571446309177,1.34002014069,2.5681991577
419,32780,16800,4200,0.534306280333,0.742939382589,2.5766391754
420,32860,16840,4210,0.574134758408,1.37817067962,2.581372976
421,32940,16880,4220,0.468269962999,0.654508657627,2.5894560813
422,33020,16920,4230,0.486132204421,0.196648412499,2.5964951515
423,33100,16960,4240,0.453426002956,0.602134095555,2.6012341976
424,33180,17000,4250,0.452846813143,0.515231337519,2.6059200763
425,33230,17040,4260,0.487720921679,0.0809127609678,2.6127431392
426,33310,17080,4270,0.520943172385,0.26663855257,2.6178121566
427,33400,17120,4280,0.457409875763,0.105640352264,2.6253921985
428,33480,17160,4290,0.499433566763,0.520792422182,2.6334981918
429,33560,17200,4300,0.363481848778,0.353947614547,2.6402740478
430,33630,17240,4310,0.320376408336,0.490871656018,2.644884109
431,33710,17280,4320,0.57058850086,1.4591975437,2.6495289802
432,33790,17320,4330,0.438351001454,0.554046282827,2.6574370861
433,33870,17360,4340,0.480154121817,0.44309203117,2.6651082038
434,33950,17400,4350,0.385246258693,1.31427315975,2.6694931983
435,34030,17440,4360,0.796049551558,2.15849791114,2.6775140762
436,34110,17480,4370,0.590237847309,1.07076662397,2.6821811199
437,34180,17520,4380,0.463649732582,0.0642559447542,2.6887791156
438,34260,17560,4390,0.497359815019,0.658462798015,2.6966450214
439,34350,17600,4400,0.454190106696,0.454179165562,2.7019150257
440,34430,17640,4410,0.469625979588,0.649445330558,2.7066631317
441,34500,17680,4420,0.318846913057,0.497574370428,2.7130692005
442,34580,17720,4430,0.726122917302,1.99521097444,2.7207450866
443,34670,17760,4440,0.499018881391,1.65727177853,2.7260520458
444,34750,17800,4450,0.361015773109,0.203029303281,2.7329990863
445,34830,17840,4460,0.453873840205,0.456900534468,2.7376661300
446,34910,17880,4470,0.435896921866,0.36762057916,2.7457439899
447,34990,17920,4480,0.423735172507,0.359385824122,2.7527301311
448,35070,17960,4490,0.515861324442,0.729108625445,2.7604820728
449,35150,18000,4500,0.528044671683,1.76557000802,2.7653791904
450,35230,18040,4510,0.758353817532,2.05480394815,2.7723641395
451,35310,18080,4520,0.669025275931,2.41191543863,2.7768540382
452,35380,18120,4530,0.329977278143,0.537549895895,2.7808640003
453,35460,18160,4540,0.695231966145,1.95359128497,2.7886130809
454,35540,18200,4550,0.871358786094,3.4745260314,2.7934761047
455,35600,18240,4560,0.181849365255,0.510377838745,2.7993731498
456,35680,18280,4570,0.523690901222,1.12221612327,2.8069810867
457,35760,18320,4580,0.46084152769,0.652755350569,2.8115282058
458,35840,18360,4590,0.379176172333,0.194473934372,2.8186290264
459,35920,18400,4600,0.661034941649,1.70840968986,2.8233001232
460,36010,18440,4610,0.657693644253,2.21517529145,2.831763029
461,36090,18480,4620,0.543839816834,0.773068264794,2.8387551307
462,36180,18520,4630,0.52178757755,1.28076656631,2.8467910289
463,36260,18560,4640,0.382825256257,1.35395817234,2.8540010452
464,36330,18600,4650,0.292221268751,0.460078520525,2.8583011627
465,36410,18640,4660,0.681124117106,2.01274777847,2.8661470413
466,36500,18680,4670,0.772999861203,3.39838961854,2.8714292049
467,36570,18720,4680,0.312549688387,0.870110486402,2.8779141902
468,36650,18760,4690,0.895932859635,2.35267763863,2.8866360187
469,36730,18800,4700,0.477246416213,1.59486370193,2.8913681507
470,36810,18840,4710,0.783883006168,2.26048886896,2.8988101482
471,36890,18880,4720,0.728290587066,3.65058470261,2.9032070636
472,36970,18920,4730,1.06330913414,2.42042940981,2.9115231037
473,37040,18960,4740,0.434417393307,0.13661676683,2.9187572002
474,37120,19000,4750,0.536775573336,0.654486127039,2.9274730682
475,37210,19040,4760,0.5067345754,1.06438802353,2.9334850311
476,37290,19080,4770,0.407119697128,0.951122579123,2.9382650852
477,37370,19120,4780,0.575076014544,1.40297462805,2.9457550048
478,37450,19160,4790,0.53728668026,1.52993420107,2.9507360458
479,37530,19200,4800,0.410625101526,0.566464603282,2.9592261314
480,37610,19240,4810,0.473231165159,0.432131280447,2.9677000045
481,37690,19280,4820,0.597713947279,1.58632808275,2.972710132
482,37770,19320,4830,1.0363202584,4.63944447008,2.9812741279
483,37850,19360,4840,2.06012876458,4.33886088701,2.9893131256
484,37930,19400,4850,0.849819070874,3.99491412235,2.9940030574
485,38000,19440,4860,0.729677380138,1.60439008024,3.0020830631
486,38080,19480,4870,0.495888039233,0.62947050221,3.0075399875
487,38150,19520,4880,0.430191379033,0.133782919633,3.0150861740
488,38230,19560,4890,0.448460023876,0.270345696902,3.0201101303
489,38300,19600,4900,0.555881673985,0.0622950347029,3.0251071453
490,38380,19640,4910,0.436291199583,1.2570720194,3.0301671028
491,38460,19680,4920,0.405893968705,0.616211556205,3.0348911285
492,38540,19720,4930,0.41479129092,0.335056578628,3.0400011539
493,38620,19760,4940,0.377274896923,0.582770346262,3.0452210903
494,38700,19800,4950,0.591998328397,1.57219477405,3.0504531860
495,38790,19840,4960,0.59383123034,2.1076588887,3.056294202
496,38870,19880,4970,0.486718872768,0.325292503769,3.0616970062
497,38950,19920,4980,0.566247848292,0.928082820427,3.0667021274
498,39030,19960,4990,0.731077427887,3.02994673902,3.0719411373
499,39110,20000,5000,0.555309316833,1.27605798045,3.0766651630
500,39190,20040,5010,0.359126847517,0.311803638968,3.0822050571
501,39270,20080,5020,0.608006309295,1.40637983816,3.0870900154
502,39350,20120,5030,0.794107701662,3.81541662708,3.092133045
503,39430,20160,5040,1.15016323392,2.62524405996,3.0969550609
504,39510,20200,5050,0.409727992098,0.587909107404,3.1019341945
505,39590,20240,5060,0.568305380998,1.04277659156,3.1068291664
506,39670,20280,5070,0.494779232617,1.19405240164,3.1124231815
507,39750,20320,5080,0.574698532143,1.14035109291,3.1171061992
508,39830,20360,5090,0.520653372292,0.505225923522,3.1229012012
509,39920,20400,5100,0.559532724253,2.1744055623,3.1281020641
510,40000,20440,5110,0.495945011392,0.570201069487,3.1333169937
511,40090,20480,5120,0.480512708067,0.546590689362,3.1384611129
512,40170,20520,5130,0.477631550032,0.113246995272,3.1440780162
513,40250,20560,5140,0.558767081525,1.13538071112,3.1489310264
514,40330,20600,5150,0.81745058046,3.95571325299,3.1541039943
515,40410,20640,5160,1.13869698126,2.59544735818,3.1589491367
516,40490,20680,5170,0.395780441459,0.527026309475,3.164885044
517,40570,20720,5180,0.433979292407,0.680335608383,3.170190095
518,40650,20760,5190,0.505812017371,0.397053901052,3.1755230426
519,40740,20800,5200,0.522564888849,0.369861971933,3.1809790134
520,40800,20840,5210,0.51267894583,0.0205809602857,3.1853051185
521,40890,20880,5220,0.500323115123,0.234026097717,3.1907680034
522,40970,20920,5230,0.493962078963,0.467700898739,3.1960470676
523,41060,20960,5240,0.469796578725,0.821099481849,3.2018091678
524,41150,21000,5250,0.483014815441,0.387846884322,3.2072820663
525,41230,21040,5260,0.385460998795,1.36762425748,3.2121241092
526,41310,21080,5270,0.787688559149,2.26517394774,3.217118978
527,41390,21120,5280,0.674932665922,2.87684658508,3.2219061851
528,41470,21160,5290,0.694541780235,1.65689404835,3.2273781299
529,41550,21200,5300,0.613371219901,1.2358302009,3.2323501110
530,41630,21240,5310,0.544297005212,1.27047281905,3.2375860214
531,41710,21280,5320,0.404001382836,0.415742091292,3.2423610687
532,41790,21320,5330,0.467211643987,0.663859527252,3.2477970123
533,41870,21360,5340,0.391114771615,0.757214933943,3.2524771690
534,41950,21400,5350,0.54068894146,1.22269707201,3.2580912113
535,42030,21440,5360,0.512744149937,1.37417361759,3.2628099918
536,42110,21480,5370,0.485908331606,1.02142142032,3.2678411006
537,42200,21520,5380,0.500961176882,0.236983404132,3.2732679843
538,42280,21560,5390,0.409504361616,0.73950839342,3.2781121730
539,42360,21600,5400,0.555047681834,1.07061332827,3.2839090824
540,42420,21640,5410,0.4992559078,0.0731648442152,3.2887861728
541,42500,21680,5420,0.482393938455,0.502317581015,3.2935152053
542,42580,21720,5430,0.395710030052,0.414249107728,3.2982850074
543,42660,21760,5440,0.654122751528,1.82643409169,3.3031160831
544,42750,21800,5450,0.670671751099,2.4787820908,3.308885097
545,42830,21840,5460,0.489574609473,0.57134181672,3.3136789798
546,42910,21880,5470,0.54208116666,1.97831329422,3.3186900615
547,42980,21920,5480,0.322210800674,0.550429564406,3.3231701850
548,43040,21960,5490,0.380194412454,0.0644194144737,3.3270821571
549,43120,22000,5500,0.467195154598,0.634259157447,3.3320360183
550,43200,22040,5510,0.447859053358,0.377056345392,3.3365921974
551,43280,22080,5520,0.448267337305,0.207132945289,3.3412590026
552,43360,22120,5530,0.590552816321,1.06004014705,3.3467371463
553,43440,22160,5540,0.639444148765,2.38864857939,3.35137510
554,43520,22200,5550,0.572028331252,1.40252036787,3.3562610149
555,43590,22240,5560,0.30951763594,1.49111020898,3.3603501319
556,43670,22280,5570,1.52621158936,3.25794135355,3.365236997
557,43750,22320,5580,0.423989575028,1.72302822415,3.3700661659
558,43830,22360,5590,0.595104097676,1.53153788729,3.3752582073
559,43910,22400,5600,0.449225550169,1.00548770036,3.3801121711
560,43990,22440,5610,0.385661964704,0.579151994092,3.384813070
561,44070,22480,5620,0.579491589188,1.23057037729,3.3895590305
562,44150,22520,5630,0.564291360366,2.66997633876,3.3949730396
563,44230,22560,5640,0.854217159563,2.26729443694,3.3996980190
564,44310,22600,5650,0.508703163695,1.2564799307,3.4049701690
565,44370,22640,5660,0.291423502747,0.277731649783,3.4087259769
566,44450,22680,5670,0.301267043485,0.724269291605,3.4132189750
567,44530,22720,5680,0.664405157398,1.60726985764,3.4182000160
568,44610,22760,5690,0.49586678731,2.0318265975,3.4227921962
569,44690,22800,5700,0.767391540458,1.98953609665,3.4274389743
570,44770,22840,5710,0.505719547223,1.35070514916,3.4328351020
571,44850,22880,5720,0.603364866845,1.42868755421,3.4376101493
572,44930,22920,5730,0.497545240552,1.34747275085,3.4425811767
573,45010,22960,5740,0.483520480845,0.907773024331,3.4471371173
574,45090,23000,5750,0.426001849772,1.51603495267,3.4523310661
575,45170,23040,5760,0.683040246549,1.79615370407,3.4569749832
576,45260,23080,5770,0.486670193287,0.553893018153,3.4623720645
577,45340,23120,5780,0.453866208163,0.534126087541,3.4674160480
578,45420,23160,5790,0.436988060384,0.433118309696,3.4721310138
579,45500,23200,5800,0.477350721162,0.528879076907,3.4770519733
580,45580,23240,5810,0.55770185399,0.995823559139,3.4816551208
581,45660,23280,5820,0.500321921097,1.83788432139,3.4862179756
582,45740,23320,5830,0.562438606487,1.30035796706,3.4913871288
583,45820,23360,5840,0.385580131817,1.29316498767,3.4959220886
584,45900,23400,5850,0.430680136491,0.983473175747,3.5007710456
585,45980,23440,5860,0.500180650512,0.852680743511,3.5054700374
586,46060,23480,5870,0.513149192864,0.294791926562,3.5103080272
587,46140,23520,5880,0.387235675073,0.995239652249,3.5151600837
588,46190,23560,5890,0.190969726975,0.545835103933,3.5189352035
589,46260,23600,5900,2.50494657447,3.96207648983,3.5236980915
590,46340,23640,5910,2.42154733346,6.07111207042,3.5285739898
591,46420,23680,5920,1.16503623478,2.75944867059,3.533407211
592,46500,23720,5930,0.494874775928,0.100171910067,3.5381979942
593,46580,23760,5940,0.561991428989,1.05554393489,3.5429241657
594,46660,23800,5950,0.698326083676,3.2856579633,3.5477471351
595,46740,23840,5960,0.800898504584,1.97072188783,3.5523691177
596,46810,23880,5970,0.390271941365,0.333721712976,3.5566570758
597,46890,23920,5980,0.651629816693,1.63879588892,3.5613770484
598,46970,23960,5990,0.569773097088,2.6104375877,3.5661330223
599,47050,24000,6000,0.842477513766,2.2071893845,3.570859193
600,47130,24040,6010,0.509643544333,1.14352997917,3.5762820243
601,47220,24080,6020,0.642871898182,2.03705233079,3.5816221237
602,47300,24120,6030,0.533393896817,1.84122858302,3.5863630771
603,47380,24160,6040,0.420003519042,0.811252091994,3.5909461975
604,47430,24200,6050,0.391446745868,0.160108696768,3.5943250656
605,47510,24240,6060,0.567697836426,1.04377816705,3.5990321636
606,47590,24280,6070,0.52363271552,0.967844022725,3.6040341854
607,47670,24320,6080,0.438029997955,0.421395078452,3.6087710857
608,47750,24360,6090,0.531571815886,0.675446951833,3.6134791374
609,47830,24400,6100,0.568567911401,1.69398285658,3.618137121
610,47910,24440,6110,0.408586412403,0.709748259925,3.6225891113
611,47980,24480,6120,0.309833893653,0.585694845073,3.6269340515
612,48060,24520,6130,0.411052238181,0.883862133066,3.6315021514
613,48140,24560,6140,0.659941102823,1.54364183039,3.6366510391
614,48220,24600,6150,0.451180267442,0.459942454731,3.6415619850
615,48300,24640,6160,0.872300252553,4.12286193275,3.6462991237
616,48370,24680,6170,0.718379460403,1.62820389734,3.6504001617
617,48460,24720,6180,0.47338241185,0.722221312534,3.6554660797
618,48540,24760,6190,0.494978393465,0.480569813293,3.6602811813
619,48630,24800,6200,0.500791963277,0.901957000754,3.6659359931
620,48710,24840,6210,0.549682843777,1.34096223896,3.6707861423
621,48790,24880,6220,0.789127029519,2.7415410857,3.6754870414
622,48860,24920,6230,0.321067449532,0.500063326037,3.6796929836
623,48940,24960,6240,0.664090626055,1.98084192029,3.6845049858
624,49020,25000,6250,0.777340511963,2.85573122439,3.6892700195
625,49100,25040,6260,0.448951898406,0.956017679724,3.6945421695
626,49180,25080,6270,0.536749999014,0.774617065071,3.6994190216
627,49260,25120,6280,0.438962793817,1.29743149712,3.704299211
628,49340,25160,6290,0.899824048934,2.9929852299,3.7093541622
629,49420,25200,6300,1.20639620378,4.57471232009,3.7144320011
630,49490,25240,6310,0.672213621788,1.59827434338,3.7187530994
631,49570,25280,6320,0.503110543719,1.42572139255,3.7237541675
632,49650,25320,6330,0.382774000935,0.455567092385,3.7283802032
633,49710,25360,6340,0.37404212476,0.162117400263,3.7323200702
634,49790,25400,6350,0.490540220967,0.824812142319,3.737012147
635,49870,25440,6360,0.471437371642,0.522939226616,3.7423040866
636,49950,25480,6370,0.523947141293,0.928659762719,3.7470071315
637,50020,25520,6380,0.467765524157,2.70733978152,3.7512199878
638,50090,25560,6390,2.10007553968,3.24014240982,3.7556591033
639,50170,25600,6400,0.778991755975,3.05532493003,3.7606751918
640,50240,25640,6410,0.342046563263,0.631197216939,3.7649300098
641,50320,25680,6420,0.440226313656,0.618677238326,3.7695732116
642,50400,25720,6430,0.399061222588,1.4899423859,3.7745561599
643,50480,25760,6440,0.591665672457,1.45454377577,3.7793891429
644,50560,25800,6450,0.433315246967,0.44804095938,3.7841191291
645,50640,25840,6460,0.373483294558,0.171460464301,3.7889630794
646,50710,25880,6470,0.299204987839,0.423363193424,3.7932231426
647,50780,25920,6480,0.279273659411,0.347250560684,3.7974720001
648,50840,25960,6490,0.171643176017,0.688870139282,3.8015971183
649,50910,26000,6500,1.12519011813,2.29698268134,3.8059291839
650,51000,26040,6510,0.691337472479,2.55781195939,3.8112761974
651,51080,26080,6520,0.470313899102,0.480531556066,3.8160321712
652,51160,26120,6530,0.459829291889,1.02018736702,3.820900201
653,51240,26160,6540,0.546401526795,1.26315350232,3.825664997
654,51320,26200,6550,0.51203821123,1.62896731688,3.830907106
655,51400,26240,6560,0.859234567837,2.45366414645,3.8364310264
656,51480,26280,6570,0.75163103842,2.66836653886,3.8412721157
657,51560,26320,6580,1.06027310123,3.1660178194,3.8466711044
658,51640,26360,6590,1.37250788597,5.66781560496,3.8512480258
659,51710,26400,6600,0.61490892168,1.28766565213,3.8554921150
660,51790,26440,6610,0.559982088841,1.3199469737,3.860499143
661,51870,26480,6620,0.437187596029,0.126927126301,3.8653211593
662,51950,26520,6630,0.513085711685,1.0710473999,3.8706650733
663,52030,26560,6640,0.619326531184,1.64210833472,3.8754951953
664,52110,26600,6650,0.574516108041,1.25979237709,3.8802599906
665,52190,26640,6660,0.516397266436,1.06555310051,3.8857181072
666,52270,26680,6670,0.82111318957,2.88825030756,3.8908410072
667,52350,26720,6680,0.689124679463,1.78969013703,3.8974680900
668,52440,26760,6690,0.532397489411,0.391072032512,3.9027280807
669,52620,26800,6700,0.522477429485,0.0406890084118,3.9117951393
670,52700,26840,6710,0.466563959597,1.22440909995,3.9170169830
671,52780,26880,6720,0.585767064486,1.25229589193,3.9218590259
672,52880,26920,6730,0.525200519237,0.0898535444672,3.9277191162
673,52950,26960,6740,0.512887880788,0.0446053390308,3.9328989982
674,53040,27000,6750,0.474909113961,0.530929355205,3.9379570484
675,53120,27040,6760,0.447709903702,0.481770203275,3.9432251453
676,53190,27080,6770,0.320413062518,0.561605226338,3.9475650787
677,53270,27120,6780,0.706083237095,1.91403657765,3.9523952007
678,53360,27160,6790,0.502361135499,0.894193250582,3.9575271606
679,53440,27200,6800,0.470672718657,0.524328150689,3.9624190330
680,53520,27240,6810,0.598398939526,1.40927504005,3.9673039913
681,53600,27280,6820,0.633673415146,2.32640127671,3.9726181030
682,53680,27320,6830,0.698735325326,1.90663946899,3.977344036
683,53760,27360,6840,0.508451860795,1.85311458594,3.982201099
684,53840,27400,6850,0.53607544166,1.28246306901,3.9869310855
685,53920,27440,6860,0.596128872108,1.39154280641,3.991855144
686,54000,27480,6870,0.819872696738,3.84194738838,3.996515989
687,54070,27520,6880,0.6469100121,1.50762426526,4.0012750625
688,54150,27560,6890,0.474486297531,1.81644614972,4.0060601234
689,54230,27600,6900,0.946405301206,2.78172190768,4.0113291740
690,54310,27640,6910,0.840112614027,3.89779656079,4.016077995
691,54390,27680,6920,1.03528139838,2.5381752533,4.0206940174
692,54470,27720,6930,0.452590453873,0.391549459534,4.0253000259
693,54530,27760,6940,0.465061735094,0.209336215262,4.0297172069
694,54610,27800,6950,0.436652080245,0.213910360925,4.034497976
695,54690,27840,6960,0.5512001322,1.0149354268,4.0394361019
696,54770,27880,6970,0.464389135271,0.686405603502,4.0445120334
697,54860,27920,6980,0.623740958118,2.37529402536,4.0499811172
698,54940,27960,6990,0.45911658522,1.2482551315,4.0545680522
699,55020,28000,7000,0.604998354356,1.42252072962,4.0601301193
700,55100,28040,7010,0.498263639218,1.169467533,4.0652229785
701,55180,28080,7020,0.395693574624,0.454926102213,4.0701320171
702,55250,28120,7030,0.37409882654,0.229426108177,4.07444715
703,55330,28160,7040,0.707879091489,2.09155642294,4.0793790817
704,55410,28200,7050,0.90509805946,4.21517284674,4.0840229988
705,55480,28240,7060,0.912105576874,2.00124485225,4.088867187
706,55560,28280,7070,0.753306581565,3.38404726805,4.0934991836
707,55640,28320,7080,0.793342180389,1.94470391614,4.0981340408
708,55710,28360,7090,0.439551431055,0.0917592517345,4.1024031639
709,55790,28400,7100,0.430882379345,0.112685210995,4.1073660850
710,55870,28440,7110,0.490712452443,0.280799988132,4.1121621131
711,55950,28480,7120,0.535347054453,0.426606510203,4.1174399852
712,56030,28520,7130,0.538696715519,1.01441375867,4.1223151683
713,56110,28560,7140,0.520837051185,0.82735807416,4.1274640560
714,56190,28600,7150,0.418430552001,0.70994111534,4.1319961547
715,56270,28640,7160,0.379520793254,0.369954455404,4.1370790004
716,56350,28680,7170,0.525386222321,0.77977834128,4.1418280601
717,56430,28720,7180,0.484988433896,0.166500622588,4.1467750072
718,56520,28760,7190,0.523577569658,0.0406261354174,4.1520462036
719,56600,28800,7200,0.424462711658,1.63819210247,4.1568160057
720,56680,28840,7210,1.12611795326,3.387114602,4.1617929935
721,56760,28880,7220,0.994429206845,3.73286031174,4.1671772003
722,56840,28920,7230,0.825011936422,2.06197214264,4.172247171
723,56930,28960,7240,0.477386121761,0.327621641368,4.1774690151
724,57010,29000,7250,0.501727593627,0.235420605539,4.1824331283
725,57090,29040,7260,0.602895579305,1.47202819864,4.1873071193
726,57160,29080,7270,1.05988980748,5.31789921855,4.1918790340
727,57220,29120,7280,3.35610384948,3.41730871054,4.1957850456
728,57300,29160,7290,2.76840836035,5.55049854374,4.2009019851
729,57380,29200,7300,0.568842246386,1.16337886565,4.2058870792
730,57440,29240,7310,0.490359907408,0.168910419074,4.2100000381
731,57530,29280,7320,0.452107548223,0.169758758994,4.2151770591
732,57610,29320,7330,0.446117818215,0.0274649511736,4.2225730419
733,57690,29360,7340,0.436393040923,0.513366994194,4.2286810874
734,57770,29400,7350,0.536398542929,1.44285867799,4.2337861061
735,57850,29440,7360,0.679705679381,3.02756604178,4.238634109
736,57920,29480,7370,0.533216701138,1.23003942729,4.243436098
737,58000,29520,7380,0.484513179736,1.16681638034,4.2481331825
738,58080,29560,7390,0.478277886273,0.814134494629,4.2535390853
739,58150,29600,7400,0.44654449365,0.117587115021,4.2579710483
740,58230,29640,7410,0.446730216361,1.78196947188,4.2625901699
741,58310,29680,7420,0.598397688483,1.52709607779,4.2716641426
742,58390,29720,7430,0.520166982745,0.611666262706,4.2767300605
743,58470,29760,7440,0.524385048098,2.65400013507,4.2813661098
744,58550,29800,7450,0.904955424973,2.21850215227,4.286388158
745,58630,29840,7460,0.411551490165,1.46815800462,4.2913022041
746,58710,29880,7470,0.437813605339,0.819629871833,4.2960281372
747,58790,29920,7480,0.474745075177,0.360244028231,4.301184177
748,58870,29960,7490,0.46958875039,0.41614976807,4.310158014
749,58950,30000,7500,0.463236262198,0.83248143962,4.3149211406
750,59030,30040,7510,0.612168295527,1.45044790462,4.320940017
751,59110,30080,7520,0.618698697086,2.79771973303,4.325602054
752,59190,30120,7530,0.850004450104,2.2368357366,4.3308291435
753,59270,30160,7540,0.49591355998,0.476726188686,4.3357291221
754,59330,30200,7550,0.307559163852,1.29541361457,4.339737176
755,59400,30240,7560,1.23670552406,2.08218301611,4.3517291545
756,59480,30280,7570,0.42633469855,0.556506602336,4.3564031124
757,59560,30320,7580,0.443512974679,0.414293620143,4.3611011505
758,59640,30360,7590,0.554184695579,0.677350122273,4.3664240837
759,59720,30400,7600,0.523317985191,1.00598324177,4.3715550899
760,59800,30440,7610,0.445694343185,0.449286215774,4.3768391609
761,59880,30480,7620,0.523155416199,0.547828465741,4.3816530704
762,59950,30520,7630,0.489254820986,0.203032534015,4.3891100883
763,60040,30560,7640,0.57572597078,2.15997317372,4.3942542076
764,60110,30600,7650,0.365930916384,0.241832957658,4.3987071514
765,60190,30640,7660,0.37227364832,0.3277349929,4.4033131599
766,60270,30680,7670,0.581939554274,1.25416761213,4.4088690280
767,60350,30720,7680,0.636473915171,2.88051242735,4.4135830402
768,60420,30760,7690,0.540893604007,1.23664842193,4.4180271625
769,60500,30800,7700,0.480937901688,1.75653494923,4.4227709770
770,60580,30840,7710,0.426506762599,0.938829456851,4.4299950599
771,60660,30880,7720,0.425946361865,0.405878141148,4.4353671073
772,60740,30920,7730,0.445931975384,0.270261406317,4.441161155
773,60820,30960,7740,0.432305637316,0.18643306404,4.4460301399
774,60900,31000,7750,0.32721222694,0.899421444831,4.4508950710
775,60980,31040,7760,0.626059836354,1.46735337048,4.4557151794
776,61060,31080,7770,0.487113612768,1.29044606124,4.4606790542
777,61140,31120,7780,0.66177509499,1.74718680727,4.4658691883
778,61220,31160,7790,0.632634650432,2.32399583262,4.4739739894
779,61290,31200,7800,0.331193798705,0.603251279177,4.4790370464
780,61370,31240,7810,0.632157700007,1.6351807415,4.4841341972
781,61450,31280,7820,0.948896546265,4.63105447435,4.4888072013
782,61520,31320,7830,0.801681254234,1.68153110504,4.4934611320
783,61600,31360,7840,0.428075566202,0.309621668854,4.4981629848
784,61680,31400,7850,0.407579816554,0.44204548395,4.5030181407
785,61760,31440,7860,0.390108312897,0.327518815522,4.5076479911
786,61840,31480,7870,0.498495876498,0.74875702099,4.514600992
787,61920,31520,7880,0.51009110352,0.653918128315,4.5207710266
788,62000,31560,7890,0.388375722371,0.365333430279,4.5256521701
789,62080,31600,7900,0.537715681858,1.1242810853,4.5305991172
790,62160,31640,7910,0.464782154513,1.16679902888,4.5354061126
791,62240,31680,7920,0.478280377663,0.832981463229,4.5402441024
792,62310,31720,7930,0.344558064818,1.87021832888,4.5444982051
793,62380,31760,7940,0.854053401178,1.76109047145,4.5487661361
794,62460,31800,7950,0.453584184958,0.24727955048,4.5566141605
795,62540,31840,7960,0.450042764383,0.275862127637,4.5615160465
796,62620,31880,7970,0.476542942029,0.295575977487,4.566306114
797,62700,31920,7980,0.521140671332,0.35491879591,4.5715401172
798,62770,31960,7990,0.363391747285,1.06892862743,4.5757629871
799,62840,32000,8000,0.340225724893,0.875846400717,4.5802021026
800,62940,32040,8010,0.385145295401,0.0407520575294,4.5854551792
801,63020,32080,8020,0.535713651857,0.982405504583,4.5925211906
802,63090,32120,8030,0.496031927754,0.30101906998,4.5969960689
803,63170,32160,8040,0.523657621989,0.386282806503,4.6033689975
804,63250,32200,8050,0.552867244967,1.936788096,4.6079859733
805,63330,32240,8060,0.889974967251,2.43836355868,4.6130740642
806,63420,32280,8070,0.588971804797,2.09053917861,4.6183750629
807,63500,32320,8080,0.450060808721,0.3004873333,4.6238241195
808,63580,32360,8090,0.456930576148,0.203132128426,4.6284589767
809,63660,32400,8100,0.61057462097,1.56025940901,4.6335930824
810,63750,32440,8110,0.72380723532,2.92418528802,4.6388490
811,63830,32480,8120,0.426655251543,0.260255331828,4.6476490497
812,63910,32520,8130,0.431080055943,0.272989254927,4.6530590057
813,63990,32560,8140,0.548551832053,0.576420331143,4.6578581333
814,64080,32600,8150,0.497397128144,0.933315088322,4.6630129814
815,64160,32640,8160,0.539111273408,0.953417398312,4.6682469844
816,64240,32680,8170,0.595662946065,1.36993738207,4.6785051822
817,64320,32720,8180,0.507304386008,0.756137360326,4.6839501857
818,64400,32760,8190,0.505329123591,0.62558518509,4.6888170242
819,64470,32800,8200,0.366495664932,0.905742620695,4.6928889751
820,64550,32840,8210,0.871945847898,2.23329546168,4.6978170871
821,64640,32880,8220,0.483741492415,0.375108461094,4.7028980255
822,64700,32920,8230,0.497792006228,0.0271255135689,4.70744705
823,64780,32960,8240,0.46873121707,0.106871047273,4.7121291160
824,64860,33000,8250,0.398388934623,0.937826478254,4.716821193
825,64940,33040,8260,0.482365657311,0.796385916895,4.7222020626
826,65020,33080,8270,0.556609312151,1.4779428047,4.7325260639
827,65100,33120,8280,0.82795704066,3.81607286535,4.7378301620
828,65180,33160,8290,1.23792657643,3.2063711589,4.7426280975
829,65260,33200,8300,0.545310683759,0.554565359465,4.7478160858
830,65340,33240,8310,0.490763758042,0.432440506429,4.7526721954
831,65420,33280,8320,0.573169652492,2.65194648113,4.7573211193
832,65500,33320,8330,1.01869184159,2.80535633558,4.7621710300
833,65580,33360,8340,0.559227582274,1.64472566329,4.772240161
834,65650,33400,8350,0.408218700383,0.451710319354,4.7765860557
835,65730,33440,8360,0.514819636376,0.603849233107,4.7814381122
836,65810,33480,8370,0.570317484923,2.48640678517,4.786401033
837,65890,33520,8380,0.698914488213,1.76587982867,4.7910830974
838,65970,33560,8390,0.409754795447,0.624502527074,4.7962100505
839,66020,33600,8400,0.297865046293,0.235261849886,4.7997190952
840,66100,33640,8410,0.801167825979,2.22265866527,4.8046259880
841,66180,33680,8420,0.649288490315,3.11953551137,4.8142640590
842,66240,33720,8430,0.125412060802,0.413030954004,4.8182520866
843,66320,33760,8440,0.421084987147,0.863163529231,4.8231379985
844,66400,33800,8450,0.381399308309,0.486306296475,4.8279581069
845,66480,33840,8460,0.60038389769,1.47796572975,4.8326570987
846,66560,33880,8470,0.581211770717,3.34105379379,4.8373310565
847,66630,33920,8480,0.644958802946,1.5256312691,4.844031095
848,66720,33960,8490,0.488702917672,0.904249578181,4.8552870750
849,66800,34000,8500,0.407783656528,0.89337835072,4.860136032
850,66850,34040,8510,0.270291584064,0.160856870868,4.8635480403
851,66910,34080,8520,0.303557661087,0.187628676252,4.8674581050
852,66990,34120,8530,0.432093185876,0.864668572005,4.8724021911
853,67070,34160,8540,0.532369748437,1.03816792764,4.8772900104
854,67150,34200,8550,0.513061454695,0.981512389899,4.8822150230
855,67230,34240,8560,0.603698396135,1.34912615124,4.8870341777
856,67320,34280,8570,0.569188216516,1.69906929463,4.8975269794
857,67400,34320,8580,0.432143443942,0.876959608905,4.9025120735
858,67480,34360,8590,0.665265779252,1.8255312262,4.907297134
859,67560,34400,8600,0.686143497458,3.03931384261,4.9121251106
860,67630,34440,8610,0.534835095303,1.22136035943,4.9165530204
861,67710,34480,8620,0.507597454131,0.184380335962,4.9214890003
862,67790,34520,8630,0.458460552417,0.822768851704,4.9261310100
863,67870,34560,8640,0.530482314128,1.03850403742,4.9365601539
864,67950,34600,8650,0.556388518712,2.47700333158,4.9414310455
865,68030,34640,8660,0.572807724528,1.36645045391,4.9462001323
866,68110,34680,8670,0.556467572295,1.18232680941,4.9512171745
867,68190,34720,8680,0.479831217452,1.34116654195,4.9558911323
868,68270,34760,8690,0.488105113926,0.974027129787,4.9608690738
869,68350,34800,8700,0.478574041006,0.167466933299,4.9658191204
870,68430,34840,8710,0.42967225711,0.30461669972,4.9764490127
871,68500,34880,8720,0.307046782397,0.635944892691,4.9810152053
872,68580,34920,8730,0.932657455877,2.67561701132,4.985825061
873,68670,34960,8740,0.637911633611,2.36796541613,4.9912002086
874,68750,35000,8750,0.4423762554,0.253837559423,4.9960570335
875,68830,35040,8760,0.514067982623,0.639319959572,5.0008981227
876,68920,35080,8770,0.479940980235,0.448575268698,5.0060431957
877,69000,35120,8780,0.448832211832,0.444680691272,5.0107340812
878,69080,35160,8790,0.706011230704,1.95800339311,5.0257780551
879,69160,35200,8800,0.932548697957,3.86398411284,5.0305700302
880,69230,35240,8810,0.410179565157,0.870178458858,5.0354571342
881,69310,35280,8820,0.493736017924,0.664358079429,5.040311098
882,69390,35320,8830,0.387677169099,0.673342031199,5.0450310707
883,69450,35360,8840,0.287554307159,0.220451679445,5.048882007
884,69530,35400,8850,0.440679922637,1.03488913846,5.0592541694
885,69610,35440,8860,0.388218465376,0.320705499199,5.0640850067
886,69690,35480,8870,0.465338121026,0.724349737925,5.0688850879
887,69770,35520,8880,0.467435401743,0.57855994146,5.0737190246
888,69850,35560,8890,0.606685130717,1.44005382109,5.078628063
889,69940,35600,8900,0.608574821839,1.84081000293,5.0840392112
890,70020,35640,8910,0.423055624343,0.826031547918,5.0886352062
891,70070,35680,8920,0.204920578896,0.639086471684,5.0920820236
892,70130,35720,8930,0.17932175483,0.926622443959,5.1014621257
893,70210,35760,8940,0.9526206331,2.34857444941,5.1064970493
894,70290,35800,8950,0.630727467742,2.65846597906,5.1112811565
895,70360,35840,8960,0.318235580421,0.754197115819,5.1157610416
896,70440,35880,8970,0.474738589251,0.571454877042,5.1206021308
897,70510,35920,8980,0.31855750863,2.02077526638,5.1249251365
898,70580,35960,8990,0.956102808433,1.88802430001,5.1291811466
899,70660,36000,9000,0.542971213045,0.591663224602,5.1339130401
900,70740,36040,9010,0.466292443125,1.5332059622,5.1440730094
901,70820,36080,9020,0.799129212252,2.21222664018,5.1491680145
902,70910,36120,9030,0.572755142067,1.75288969698,5.1542651653
903,70990,36160,9040,0.478297401149,0.130497573607,5.1593761444
904,71070,36200,9050,0.49972430722,0.31974539889,5.1642210483
905,71150,36240,9060,0.505399613161,0.309743942197,5.1692161560
906,71240,36280,9070,0.522485666811,0.926843567486,5.1744520664
907,71320,36320,9080,0.475229239639,1.43883632185,5.1847259998
908,71400,36360,9090,0.532986460473,1.15252303793,5.1900880336
909,71480,36400,9100,0.435295032626,0.297218256748,5.1947650909
910,71560,36440,9110,0.548744684289,1.13099437706,5.1997749805
911,71650,36480,9120,0.540252017666,1.56989446029,5.2048630714
912,71730,36520,9130,0.408204400021,0.897042302453,5.2095620632
913,71810,36560,9140,0.484330785341,0.760309931575,5.2140920162
914,71890,36600,9150,0.454501769593,0.326126644069,5.2242920398
915,71960,36640,9160,0.50108241247,0.0936664349179,5.2290351390
916,72040,36680,9170,0.463562543291,1.05051994896,5.2337710857
917,72120,36720,9180,0.626971773874,1.51073026559,5.239653110
918,72200,36760,9190,0.659979402044,3.11620992018,5.2442390918
919,72270,36800,9200,0.378958292306,0.874287147657,5.2486300468
920,72350,36840,9210,0.702580528471,2.1762101437,5.2536230087
921,72430,36880,9220,0.957211123165,4.61086965839,5.2583310604
922,72510,36920,9230,1.30771034154,2.79343183001,5.2631351947
923,72590,36960,9240,0.440151481591,0.315749036181,5.2735381126
924,72640,37000,9250,0.515259062155,0.0926302024239,5.2773730754
925,72720,37040,9260,0.524266954042,0.626044376627,5.2822260856
926,72800,37080,9270,0.525096528516,2.18467127813,5.287321090
927,72880,37120,9280,0.429637240794,0.944843466827,5.2921681404
928,72960,37160,9290,0.467390784987,0.478352765206,5.2968811988
929,73040,37200,9300,0.539031182776,0.811182263666,5.3019139766
930,73120,37240,9310,0.594112334348,1.39211050965,5.3067080974
931,73200,37280,9320,0.37078634453,0.48825522871,5.3170950412
932,73280,37320,9330,0.374568790453,0.351482346988,5.3219571113
933,73360,37360,9340,0.538301754602,1.16556495994,5.3267271518
934,73450,37400,9350,0.515540339335,1.09168572354,5.3320951461
935,73530,37440,9360,0.445154789125,0.425972619256,5.3367500305
936,73610,37480,9370,0.444896254259,0.430555539585,5.3414421081
937,73690,37520,9380,0.377733622774,1.29579854107,5.3465361595
938,73770,37560,9390,0.553576662349,1.3377505122,5.3565781116
939,73840,37600,9400,0.475867719336,0.108856053656,5.361029148
940,73920,37640,9410,0.447270517439,1.27586437846,5.3656420707
941,74000,37680,9420,0.514803218053,1.28912668002,5.3704230785
942,74080,37720,9430,0.558874299473,0.556148899105,5.3752770423
943,74160,37760,9440,0.580962680558,1.98890460883,5.3800711631
944,74240,37800,9450,0.676368334669,1.81208022444,5.3848280906
945,74320,37840,9460,0.563778998485,2.06605987732,5.3945181369
946,74400,37880,9470,0.61646042307,1.54258284135,5.3991951942
947,74490,37920,9480,0.502279951534,0.0552691441317,5.4045081138
948,74570,37960,9490,0.438754305896,0.350797996026,5.4091742038
949,74650,38000,9500,0.436587028898,0.24383249378,5.4140081405
950,74730,38040,9510,0.557216275386,1.18296727298,5.4187881946
951,74810,38080,9520,0.576671406929,1.19604191028,5.4238770008
952,74890,38120,9530,0.463804445953,0.318156448482,5.4285161495
953,74970,38160,9540,0.441875554018,0.376438490981,5.4388291835
954,75050,38200,9550,0.484230496868,0.136971109569,5.4443240165
955,75130,38240,9560,0.51477011401,0.287010546946,5.4491670131
956,75210,38280,9570,0.477515655551,2.14475063634,5.4538671970
957,75290,38320,9580,0.653343275594,1.72875519132,5.4585080146
958,75370,38360,9590,0.535452826703,0.528346574703,5.4636690616
959,75450,38400,9600,0.498135194044,0.616350804854,5.4685761928
960,75530,38440,9610,0.675203739036,2.75012788488,5.4783589839
961,75610,38480,9620,0.966259764017,2.5827379272,5.4835200309
962,75690,38520,9630,0.619779297844,2.14634494895,5.4882121086
963,75770,38560,9640,0.765982319008,2.14733601631,5.4932081699
964,75850,38600,9650,0.621224742685,2.10645174249,5.4978411197
965,75930,38640,9660,0.437315200018,0.793635661886,5.5025770664
966,75980,38680,9670,0.37918425846,0.170561843977,5.5061361789
967,76050,38720,9680,0.287656301616,0.280202243761,5.5103571414
968,76130,38760,9690,0.425852150139,0.94153521209,5.5216310024
969,76210,38800,9700,0.518383400625,0.656824572298,5.5264091491
970,76290,38840,9710,0.47560549243,0.502338594722,5.5323801040
971,76370,38880,9720,0.507299009157,0.331778930441,5.5371410846
972,76450,38920,9730,0.550280791197,0.259101823642,5.5420930385
973,76530,38960,9740,0.434885556136,2.16447265839,5.5466880798
974,76610,39000,9750,0.486009025305,1.1507329646,5.5563151836
975,76690,39040,9760,0.44067003128,0.571713389284,5.5608739852
976,76770,39080,9770,0.387783025029,0.693369717526,5.5653409957
977,76850,39120,9780,0.378565095261,0.322952333606,5.569839000
978,76930,39160,9790,0.440637647382,0.395929703989,5.5745031833
979,77010,39200,9800,0.496407621165,0.127941834765,5.5791900157
980,77070,39240,9810,0.489001710588,0.109466546216,5.5829620361
981,77150,39280,9820,0.507341375859,0.821457931467,5.5880131721
982,77240,39320,9830,0.509352568197,0.515778442616,5.5938551425
983,77330,39360,9840,0.503695719751,0.8557107925,5.599055051
984,77410,39400,9850,0.483656149442,0.0811052975516,5.6037101745
985,77490,39440,9860,0.472659636034,0.601579277271,5.6083071231
986,77560,39480,9870,0.313542778655,0.569001532167,5.6125440597
987,77640,39520,9880,0.738945111434,1.89552366132,5.617181062
988,77720,39560,9890,0.497116044687,1.74346659615,5.6217060089
989,77800,39600,9900,0.703959628728,1.88361018798,5.6263802051
990,77880,39640,9910,0.491081897619,1.48170445369,5.6308391094
991,77940,39680,9920,0.31351966865,0.287891702161,5.6351940631
992,78020,39720,9930,0.558368319979,1.01018348752,5.640186071
993,78100,39760,9940,0.502463835276,1.83730253853,5.6447041034
994,78180,39800,9950,1.02318889276,2.96442082313,5.6494510173
995,78260,39840,9960,0.999349733402,4.49543335499,5.6539909839
996,78340,39880,9970,1.26098005666,2.79538640038,5.65867018
997,78410,39920,9980,0.371627036313,0.907472372302,5.6627900600
998,78490,39960,9990,0.856217582326,2.17293919437,5.6674571037
999,78570,40000,10000,0.450250614403,1.34691496388,5.6720080375
1000,78650,40040,10010,0.618588454321,1.75952403953,5.6772861480
