1.0,1.0,1.0,1.0
-0.249965724886,-0.0312286364799,0.19376140891,0.34375232543
-0.161705883772,-0.00637254138,0.25608975804,0.348194425627
-0.203105538055,-0.081407382426,0.254390924452,0.318907436728
-0.113535976939,-0.0508616678097,0.313185704667,0.322532717587
-0.222631570433,-0.144199726689,0.266701853573,0.288757750055
0.157443726404,0.0385598723128,0.517351713801,0.349874925913
-0.110789624139,-0.143777038774,0.306020893537,0.236338403635
0.0297666962747,-0.080579474053,0.392530048746,0.258493266375
0.264252818008,0.0752934881834,0.309278850659,0.0848922325953
-0.0906465314943,-0.149700938805,0.183166835825,0.0629293788171
0.226998802689,0.00695468649131,0.430082216798,0.156889641596
0.0489236957074,-0.0816293552166,0.279125792347,0.105252824493
-0.109251221929,-0.19089997028,0.227125160519,0.0990160489071
0.162574549043,-0.0573338527114,0.430338906925,0.163684537895
0.0567307220791,-0.107827723937,0.319507399533,0.126328658061
0.00740928780564,-0.139156778155,0.30685424605,0.126289999346
0.0164242046516,-0.141192681332,0.327220553975,0.138221227221
-0.013128524214,-0.208128001453,0.414469043542,0.161593931533
-0.0541769769191,-0.226285936823,0.383878319921,0.152381686013
0.0766065462817,-0.148130161657,0.448099422538,0.173002455679
-0.215354334788,-0.322868663268,0.313074399675,0.135609925616
0.133979030685,-0.136115282728,0.529794049112,0.198830044642
0.226346844221,0.155265216694,0.0707266453919,0.0174692206714
-0.0159646779787,-0.0282524272316,0.023276322703,0.0174498574252
0.234175698395,0.0750022131465,0.256965189929,0.113779541729
0.0953618293305,-0.0158846510034,0.200275784454,0.0944089910874
0.0220491130778,-0.110416209992,0.295224258879,0.139904602967
-0.0204125763703,-0.194882006013,0.345023243175,0.164903991696
0.0725955699034,-0.141403254231,0.397612129737,0.179044380129
-0.0312585830232,-0.188330099234,0.345470068995,0.160124066452
0.0420090603134,-0.155845555142,0.38686148585,0.167469263296
0.0234297200742,-0.160211420113,0.360738009838,0.157431622894
0.046231129146,-0.136916510952,0.361613460036,0.151186580263
0.0724419163159,-0.103881572633,0.349208149238,0.152550688272
-0.188111392957,-0.279228003093,0.246686385643,0.123898070611
0.0824964260835,-0.133834691646,0.407485315518,0.179396305738
-0.0218578252871,-0.189394721647,0.341755386519,0.159399810788
-0.0200498728267,-0.188076535234,0.348926299149,0.16117487668
0.143658674048,-0.0928973177807,0.431675470876,0.18342054187
-0.0276702384425,-0.18284272585,0.337424344075,0.157167032741
-0.0824644370263,-0.213104596934,0.31888764317,0.155726831176
0.607200359192,0.16567298141,0.720887576015,0.272707048044
-0.181895183609,-0.253972319174,0.310487009892,0.150503439488
0.124314220165,-0.0989078813017,0.524471495215,0.222555557839
-0.0480307159505,-0.199319762788,0.408164615486,0.186700200372
0.208426417449,-0.0376842511029,0.507131473217,0.210090795756
-0.0858617179434,-0.220612957424,0.349001427588,0.16425848129
0.567076330869,0.13391557641,0.715152123919,0.275634996719
0.0654491724303,-0.127403276871,0.399294670792,0.164910058173
-0.0354562035202,-0.178085719424,0.333936594791,0.145756749644
-0.0954208313577,-0.218932498667,0.314662708726,0.1436166887
0.0980623461051,-0.121396229958,0.440902806466,0.181333813937
-0.107045326398,-0.250811564084,0.331864715342,0.147481669051
-0.0381675836264,-0.215659181541,0.376014153176,0.16445647429
-0.192616644752,-0.302737270479,0.301093150371,0.143790795803
0.276678769298,-0.0656818860339,0.607133467214,0.244473654101
0.0636660989128,-0.13261615194,0.387485953012,0.166484020976
0.420642020637,0.137495963337,0.45605510053,0.170488626189
-0.257100793022,-0.287746107479,0.147477547499,0.0976492960855
0.266374333888,-0.0481566563122,0.52363579382,0.226375089353
-0.100069322515,-0.266374320799,0.345306225859,0.172998178658
0.145938945395,-0.13186091443,0.486136553875,0.213069680538
0.0681403810714,-0.126873935011,0.355176499604,0.159601443352
-0.0732812090187,-0.200855769362,0.292293465753,0.142113813471
-0.0363320164693,-0.185908868024,0.338725987595,0.159286940776
-0.024994970836,-0.216088440981,0.36156075704,0.166727892217
0.074525460017,-0.152848078242,0.413110465332,0.18607082366
-0.19385178775,-0.307321540834,0.293892719509,0.15257090803
0.0598598767477,-0.175857473356,0.441038817408,0.195933215198
0.213535433205,0.0943987196399,0.226897915077,0.0825827143633
-0.110701738296,-0.129725999458,0.122325307699,0.0598517239982
0.350155884219,0.0787284754599,0.47389423531,0.1780852785
-0.0470594410735,-0.146824884504,0.264110284115,0.115380272678
0.0842546932299,-0.089481897375,0.360039536132,0.149807413856
-0.0801021908565,-0.188347450936,0.289060282394,0.129515334021
0.225490624463,-0.028583194581,0.476492813389,0.188022422741
0.00856918375923,-0.144703243544,0.354487240046,0.15455786003
-0.160513507636,-0.24573725255,0.282173179735,0.134090445936
-0.0619060261783,-0.19998943,0.350481462646,0.155671705538
-0.0484115988203,-0.196466618489,0.360880448526,0.16009481332
-0.0893908575773,-0.221426857403,0.344745994522,0.155282301391
0.00426152327238,-0.169366661014,0.402191716991,0.169919127097
-0.021771662122,-0.180969723638,0.379132298805,0.166609896539
0.11070691371,-0.101403334281,0.434875119085,0.179113772354
-0.43310131777,-0.45560064685,0.221739798549,0.125619338979
0.351149144491,-0.0295326178635,0.753499590362,0.311077937321
-0.0394893943105,-0.20964972349,0.432996351679,0.203122656978
-0.0759051696239,-0.226320076566,0.4004698754,0.188754638577
0.00515848990945,-0.171050139055,0.438571061306,0.202582405742
-0.0197248926341,-0.17864560626,0.402508477752,0.187603234356
0.0329303733091,-0.139681970296,0.41234725029,0.189549089699
-0.0436476454312,-0.181116531109,0.362894131495,0.172091210112
-0.150663502348,-0.2572802134,0.315002835765,0.156629336456
0.255167050803,-0.0432526405258,0.580252741586,0.246804140928
0.016071526098,-0.167065598564,0.433647131052,0.200477931896
0.0335779013286,-0.14638490624,0.339972079716,0.136909743377
0.0546489418518,-0.127797916659,0.349745290479,0.144509652778
0.052121817183,-0.129505648964,0.346001300094,0.143192994417
-0.133108810354,-0.245244686421,0.271230096717,0.125440801261
0.173769182285,-0.0915447659195,0.473523426941,0.19329579634
-0.0721625503156,-0.226999583748,0.338580800003,0.159113894946
-0.0384002192272,-0.212309903199,0.361363865287,0.165976169326
0.102882728805,-0.136273598503,0.431910637128,0.182440085325
0.0254363607338,-0.166481259091,0.363940338131,0.162076501048
0.0538485463574,-0.145250776945,0.373214997141,0.162896467294
0.0410734826045,-0.149226697805,0.356839343722,0.157518006186
-0.25064036667,-0.333488401255,0.239997705977,0.126939142625
0.311479164788,-0.0461518447756,0.631282251358,0.250635976076
-0.215365822797,-0.308818520433,0.312601271935,0.149238368946
-0.0205322399285,-0.204089373437,0.422274868222,0.186948584538
-0.0998268737778,-0.249852227472,0.369004049479,0.168012929043
-0.0511998976835,-0.22274294044,0.396688222783,0.176532777133
-0.0890469848597,-0.237857576179,0.371694445851,0.166890338638
0.044087563763,-0.166236260352,0.443435121329,0.186302392678
-0.0745508323852,-0.225108139636,0.367587222109,0.160302421018
-0.120683075893,-0.255420134936,0.344076293457,0.153878919331
0.220886118715,-0.0692022332522,0.543725548792,0.212799389923
-0.0649761049583,-0.230290474326,0.385680961881,0.1675961469
0.1468952114,-0.108573028181,0.486794031886,0.197096823706
-0.00945476890785,-0.191426189133,0.381115326536,0.165114253153
0.126515929405,-0.111966942633,0.438819634779,0.178971533214
-0.0878948538157,-0.235369501757,0.335356005491,0.153284612883
0.63795200076,0.181553735661,0.759807739441,0.281091079894
-0.0205451159493,-0.194809995429,0.376707715783,0.162289362183
0.068574268015,-0.141723405572,0.414296145302,0.171283974721
-0.0827109190653,-0.226490801203,0.331807678474,0.150756460597
-0.0383712208857,-0.204331938662,0.36722242778,0.162589408105
-0.200277444977,-0.307307669788,0.288869040832,0.14241900725
0.261530152761,-0.0642462697118,0.608770996957,0.253240697196
0.0600436050897,-0.123673783137,0.397862235713,0.172446417548
0.0247518733791,-0.130172125407,0.366320947088,0.15935788058
-0.00621967278168,-0.154927126621,0.346437086242,0.149859445488
-0.00229968724746,-0.156804959776,0.353780255667,0.150991604116
0.0162659203622,-0.18378406887,0.372023986356,0.164265661084
0.207611592143,-0.0570989071714,0.445201792922,0.183086965354
0.0752354818589,-0.122258449041,0.357792143785,0.154660923444
-0.0126427214391,-0.173697886896,0.306952928264,0.140743008558
0.048885977895,-0.13971726331,0.354172682435,0.154214886688
-0.0110818656332,-0.17488479657,0.322710202625,0.143546694402
0.436227049245,0.0824048375832,0.560425734674,0.212375018227
-0.743455059083,-0.671749399988,0.076717701323,0.0861946424358
0.93770111977,0.192132029499,1.21886489729,0.455370175522
-0.285428597173,-0.352666280072,0.269706490117,0.1520273082
-0.0607270336261,-0.231394586383,0.407640402058,0.190975458514
0.0485861244705,-0.167223404421,0.451774885874,0.197921690284
-0.142364478247,-0.272091458486,0.352775606635,0.168536577936
0.0982135160785,-0.149040762249,0.483697897252,0.204841946461
-0.145639844698,-0.290252888014,0.352953210043,0.169593417613
0.110933463565,-0.148343577708,0.503075298156,0.215540572162
0.0530717438858,-0.139151655555,0.379355542362,0.163802574021
-0.018310136454,-0.178214588164,0.335996664784,0.15163271554
-0.0976148191092,-0.231830869984,0.304862102437,0.143849795428
0.113272358649,-0.118889754855,0.438626297086,0.185922575043
0.0310403916661,-0.155009419588,0.372909328794,0.160706674502
0.00445699821033,-0.17109398845,0.349772007411,0.15448521627
-0.0930138119268,-0.229592628221,0.307213561912,0.141457024619
-0.0378291585636,-0.200702838224,0.35088410964,0.157339192496
0.0910546182253,-0.131696354883,0.416815616269,0.175744938899
-0.138699909776,-0.258024987486,0.306612915812,0.145988511846
-0.128350926061,-0.25098500657,0.31573953073,0.149563960116
-0.1006478533,-0.238523682603,0.341932767741,0.156624282532
0.0240107452328,-0.183240627689,0.414146565765,0.173316216824
-0.00255791759531,-0.189690338956,0.384481388327,0.163206186659
-0.110108921171,-0.247907471872,0.334610690516,0.150694775203
-0.0897571114185,-0.238120922709,0.346605104273,0.153215948991
-0.0897555033748,-0.238121025526,0.346607214006,0.153217926328
0.0752570753084,-0.148663500926,0.444133397456,0.183692647275
0.027061849454,-0.16188393696,0.389121690621,0.166359475927
0.0548326499584,-0.143873802069,0.381878712604,0.157063788426
-0.0170988612045,-0.181938123617,0.34338253209,0.142105952665
0.0282058807607,-0.153218527229,0.378514098029,0.152196870207
-0.0756594462755,-0.219959468522,0.328149258456,0.139652998422
-0.0332105650368,-0.199216958504,0.358503785909,0.148981691651
-0.0259877717576,-0.197660593742,0.363250883124,0.15129670763
0.0751407049269,-0.135795795968,0.410443679387,0.170875541457
-0.0868799884423,-0.22354933188,0.32540561096,0.14913862111
-0.0575060734094,-0.208248622633,0.346911488021,0.154401650768
0.149912569863,-0.0929926037538,0.458192736278,0.181455459912
-0.0278810023993,-0.183105158504,0.361555012961,0.153528221712
0.0618804803841,-0.129247067609,0.407727207156,0.168706724417
-0.0919920319892,-0.220908673705,0.320531842501,0.145464970359
-0.0326070868084,-0.195035801131,0.360532573488,0.159017354158
-0.0547857233848,-0.2157795885,0.37465850131,0.173892286972
0.0825626242225,-0.133404078099,0.443860233293,0.192058436321
0.0161267772148,-0.16039798172,0.386282125723,0.17071147042
-0.0899937806237,-0.215092673597,0.329202172102,0.153309809703
0.117445856327,-0.103175325561,0.463134919724,0.196180927999
-0.0620905064854,-0.203891778789,0.356334378374,0.163015204078
-0.0497337506383,-0.21854436955,0.371529413959,0.161327744902
0.422875575014,0.0601666270615,0.615241724948,0.227457858402
0.0149637036905,-0.150349584318,0.348886497432,0.142548170662
-0.000150170030835,-0.158875554361,0.349512509156,0.144677896003
-0.0386265451462,-0.187897459449,0.336606349472,0.138783585846
0.105525210951,-0.106552145549,0.41760001185,0.166064958881
-0.155313554715,-0.259648012445,0.295266180918,0.13934117891
0.29335586503,-0.0286116728239,0.597718703258,0.243612275628
-0.0422838494568,-0.21997121233,0.424001741599,0.195320011016
-0.121334710462,-0.256922662168,0.374939330365,0.17955302482
0.0695701037883,-0.153764884357,0.48492210268,0.211346282686
0.00532673661764,-0.178641138839,0.410750044785,0.182742592633
0.0700426593957,-0.116044256612,0.404704503209,0.177303929547
-0.0882336992911,-0.222544468587,0.327062168816,0.156043965575
-0.0384070492363,-0.194604608148,0.360436416645,0.167905285593
0.145301090701,-0.0863964778571,0.448952299677,0.19070520382
-0.162519246943,-0.269496676461,0.29405611041,0.146169519425
-3.53269152098e-07,-0.178486463463,0.405371395707,0.183763263833
0.0666611115228,-0.124461513247,0.400301614601,0.177421645402
0.235601364426,0.0530072008334,0.28834080762,0.0908357269764
-0.0393485205277,-0.11057165225,0.18562318194,0.072388062752
0.0430784847379,-0.0778122654325,0.262707283972,0.100477385831
-0.0112606054628,-0.238002070408,0.419160091318,0.200080384443
-0.119868117377,-0.291480109945,0.35542797789,0.179265409333
0.0396901826824,-0.199554099259,0.441403369189,0.201887293039
-0.133226523918,-0.294440916812,0.347032065105,0.170050091676
0.160699253029,-0.132075115948,0.528881198083,0.230594605953
0.0390485987547,-0.149598281743,0.366169929089,0.166458715498
-0.29916187972,-0.351770242095,0.230473254139,0.129036777485
0.393296780945,0.011460938389,0.696430593794,0.285659554356
-0.382617854562,-0.459969001742,0.312092086781,0.172836047116
0.332629004838,-0.0886681908635,0.779269991372,0.326760392741
-0.185641213062,-0.353927800645,0.409428389788,0.202760767851
0.116390726756,-0.187848591531,0.579721551517,0.250442534024
-0.166889711142,-0.356519018001,0.422958755426,0.194539721589
-0.0921930481286,-0.312106094736,0.4577138241,0.207393025075
0.415684622691,0.0100584500944,0.682803324228,0.27482832225
0.138340427358,-0.0818739157525,0.423660074486,0.183691404404
-0.0994307727201,-0.221136748451,0.310224574159,0.153620878179
0.0331520270151,-0.151376305098,0.393223063091,0.179115468013
-0.0305621786413,-0.187492449932,0.351880403388,0.164856880178
0.0163562715442,-0.1574834438,0.377617488434,0.174037312981
-0.180780368342,-0.283215058777,0.294710930231,0.151373820034
0.256934948554,-0.0481439855084,0.601751807076,0.264538278512
-0.0916827985528,-0.221700461975,0.339621978189,0.17090508347
0.0589539458211,-0.144115308005,0.426581388444,0.197833018376
0.179595781906,0.0561734590329,0.223397842368,0.091053912766
0.0700299561992,-0.0161237329032,0.196892164795,0.0850465070742
-0.119129851834,-0.155267709508,0.159309853831,0.0854265396523
0.286100547947,0.0356294997177,0.432130921552,0.169823259927
-0.0666919114232,-0.158155749174,0.23871814032,0.108735920188
0.180018817753,-0.0292431057727,0.405247018145,0.162962038041
-0.219879471793,-0.27994336019,0.246664414853,0.121479852579
0.157040245293,-0.101338555661,0.506201363126,0.207769251796
0.0295589526787,-0.164354492798,0.409232673315,0.173802217545
-0.0243087005989,-0.184821237106,0.366890626112,0.163662127085
-0.149910233912,-0.259006506769,0.309357193253,0.147873509333
-0.143611735367,-0.256760786878,0.318596439816,0.153925973087
-0.0717329175173,-0.219247732089,0.366527581073,0.173133839241
0.144834238338,-0.097442291121,0.477308880939,0.205383514139
-0.0865838811515,-0.224878514553,0.353693240476,0.168420827836
0.0359949956708,-0.159589889596,0.424596388038,0.19723300434
-0.15060851756,-0.274378967584,0.323126533841,0.167976169566
0.262261122936,-0.0611830111422,0.590784522221,0.252905467802
-0.121271774478,-0.281760623694,0.401875056548,0.194972005985
-0.0463609780957,-0.23504633876,0.4309396329,0.196803507838
-0.102981753482,-0.262694395177,0.388869198406,0.182249783622
-0.0844292988844,-0.249812595184,0.398298730436,0.181514504324
0.08031575092,-0.154871603198,0.476524470371,0.207200020832
-0.218098971603,-0.335980938669,0.335090343318,0.167108835537
0.198642167375,-0.113329687078,0.593998716648,0.242045607421
-0.12589558875,-0.258804364926,0.337623878825,0.153406671034
0.123010808395,-0.124543892886,0.485787139629,0.196947457532
-0.139824329726,-0.287701928072,0.345566235248,0.157894944996
0.196504991233,-0.10480471268,0.555104757958,0.224954524801
-0.0923998964754,-0.23332221378,0.340818016544,0.152296176911
-0.0412498145383,-0.206180041419,0.377019127008,0.163889310962
-0.0293053543015,-0.200150959393,0.379877698292,0.165509873216
0.130979730745,-0.107341650954,0.449090993269,0.184374678363
-0.0324891335145,-0.196128605844,0.358272501606,0.158284631286
-0.0519355086823,-0.203737227884,0.357858574432,0.160037570458
-0.0359554148957,-0.193365064206,0.376031446763,0.170994771652
-0.0224732338817,-0.188067749186,0.383405520726,0.174210155266
0.106949391177,-0.108540212466,0.436261773728,0.187644829794
-0.0457840241341,-0.196068084564,0.344428729803,0.154031450283
0.154127297009,-0.0859566752603,0.453532439661,0.185845454711
-0.0950306022516,-0.242284195732,0.33514048412,0.151632410234
0.152715017132,-0.118539465872,0.475813816706,0.19291654105
-0.028231735625,-0.20584880758,0.365949717995,0.16401993355
0.333846426473,0.00534816547027,0.534169920829,0.201599982781
-0.0821694191813,-0.201307299257,0.278521153223,0.12753799954
0.254831494413,-0.0240881661902,0.485861207865,0.19474180345
0.00469594335956,-0.172912007276,0.35644223378,0.153876667246
-0.109682866726,-0.241717654011,0.303109745744,0.142125396818
0.124003571264,-0.125344017016,0.452888567659,0.18932649231
0.572241976401,0.537687566691,-0.0806054333337,-0.0801340546535
0.12979101996,0.189877884445,-0.125077589398,-0.0628938619622
0.179084402239,0.105945810741,0.153368850582,0.0570650056007
0.032699721338,-0.0105957069829,0.128704014615,0.0577525436919
0.161062950567,0.0250288527988,0.247810586717,0.10239478258
-0.0630090368296,-0.121613242714,0.170142943408,0.0888526165631
0.0487604497741,-0.0707696136526,0.265572363513,0.11842543191
-0.0501006540713,-0.137372576833,0.248893061602,0.115302018879
-0.0320172217945,-0.182627415376,0.32860148563,0.144835346888
-0.0162666198934,-0.181524766132,0.348586925599,0.155402334809
0.137836902099,-0.0952236560388,0.424801730883,0.172179601948
-0.0927573921828,-0.227571310984,0.314346985184,0.142696159274
0.0908683473679,-0.127528216563,0.437604076082,0.187576555412
0.117143910257,0.0198403389431,0.168306382432,0.0598738731466
0.000902377373839,-0.185500984374,0.434934631338,0.148677749903
-0.0364468031502,-0.198785144782,0.396454543039,0.141945637807
0.377611225466,0.0624020253168,0.582478448102,0.20083977313
0.119705981373,-0.0465756277608,0.360212989844,0.136537961415
0.0402331439928,-0.0925237617741,0.311435099045,0.124677530968
0.0151217630507,-0.104686030002,0.306334069646,0.125470315617
-0.0126798838232,-0.154801431649,0.353242171705,0.159996233905
0.0431822513941,-0.132025861053,0.378638681254,0.162512174823
0.0384315950327,-0.127689925195,0.360705740286,0.154592914804
-0.137216639287,-0.239992290389,0.284717487571,0.135956264726
-0.0527187979593,-0.201072059866,0.34067008015,0.152920067302
0.00206558940951,-0.166289118805,0.3696771049,0.162049897849
-0.052978538222,-0.198402385061,0.339391586697,0.153490332825
0.0528102024317,-0.148088387349,0.40065495016,0.170725616698
-0.0199900014576,-0.18255552495,0.353113734186,0.158138323526
-0.0358471698443,-0.211859035746,0.355807231423,0.154165124121
-0.0259695067888,-0.206931687207,0.369424547032,0.157731830078
-0.0350258705801,-0.214680522835,0.365961239266,0.155680717151
-0.0846585077532,-0.229540883942,0.344433123203,0.148536914692
0.0427685554235,-0.163762505113,0.428037584481,0.172434210585
-0.235977107055,-0.330221158433,0.296268754899,0.140877928618
0.335138776348,-0.0462092726506,0.670598190473,0.262839935691
-0.208012281812,-0.334072311693,0.337633864303,0.159088776287
0.263600713858,-0.0761777383612,0.63854448342,0.247986631691
-0.0665498937475,-0.197085084512,0.379006625978,0.159538891247
0.0782686764309,-0.115545219966,0.449951170392,0.182013315909
-0.0364390711286,-0.171439750211,0.37244102985,0.161987860026
0.0633730215091,-0.118460896759,0.416934394554,0.175281115754
-0.0961197337051,-0.21366056256,0.334642439356,0.152854790544
-0.117588658475,-0.243987013106,0.331560695905,0.148090737049
0.690294446676,0.188476078909,0.814109527084,0.297799414946
-0.0520822034813,-0.147062497394,0.205968946149,0.074421968108
0.290675332219,0.0227124057289,0.442996266257,0.152714007596
-0.0403666741139,-0.15107069676,0.244116927356,0.0969737912666
0.217610705997,-0.0136843543039,0.428013098227,0.16362461774
0.0248551346869,-0.102344880688,0.286379009965,0.11534374944
-0.0472494339725,-0.163353021307,0.27750959371,0.119950091183
-0.123604140824,-0.219967884514,0.269059779119,0.123811290654
0.0152808299278,-0.15010476589,0.365092576418,0.157708125481
0.0442358081077,-0.133421473403,0.372289190665,0.157885147189
-0.196508172462,-0.285305832561,0.269449831912,0.131228564371
0.288878347623,-0.0458333518478,0.58261134903,0.23423347468
-0.214206336568,-0.315966842325,0.288156891997,0.146938200554
0.0698919671224,-0.166345994119,0.466109486968,0.203752232132
0.0759928806613,-0.0923653176886,0.312000632968,0.131388158532
0.0100082891404,-0.131977482378,0.288031266625,0.124562803815
-0.135393544915,-0.241074847104,0.239449710358,0.11308734201
-0.015565735892,-0.174437981605,0.331248177507,0.147970730768
-0.0827535606265,-0.216564904509,0.308380816866,0.145313579364
-0.151938238736,-0.261833162635,0.278687742099,0.141627149384
0.165999723486,-0.100274355003,0.489562962918,0.213353013528
-0.0591389737576,-0.179959995071,0.30635550074,0.146029245674
0.117774947592,-0.0876995127732,0.416568428418,0.181192586534
-0.148044864825,-0.252577379489,0.288101904374,0.14906308389
0.166862487071,-0.0931186467173,0.479902048623,0.203768569929
-0.0262984955624,-0.194780204659,0.365015690426,0.165082131921
0.0173310583782,-0.170233112301,0.384563419318,0.173068642752
-0.0394702949045,-0.202637660235,0.354787649111,0.165185690313
0.0527502095219,-0.139499287766,0.412804941827,0.18569709713
-0.0940962820444,-0.228179936706,0.329679727258,0.158842486226
0.133906333811,-0.110930590702,0.462795169065,0.194632442915
-0.15698136808,-0.276649980765,0.321247776234,0.1526300728
0.138742335554,-0.111160405098,0.505704085587,0.217453577666
-0.0923509678851,-0.243840026715,0.372861532839,0.178292420879
0.00362200837377,-0.192628632781,0.422329251323,0.188751810454
-0.0153756967491,-0.201522839262,0.393782667635,0.179095983005
-0.0904717383964,-0.239842593084,0.355219383402,0.168160030619
0.0477931688451,-0.162738583734,0.441323042432,0.19387622308
-0.184817879965,-0.295070584032,0.32444641952,0.161313462545
0.035878088808,-0.178031592244,0.443059620149,0.197612182311
-0.0762783029746,-0.243184780775,0.374037146865,0.175063643644
-0.0110084747144,-0.198701340835,0.410685301857,0.188081838586
0.0165773068725,-0.127262662663,0.319237747309,0.127852987989
-0.109712363918,-0.212866184127,0.272078962938,0.119091049451
-0.0176533305237,-0.167997555253,0.333638649488,0.140471174709
0.141399934634,-0.0799844945525,0.412729182405,0.166815644278
-0.0359345862017,-0.173908979772,0.31951101836,0.1393729212
-0.0841495330304,-0.206960984399,0.308845851056,0.145046859745
0.215803866634,-0.0476182017248,0.48997872501,0.202494817349
-0.0740543865745,-0.213380331427,0.34614382111,0.159131046256
0.059191672696,-0.14786192443,0.421095022885,0.180917631677
-0.0961966158551,-0.238888058868,0.340914698391,0.159739519967
0.0155904520062,-0.180178917279,0.414246045836,0.178326832318
-0.0638426548602,-0.219393278067,0.364615905202,0.166722939714
-0.0835549230426,-0.223529309457,0.366255172232,0.172362855524
0.0908346309993,-0.126253687414,0.467114967976,0.199168083351
-0.0486630017801,-0.200022253849,0.373380510776,0.169443744047
-0.0441640971891,-0.198152234388,0.377262366074,0.171511204689
-0.0168429664134,-0.192884757565,0.384334101409,0.171527308467
0.0567828049469,-0.156697097981,0.406797143727,0.174761365568
-0.152659930804,-0.274172179743,0.303542379982,0.142379963276
0.16402738167,-0.106713652427,0.510121356159,0.216758532481
0.0277692374613,-0.168077361839,0.407739208817,0.183476248688
-0.0238118371539,-0.196301709145,0.367193441527,0.16791033757
-0.0166960437873,-0.192439973762,0.371908388024,0.168268745849
0.108287053565,-0.118433850144,0.430420577032,0.178780106193
-0.0276406382003,-0.186501351535,0.351140333739,0.153013315693
0.0610252891334,-0.14118688782,0.399553893599,0.16972711135
-0.188277850204,-0.297913413995,0.283434022608,0.142522243189
0.270113646407,-0.0633116484896,0.603513836788,0.254387958927
-0.194783989871,-0.352395769442,0.37608190454,0.190283672661
0.142781216516,-0.165172768348,0.584084239358,0.264393521723
-0.278022608805,-0.407939537554,0.385036930145,0.206088131685
0.234026180467,-0.12088089949,0.691826222094,0.306476831698
-0.0893077352573,-0.267493491627,0.405695298415,0.198022432707
0.0308258660119,-0.196763031184,0.460192591107,0.210317266308
0.0105746410456,-0.174764467985,0.38337609209,0.177434665759
0.192875702672,-0.0562729507997,0.44536808275,0.185454384476
-0.0701998788093,-0.1905089998,0.319836954591,0.146156844374
0.13284431123,-0.0905524140983,0.442653054396,0.180175987512
0.0663101105867,-0.100369205915,0.325114120497,0.141776765552
-0.0625601484367,-0.190726085703,0.26780629292,0.12706695557
0.121121638481,-0.0995505803973,0.387667483913,0.160727592926
-0.0127500991649,-0.169278517857,0.317211483946,0.141970963596
-0.0690583127217,-0.212637760759,0.310826987574,0.139586563633
0.0770510684197,-0.1289209544,0.408954244287,0.173122831392
-0.0201750910442,-0.178669324436,0.348490448597,0.152052574677
0.032935670753,-0.147832900611,0.37643465705,0.163942767971
0.0899492376412,-0.112249239255,0.383385230437,0.154525306542
0.0941397341135,-0.0653787687476,0.299740763781,0.123202081239
0.169111217571,-0.00899446488915,0.332708751295,0.134386154534
-0.000153382346553,-0.106953235047,0.25980890889,0.117700952249
-0.0921605612586,-0.176710428246,0.247887782553,0.119136046056
0.0689185958082,-0.101382029229,0.363717580748,0.155653889399
-0.010590900332,-0.148035715534,0.320823282604,0.144686323426
-0.0348116946509,-0.166827092363,0.32273625658,0.145513493237
0.0345929776983,-0.128079957769,0.369374706883,0.164439718202
-0.0256026015051,-0.168810106562,0.336513914459,0.153542291745
-0.0460818187836,-0.242632825566,0.402542451321,0.154271777843
-0.0777448390927,-0.254777642949,0.37876120935,0.149782440771
-0.0736324759597,-0.251243110999,0.384007438565,0.15312716182
-0.0167995507149,-0.205156092375,0.414980351732,0.170687967535
0.0243614423529,-0.168785520907,0.41989711035,0.174852928271
0.146969710952,-0.0769796718885,0.428015487787,0.172916299113
-0.0284465104456,-0.181477231064,0.330655714579,0.144380200098
0.0386672174237,-0.149502973497,0.373127616146,0.157180606618
-0.0132194256572,-0.179383709093,0.339312262338,0.149139087573
0.151478433085,-0.0877308519952,0.418248198492,0.169491914036
-0.122611198534,-0.234899170472,0.292245537187,0.136513574634
0.00848188051138,-0.168975841097,0.370180409592,0.156175785761
0.0114729140588,-0.149588778631,0.373240043229,0.153169147119
-0.069500535326,-0.198925459865,0.334219502752,0.144691271222
-0.0466010472198,-0.186233571221,0.354766938564,0.156994020725
0.02950102884,-0.137688728794,0.398804059808,0.171483634533
0.159491047465,-0.0540485107945,0.414298380267,0.16480574456
-0.0898609226789,-0.200761593085,0.301101261272,0.138836332266
0.0073446107896,-0.151987662418,0.368303162849,0.159322954148
0.0317381299116,-0.132780146618,0.374061637335,0.162362216079
-0.0209231498149,-0.170031523908,0.345373468046,0.151743990609
0.0250887723083,-0.151030246363,0.373062522008,0.159133615861
-0.0168029607521,-0.172175996447,0.342725513294,0.153576502781
-0.109767593343,-0.22686600661,0.30678868185,0.146253614169
0.099521084702,-0.122939490767,0.446884084778,0.189557616708
-0.154470788931,-0.27222424354,0.323139528696,0.158396734336
0.13837751879,-0.116735636094,0.495144886828,0.208417980913
0.0529557237201,-0.132857624454,0.362280757595,0.153563073242
-0.1857620546,-0.289980418949,0.25722732492,0.131958508522
0.225965669677,-0.0725320629324,0.522261835263,0.219638887719
0.151446751883,0.00398134074914,0.246672992983,0.0996572918406
0.00894083148308,-0.0888454590688,0.204900444765,0.0909042211876
0.0625487746892,-0.0786246067266,0.283126601246,0.127028560531
0.0864030071655,-0.0701872961472,0.299264867032,0.131791576167
-0.12569710542,-0.21063822896,0.220404502657,0.113776086683
0.00546876096681,-0.14851408298,0.310820396959,0.140441285059
-0.092690251951,-0.209832749401,0.276967794739,0.133404402543
-0.0204346370812,-0.174565960249,0.332830402061,0.154061846506
0.146597774318,-0.0826433946372,0.422332703092,0.173953545
0.0568639649791,-0.101396046738,0.318012395129,0.1367437005
-0.197931058536,-0.258361697321,0.223450376492,0.116633433715
-0.00641145570989,-0.162202584066,0.371508765147,0.168035763941
0.210981038736,-0.0302258850499,0.465335316597,0.189343588611
-0.0773109845177,-0.203076327914,0.321866630846,0.149830885452
0.110893565923,-0.0987855590298,0.4408606691,0.190355845331
-0.165033573875,-0.272872457575,0.310998420626,0.152342944727
0.259724516845,-0.0442811134058,0.599443122221,0.249743042862
-0.0359696318526,-0.204888766884,0.434625152605,0.19841615033
-0.0375187318179,-0.197974392886,0.395393584146,0.183140490763
-0.116627875259,-0.241734408199,0.351015252938,0.165387099196
-0.0540859779761,-0.206666478907,0.390460697953,0.180138864844
0.0645197481334,-0.135540282098,0.443174003974,0.193586844776
-0.105381741928,-0.23094555145,0.346290613369,0.16712840341
0.0843603407836,-0.134884085117,0.452875822915,0.190701549353
0.0235527888709,-0.150260547261,0.394066273761,0.169690129674
-0.0260704836519,-0.176079388487,0.358187396686,0.157746760826
-0.224048070801,-0.294347156224,0.269878728806,0.136401169892
0.32858121628,-0.0175347511839,0.629883874896,0.254177243665
-0.211001896862,-0.336926935386,0.379881345329,0.191331518791
0.269939315535,-0.0824563666956,0.672113739865,0.281735077854
-0.0941818267507,-0.24632283187,0.38487167965,0.184630204852
-0.0202780516996,-0.19627549191,0.424309471376,0.196951583382
-0.0292604738568,-0.19570382667,0.387527122023,0.179234729998
-0.0601494437302,-0.218388548515,0.370799017754,0.173252166674
-0.0661475724432,-0.223727343259,0.357323342708,0.161724039503
0.0865494042435,-0.139656909287,0.444050167204,0.187687260649
0.024471770797,-0.168983979211,0.380783161091,0.164149989364
-0.0177666959528,-0.189246409138,0.358698829235,0.156506569367
0.0538853033766,-0.146269418915,0.391933471741,0.170857977359
-0.138787399746,-0.266003163841,0.302069939932,0.142358899667
-0.0165897856691,-0.200807740401,0.386843919992,0.169632841946
-0.0548017854333,-0.222183474631,0.361757550353,0.16355218883
-0.170151897598,-0.286071966915,0.304218019646,0.145370672076
0.181875436474,-0.0892305007925,0.538717566977,0.22584018269
0.0390905175767,-0.155518443069,0.425013398386,0.180632430591
0.0119353686446,-0.167367651774,0.387946573592,0.169595372874
-0.16077407282,-0.273653918945,0.306259011668,0.147448173828
0.293046445261,-0.0317065578684,0.595504649741,0.232599478684
-0.0255839969448,-0.219119341181,0.423105365055,0.189136741109
0.0460877487536,-0.165167735029,0.442421047827,0.193343364015
-0.076674564649,-0.23384084383,0.363089461309,0.171724970793
0.0699155168082,-0.152604658143,0.441944893842,0.194140867905
-0.0676873551495,-0.221918573074,0.356848264117,0.166434256287
-0.129280311234,-0.258975264263,0.325598687342,0.157035226892
-0.001968526831,-0.189388748024,0.409981664841,0.183238331355
-0.0696548245091,-0.22445581681,0.366127430052,0.168976566035
-0.0355551872021,-0.207816394196,0.385156079778,0.173640212844
-0.0482758209426,-0.211445518941,0.373558438569,0.171738340502
-0.185434351468,-0.297074881388,0.302480749506,0.155154610779
0.276814539815,-0.0512632224923,0.612312202069,0.26438002117
-0.0327191767795,-0.232561637698,0.430385997386,0.212570606991
0.030848141049,-0.182081635176,0.444158470642,0.211003885131
-0.0465122316625,-0.219741547362,0.386512218221,0.187040959042
-0.0953504897449,-0.245542958392,0.359707030865,0.178123864567
-0.0717565789328,-0.233157731108,0.37014135775,0.182124655455
-0.0817152627325,-0.233070148971,0.36498368035,0.175825873319
-0.0687956620957,-0.223848483269,0.373266287038,0.179530178914
-0.125336918038,-0.260848592358,0.348053147957,0.167748464291
-0.0771942878466,-0.235808943031,0.380744163983,0.177829011456
-0.0545562882806,-0.220296879969,0.393456572504,0.179676750089
0.110608788429,-0.114370724752,0.475054947704,0.202167187208
-0.167473388637,-0.278237433053,0.335709252279,0.161305783962
0.181323997448,-0.101739598433,0.547600903828,0.227242265817
-0.0187132353122,-0.193493882411,0.416658273043,0.189240179961
-0.166987825309,-0.280020779808,0.331888970288,0.164161783155
-0.0115541814317,-0.203225840198,0.424702921521,0.191277410457
0.0414895398251,-0.166334483245,0.430389880434,0.187697917612
-0.0336190112157,-0.199399487466,0.370184737886,0.167691407197
0.0604672469273,-0.145379388844,0.416079058873,0.178723908445
-0.0894429163303,-0.231315472424,0.337288460855,0.157922278818
0.077759336557,-0.142723900664,0.433928214131,0.188874976573
-0.0420683824911,-0.207543995778,0.355576439927,0.161091783039
-0.0272811598689,-0.200295981681,0.36331753608,0.164506475847
0.0631270155049,-0.145041710326,0.407410592743,0.177941991236
-0.0659899624213,-0.222993924098,0.338235589106,0.156710161411
-0.0597960607726,-0.254099331803,0.370895130206,0.161010868372
-0.00567316962768,-0.212255103823,0.406990888812,0.174318677156
0.0439393912988,-0.171848617971,0.416519991029,0.176467108073
-0.183413269,-0.309695194465,0.31725255602,0.146517208402
-0.0369764060722,-0.231343358313,0.41213963233,0.176780700471
-0.105523821509,-0.268044701536,0.369516055943,0.166436024224
0.134529503324,-0.132400463888,0.503835488571,0.204948644794
0.040755497873,-0.15182670292,0.370185699017,0.154411834944
0.0626442448481,-0.122582617572,0.360321253017,0.140649626871
-0.0143613907022,-0.170735285735,0.322125361074,0.129975837851
0.0263591020049,-0.151163170373,0.355720710717,0.14732835468
-0.000844916884144,-0.164659581342,0.344578720892,0.146276385253
-0.132136923278,-0.250476268595,0.292824885076,0.133900428241
0.149090108128,-0.0999361941255,0.477432849108,0.192780337098
-0.0200928280311,-0.182811771612,0.370396208438,0.15997883287
0.348382815062,0.0415124155383,0.540238384107,0.206753227815
-0.0627476767448,-0.192435579534,0.357867541862,0.160750732224
0.151100194765,-0.0772200411094,0.470396550139,0.18926037525
-0.0351877238345,-0.174515428323,0.36050846504,0.157309547311
0.089599647512,-0.102266056444,0.420266760053,0.175193569173
0.0253593482685,-0.128362959582,0.364649422809,0.158230674761
-0.12502631308,-0.227641634242,0.299567287027,0.142028441035
0.190103126997,-0.0707829187722,0.514471273551,0.204856630431
-0.0862109168564,-0.232662462654,0.370036555711,0.159165363134
0.0648135106451,-0.142760483588,0.453657184166,0.184862606727
0.0413638853456,-0.0920620085674,0.29864920646,0.130244707935
0.130368058577,-0.0415051263825,0.344907129618,0.144001547349
-0.0689300584552,-0.162577731499,0.255260272659,0.118420816196
0.166748570105,-0.048143797174,0.427797485147,0.16721031277
-0.0761076554543,-0.197051800818,0.307953908607,0.133716508363
0.0842507512929,-0.115454938263,0.413239861008,0.166627367967
-0.083032778965,-0.224365930763,0.316887520306,0.140102650876
0.0773694273304,-0.145216398704,0.424506458529,0.167540610618
-0.0334559810506,-0.202710465114,0.360727623154,0.146026079556
0.154208409126,-0.0939320267093,0.452049627505,0.172895625346
-0.0653844988734,-0.217081521361,0.331775393555,0.142710600923
-0.033999421709,-0.200368506222,0.354707583049,0.151783082785
0.0272004946971,-0.159233652182,0.390734751834,0.166937011414
-0.0257119271754,-0.178442186153,0.354502438288,0.157017476788
0.038888119433,-0.138684254813,0.385787150156,0.166832783465
-0.0843677395377,-0.20606614248,0.32142046058,0.14852529083
0.129501264609,-0.0805624763757,0.458157911264,0.196253974237
-0.0279859794001,-0.165896602574,0.366445118742,0.168198496336
0.137108264962,-0.0762252830356,0.438761154795,0.18552994057
0.0248630482957,-0.136498819153,0.356728062025,0.159987018124
-0.0817347649212,-0.198039529248,0.307128937558,0.148147634567
-0.0557894246559,-0.18576157351,0.341713223817,0.158230092597
0.0628824761797,-0.123903171957,0.416344979881,0.184740392216
0.584613172896,0.308798124129,0.371491751357,0.120867119781
-0.40206161002,-0.347764855191,0.0210056975229,0.0462336206381
0.317742713924,-0.0122467836879,0.5156288713,0.202824167586
-0.0163707997096,-0.227756595778,0.356388479308,0.153140688158
-0.00795844275678,-0.219313797382,0.366436688944,0.151738675322
-0.142853533207,-0.290632315796,0.304437765863,0.143101183731
0.244362905454,-0.0872413840094,0.558524226028,0.23084409797
0.00283203267157,-0.208730204478,0.41757644395,0.18777422444
0.076248797371,-0.134927552745,0.414573336607,0.182285790026
-0.127047994603,-0.253981114173,0.318310891528,0.154039011592
0.182828197977,-0.0959448598327,0.520587289718,0.220764965654
-0.0818069360197,-0.255092648975,0.374419154824,0.173725355048
-0.220113159848,-0.334515066273,0.297243648677,0.150644580456
-0.0958566722087,-0.272188101756,0.371821086458,0.171642683531
0.129879650837,-0.145456595762,0.491649108728,0.208927402681
0.0406753964238,-0.17853991418,0.413050659412,0.179979091854
0.0750752662195,-0.060975212787,0.271716027561,0.108746524661
-0.0521585609798,-0.150886137054,0.223879034689,0.102609785145
0.0446291180325,-0.106817372004,0.322831864088,0.144652827648
-0.0121525590254,-0.133307625368,0.303151281803,0.139953843062
-0.0950515276888,-0.194258659764,0.279913245093,0.136619291721
0.108515172262,-0.0923660390231,0.408968129774,0.17638590961
0.0297113739749,-0.129508161434,0.342996992019,0.157501094597
0.182713198637,-0.0439089468782,0.394853216292,0.166103239978
0.0748045327625,-0.0883246146104,0.324902177182,0.142388569234
-0.123251875584,-0.207262655572,0.257650078038,0.125681693794
-0.177873480031,-0.252327374093,0.246065113419,0.12166133905
0.306828636322,-0.00735495468941,0.573967572361,0.233564656243
-0.076263916342,-0.189559177239,0.305367562803,0.151180484298
-0.0335138017531,-0.174770623937,0.337000818287,0.162871481355
-0.0949540292829,-0.214610402517,0.320473170273,0.16111356756
-0.0404940275755,-0.19058978931,0.356800160092,0.171254546315
-0.20657169522,-0.292674945576,0.282173498256,0.153128246416
0.126929069818,-0.120855734381,0.480584290566,0.211315959004
0.0507154319044,-0.130010496332,0.356350408842,0.155693468624
-0.197520374046,-0.280955238462,0.252582182988,0.130771003032
0.141036906123,-0.106518066594,0.473275687262,0.20389145812
0.031400489902,-0.154476619822,0.388602172502,0.175187012028
-0.0645183066675,-0.205267394807,0.337288833508,0.159823685383
0.0926966555935,-0.123648792798,0.432895120717,0.183869147517
-0.274523656836,-0.359513867148,0.27132896487,0.137896375624
0.26796304458,-0.0694780493137,0.616459345813,0.253696841137
-0.105437396026,-0.258090724837,0.358835032756,0.163762943046
0.0640555870676,-0.161832084145,0.460317489906,0.200283164623
0.0217303006939,-0.163723419873,0.407085612224,0.179347828519
0.0937262683748,-0.114429925718,0.359903164239,0.158684454439
-0.00885549872323,-0.168803350678,0.305610086878,0.145192675113
0.0546200066013,-0.140079268859,0.346719195963,0.156691836511
-0.0637630242904,-0.203451832742,0.292966818825,0.145074426252
0.582345530138,0.141722109557,0.699993384354,0.261341239185
-0.217465376303,-0.313521881355,0.292994925287,0.148851027669
0.147640635771,-0.127524119319,0.527635680111,0.219219178625
0.0420478710426,-0.13080675236,0.371925085914,0.160051428847
-0.0332528252583,-0.177759864858,0.335518025914,0.148030607541
0.150853875558,-0.0774684907163,0.433360018865,0.173929950947
-0.0257312465197,-0.180304653008,0.338577973804,0.143737971046
0.0277799380528,-0.15798639013,0.376059314484,0.155335099828
0.0459925814194,-0.139171687473,0.381568779557,0.156636581758
0.15332925341,-0.0636037021995,0.398019126182,0.155514708
0.0956401054636,-0.0706138558748,0.31199561976,0.123916366373
0.435953878905,0.162229382519,0.431460008144,0.156578538242
-0.143804706611,-0.16671356689,0.174134635681,0.0879695978029
0.00360778342346,-0.106288082409,0.289186840378,0.124204411901
-0.054914740805,-0.152465631061,0.282637917028,0.13031383126
0.0590432713826,-0.0987724417491,0.37589743917,0.159348253033
-0.0915053162163,-0.201243047217,0.302369495083,0.139789062331
0.105030647058,-0.108846153335,0.429232988373,0.178848514647
-0.194591052223,-0.301133919096,0.29242623934,0.139858238318
0.129495889806,-0.131844596762,0.484262298978,0.197652915882
-0.262762341038,-0.367453287922,0.302809596856,0.148506001016
0.423916383937,-0.0238154245959,0.725938459779,0.273517686892
0.148003290299,-0.104634930623,0.459425218993,0.182781717065
-0.0146437076845,-0.17714851471,0.359361463463,0.15431026018
-0.000783414134579,-0.172981041861,0.372101785198,0.158950440804
-0.135450464088,-0.249950165486,0.310193809326,0.148256906259
0.0595965966643,-0.136913728752,0.427603693305,0.183290172155
-0.093079144785,-0.223665131973,0.342516776084,0.157376439658
-0.224209363285,-0.29904589326,0.27583749724,0.137469400414
0.121381224717,-0.117727072334,0.494250349625,0.197870707363
-0.0966599926486,-0.237937602036,0.371617222643,0.163715334498
-0.0714145641968,-0.22511381244,0.383016740088,0.165028794119
-0.0714116259078,-0.22511307714,0.383016090485,0.165028995715
0.0818027667011,-0.139714487509,0.455350776936,0.189547164957
-0.0688667998152,-0.221683418909,0.364749998163,0.163885786102
-0.0658277913105,-0.220530444933,0.36602220865,0.164254548155
-0.0782104224245,-0.225906327882,0.364931220616,0.167553107133
-0.0443303364479,-0.212308859631,0.384030266745,0.172345867619
0.0168059907171,-0.176848659338,0.409534886335,0.17692884909
0.157315928029,-0.0747657168214,0.434636510325,0.174328444637
-0.078923345156,-0.215052544375,0.320208857454,0.145024495143
-0.0284364424083,-0.186510966122,0.356603985767,0.158884661053
0.0400927562229,-0.156499268519,0.389289112283,0.165714283556
-0.13496694072,-0.254407697559,0.30090160096,0.144657489752
0.14550461076,-0.110441979507,0.474439467125,0.195907707989
-0.0833682984121,-0.249676075754,0.348851280037,0.161115850128
0.138038001743,-0.121604094823,0.479282602534,0.198575170413
-0.0149927668179,-0.204736234581,0.385747283436,0.165774785964
-0.185308233604,-0.308526129998,0.301484094666,0.145895283266
0.262343655431,-0.0679023030889,0.60374873087,0.249380923698
-0.0835006286318,-0.233979690294,0.344206896702,0.163276454475
0.134562275927,-0.11372292745,0.47544783586,0.199557645554
-0.21533761989,-0.31432226974,0.318827372607,0.158139705015
0.242094371325,-0.0784263187457,0.631168303039,0.250175707826
-0.0706092001943,-0.254270187853,0.468765188276,0.20322707707
-0.0251463186064,-0.213333781616,0.468757911188,0.203757000445
-0.0157900006936,-0.172770526362,0.353888828627,0.156959479788
0.00962039450607,-0.15920358385,0.370216242858,0.161519674448
-0.118677792954,-0.2292444065,0.31101167956,0.144862684933
-0.202580249892,-0.281038226851,0.270511401446,0.133019726198
-0.063105289044,-0.216893038196,0.369781370015,0.164859497771
0.0855537818196,-0.123738939146,0.451568405238,0.188822469512
-0.0874687585314,-0.224335155003,0.35916386454,0.160389202917
0.0513997414795,-0.142319516363,0.440808913096,0.187092359853
0.0095312107162,-0.161415252971,0.391919776723,0.163749031682
0.0712002946387,-0.125310040513,0.39214790684,0.157956521892
-0.191502947251,-0.277788921457,0.275672529028,0.126769286435
0.30828027174,-0.0223463745938,0.601401298142,0.239232214499
-0.170064140219,-0.277111274488,0.303414098314,0.146514795356
0.233914700216,-0.0707429901787,0.561011913632,0.232775830108
-0.002382208728,-0.194100346272,0.422612078338,0.186698604181
-0.0088125674824,-0.193041612066,0.399739876325,0.170678799003
-0.0191495440709,-0.191839955298,0.38620204728,0.16638475299
-0.0509380749485,-0.213660493426,0.36594804907,0.161079619699
0.000876277839741,-0.178847813231,0.38688369943,0.171483463219
-0.124280576179,-0.250288929736,0.322712529004,0.156091220382
-0.0299926609436,-0.197169002328,0.390266515126,0.176983064147
0.0592182121725,-0.141340398658,0.424564342942,0.18428605782
0.0249000583837,-0.146297716241,0.380428357233,0.170459761565
-0.0697471558166,-0.204132319498,0.331561065581,0.158045009809
-0.0568341210775,-0.206540980531,0.353955627518,0.159704313054
-0.0557586289251,-0.205885354996,0.356664606896,0.160776064217
0.14623993528,-0.093002411464,0.461644429198,0.191640724936
-0.272942710874,-0.354890370513,0.279091918725,0.141975589903
0.167949225167,-0.120536645084,0.567843384922,0.228617255547
-0.0847298919745,-0.249801697816,0.421616262242,0.185449919612
-0.0653061049064,-0.234140310951,0.42702775078,0.187260951213
-0.034847425422,-0.213544394081,0.426033132438,0.187691057707
-0.213178699749,-0.319936376352,0.330657294937,0.161534239796
1.06105285449,0.335563458606,1.13242373873,0.417558301008
-0.589380673114,-0.54276465396,0.149721081259,0.100347527363
0.0677368956026,-0.190649566859,0.570712909099,0.238646539808
-0.060810211019,-0.253290256518,0.465043052827,0.200845889749
-0.0475625445289,-0.228583970862,0.369941954287,0.164587151269
-0.0372881491136,-0.223514639897,0.376381610484,0.166365027826
-0.0363647530549,-0.222019135291,0.378759749948,0.169474908933
0.0245400295797,-0.182274387979,0.411317391135,0.178704372107
-0.152997165245,-0.285682442506,0.322974207082,0.150261431805
0.202526637247,-0.0912117570522,0.552535558353,0.233138890653
-0.0760228819491,-0.216919483412,0.332022772292,0.157406093009
0.0582042309735,-0.135709784935,0.419352077857,0.189035830809
-0.0384412772634,-0.184262867183,0.35582413298,0.167859183399
-0.0618455694896,-0.212036014996,0.360705740384,0.165152185163
0.159927543192,-0.0902048332553,0.473177269945,0.194286182663
-0.0250701360069,-0.190810541505,0.36590118418,0.161417763802
-0.0994382249442,-0.237632811173,0.329136474616,0.153698380614
0.218931535708,-0.0679801299659,0.5251166451,0.212146444726
-0.0525733105915,-0.2202062893,0.377588614228,0.173316675177
0.133061603749,-0.118482204541,0.462413317845,0.198234054057
0.0398705111397,-0.157908730034,0.388600847826,0.17151537145
0.00290827250972,-0.182245981814,0.356383416445,0.158405004593
-0.0524846903593,-0.210380134899,0.337259144191,0.156857743452
0.0444255187612,-0.152674389229,0.399911438888,0.173371749552
-0.135489559219,-0.254308301283,0.309828593337,0.149952166399
0.19485327166,-0.080681333813,0.527575039847,0.216347926654
-0.0751719439802,-0.242730569877,0.381331753445,0.176429480664
-0.0185000275418,-0.2053986174,0.411098450955,0.183985580464
0.625059397753,0.220099642583,0.648838311178,0.245375113756
0.117321983889,-0.0498734694684,0.356706113526,0.15956525354
0.053978483249,-0.0862973990808,0.3123821695,0.143524317879
0.00398894414716,-0.124452843091,0.297143746641,0.141678027567
-0.0810024740211,-0.182725340781,0.27330173912,0.137992483022
0.0347020806301,-0.13206151284,0.362422150572,0.166457756852
-0.0184195136655,-0.168993509092,0.337130010146,0.156328202842
-0.0802592309259,-0.223022623269,0.31394087502,0.149544423342
-0.134307825113,-0.252831497515,0.325818915363,0.158187285872
-0.00710830692186,-0.183550850305,0.406935102235,0.188460936003
0.0535105708169,-0.139127818412,0.411287163273,0.181808609115
0.0211707809346,-0.141197079967,0.374899100836,0.166057894232
-0.138166029298,-0.22961097157,0.304860659104,0.148994807834
0.208001300689,-0.0545376334295,0.520141293339,0.224782807881
-0.0756952970327,-0.178764328628,0.300942644469,0.151423707271
0.130124664147,-0.06551305236,0.434864189751,0.19837929311
0.0235949851498,-0.122826190429,0.356660109482,0.170642557513
-0.0252246817303,-0.158722643538,0.339127981226,0.164114903185
0.00823865239826,-0.142618193023,0.358375886904,0.169911727222
-0.012954888741,-0.156918849161,0.346564063519,0.162470459691
0.102328989577,-0.0973556945999,0.39937463468,0.173555386474
-0.0773150345369,-0.202681652118,0.306745048261,0.148639977096
0.068515744059,-0.119380958488,0.413302485011,0.181737318724
-0.146088861501,-0.249939944415,0.310318081544,0.15307895854
0.131266147705,-0.101995358032,0.484232029368,0.205992375612
0.0216914763807,-0.130617768486,0.34346947524,0.152156105642
-0.182896123121,-0.257023925665,0.260198439621,0.129571940341
0.359719217264,0.0331852627056,0.620037915566,0.253922267779
-0.0371623582936,-0.159308851498,0.348818568203,0.164486707904
-0.00206823538587,-0.139533625451,0.375447737187,0.167436036636
0.0527089185636,-0.102625359633,0.395438249692,0.17030541323
0.0179422273157,-0.120710110821,0.365378730457,0.156907430542
-0.0723079998327,-0.181395941138,0.323745647332,0.145671705688
0.00988053886823,-0.151992453122,0.375048994065,0.159387261657
0.0552534457764,-0.119753640385,0.386635935184,0.164506806688
-0.085713830913,-0.198563202419,0.320315055683,0.145054555341
0.0479300583961,-0.128244415107,0.4170457585,0.177850019401
-0.0479722500468,-0.185653085524,0.354334879311,0.155173315744
0.417065140685,0.0691972597539,0.590767784327,0.221993182927
0.00212246439049,-0.156555403159,0.320825215111,0.139142198689
0.0286427100252,-0.141678024974,0.343300419493,0.147083001953
-0.00766847867755,-0.158598361538,0.327809700788,0.143457334683
-0.0491179584135,-0.178388290499,0.325232171654,0.147530923276
-0.00900053356197,-0.157520017703,0.356246480504,0.155813124523
0.263045051023,-0.00804764691611,0.476004626362,0.185646819755
0.0707825984928,-0.0840870249237,0.306306565169,0.127607907867
0.070058602522,-0.0854758926374,0.306202083309,0.127343270342
-0.0574422680671,-0.159490214126,0.264930201144,0.116182893785
-0.0343140244304,-0.192345227347,0.341011896935,0.154210292673
-0.0845734225312,-0.220347283448,0.322792203515,0.155132451533
0.151280038184,-0.0919692266747,0.457590021213,0.191223071012
-0.14865771026,-0.27088249217,0.310288011718,0.15267219911
-0.0223849413583,-0.210193578268,0.390712866219,0.17672236787
0.0181235658687,-0.188927778016,0.400766344116,0.179910511316
-0.00165415428502,-0.195799884885,0.379410801713,0.169282908548
-0.19115844028,-0.319682426398,0.292644906815,0.143851730959
-0.0192427989168,-0.229611226575,0.407419630242,0.180583995345
0.0134064643101,-0.206137139059,0.413164682812,0.182486869749
-0.0160637671372,-0.213968458852,0.384957301209,0.172795020284
-0.0906648329163,-0.244053378934,0.346142379341,0.161184398616
-0.0342781162265,-0.21518835197,0.381031134796,0.170498664683
-0.152276104694,-0.281941147574,0.321926508404,0.152619051748
0.0170378045082,-0.194405056379,0.41624496245,0.176967097264
-0.0786719030541,-0.237435018104,0.363363893646,0.164709305961
0.00120587040886,-0.197029295303,0.400489930879,0.177483740863
0.223007028592,-0.0397280912782,0.476893619349,0.195848975713
-0.0562133802893,-0.19361907216,0.339932802163,0.158929436482
-0.0340377336204,-0.184689033873,0.356380045624,0.163026599595
-0.0277531839446,-0.198851966085,0.359196899142,0.156749621547
-0.0420975620889,-0.206659396571,0.35765120733,0.159870032031
0.0714694780926,-0.141044142499,0.419821519015,0.179985644683
-0.0249096370745,-0.188895968663,0.360481370082,0.160385660438
-0.206496426656,-0.306230902109,0.282115287368,0.139278561159
0.243762354148,-0.0894024330867,0.592916580708,0.235104658243
-0.157801465511,-0.317981942854,0.407523752422,0.179212885497
-0.0885348151992,-0.269480477182,0.425692795673,0.184503676987
-0.13987158859,-0.291513456713,0.388798925246,0.175367348089
0.179498995021,-0.113611477618,0.573702103376,0.23752715259
-0.168826117794,-0.311353903157,0.403614991821,0.184828145386
0.0339095041703,-0.198835823889,0.510960335162,0.212359158005
-0.0312364243965,-0.20644271223,0.39312432118,0.170660064787
-0.105905835004,-0.248997059551,0.356188204328,0.158350529864
0.196022330174,-0.0792607183286,0.525150529266,0.207480602692
-0.0162906453633,-0.192709897715,0.396633400499,0.166652015186
0.0607906789262,-0.140684232667,0.425494242079,0.173009607696
0.215547706586,0.0253553553814,0.254522919135,0.0973036636461
-0.0634795742292,-0.155706845868,0.157197001121,0.0749753211489
0.297464226532,0.00774161811359,0.428474226964,0.158631357274
0.18501959232,0.0377673090463,0.212940060579,0.0771562767676
0.0772284690941,-0.0408032982939,0.193801634115,0.0715721456855
0.110230446043,-0.0357730404131,0.257735780095,0.0954837695667
-0.0718316155429,-0.165267418944,0.200766014029,0.0824948075251
0.307955529473,0.0205806153304,0.490142999489,0.182537771333
-0.0534238331933,-0.166057065835,0.249296910596,0.120373686181
-0.00748086701431,-0.14634974027,0.295415932418,0.139466777688
0.0980856675052,-0.0934962657455,0.366645250569,0.161239969896
0.120039103533,0.0346316944694,0.226484414675,0.098903823047
0.186060572053,-0.000472582276823,0.314451329336,0.119457242665
0.0803152049819,-0.0638179906267,0.262259852284,0.101166736894
-0.0508271132074,-0.1516989028,0.225507868776,0.0947459593263
0.0499705949177,-0.114565590061,0.328817265997,0.130909466557
-0.120682600831,-0.219208181777,0.263343581657,0.122097165341
-0.0216045245335,-0.173495331126,0.334781130118,0.146803404258
0.0871916880204,-0.116874284562,0.393999000539,0.161853949793
-0.137796950095,-0.253492041259,0.28746384429,0.13488371002
0.219737598256,-0.0623522573879,0.523295168048,0.209324132502
-0.0576116237712,-0.190847943548,0.305401839901,0.14029764052
-0.0460403698172,-0.193795368523,0.328392256787,0.152900918343
0.0519279329571,-0.144528450009,0.392396062257,0.17303944609
-0.0714481605214,-0.222520057125,0.323836365435,0.154996316213
0.237108902632,-0.0606236399928,0.486798293305,0.197647112043
0.0816262510431,-0.142507152507,0.370824251268,0.162208809453
-0.0656435415773,-0.230125478854,0.304951682781,0.141622920878
0.0905492530282,-0.149608891299,0.413110851176,0.178184302921
-0.0296487973471,-0.202881016616,0.34055372338,0.153439647239
-0.0155653525363,-0.196540992379,0.360405256059,0.160655875474
0.022281739556,-0.177870616776,0.381771668511,0.165938349852
0.179262699319,-0.0684157867609,0.434332576934,0.176363645984
-0.150681960856,-0.272935119219,0.285410809994,0.132669852899
-0.00976774925144,-0.204559531286,0.37805177686,0.165980744783
0.0187668426725,-0.181076428934,0.39130104493,0.171625345731
-0.0587468293338,-0.224553690445,0.347229747903,0.159884852172
-0.0331694408362,-0.210066278842,0.36506528764,0.166663763997
0.0188113603557,-0.174688752488,0.393419681462,0.175037198094
-0.224527092181,-0.31966693788,0.282394928931,0.14279893032
0.226456745936,-0.0746510930705,0.58271408861,0.247203340784
0.0644119796305,-0.119880974781,0.382848881231,0.171731536832
-0.0163409186125,-0.159596460867,0.333356713536,0.156636830341
0.0656225743004,-0.114532923393,0.3792312324,0.171329389968
0.167570013522,-0.029414027416,0.363072138447,0.138400087454
0.0407970664662,-0.105541149518,0.300426648024,0.119527475431
0.0785322083912,-0.0889510198942,0.326801791212,0.130307738014
-0.0117624571055,-0.144070832423,0.287103885245,0.123797107868
0.0547762328655,-0.11713131499,0.339581007926,0.14008130508
-0.125478974958,-0.230873841634,0.268948657581,0.125570855864
-0.0159714776404,-0.177757765161,0.34140131841,0.150463873359
0.0863708629539,-0.120390382891,0.393338068886,0.164464017832
0.711943467209,0.373559335136,0.443612908363,0.146595590112
0.268497201974,0.140795376052,0.167478606523,0.0553365648511
-0.0217594200732,-0.0636122647309,0.0772789138565,0.0330709276775
0.270959061187,0.0586617601453,0.331176116689,0.119361825727
0.0916523195559,-0.0430591574985,0.220811438553,0.0898701668557
0.0265734180349,-0.10351125516,0.227738112548,0.0957840842148
0.500360780377,0.168484699036,0.527496539353,0.198112524806
0.0318230926809,-0.0817964589671,0.282358468946,0.121639887334
-0.0392476906629,-0.138464952116,0.26652886082,0.11584618378
0.13954974757,-0.0448103454129,0.388204336774,0.158811367749
-0.129938744326,-0.221129358081,0.266335251227,0.128535877923
-0.0253387651735,-0.17842057184,0.340226921601,0.151527683936
-0.0402474812789,-0.192231226911,0.340940829125,0.150028199515
-0.0808160046128,-0.219624201355,0.331103512452,0.148275913423
-0.119141883907,-0.246635899698,0.319168248712,0.147108977098
-0.0637699620631,-0.219908600653,0.355867571173,0.157875566079
0.114490918248,-0.124289849209,0.450542780213,0.183564662145
-0.0246212467486,-0.192618411398,0.362152987389,0.159157998581
0.0109986919706,-0.172573897725,0.3833727469,0.165146787669
-0.132574542342,-0.247451766845,0.314571662726,0.148544137302
-0.0381746595755,-0.203045923046,0.376371534247,0.166985723717
0.0739978387447,-0.139972575756,0.429878312625,0.181876506284
-0.0142510761485,-0.185500456806,0.367557524836,0.162679457325
-0.0580757407588,-0.205648512568,0.351124472788,0.162445715302
-0.0823003232835,-0.220181920648,0.357268173432,0.167026330746
0.0438067391576,-0.15065135429,0.432316369527,0.190973051886
-0.141335238429,-0.255941808112,0.335234894089,0.160445763328
0.228328212678,-0.0477734087424,0.563487928762,0.231118306165
0.0608624370587,-0.102494655518,0.367537987429,0.158933056157
-0.204198874484,-0.279172264275,0.252292050622,0.12946737131
0.335095416657,-0.014471277383,0.629441345204,0.255559951836
-0.00603010728202,-0.209105786373,0.445558088833,0.206092345202
-0.0322271087211,-0.213881459356,0.407035674754,0.190569666758
-0.0227279044539,-0.153032289495,0.318576884086,0.148273215951
-0.104710901919,-0.200138873675,0.293510266805,0.14801985863
0.15096108309,-0.067527621255,0.467221971345,0.206273567011
0.0423546469174,-0.118479391612,0.386160868131,0.177415247877
-0.0137569688183,-0.149953075888,0.350093512615,0.165311578065
-0.109762366316,-0.219788206986,0.308469387112,0.149874276662
0.0602391673509,-0.130373024305,0.407036181353,0.176383751025
0.0075309824604,-0.156415479074,0.36115907866,0.160287945496
0.0497320875536,-0.126159916879,0.37878836364,0.163285507381
-0.0915980902381,-0.212550462849,0.305643400342,0.143797302251
-0.0287632237471,-0.179998729807,0.350878094554,0.158630393562
0.0223948978064,-0.151521680465,0.380193721231,0.170567527897
-0.0306210706937,-0.176227018362,0.347977674948,0.162387578173
0.129314451988,-0.0854877204259,0.429332782051,0.186091108724
-0.0308085417611,-0.176221676786,0.335061426799,0.155567044511
-0.0558664966478,-0.195126591143,0.345014649275,0.164100972061
0.101434332307,-0.112829166395,0.433496688548,0.184012100425
-0.0515647593049,-0.204586066104,0.343962554433,0.157029897924
-0.117542693175,-0.250334136291,0.312170584625,0.147303361205
0.123950410079,-0.129181525738,0.458703335744,0.193205432535
-0.0983118055662,-0.25661376878,0.343187726031,0.158802836593
0.148994788913,-0.113746231308,0.486212257992,0.205560177442
-0.029474422778,-0.213240281339,0.3642393452,0.167258035368
-0.025298926992,-0.212553162368,0.365085637999,0.167403526435
0.0186271276805,-0.187824581975,0.386237078815,0.171402453108
-0.00929652087002,-0.195272757144,0.363600741222,0.161208759513
-0.155521925404,-0.284939680363,0.296834265843,0.144311031202
-0.0137080943626,-0.20510961923,0.38403843172,0.173227208008
0.0281377485038,-0.182831242593,0.398994393734,0.172784429692
-0.0153868376481,-0.200927228002,0.365315844069,0.162610019665
-0.0313981147648,-0.212976413521,0.358408670566,0.159646679343
-0.065738029077,-0.23811696329,0.344466532864,0.157312250748
0.192447131525,-0.0897875496521,0.491367983173,0.202725550444
-0.0206988994698,-0.20422629196,0.376410127638,0.167783192589
-0.0856504648012,-0.238135929744,0.339398241205,0.159023115502
-0.163770952661,-0.281973381159,0.304930065466,0.151147256951
0.160782880749,-0.111876909288,0.518127438429,0.221342696511
-0.154380090631,-0.29155291119,0.349606151594,0.168010951831
0.105497042514,-0.151191967338,0.501610318693,0.214141585733
-0.158217158054,-0.304060507704,0.36683629954,0.175456905848
0.0933189525532,-0.158102715588,0.513603532677,0.222508736251
0.00955058170733,-0.187394942656,0.432533010601,0.192016477254
0.110839267418,-0.0887301528389,0.289249288187,0.121796400826
0.178020643716,-0.0456274788166,0.324754396747,0.127756571719
0.0617867145302,-0.116664269444,0.271305058877,0.112610504018
-0.0261235586806,-0.167029651112,0.255131447427,0.115101521293
0.0191752383021,-0.158179746451,0.314426792437,0.137784201546
-0.0258896707927,-0.182196864723,0.30587433955,0.140357258316
-0.0587673738144,-0.204686186426,0.299967899127,0.144529632425
0.192428756973,-0.0622552840863,0.465250208031,0.205144518259
0.0588360499461,-0.129961940642,0.371550252217,0.171709745638
-0.0111745152755,-0.168979493006,0.333729364284,0.160501735838
0.0729416104994,-0.125958286385,0.385036374782,0.173865370798
0.0371076931939,-0.138426068775,0.354497915247,0.160665739199
-0.012619868109,-0.164647169545,0.329265134512,0.155180595259
-0.0282753196223,-0.177037339823,0.330167485806,0.15564193071
-0.0159230698379,-0.211211127676,0.384233934853,0.176551813861
-0.119778041205,-0.263826556847,0.334250496734,0.156012603136
-0.0899873710982,-0.246353267429,0.353964166873,0.162514429432
-0.037999415652,-0.218679035065,0.38385790788,0.17285840078
-0.0461160467827,-0.220343736048,0.374407780777,0.17123311242
0.0301039543815,-0.176505462793,0.404441891082,0.185447918752
0.169127094774,-0.0686316284491,0.429628952261,0.181103994369
-0.0660574821747,-0.197083039862,0.308488483771,0.145984113065
0.145383414181,-0.0885020740313,0.436273270866,0.183197063352
-0.0864815151992,-0.226837597409,0.323605753422,0.15112288865
0.089922030723,-0.136540556622,0.437276598421,0.18863261068
0.0820124597375,-0.0755557617584,0.28751314606,0.110116119502
-0.0447133418325,-0.158239755336,0.242935740384,0.104582743564
0.170098906789,-0.0530921169003,0.393201181903,0.15590570771
-0.198892555956,-0.282577634139,0.236725301955,0.120654168349
0.328617323436,-0.0162780298556,0.597600459032,0.238843975266
-0.0184252548186,-0.209537450851,0.422464032478,0.19072452747
0.207216237398,-0.0501038689552,0.484785689819,0.20498563515
-0.0582552744494,-0.208516190239,0.350243598463,0.164937456137
0.103641799678,-0.114054543534,0.441797762165,0.192788340335
-0.109233123249,-0.244079481389,0.331287114219,0.158887277031
