1.0,1.0,1.0,1.0
-0.117491723577,-0.0731194090184,-0.00812238793329,0.0318753614596
0.0626533187718,0.00234057505568,0.15831878164,0.0955076724397
-0.100177221873,-0.297684673962,0.473771067644,0.219271948593
-0.0343122401962,-0.249364870427,0.481609268676,0.216015843721
0.1513868204,-0.0997158680575,0.501722830895,0.207527596722
-0.0427588493905,-0.215041143952,0.385381696292,0.170710152297
-0.010140142227,-0.187254426382,0.4000121371,0.17735757825
0.0390266962146,-0.150947252002,0.411593998565,0.179412315133
0.164845269702,-0.0589020559303,0.419954755535,0.163884976256
-0.0994769583151,-0.224156792605,0.291447540412,0.132607048366
0.211682056039,-0.0596985839218,0.480798354265,0.187498224346
-0.00768692623857,-0.183588947074,0.361440272202,0.153315104795
0.0190070088189,-0.167739930639,0.377027911017,0.15401575716
-0.0510458725892,-0.210631790074,0.339356041091,0.14456529797
-0.0195120656022,-0.194998865728,0.357855722698,0.151818532151
0.038079711449,-0.155439565916,0.386667673707,0.158679373284
-0.117401768089,-0.245282332166,0.305361409089,0.139238833228
0.118051001581,-0.126557271762,0.453773588508,0.184217820527
-0.081986982445,-0.240674072485,0.346600061235,0.151533844242
0.117532411596,-0.129791072607,0.466006926531,0.187546713155
-0.0986806172315,-0.242419058363,0.350136672635,0.158765641987
-0.092596288229,-0.237720544391,0.353775612885,0.161072706561
-0.0882023579898,-0.234046738736,0.355768740227,0.162355397862
-0.084407548663,-0.231269784687,0.358119155764,0.163805486471
-0.0787907313844,-0.226265661239,0.360330231578,0.16558524399
-0.0754466397104,-0.223712857007,0.362011377665,0.166612474746
-0.073443760736,-0.222010394121,0.362906010316,0.167240699409
-0.0672102549638,-0.216545573317,0.365486361754,0.169019526503
-0.0661456443586,-0.215837040738,0.365805711902,0.169266310789
-0.0621231961523,-0.212175338643,0.367706493619,0.170499574981
-0.0603588939457,-0.210693255869,0.36843709178,0.171151246813
-0.0561136724424,-0.208016370472,0.368606956948,0.17047772359
-0.0540507679308,-0.206947605855,0.368912980333,0.170107358074
-0.0531022115679,-0.206361240458,0.369128617207,0.170001020786
-0.0499511091957,-0.204509035911,0.369105172097,0.169413095707
-0.0455930133867,-0.201781257206,0.369241300791,0.168656518852
-0.0415412398064,-0.19907075119,0.369082937253,0.167892438594
-0.0395532419459,-0.198008452466,0.36942954989,0.167643315521
-0.0457329975076,-0.202482645119,0.370158480227,0.168793280855
-0.0432668074542,-0.20081773075,0.369886127936,0.1682913649
-0.0413678076506,-0.199474476033,0.369604143429,0.16795910238
-0.0381647965743,-0.196924242383,0.369744972529,0.167891879115
-0.0348167742719,-0.19407588285,0.369600430841,0.167717273826
-0.0334264346215,-0.192776777872,0.369472406481,0.167631578938
-0.0353912870723,-0.194399973878,0.36949743922,0.167761608245
-0.0321849199678,-0.191958918598,0.369714909498,0.167530732437
-0.0325104683452,-0.192345942153,0.369649868122,0.167349834942
-0.0347036980873,-0.19379000874,0.369482503779,0.167481386678
-0.0293027393543,-0.189287583741,0.369500456768,0.167151608164
-0.0280090490918,-0.188467795465,0.369521241315,0.167125121772
-0.0271538734961,-0.187990812512,0.369744673969,0.167124937023
-0.0241137715674,-0.185627381996,0.369717015561,0.166853718889
-0.0232351247914,-0.18486405558,0.36967743221,0.166859334789
-0.0226914127241,-0.184298890485,0.369642369209,0.166854089155
-0.0214872427302,-0.183340835084,0.369473377119,0.166756702748
-0.0187064988428,-0.181258038005,0.369365292799,0.166353664473
-0.0195422299126,-0.181873803992,0.369334687181,0.16650197686
-0.0191391675466,-0.181279188682,0.369176505932,0.166422495598
-0.0260771466528,-0.186112773389,0.369114235125,0.16722020468
-0.0267532910097,-0.186749786826,0.369046788703,0.167234382841
-0.0277394184021,-0.187465012377,0.369132064435,0.167296457232
-0.03047766443,-0.189718898093,0.36942389481,0.16757932299
-0.0324270731552,-0.191317192041,0.369493488233,0.167722564488
-0.0312166621255,-0.190579566477,0.369475259057,0.167643554033
-0.0283566565034,-0.188327814195,0.369406743717,0.167369543984
-0.0253301132369,-0.185937895973,0.369195765793,0.167024247502
-0.0228151563146,-0.183852728973,0.368986249454,0.166776006956
-0.0295029449547,-0.189201746245,0.369598006577,0.16760221122
-0.031673827819,-0.191060584068,0.369776053708,0.167730392884
-0.0319580594757,-0.191613316159,0.369709609133,0.167624176251
-0.0352778716603,-0.194352465806,0.370031133002,0.167918463094
-0.0314818779223,-0.191318811339,0.369664667454,0.167355122414
-0.0360396814879,-0.194868903315,0.370330180759,0.168169120846
-0.0380383771547,-0.196833561852,0.370414199244,0.168491361698
-0.0320645566737,-0.192106619306,0.369731106031,0.167461145655
-0.0342029017469,-0.193648312744,0.36997938776,0.167724715534
-0.0348987916608,-0.194159515635,0.370230082292,0.167800575969
-0.0395243789287,-0.197848063544,0.370802873677,0.168574349824
-0.041407446021,-0.199342126629,0.371085277862,0.168886417555
-0.039614829005,-0.197870669124,0.370949920854,0.168670130327
-0.0356614599209,-0.194678977457,0.370417119969,0.168138677775
-0.0341294183773,-0.193069650266,0.370210500574,0.167851773572
-0.0343647566381,-0.193162495572,0.370246431434,0.167910473245
-0.0327099971667,-0.191498920906,0.36999933494,0.167719589336
-0.0272251295159,-0.186892483827,0.369283197217,0.167136767072
-0.0262293848143,-0.185944232822,0.369266640238,0.167055032917
-0.0321804671932,-0.1911221517,0.369929694606,0.167694861668
-0.0307637252019,-0.190019471497,0.369868855863,0.167598479254
-0.025206873461,-0.185148628458,0.369133716449,0.166940179963
-0.0226689486325,-0.182947329921,0.36877417113,0.166653571285
-0.0196591540323,-0.180277122695,0.368412376831,0.166233899043
-0.016721305185,-0.177570189339,0.368006161281,0.165883029572
-0.0196559423185,-0.180315961431,0.36846996965,0.166338315304
-0.0199829088911,-0.180666067258,0.368480245688,0.16635566217
-0.0181172988025,-0.178884002103,0.368280083848,0.166123702684
-0.0221956608317,-0.182911092347,0.368722516121,0.166649099985
-0.0226131844322,-0.183194795502,0.368616753601,0.166655663218
-0.023518429905,-0.18411939966,0.36884187654,0.166689590401
-0.0244506198504,-0.184701048892,0.368874211247,0.166797108446
-0.0232141498766,-0.183651565775,0.36878635775,0.166740401095
-0.0218781899567,-0.182591665005,0.368558704549,0.166594479866
-0.0248678126418,-0.185081671359,0.369041133326,0.16693088312
-0.0212735391552,-0.181928309274,0.368424394799,0.166363633268
-0.0161891146809,-0.17782757224,0.367654720434,0.165674990354
-0.0152958210868,-0.177181347388,0.367470216743,0.165616182626
-0.0150899368583,-0.176863432322,0.367431184318,0.165544209691
-0.0180542618234,-0.179430224983,0.367899558905,0.165935294704
-0.0197004100852,-0.180762481077,0.367952362547,0.166176986585
-0.0228170192271,-0.183325029926,0.368515832748,0.166634563213
-0.0216940544316,-0.182658308168,0.368388144207,0.166544488805
-0.0169221751241,-0.178506475724,0.367648051042,0.165987938636
-0.018460246857,-0.17960900284,0.368047024972,0.166182908721
-0.0195285983442,-0.180432027974,0.368409652161,0.166393897704
-0.0162388538597,-0.177741004235,0.367309572316,0.165578854954
-0.0150107057301,-0.176804363002,0.366854089314,0.165326519947
-0.011800334542,-0.174358754843,0.365816975374,0.16464887541
-0.0109650725651,-0.173818095963,0.365538843371,0.164510930147
-0.0122555811387,-0.174899503477,0.36595133068,0.164754486614
-0.0210202378967,-0.18147491686,0.368558141902,0.16653678347
-0.021843802084,-0.182420836366,0.368895874598,0.166635938562
-0.0160934433677,-0.17808162579,0.367083667704,0.165460258712
-0.0159202148403,-0.178226765088,0.367051315645,0.165420329915
-0.0106549802173,-0.17365637712,0.36563719666,0.1643290572
-0.0122754209637,-0.174808227139,0.365859861802,0.164618397935
-0.0114891986459,-0.174029292144,0.365560091569,0.164421981886
-0.0111049474304,-0.17372584583,0.36531402447,0.164420541796
-0.00616600756966,-0.169664118491,0.36395576404,0.163436586
-0.00549325915179,-0.169217879948,0.363752529671,0.163219323451
-0.00997446851545,-0.173162506028,0.365049210212,0.164326838886
-0.0117272537529,-0.174974949138,0.365609825742,0.164624558856
-0.00604743795029,-0.170257359249,0.364020380065,0.163507944752
-0.00853310492646,-0.17223329926,0.365103973809,0.164133691867
-0.00542640286446,-0.169490904351,0.363936973298,0.163423208448
-0.00242396498055,-0.167083327166,0.362862250292,0.162763053919
-0.00189588783986,-0.166540278368,0.362586128938,0.162567337596
-0.0015775386223,-0.166483257644,0.3625687424,0.162476557956
-0.00164634440084,-0.166487799213,0.362569380341,0.162533518454
-0.0018449874921,-0.166805031665,0.362688948464,0.162574836349
-0.00131232220074,-0.1665497224,0.3625347399,0.162406812309
-0.00690587682169,-0.17123242901,0.364523907672,0.163734146221
-0.0091279048656,-0.172896779208,0.365238985643,0.164300910486
-0.00784368776559,-0.171899292664,0.364585328052,0.163852813183
-0.0093288932589,-0.173213872403,0.365219516505,0.164138275829
-0.0107672279992,-0.17427717405,0.365757024662,0.164508296222
-0.0070029010871,-0.171342771566,0.364533103599,0.163583540063
-0.008745884702,-0.173147278999,0.36522234161,0.163935759996
-0.0100355548811,-0.174026324802,0.365607563309,0.164222873731
-0.00692877791983,-0.171249791221,0.364425324052,0.163598440737
-0.0116145280435,-0.174906814941,0.366014292547,0.164583740853
-0.0114343360902,-0.174643412073,0.365870139587,0.164456676243
-0.00809104009416,-0.171917369564,0.364784208375,0.163740634674
-0.00537865091145,-0.169353928521,0.363867734185,0.163184898188
-0.00335979342202,-0.167658978821,0.363099318533,0.162819986788
-0.00363835222304,-0.168058655958,0.363230956765,0.162822151608
-0.00315646954452,-0.167766835713,0.362952970002,0.162729102325
0.00157959236416,-0.163628690309,0.361335007483,0.161882676284
0.00188730269188,-0.16345121156,0.361131502756,0.161856366519
0.00645721910167,-0.159633000336,0.359517462908,0.160901181013
0.00673269352167,-0.159345425001,0.359343175304,0.160791730516
0.00457457389505,-0.161382687842,0.360101007655,0.161207222525
0.00413741080128,-0.161906688497,0.360377206181,0.161243041351
0.00238485851262,-0.163735559394,0.360972019832,0.161464147616
0.00410298257013,-0.162493422243,0.360473934958,0.161220486529
0.000589294726092,-0.165405152237,0.361375339983,0.161814350505
0.00454913091198,-0.161983551812,0.3602695477,0.161162155644
0.0027027856161,-0.163526908432,0.360759561055,0.161496363134
0.00474295487684,-0.161926984528,0.360230859459,0.161133704868
0.0067717330422,-0.160198632933,0.359589765077,0.160797050639
0.0025398103463,-0.16372707137,0.360873860149,0.161554486733
9.97030885148e-05,-0.1657177082,0.361650895517,0.161925099008
-0.00146261500062,-0.167072008155,0.362094268703,0.162203822121
0.00615494772476,-0.164415727792,0.360249417961,0.160678659568
0.00793696811379,-0.163827088213,0.359668053859,0.160215085263
0.00487364163226,-0.16481822372,0.360388810889,0.160749757124
0.00658865009821,-0.164058314226,0.360167713167,0.160453863042
0.00694388363471,-0.16374306296,0.359959066019,0.160450722667
0.00413974201579,-0.164798402872,0.360590246293,0.160946210216
0.00118706026969,-0.165965840062,0.361330316513,0.16156358343
-0.00136706854486,-0.166998690257,0.361701624615,0.16194683694
0.00306668826743,-0.16555219161,0.360599935143,0.160999987474
0.00482118516299,-0.164841974518,0.360219215483,0.16063309533
0.00716707893838,-0.164530254412,0.36007869058,0.16027970009
0.00717554220136,-0.164271438125,0.359836677371,0.160369217233
0.0115799198032,-0.164324222807,0.359268851433,0.159376632764
0.00781314221672,-0.164907287571,0.359738599947,0.160247638058
0.00715218858047,-0.164705599231,0.359766955181,0.160549336051
0.00682688126759,-0.164549977692,0.359802173742,0.160508034306
0.00852275389853,-0.163873325859,0.359336400791,0.16017778254
0.00913109482162,-0.162747274126,0.359148197006,0.160370987035
0.00647165034727,-0.163287873986,0.359641900024,0.160891179172
0.0124724613983,-0.163184862242,0.359172683207,0.159741637906
0.0147717251393,-0.161222270333,0.358480674016,0.159548547756
0.0118304792048,-0.162416862582,0.359012546791,0.15992941062
0.0117375443953,-0.163046687024,0.359041334729,0.159857195758
0.0108900037594,-0.163129696395,0.359109207985,0.160065136579
0.00353629947272,-0.167985909625,0.360925940014,0.160671294943
0.00531121999537,-0.166154021414,0.360285225102,0.160605990014
0.00405978443511,-0.168315029316,0.360565798118,0.16043261727
0.00165349388574,-0.169484493357,0.361111968316,0.160713352481
-0.00381384872095,-0.173432891673,0.362228710348,0.161083167128
-8.13682554852e-06,-0.169571452473,0.361321913254,0.161022167735
-0.00601820974898,-0.178123336796,0.363391491761,0.16110077979
-0.00174291722323,-0.172958347879,0.362150084449,0.160954671679
-0.00161396336626,-0.172871704481,0.362101789948,0.161007155343
0.00206074639665,-0.16824433169,0.360977650352,0.160939594607
-0.00306310525651,-0.171359635075,0.362313196145,0.161717460225
-0.0031472483723,-0.171293180513,0.362388245354,0.161842822519
-0.00488463494812,-0.173573286395,0.362916535286,0.161948694579
-0.00620828906034,-0.17478515019,0.363325107872,0.162097563843
-0.00525224650302,-0.174422890644,0.36325283942,0.161862564278
-0.010951945224,-0.178988967658,0.364653219604,0.162391232823
-0.00771863547766,-0.17753958606,0.3638373179,0.161696595543
-0.0132543610824,-0.180919112682,0.365160125772,0.162498644395
-0.017412239588,-0.182358619647,0.366066098965,0.163356779182
-0.0185211694834,-0.183183497389,0.366397231033,0.163539168861
-0.0232056345565,-0.187342276585,0.367630767456,0.163904978886
-0.0232548084061,-0.188107914331,0.3677842083,0.163893206156
-0.0268694072995,-0.192803932248,0.368906210483,0.164107879303
-0.0216959392823,-0.188386844763,0.367806787461,0.163574964322
-0.0274912074862,-0.194112025907,0.36918877341,0.164058083892
-0.0271584298007,-0.195085966894,0.369177448527,0.163759237444
-0.0274399206297,-0.194099757722,0.369257783128,0.163976144472
-0.021529515574,-0.189765782423,0.367329625715,0.163054939349
-0.0253874661003,-0.1906015472,0.368742330479,0.164034587977
-0.0202789447928,-0.18571530409,0.36721602174,0.16351475762
-0.0190694308393,-0.183630764884,0.366887529134,0.163537882155
-0.0195056733766,-0.184931496953,0.366977556697,0.16343863201
-0.018132216578,-0.184167469072,0.366530652643,0.163070191069
-0.0235979228315,-0.189422150847,0.368379741221,0.163812865083
-0.0193337406016,-0.186978876933,0.36700743065,0.162967575823
-0.0158505211292,-0.184121652504,0.365937152273,0.162360513387
-0.0190779864108,-0.187658110047,0.368028625638,0.161973120126
-0.0199082985779,-0.188366845205,0.368546450885,0.161788089262
-0.0167952084504,-0.185336806952,0.366627913192,0.162238207302
-0.015774876185,-0.184625102964,0.365954008966,0.162354953693
-0.0148678443775,-0.183558172565,0.365494185794,0.16257129958
-0.0180606290306,-0.186870761521,0.367385852753,0.16210566271
-0.0213721096317,-0.189802061819,0.369328030005,0.161826784921
-0.0202813245041,-0.188895603533,0.368437081432,0.161952032925
-0.021007195463,-0.189616827791,0.368992547556,0.16176733765
-0.0228002315531,-0.19144499868,0.370265748353,0.161603043126
-0.0243017399643,-0.191165229959,0.369780777643,0.162650926576
-0.0319592080906,-0.192244768162,0.368967673194,0.165883885794
-0.0365372609456,-0.192062477073,0.367764048669,0.168379933165
-0.0405575412563,-0.192332223899,0.367195931933,0.170300484239
-0.0330220749605,-0.192499930947,0.368932317484,0.166408733537
-0.0317169635343,-0.192034431579,0.368774016349,0.166029100502
-0.0344078561594,-0.192259720049,0.368367250262,0.167313162363
-0.0332076593565,-0.192211091006,0.368886342576,0.166670951762
-0.0289810600684,-0.192259192755,0.369659764506,0.164318536236
-0.0276229793141,-0.192677452451,0.369979202742,0.163601699373
-0.0279683392346,-0.19282077482,0.370032234968,0.163696894798
-0.0263860597521,-0.191384222959,0.369361526038,0.163747276162
-0.023615076591,-0.189594704474,0.368503394045,0.163309110298
-0.0245230516027,-0.190764422141,0.369105673552,0.16323140583
-0.0272634100098,-0.192739655795,0.370180044123,0.163642139507
-0.0279116399795,-0.193095267849,0.370494428254,0.163769035752
-0.0282742941553,-0.193280285616,0.370619185102,0.163825987589
-0.0269368463031,-0.192041866513,0.369928802388,0.164069440757
-0.0232583836806,-0.189438397471,0.368654848878,0.163474120552
-0.026697798728,-0.191759338186,0.369953477565,0.164000442788
-0.0298444214284,-0.193006844842,0.370420030108,0.164770999171
-0.0237070134291,-0.189986797674,0.369103259635,0.163422628298
-0.0138992951497,-0.185728688256,0.367072463772,0.16087926845
-0.0066624825527,-0.182964429345,0.365707071609,0.158776592679
-0.00832709003862,-0.183674108106,0.36594851155,0.1592539318
-0.00707237318345,-0.183482500404,0.365957359719,0.158617159678
-0.00375917304181,-0.181930411927,0.365178973933,0.157854677281
-0.0108782472543,-0.184357398838,0.366354347219,0.160063287538
-0.010375402999,-0.183774086127,0.365972514455,0.160185887197
-0.00735520528097,-0.181924915068,0.36512480683,0.159736067749
-0.00458376713207,-0.17974140764,0.36380124699,0.159493888303
-0.00626645860624,-0.181108436,0.3646658869,0.159641898587
-0.00293795039923,-0.178246969699,0.362830504837,0.159422033887
0.000488725486344,-0.175639698033,0.361308966885,0.159021765056
0.00293679512318,-0.173254983855,0.359907095122,0.159050269673
-0.00189848648729,-0.176278940533,0.361594010486,0.15967759173
-0.0017174578066,-0.176886620191,0.36210700355,0.159303314852
-0.0011511677816,-0.176689133089,0.362045270846,0.159138603283
0.00113404957703,-0.174690404975,0.360865826906,0.159144506613
0.0014767356281,-0.174024491298,0.360496671323,0.159295005583
-0.000426917021844,-0.174890420933,0.361062382253,0.159821247697
-0.00318954206258,-0.177149044404,0.362256680557,0.160352910521
0.00202619167998,-0.172520678348,0.360005928364,0.160110850906
-0.00214494519873,-0.176059870321,0.361905647052,0.1603762212
-0.00393578145325,-0.17725519449,0.362639389562,0.160598481168
-0.00305955571273,-0.176911110442,0.362473252566,0.160162297206
-0.00734020466081,-0.180607968833,0.364312309539,0.16032663952
-0.00949573061107,-0.182240319498,0.365091657824,0.160615909748
-0.0114625782747,-0.183469538201,0.365719224734,0.161042796585
-0.0111527002581,-0.182691954044,0.365306033173,0.161166117461
-0.0143901772828,-0.184430480146,0.366145353286,0.161797663486
-0.0117272242322,-0.183225811269,0.365902052055,0.161314989919
-0.0153676005382,-0.184726161081,0.366586614862,0.162126145785
-0.016065371472,-0.185133874487,0.366634700835,0.162271016532
-0.0151499183844,-0.18450563096,0.366456171219,0.16224484652
-0.0121265418038,-0.183102300153,0.366044257217,0.161551135727
-0.0112369636453,-0.182516424007,0.365775203899,0.161295788724
-0.00837657600939,-0.181251724714,0.365318673226,0.160523454193
-0.00838175048778,-0.18096819276,0.365237107396,0.160698195206
-0.0136014973739,-0.183740762955,0.366067824783,0.161681306415
-0.0124251559775,-0.182986389563,0.365729456962,0.161559043889
-0.00916641017143,-0.180867255386,0.364649099743,0.161153020933
-0.0108060178188,-0.181649226463,0.365100126664,0.16166540426
-0.00615895353535,-0.178749019776,0.363572155936,0.161059572586
-0.0127023645711,-0.183478381567,0.365879444868,0.161733185521
-0.0123467163305,-0.183385266368,0.36590188846,0.16157150183
-0.0129268409031,-0.183926431201,0.366150884508,0.161378167347
-0.0121751291484,-0.18353451144,0.365976220637,0.161174840618
-0.00984818095318,-0.181915538535,0.365234440094,0.160906684404
-0.00613051747583,-0.179405785213,0.363966959596,0.160462908185
-0.0031334419497,-0.177581292883,0.362979706493,0.160116705676
-0.002532815034,-0.177313482264,0.362936658323,0.160041992711
-0.00675577631533,-0.179934210382,0.364404276587,0.160585582834
-0.00682670972064,-0.180003835555,0.36446344041,0.16065032445
-0.0152892274685,-0.185034488571,0.367048484787,0.161699145554
-0.0143374589352,-0.184175920553,0.366813904863,0.161588584611
-0.0113779780928,-0.182405869633,0.365957893156,0.161278428664
-0.0077384491494,-0.180157782435,0.364824309232,0.160965032946
-0.00707331243578,-0.179533258129,0.364520927553,0.16086941982
-0.0103317595957,-0.181529603427,0.365439961406,0.161085508003
-0.0141268899318,-0.184020059941,0.366390830358,0.161981331066
-0.017658882594,-0.186438029513,0.367384136162,0.162897135046
-0.0187021000608,-0.186960432425,0.367652646104,0.163183852661
-0.0198052101186,-0.18765206286,0.367996298191,0.163483922069
-0.0178717956972,-0.186444844177,0.367575360626,0.162955554602
-0.0145642080729,-0.184021411711,0.366548101012,0.162202470674
-0.01447098931,-0.184073188564,0.366739007445,0.162211973062
-0.0104189558525,-0.181322702363,0.365471040513,0.161200938867
-0.00771158083249,-0.179429007976,0.364675574851,0.1605841107
-0.00910630787508,-0.180388920179,0.365306343571,0.160933146082
-0.00630861726042,-0.178665575696,0.364298218657,0.160313088457
-0.00300721732467,-0.17668900184,0.363386312577,0.159563685677
-0.00490076769698,-0.177867850407,0.364130762878,0.159987060757
-0.00142794834561,-0.175718170601,0.362919302434,0.159138081034
-0.00349685707373,-0.17724140049,0.363668814956,0.159647176154
-0.00301448866924,-0.17659129024,0.363458629814,0.159696806846
-0.00532293037083,-0.178127425937,0.364271393893,0.160142138979
-0.00437008750701,-0.17770615198,0.364000779598,0.159825036401
-0.00849757932696,-0.180172109349,0.36518768257,0.160798370928
-0.0079415342089,-0.179964917641,0.365218358771,0.160660401557
-0.0113539227803,-0.182065150569,0.366044122845,0.16130483558
-0.0173782603314,-0.185911256515,0.367618623832,0.162650271646
-0.0144484082676,-0.184028767086,0.367097870633,0.162015993058
-0.0112094649111,-0.181890957612,0.366140230559,0.161266175059
-0.0122555615582,-0.182381227286,0.366270794407,0.161540243503
-0.0128647163553,-0.183070599786,0.366519360197,0.16158129068
-0.0187388845026,-0.187017438587,0.368057188642,0.162875060496
-0.0186555862352,-0.18687578876,0.368181842315,0.162998131586
-0.0153252636438,-0.184713646844,0.367213217525,0.16222687753
-0.0100662534067,-0.181155948818,0.365941096958,0.161252809179
-0.0113556814689,-0.182237765331,0.366308701087,0.161528898986
-0.010553407137,-0.181677722,0.36616874555,0.161437604659
-0.00818171526618,-0.180130561887,0.365790957909,0.161133154524
-0.00961748551582,-0.181056282131,0.366041131502,0.1613045431
-0.0114634765374,-0.182043683241,0.366326901121,0.16162996381
-0.00643609948764,-0.179119902197,0.365619266519,0.16081110923
-0.00347357686046,-0.177278010778,0.365041754226,0.1601669644
-0.00346882545886,-0.177265992009,0.365039972167,0.160268227153
-0.000916666504308,-0.17558241129,0.364556768285,0.159806055662
0.00356857900572,-0.17278936428,0.363653738435,0.159088897529
0.00161279225104,-0.174099789517,0.364111591196,0.159457576401
-0.00331302741959,-0.177352638757,0.365231286224,0.160375380289
0.00282277583303,-0.173170073882,0.363650336269,0.15934685904
0.000967503658393,-0.174569830337,0.364028079112,0.159608054125
-0.00396676807609,-0.177711940891,0.365304928538,0.160490508835
-0.00291911606981,-0.177191795461,0.365065485383,0.160224195133
-0.00720251352485,-0.180150915134,0.3660471817,0.160989340053
-0.0116009703724,-0.183079665006,0.367200753099,0.161790495476
-0.0164418613926,-0.186363209984,0.36847677165,0.162680926043
-0.0197639492329,-0.188632257008,0.369320161674,0.163286141367
-0.0159947673714,-0.187192091067,0.368850007298,0.162717295728
-0.0146571231916,-0.186426942674,0.368397169832,0.162399696356
-0.0135256941962,-0.186072378298,0.368529731289,0.162386041926
-0.0166088099617,-0.18769429771,0.369249738354,0.163026359753
-0.012610567305,-0.186152594223,0.368586939475,0.16231900772
-0.00883148001586,-0.185332941879,0.368521476006,0.161709693679
-0.010755334159,-0.18582007214,0.368994278428,0.162023456261
-0.0118141827606,-0.186831999748,0.369426327395,0.162192152099
-0.0133085891263,-0.187583892927,0.36985223739,0.162594854633
-0.0120242702055,-0.187296057359,0.369704627133,0.162345332142
-0.0149461436228,-0.190454304788,0.371300535329,0.163003062359
-0.0144494096098,-0.190094922228,0.371217418144,0.162896491001
-0.0132591536899,-0.188959850626,0.370701677137,0.162569539894
-0.0147183868717,-0.190521761511,0.371420731253,0.162826052896
-0.0143122221749,-0.188992999054,0.37026405169,0.16255760356
-0.0113985302982,-0.18549020258,0.368535841666,0.161828523224
-0.00627420039477,-0.180696394376,0.366703003555,0.160675231872
-0.00783512924066,-0.182325988596,0.367488524178,0.161094588777
-0.0091772920544,-0.18294994434,0.367587802282,0.161071215741
-0.00676820354951,-0.180491023202,0.366654164826,0.160467181401
-0.0122204886349,-0.183292688024,0.367090908222,0.162229146282
-0.0159550932987,-0.184880712132,0.367241998971,0.163294271051
-0.0123324869512,-0.18161908971,0.365946269788,0.161839520633
-0.0143258180083,-0.182727683032,0.366036529054,0.162440838907
-0.0223458286836,-0.188523015823,0.368014690585,0.165491335298
-0.020372212193,-0.187811527886,0.367998770199,0.164796442181
-0.0177946692617,-0.185526234532,0.367101584716,0.163787584947
-0.019652156604,-0.186896214371,0.367666965246,0.164492012944
-0.0209192929881,-0.18756155531,0.367982155456,0.164947580656
-0.0228194647129,-0.189217592671,0.368771143265,0.165685789111
-0.0218776943808,-0.189093479612,0.368859727685,0.165468986804
-0.017729067967,-0.185602581356,0.366759347022,0.163291145896
-0.0286268714151,-0.194780641621,0.372110277299,0.168872085844
-0.0341182335507,-0.198838697465,0.374477729642,0.171573633391
-0.0296832796043,-0.195333259605,0.37237464698,0.169264095097
-0.033529400939,-0.19818087353,0.374084669862,0.171195962397
-0.0313775817897,-0.196938584344,0.373400101117,0.170036244784
-0.0341974401944,-0.199315487696,0.374833930848,0.171325897231
-0.0367498468488,-0.20145287506,0.375933664904,0.172658067307
-0.0313808418523,-0.198011761193,0.373999224816,0.17002795028
-0.0361129385387,-0.199819849818,0.374427836348,0.171615231738
-0.0359167799689,-0.200357155031,0.374809764991,0.171571643704
-0.0382985286433,-0.201124925166,0.374789221398,0.172170099523
-0.0362860750742,-0.200363675438,0.374674375384,0.171456473277
-0.0335843946791,-0.199053112455,0.374206395941,0.170405640087
-0.0361209931147,-0.199586686029,0.374079085501,0.171264781153
-0.0342999942877,-0.198772632036,0.37390014836,0.170646551228
-0.0367876784583,-0.200268199472,0.374546332551,0.171494848754
-0.0349630042995,-0.19916635266,0.37415305246,0.170765628492
-0.037651936636,-0.200919702653,0.374856907675,0.17179998406
-0.0394864513663,-0.201912658925,0.375261295638,0.172240820741
-0.0396147365686,-0.202327421307,0.375496490818,0.172301678192
-0.0393310439196,-0.201504006086,0.374805097654,0.172135442388
-0.0414856244139,-0.202665771908,0.375030111625,0.17273933646
-0.0386420017329,-0.200916995791,0.374534497973,0.171906661305
-0.0411622577912,-0.202380495362,0.374973013689,0.172475800002
-0.0464098048679,-0.20533173627,0.375527712414,0.173824259435
-0.0461235673043,-0.204898159867,0.375351097386,0.173770810146
-0.0476435412254,-0.205907770625,0.375506240306,0.174165916197
-0.0468442188875,-0.205496881051,0.375356934959,0.17387338108
-0.036892390726,-0.19983710727,0.373620929062,0.171322740887
-0.0412599787353,-0.202608407018,0.374412198612,0.172301300519
-0.0359562698925,-0.199405523422,0.373390799851,0.170881737102
-0.0382997435787,-0.200708608007,0.373772973348,0.171465881689
-0.0416153009738,-0.20261101177,0.374412288003,0.17224461267
-0.039246222017,-0.201405313695,0.374113386901,0.17170172826
-0.0402480334961,-0.202075971608,0.37438916898,0.172067608904
-0.0444333049014,-0.204956571374,0.375399705415,0.173092655501
-0.0439510043469,-0.204770230232,0.375511665603,0.172984112005
-0.0417574426147,-0.203411123948,0.375135696925,0.172440144436
-0.0383394847461,-0.201600396059,0.373560087078,0.170792206704
-0.0369068411178,-0.200525154977,0.37279098977,0.170421869513
-0.0347727633173,-0.199143115691,0.371913758286,0.169609257402
-0.0319180459237,-0.19718781417,0.370545905265,0.168347638285
-0.030296631379,-0.196003972423,0.369698442383,0.167609291434
-0.0282801361168,-0.194380197523,0.368760190409,0.166869632635
-0.0292716431903,-0.194654220561,0.369133379804,0.167267791009
-0.0243301986937,-0.191712677794,0.367183702986,0.165211749126
-0.0202041055682,-0.188912002216,0.365277704122,0.163573353793
-0.0185559241308,-0.187737232423,0.364562161915,0.162910615092
-0.00991268017768,-0.181488131667,0.36023746138,0.159066934915
-0.00500967541941,-0.177707337428,0.357502886624,0.156600031272
-0.00438978766843,-0.177473177415,0.357530195216,0.156510223138
-0.00405851967908,-0.17727283412,0.357484420849,0.156437452593
-0.00371479671062,-0.176945870033,0.357328395821,0.156358146476
-0.00592379558877,-0.178655799232,0.358696908971,0.157640567462
-0.00156358514459,-0.175635888625,0.356341837611,0.155622067131
-0.0100189984106,-0.181381727168,0.360798699922,0.159584130877
-0.00622875268436,-0.178521472525,0.358944343015,0.157905459972
-0.00753635746616,-0.179293570286,0.359814726797,0.158597582436
-0.00495043377924,-0.177233287418,0.358952588754,0.157780908507
-0.0062100213871,-0.178089238389,0.359446983976,0.158235019086
0.00114307603068,-0.173007203366,0.356804384414,0.155682013525
0.00163069960252,-0.172554003221,0.356427702116,0.155488721795
0.00428606342296,-0.170642816647,0.355419074982,0.154528235597
0.0103622502761,-0.166037636892,0.353274583259,0.152469382224
0.0170426178216,-0.161203401426,0.350684452973,0.150031568601
0.0118474872552,-0.164941703602,0.352713984413,0.152062038449
0.0141852804125,-0.163150382588,0.351790265201,0.151301666
0.014072293118,-0.163146989733,0.351838779599,0.151408441826
0.012283005041,-0.164666100106,0.352202576321,0.151873491208
0.00651242949351,-0.16912905691,0.353409825052,0.153412289585
0.00289772042712,-0.171607262811,0.354162368087,0.154301336117
0.00291542965436,-0.17137849764,0.354228258881,0.154417102914
0.00574843156859,-0.169474135545,0.353711403559,0.153737825965
0.00553240483502,-0.169659550261,0.35390634569,0.153857831651
0.00966272406139,-0.166260321019,0.353151619531,0.152970199031
0.00929666995386,-0.166424896618,0.353211759494,0.153103077478
0.0128839651512,-0.163528710557,0.352459178655,0.152418792196
0.010991363851,-0.164957346182,0.352798433894,0.152919783723
0.00583843023694,-0.169344165502,0.356453682338,0.1543162791
0.00433238925072,-0.17095719089,0.357226363353,0.1547427871
0.00956786192623,-0.166702521346,0.353756040932,0.153357814531
0.0102449540315,-0.166174899463,0.353344925594,0.153172165356
0.010319785005,-0.165901262688,0.353215062067,0.153292298942
0.0164872890494,-0.160308494463,0.349394340118,0.15188404405
0.0112714092388,-0.165074119766,0.353048516023,0.153061769808
0.00887916615891,-0.167217752807,0.354760952602,0.153681217892
0.00853983227759,-0.167428720647,0.355074499421,0.153874912535
0.00344220469998,-0.171601272016,0.358593285356,0.155259288007
0.00190648354292,-0.172699743929,0.358839988296,0.155553304974
0.00212157275653,-0.17248162406,0.35900806086,0.155614554204
0.000248635985336,-0.173936047834,0.359777614011,0.156044424838
-0.000130233743185,-0.174139177616,0.360242681986,0.156221679423
-0.00422278029574,-0.177036348093,0.361533888938,0.157244505473
-0.00850361292105,-0.180539818253,0.363131940265,0.158229450372
-0.00627882823052,-0.178662230387,0.362663306134,0.157926613005
-0.00358042184844,-0.176411724728,0.362052456848,0.157363122686
0.00125656513715,-0.172595171543,0.360602125834,0.156438730315
0.00160681646715,-0.172329212891,0.360566047117,0.156419365714
0.00468180734602,-0.169866309227,0.358841906171,0.155531565189
-0.00141979053293,-0.17469921888,0.362402832928,0.15752251679
0.00125907419672,-0.172542451925,0.360791506411,0.156817766223
0.00331501114232,-0.170910681411,0.359535437222,0.156145923427
0.000449181432803,-0.173114350825,0.361669613211,0.157271169521
0.00970644430543,-0.165831359276,0.355950810286,0.154339521237
0.0147853791975,-0.161788683576,0.352903401043,0.152813588262
0.0107969336296,-0.164713405338,0.355727646587,0.154234084299
0.0147732442012,-0.161542782098,0.352888502541,0.152890969588
0.0136381450495,-0.162501090727,0.353684384845,0.153297489945
0.00822618179701,-0.166987416081,0.356528176095,0.154641358555
0.00483435866622,-0.169918230692,0.358510057388,0.155631119093
-0.00108276340571,-0.175209768423,0.361865739557,0.157090926653
-0.00690106942052,-0.180292547137,0.364581816006,0.158536223006
-0.00294479291816,-0.176716792047,0.362445963487,0.157582544657
-0.00561287715706,-0.179078945769,0.364217744066,0.158354356311
-0.0031983239631,-0.177163950659,0.362991996922,0.157886012982
-2.99273454584e-05,-0.174261366785,0.361370284989,0.157238624697
0.000732547677298,-0.173338910438,0.360650129143,0.156993560675
0.00410589285953,-0.170454813477,0.358746669419,0.155995510489
-0.00647323385615,-0.18026990901,0.36348218865,0.158377291513
-0.0101026810686,-0.183414012614,0.364638478678,0.159131460533
-0.00929603623693,-0.182739756388,0.364270195443,0.158983936215
-0.00889247667045,-0.182511489483,0.364273496233,0.158989986528
-0.00565036974175,-0.179638435769,0.363024186299,0.158380279993
-0.00736315272478,-0.180788235358,0.363624475809,0.158808115496
-0.0125743656212,-0.185208642943,0.365664325204,0.159942648099
-0.00774497800845,-0.18097610909,0.364088035643,0.159116517947
-0.0077796167579,-0.180960005771,0.36450302477,0.159325748767
-0.00149638691599,-0.175433840233,0.362261962091,0.158083347841
0.00129931891159,-0.17301854371,0.361059387706,0.157431204476
-0.000554009749154,-0.174609894111,0.361804928243,0.157809548377
-0.00216890217729,-0.176161353746,0.36243857631,0.158290951155
-0.0016363730296,-0.175673984132,0.362105867277,0.158200670196
-0.00127627379197,-0.17560344364,0.36191030109,0.157962907097
-0.00336946346088,-0.177528948579,0.362735377697,0.158470090469
-0.00808655842249,-0.181598526617,0.364471005335,0.159607866637
-0.00780508580089,-0.181396639509,0.364368097239,0.159515409663
-0.00375155547751,-0.17773196909,0.362912502922,0.158618586916
-0.00534664117367,-0.179095822601,0.363552558124,0.159050550239
-0.00709322165821,-0.180709760733,0.363625456401,0.158979097397
-0.00836482959281,-0.182002492908,0.363772758821,0.159057917087
-0.0080204970137,-0.181490999464,0.363763091454,0.159150098937
-0.0109940466743,-0.18391033531,0.364492194598,0.159393096054
-0.00529982484577,-0.178760348096,0.363488931456,0.159159848082
-0.00849955743746,-0.181630367352,0.36396137566,0.159301512691
-0.0135534577245,-0.186019832582,0.365111755602,0.159700360069
-0.0128779437597,-0.185328269977,0.365453736142,0.159860657329
-0.0123932928987,-0.1849237308,0.365433008681,0.159960614794
-0.0114541716408,-0.183942230071,0.365499354569,0.159986374792
-0.0132442485673,-0.185469646159,0.365990713459,0.160288305361
-0.0106404855745,-0.183341892798,0.365406646575,0.159965678519
-0.0171015788843,-0.188689233837,0.366462561906,0.160781601992
-0.020191393284,-0.191239958421,0.367083348613,0.161227736869
-0.019270846374,-0.190231848856,0.36694886719,0.161117740226
-0.0186609782896,-0.18966260729,0.366862964659,0.161027510093
-0.0152627480072,-0.18688937979,0.366235462018,0.160562535895
-0.0123026826882,-0.184738014938,0.365782288548,0.160282475212
-0.0169062624785,-0.188316184724,0.366379320167,0.160770458102
-0.0178561580623,-0.189191192942,0.366638588944,0.160870645862
-0.0167590628752,-0.188515180523,0.366584629866,0.160665486984
-0.0113483452559,-0.184215061938,0.364755487444,0.159511651321
-0.00694706054183,-0.180568691543,0.363448084131,0.15862999705
-0.012578666755,-0.185186811815,0.36554798116,0.159791026302
-0.0157752462947,-0.187460979082,0.36643097236,0.160421487792
-0.0143823893244,-0.186379022169,0.365969623105,0.160186708018
-0.0113441471125,-0.183776723282,0.364816171741,0.15956884278
-0.0111915997464,-0.183716243989,0.364839092046,0.159684367438
-0.0108687374443,-0.18344418427,0.364771331866,0.159667693782
-0.0100523281606,-0.182630210891,0.364460684536,0.159518811634
-0.011285776892,-0.183841879409,0.365017166424,0.159814300986
-0.0108320626583,-0.183433159756,0.364843094711,0.159748725381
-0.0139607308657,-0.186069348965,0.365918614506,0.160558204254
-0.0108861302766,-0.183520982137,0.364757604992,0.159789352612
-0.00707820534593,-0.180552995365,0.363270271817,0.158752034303
-0.00231578767404,-0.176621913508,0.361606802327,0.157568063722
-0.00689549957476,-0.180248650661,0.363232724959,0.15873632717
-0.00888668414768,-0.182127281129,0.364021155521,0.159309481151
-0.0108757690186,-0.183651954849,0.364587684215,0.15970891048
-0.00793055147391,-0.181110546696,0.363632320067,0.158991712982
-0.0130645796309,-0.185786457578,0.365691990944,0.159733180478
-0.012399393816,-0.185350958707,0.365730488234,0.159631514273
-0.0112273573436,-0.184453126029,0.365179936245,0.159430970415
-0.00587531798722,-0.180010582346,0.363284765733,0.158536689777
-0.00694811813737,-0.180664766689,0.363598204036,0.158726386233
-0.0111467457335,-0.183936110378,0.36522561534,0.159507240246
-0.0124864548559,-0.184985098155,0.365878616055,0.159709977445
-0.0162092113115,-0.18805872777,0.367315418696,0.160298033282
-0.0133178311777,-0.185603131172,0.366382011365,0.159860217715
-0.0123783415564,-0.184681080116,0.366025868574,0.15975706253
-0.0135028179828,-0.185928243202,0.366757917375,0.159937042265
-0.00653557473053,-0.17932968972,0.36237999797,0.158937039333
-0.00436613936577,-0.177238350472,0.361081492403,0.158654990419
-0.00539808079696,-0.178244241578,0.361690454854,0.158748431265
-0.00410147493172,-0.176823742024,0.360723474385,0.158539674539
-0.00312835728847,-0.175924065601,0.3602370148,0.158348939015
-0.00770229461609,-0.180216939563,0.363095980796,0.159104935399
-0.00169816462597,-0.174641213764,0.359370335926,0.158162309664
-0.000514162585085,-0.173533388156,0.358537532299,0.158067672087
-0.00261900863083,-0.17538385107,0.359779074122,0.15849495109
-0.0024175334771,-0.175377199252,0.359879463279,0.15852535024
-0.00216092548399,-0.175069933631,0.359626060904,0.158529910716
0.000530122424618,-0.172341935572,0.35794201336,0.158068826697
-0.00387245940709,-0.176571108335,0.360620239888,0.158906430694
-0.00270498465763,-0.175521440413,0.359972451248,0.158765073987
-0.00500368448232,-0.177730784291,0.36149588464,0.15924347364
-0.00171329765376,-0.174198264743,0.359193657766,0.158674381716
-0.00351497525967,-0.175879587507,0.360330162147,0.158985009945
-0.000310845281205,-0.172796534929,0.358361519655,0.158493606494
-0.00574870390096,-0.178130682975,0.361899722184,0.159480926387
-0.00711253606546,-0.179266559002,0.362712609772,0.159553294153
0.000256051011983,-0.171929914239,0.35857347741,0.1594776634
-0.00331850775381,-0.175542840432,0.360572299638,0.159588346933
-0.000126945334346,-0.172238543659,0.358681994048,0.159677090787
0.00534523531717,-0.166894813668,0.355501749936,0.159601165042
-0.0017356535533,-0.174272833246,0.359975388973,0.15967146286
0.00264297162455,-0.169855809866,0.357489818538,0.159852058079
0.00326369094268,-0.16902383083,0.357056188308,0.15990585696
0.00971521879471,-0.162656387912,0.353386464652,0.159818790789
0.00950345083731,-0.163065490533,0.353515395917,0.15980805977
0.00693992081114,-0.165772374186,0.354607135222,0.159417936035
0.00840973842617,-0.164110639032,0.354033006275,0.159721490952
0.00632770435411,-0.166681702108,0.355354726235,0.159395300544
0.0106331504907,-0.161916125968,0.353124037348,0.159978661251
0.00390998040107,-0.169083294545,0.356375691956,0.159091709572
0.00199195141515,-0.171124798138,0.357382528442,0.158906563486
-0.00350420578742,-0.177736840003,0.360277053606,0.158019463335
-0.00776320666976,-0.182319713359,0.362263858515,0.157376254679
-0.00752703850548,-0.18185374189,0.362062217357,0.157490744451
-0.0154330791643,-0.190506638835,0.365744466001,0.156394854134
-0.0118855602158,-0.185054872333,0.36469709972,0.158390263888
-0.0111505763041,-0.183706732091,0.364548137923,0.159002694768
-0.0135589962359,-0.188405470198,0.365670871037,0.157483699875
-0.0114806791256,-0.184999605113,0.36506821213,0.158768712166
-0.0110916190484,-0.184382282035,0.365051335412,0.159015642078
-0.0105170441492,-0.18309533147,0.364884745979,0.159448237228
-0.00927224429902,-0.181086956712,0.364755500868,0.160309365968
-0.00874196918112,-0.180110425833,0.364682202512,0.160717727928
-0.010143298477,-0.18241868832,0.365229499906,0.159992470574
-0.0108303114376,-0.183312170674,0.365274450154,0.15958243172
-0.00958174198375,-0.182186474745,0.364387249118,0.159279754693
-0.00921538405037,-0.1816956169,0.364042536187,0.159380617764
-0.0151240126872,-0.187080429862,0.368402462323,0.160389250865
-0.0139514506894,-0.186097115417,0.367741438764,0.160255857238
-0.0217242763184,-0.193596752433,0.373580507806,0.161592410473
-0.0198163771995,-0.191762089282,0.372114759462,0.161224714323
-0.0215375279235,-0.193167907419,0.373333906235,0.161561179116
-0.0251889863053,-0.196512249556,0.375863261171,0.162139458881
-0.0282283176149,-0.199296432174,0.377745584775,0.162512711954
-0.0319594585794,-0.202642683922,0.380134166458,0.163150500619
-0.0332879723771,-0.203915440057,0.380930826875,0.163467645938
-0.0279726267387,-0.199575430976,0.377198786871,0.162228833455
-0.0251942535704,-0.196986763624,0.374954183621,0.161718949023
-0.0230619923332,-0.194755754679,0.373128227268,0.161256413959
-0.0241209125057,-0.195476314344,0.373665209432,0.161622520929
-0.0224293051796,-0.194311503797,0.37250728148,0.161171244661
-0.0254150739843,-0.197698073917,0.374996184669,0.161578131485
-0.0313301580064,-0.202933849937,0.378958330864,0.162721452856
-0.0240107389422,-0.196364488559,0.373794584176,0.161173458763
-0.0196934599432,-0.192472666317,0.370731747807,0.160278548914
-0.0188216693322,-0.191378918274,0.370142085358,0.160321688242
-0.0180164217012,-0.190419648788,0.369661571335,0.160300268191
-0.0198374528711,-0.19212318202,0.370939856552,0.160639337678
-0.0187390338314,-0.190686788466,0.370124742462,0.160539518924
-0.028662414105,-0.200562026959,0.37681139452,0.162272336901
-0.0260800806302,-0.19769602958,0.374944080532,0.161942401626
-0.0206122633359,-0.191983156838,0.370822668767,0.16102098792
-0.0158388719596,-0.187058788593,0.367349205769,0.160245691568
-0.0157650156782,-0.186847076101,0.367283914181,0.16025160817
-0.0174538963126,-0.188494148681,0.368520304377,0.160591586399
-0.0167109692329,-0.188170348157,0.368317024769,0.160177227061
-0.0177781004396,-0.189339248946,0.369031536037,0.160284023162
-0.0118953381077,-0.183682897298,0.364907891485,0.159304286812
-0.00860756188683,-0.180819847005,0.362760653574,0.158625789446
-0.005543034402,-0.177785809515,0.360664940226,0.158096212679
-0.00939220689967,-0.181637087641,0.363542754592,0.158881132093
-0.0112033658661,-0.183124407395,0.364569214617,0.15931573241
-0.0102901696092,-0.18160287776,0.363674664571,0.159280721883
-0.0118950763534,-0.183125363153,0.364743376907,0.159525599707
-0.0153409983074,-0.186667093509,0.36718074268,0.16019654626
-0.0136480229999,-0.184681955915,0.365458878926,0.159741093111
-0.00991663936325,-0.180898992008,0.362521279247,0.158867420187
-0.00250832867179,-0.173191415892,0.356845189654,0.157212002814
-0.00861294856217,-0.17928469202,0.361586266137,0.158710390599
-0.015961771765,-0.186509653837,0.366940555081,0.160575547518
-0.00897429416437,-0.179378813262,0.361695159214,0.158939141815
-0.00114119982791,-0.171161140831,0.355564833183,0.157141996169
0.000210805083886,-0.169521868541,0.354513218466,0.156763566477
-0.00797004674594,-0.17772446847,0.360769039816,0.158767989345
-0.00667064664614,-0.176042905967,0.35976685599,0.158538705392
-0.00420241387118,-0.172926129717,0.358243968533,0.158389601704
-0.00383363089002,-0.172194814192,0.358176301071,0.158533569169
-0.00701517712115,-0.175802392498,0.360158691612,0.158956049228
-0.00408801867797,-0.172335864154,0.358288082571,0.158545876757
-0.00306489125073,-0.171240856795,0.357759971262,0.158316157993
-0.000710290996595,-0.168222641923,0.356302760776,0.158108035844
-0.00184429894092,-0.169455326252,0.356844466194,0.158109261844
-0.00185302236517,-0.169834326701,0.357355224651,0.158213523047
-0.00171556585967,-0.169551324668,0.357321917147,0.158341006773
-0.000721445348627,-0.168347052147,0.357168901182,0.158465181758
-0.00760099263886,-0.178357532852,0.361965186199,0.159113548827
-0.0073797866901,-0.177974162869,0.361853009607,0.159168214955
-0.00553209050854,-0.175044012341,0.360683099721,0.158944792477
-0.00708338162172,-0.177253594086,0.361568606064,0.159018652848
-0.00946856973131,-0.18068771929,0.363420349287,0.159340432182
-0.0156353172428,-0.189660467584,0.367782530893,0.160048626128
-0.017219808324,-0.191526423188,0.368821065618,0.16029699049
-0.0138074919734,-0.186622534739,0.366313534989,0.159823634977
-0.012076443071,-0.183850236303,0.364885527656,0.159531366091
-0.0114856238677,-0.182728696381,0.364485199835,0.159567453167
-0.0108124659695,-0.181429599563,0.364236130243,0.159593558052
-0.015513322616,-0.187678622135,0.367028980809,0.159934285979
-0.0180988119411,-0.191014775851,0.368531514606,0.16025531406
-0.0203035829057,-0.194137156282,0.369810388866,0.160283960639
-0.0180243837203,-0.190740342441,0.368473066645,0.160184208905
-0.0157893361158,-0.187968068412,0.3672778453,0.160065358514
-0.0181350899944,-0.191294079449,0.36844583639,0.160195984468
-0.0223049990439,-0.196677927035,0.370739074454,0.160544066839
-0.0216185210676,-0.195956196626,0.370570897578,0.160584018013
-0.0201225385683,-0.194241084592,0.369676910063,0.160331768641
-0.0201774737684,-0.194291990916,0.369588901345,0.160337831698
-0.0173892664304,-0.191402029174,0.368735479167,0.160189834681
-0.0167797419326,-0.190653056986,0.368601682795,0.160304232658
-0.0158909935275,-0.189866723141,0.368589415853,0.160312577038
-0.0150424020259,-0.189340903493,0.368360784306,0.160217489915
-0.0160561465056,-0.190299702049,0.368712697532,0.160339103324
-0.0151708991781,-0.189453102235,0.368418551483,0.160336013424
-0.0193760090482,-0.194049603631,0.369923829084,0.16072677253
-0.0181060831296,-0.192247752376,0.369249421031,0.160629328445
-0.0152510714544,-0.189119020262,0.368086531841,0.160498970894
-0.00982286064556,-0.18607474549,0.366644167034,0.1604690622
-0.00431005286547,-0.183482122532,0.365289240124,0.160509483025
-0.00348961225017,-0.182832661511,0.364985281509,0.160528402393
-0.00456203436442,-0.183301976818,0.365103338795,0.160500572788
-0.00843714077754,-0.185300235496,0.36609572314,0.160449140061
-0.00549057792317,-0.183970655826,0.365425471502,0.160375313136
-0.00563652472176,-0.183746834292,0.36539601965,0.160429211423
-0.00748708994786,-0.184264189058,0.365537319848,0.160474333867
-0.0120768556779,-0.186404245732,0.366528928625,0.16039240124
-0.0111594847305,-0.186391698043,0.366756185238,0.16051942215
-0.0167007766995,-0.189949265169,0.368059698948,0.16035285461
-0.0176920948769,-0.190952029568,0.368514985782,0.160440422951
-0.0144542062012,-0.189137753461,0.367912682922,0.160445824907
-0.0114922478711,-0.186958106565,0.367086747026,0.160466076554
-0.0142862228197,-0.188652340951,0.367813343057,0.160333444915
-0.0112775874292,-0.186772101191,0.367154589215,0.160353034368
-0.00988484274465,-0.185806844171,0.366728388425,0.160366081197
-0.0127628532586,-0.18762062306,0.367341602011,0.160191578076
-0.0135185202082,-0.187797316767,0.367215414487,0.160146738922
-0.0130308458504,-0.187431719385,0.367169167916,0.160331871952
-0.0118605840892,-0.187180243897,0.367068331327,0.160312509766
-0.0161962790219,-0.190465787625,0.369081537125,0.160467203545
-0.0131472391767,-0.188146587467,0.367822938142,0.160520244493
-0.0143371664037,-0.189153409482,0.368544017135,0.1605704296
-0.0131673960185,-0.188216192292,0.367990380085,0.160616810375
-0.0139202789801,-0.188905943926,0.368416029214,0.160665590717
-0.0178629572204,-0.19187238467,0.369973585272,0.160778166544
-0.0143471357651,-0.189051766727,0.368339012915,0.160644478939
-0.0148328538157,-0.189477679248,0.368461073664,0.16058793747
-0.011243788881,-0.186946174193,0.367045230848,0.160468713129
-0.0149984955162,-0.189532534801,0.368650332323,0.160735160744
-0.0128449742616,-0.187825982346,0.367482562149,0.160469540342
-0.0152685898223,-0.189520702063,0.368365510627,0.160820400986
-0.0142645418412,-0.188833103598,0.367981503486,0.160726707053
-0.0166978221524,-0.190610668548,0.369043063574,0.161043412435
-0.0194325390426,-0.192792093146,0.370540290602,0.161457277724
-0.015394654524,-0.189573931387,0.368631297961,0.161067214197
-0.0147169262888,-0.18836756118,0.367805419028,0.161107440154
-0.0129581060042,-0.186641537551,0.366932969537,0.16111449769
-0.0135413324743,-0.187117296647,0.367139531674,0.161177601763
-0.0151598731872,-0.188123090081,0.367876899451,0.161966524431
-0.0158446106324,-0.188334624517,0.367940121684,0.162214927393
-0.0147189990529,-0.187702687746,0.367519159351,0.161619267853
-0.0121316682773,-0.186917085084,0.367542620064,0.160571357796
-0.00781761743934,-0.186109139398,0.367387996034,0.158849857511
-0.00981877784082,-0.18701881961,0.367906118632,0.159784279618
-0.00928810077006,-0.186846334611,0.367953476945,0.159607083729
-0.0107080820111,-0.187277088798,0.368196112355,0.160209667994
-0.00755577992739,-0.186456479548,0.367980059967,0.158982995861
-0.0134627856207,-0.18803391616,0.36830847718,0.161504502212
-0.016354371901,-0.189437535418,0.368375910522,0.161771790763
-0.0181116202942,-0.190051475657,0.368250271587,0.162098102691
-0.0192064957703,-0.190631127201,0.368174109216,0.162245610854
-0.0184635770402,-0.190216006401,0.368015922321,0.162160548709
-0.0131872284159,-0.187233916345,0.3676482555,0.161551519422
-0.00850306627598,-0.184495454552,0.367093746024,0.160968106332
-0.00987423276523,-0.184815444276,0.366818725487,0.161063507355
-0.015595765223,-0.18808420278,0.367424477161,0.161810440457
-0.0164758321298,-0.188761348834,0.367691447532,0.161899593906
-0.0178986401778,-0.189310571187,0.367765391518,0.162121846416
-0.0216159423011,-0.191450241958,0.368964686529,0.163505526713
-0.0181100624148,-0.189208872411,0.367788878031,0.162206213335
-0.017339896711,-0.188782149846,0.367590409336,0.161956844104
-0.0159472916319,-0.187968145538,0.367216678102,0.161522283168
-0.015150467708,-0.187429911195,0.366933920379,0.16126496744
-0.0161342813804,-0.188203040371,0.367468363284,0.161499603305
-0.00978265038438,-0.184073583991,0.365212008589,0.159274622196
-0.0116233318991,-0.184937277939,0.365696908839,0.15995906701
-0.010877288881,-0.184753055282,0.365608648716,0.159672928154
-0.0189525233283,-0.189233699078,0.367890508139,0.162692268688
-0.0137428507257,-0.186139230775,0.364674073455,0.160661373502
-0.0155731109008,-0.187841326568,0.366231177882,0.161451216294
-0.00795861070746,-0.183294375852,0.361954838146,0.158725173946
-0.00917667603196,-0.183840468892,0.362478110187,0.159253964705
-0.0107715900467,-0.185545151956,0.363842145849,0.160195727353
-0.0129946474391,-0.186068879541,0.364545227368,0.161064207332
-0.0178617483207,-0.188865205751,0.367280154925,0.16270966975
-0.0220175240539,-0.191709445687,0.370033255683,0.164501174522
-0.0199780396814,-0.190321799529,0.368787408829,0.163567726879
-0.0090529750943,-0.183935803233,0.362245558594,0.15962348914
-0.0109639185521,-0.184710618666,0.36338637361,0.159749336738
-0.0102241221391,-0.183752259943,0.36273034037,0.159948980497
-0.00991019869097,-0.183051594952,0.362617676527,0.160346879206
-0.00377772677285,-0.180794424183,0.358926257982,0.160678696563
-0.00545409653639,-0.181396545969,0.359914268377,0.161003043395
0.00189021616609,-0.179354675622,0.355476866845,0.160867392862
-0.0072740062076,-0.18332038148,0.362646797551,0.161173017405
-0.00638534692389,-0.182727001619,0.36134108749,0.160926555016
-0.00488364531895,-0.18229803854,0.360559953543,0.160756699175
-0.0108951807324,-0.184065378863,0.364355219446,0.160941772785
-0.0170478058854,-0.189417833986,0.369322402082,0.162402940538
-0.0159652191467,-0.188869451482,0.368669837823,0.162372514965
-0.0112721036087,-0.184421233939,0.364864761709,0.161220180949
-0.00372275583697,-0.177462465502,0.358929462624,0.159466065764
-0.00563603772562,-0.179062363774,0.360287216718,0.159863972039
-0.00545638221075,-0.177862270703,0.359850034415,0.159614548015
-0.0107250564823,-0.18345389723,0.364275637097,0.160995646731
-0.0119584946485,-0.185053428094,0.365592292863,0.161443529427
-0.0149086923081,-0.187803926972,0.368159548322,0.162038531531
-0.00737090453411,-0.180933315684,0.36250271082,0.160174192893
-0.0151222238858,-0.183852151929,0.367628832856,0.160784201872
-0.00808696389343,-0.181414188991,0.363266723613,0.160433973587
-0.00371891488151,-0.18026318639,0.36049604891,0.160209344053
-0.0139191483353,-0.183968809849,0.366505743243,0.161007196951
-0.0177531809128,-0.185648145502,0.36920006783,0.161266845086
-0.0200906067579,-0.186142614169,0.370722643911,0.161788097295
-0.0141846794774,-0.185121230387,0.367280480163,0.16143060008
-0.0159515375143,-0.185611062372,0.368154870969,0.161614095794
-0.0121519008647,-0.184166745604,0.366007664551,0.161357399208
-0.0114804272614,-0.183943500627,0.365288572443,0.161334335524
-0.0107440365182,-0.183716566736,0.365053404586,0.161254316222
-0.0160089617627,-0.187538143702,0.369080238576,0.162468026324
-0.0180376726237,-0.188001878559,0.370110724375,0.16266182647
-0.0206851659981,-0.189100477738,0.371879484435,0.163038344057
-0.0173675156426,-0.187169889519,0.369514382195,0.162366655244
-0.0164358087413,-0.186836535856,0.368835711664,0.162302700656
-0.0135613696625,-0.186149490072,0.3668190537,0.16210645063
-0.0155346464175,-0.187021259109,0.368161989429,0.162405852527
-0.0198837129127,-0.188100104439,0.370132916368,0.162698374369
-0.017988843252,-0.187223060842,0.368958627896,0.162355656506
-0.0171175364791,-0.185424863394,0.368885104854,0.16185659945
-0.0181206956914,-0.186615063088,0.369003122463,0.162269846461
-0.0146769121906,-0.183735941541,0.368082039018,0.16107777823
-0.0142883841865,-0.183289786256,0.367825406632,0.161032758906
-0.015746421901,-0.184504554075,0.368340935183,0.161456681181
-0.0125296285088,-0.18136886326,0.367106314892,0.160344350926
-0.0101636575969,-0.178502128466,0.366691794071,0.159431686638
-0.00750373219465,-0.175819569564,0.365590025001,0.158584206084
-0.00759929820472,-0.17540450537,0.36537024465,0.158700953754
-0.00668567935306,-0.174676827623,0.365135516646,0.158304537415
-0.00282211692456,-0.169311519954,0.363572354654,0.156512884426
-0.00260230611351,-0.169122814353,0.363332424995,0.156513344925
-0.00028874338292,-0.166151430175,0.362394127707,0.155555737029
-0.000706823071302,-0.166391768746,0.362456595065,0.155807799562
0.00229072813721,-0.162484782953,0.361084382642,0.154442574327
0.000562807896986,-0.164516519739,0.361617785088,0.155100158404
-0.00310409753378,-0.169210403311,0.362963409732,0.156768155397
0.00188712845659,-0.162417368117,0.361067388092,0.15462449649
-0.00205176886671,-0.167414268036,0.362638578713,0.156440997396
0.000894991952159,-0.164189894302,0.360906690655,0.155354294253
-0.00622387130872,-0.172987700432,0.365534401484,0.158335385846
-0.0142904384567,-0.18178103047,0.370973206123,0.161474739788
-0.0138801091257,-0.181236415444,0.370510402061,0.161296796761
-0.010318546319,-0.177169921585,0.36794988168,0.159929121283
-0.0129711970481,-0.180281104784,0.369830123324,0.160993080695
-0.00906782463226,-0.175848377563,0.36740428288,0.159572491961
-0.0081841464571,-0.174586400186,0.366916927244,0.159231462376
-0.00433345771816,-0.170167241896,0.364227018606,0.157822722777
-0.0158870192728,-0.183288418281,0.371746555188,0.162408639401
-0.0178546070687,-0.185122911822,0.373247391694,0.163248663038
-0.0173344927976,-0.184378902747,0.373162110897,0.162985189765
-0.0169598292733,-0.183683659933,0.37334001672,0.162797623658
-0.0150599347004,-0.181260584527,0.372603270081,0.162079762073
-0.0144323357922,-0.180886448136,0.372264428225,0.162042679676
-0.0122679384412,-0.178109011739,0.371311409568,0.161240438033
-0.0106732572103,-0.176383989791,0.370906200521,0.160549588251
-0.0101882328283,-0.17531945322,0.370430368027,0.160201631292
-0.00951823794376,-0.17438404717,0.36958456527,0.15986152118
-0.0112233600599,-0.176884449916,0.369961224749,0.160690830893
-0.00761309206214,-0.172075378868,0.36875073511,0.159349291359
-0.0109156038764,-0.172810552582,0.369029475014,0.159726653699
-0.00696364891517,-0.171360566842,0.368463783727,0.160112595179
-0.00547457060414,-0.172345274429,0.367737606185,0.159269950385
-0.0110391682287,-0.174705369467,0.368139214086,0.158655998561
-0.00835715554966,-0.17534897154,0.365934808532,0.158460720273
-0.00415492426689,-0.174134861105,0.364668573401,0.159090963196
-0.000977444102308,-0.173139831402,0.36376384587,0.159747022122
0.00343332785977,-0.173605532612,0.363404635032,0.159362179748
-0.00104718601535,-0.17526687655,0.363307522323,0.158609409245
0.00521722664599,-0.172696409294,0.362157604889,0.159093833786
0.00330097370399,-0.174073162254,0.361832667763,0.159106366758
-0.0016308377986,-0.178669925541,0.361395047234,0.159508452602
-0.0031317306214,-0.179524243491,0.361732744802,0.159795158942
-0.00282837235547,-0.179581349423,0.361296939951,0.159624030451
-0.00221745381663,-0.179632631121,0.360446507704,0.15951389372
0.00416217055153,-0.174552623158,0.359852815366,0.158916183364
-0.00138937464242,-0.178771477057,0.360946159081,0.159581575509
0.000310583847351,-0.177102040478,0.361173492925,0.159429711342
0.000492008894219,-0.176923209696,0.361234746625,0.159521614825
-0.00257217760719,-0.179663213171,0.36087952902,0.159753094297
-0.0011028706011,-0.176644104389,0.360801270006,0.159118201201
-0.00192082766827,-0.175004544903,0.361143338657,0.158840580399
-0.00427576690274,-0.176325678452,0.362132563092,0.159487162167
-0.00600093032478,-0.176606511077,0.362630930422,0.15965378847
-0.0038628663683,-0.173847612047,0.361992116557,0.158989005206
-0.00292632554396,-0.172978432306,0.361303139154,0.158353394606
-0.00462834131246,-0.174097555705,0.361479733636,0.158752790467
-0.00622494307755,-0.176019911398,0.36220643257,0.159455253459
-0.00736020306364,-0.176543145579,0.3630920929,0.159822868115
-0.00384368930804,-0.172802151586,0.362108796436,0.158836694408
-0.00468782673624,-0.171091698446,0.362129018864,0.158509831934
-0.00925011837591,-0.171539168217,0.361841395368,0.159132686012
-0.00870825363358,-0.171173630684,0.362067492274,0.159088955294
-0.00886098592462,-0.170214848283,0.361937249426,0.159007599374
-0.00547212759837,-0.169611266714,0.361540367594,0.158575168431
-0.00158529268801,-0.166669429044,0.361945247757,0.157615214105
-0.00751439730468,-0.16802583333,0.362767548234,0.158996208981
-0.00809840850316,-0.167402152088,0.363155900708,0.159022049194
-0.00273251500594,-0.16431903239,0.362907209509,0.15760145951
0.00130399435084,-0.161645788674,0.362859303319,0.156508580041
-0.00800244531601,-0.178040248251,0.368892818104,0.15949434559
-0.0137496716797,-0.184362300591,0.370810274251,0.16076014882
-0.0191650467776,-0.18780107922,0.37359975811,0.161960871423
-0.0159306975798,-0.184192811072,0.372223628736,0.161159299294
-0.0179973829436,-0.186005457509,0.372057070122,0.161522470128
-0.0143993583133,-0.182488948213,0.370326151029,0.160753014737
-0.0105956842688,-0.180626928868,0.369047142662,0.160166576326
-0.0129693233805,-0.18911084107,0.370623127624,0.161362767598
-0.0160545557272,-0.192506007524,0.371660901398,0.16195181091
-0.020183510456,-0.195270710871,0.373102997808,0.162613828348
-0.0158263868076,-0.190132386773,0.370030648937,0.1617922274
-0.016115856673,-0.187878086956,0.370110505016,0.161550061265
-0.0197487603776,-0.190435881775,0.371465099163,0.162065044847
-0.0145121622585,-0.186277395353,0.368054496815,0.161142656234
-0.00909199346093,-0.180736442474,0.364591029131,0.160274302191
-0.0116340560394,-0.181263228062,0.365482116565,0.160543309789
-0.00998194017297,-0.179438788805,0.364558957313,0.160227917139
-0.0139088030054,-0.186522758839,0.367891501548,0.161295709734
-0.0149646465219,-0.188476993287,0.368635139929,0.161686842267
-0.0144555384658,-0.186483638805,0.367656106722,0.161461635379
-0.0211902453771,-0.192150535716,0.371800249171,0.162856912005
-0.0204749834891,-0.18992870427,0.371248548038,0.162537815232
-0.0156398151253,-0.184682092018,0.367937948999,0.161713964565
-0.0153170142663,-0.183993204809,0.368090083626,0.161300672951
-0.0142473690823,-0.182591839217,0.366407566754,0.161378660367
-0.0139437506333,-0.181469395431,0.366205201336,0.161180133108
-0.0134734747349,-0.180602269543,0.365611732297,0.161255962367
-0.0141298870836,-0.179606484012,0.366172162798,0.161300935187
-0.0134804221642,-0.177518489839,0.364851587229,0.160833556114
-0.0126567862576,-0.175633068971,0.364125822956,0.160652307537
-0.00826977311303,-0.172751852362,0.362199712301,0.158490626033
-0.0145120341995,-0.180285673568,0.366548334807,0.160652965881
-0.0169647305866,-0.180771420412,0.367622347819,0.161406166694
-0.0139718761531,-0.176227204151,0.365628120229,0.159858766622
-0.0155244296369,-0.177334928286,0.365786991024,0.161266558449
-0.00871383919625,-0.17224470557,0.362047428605,0.158620114685
-0.00651773300394,-0.171350026307,0.360716939439,0.157733506429
-0.00823458602368,-0.173991245962,0.361672478292,0.158401261073
-0.0059744567098,-0.171633731373,0.360238617827,0.157159532286
-0.00707579950885,-0.170162121218,0.360807509137,0.158162172736
-0.00865396357565,-0.172990682436,0.360955364614,0.159208708706
-0.00763003755849,-0.172213829135,0.360571718657,0.158835835625
-0.00826915458949,-0.175398704592,0.361077752149,0.159471783472
-0.00343148602401,-0.169905618308,0.359435418372,0.157297963244
-0.00127723893732,-0.165515175329,0.358297920108,0.156167168997
-0.00241044441988,-0.168143915388,0.359650175281,0.156611329241
-0.00146898293711,-0.16766140464,0.358900883996,0.156257733614
-0.00101148091102,-0.169950568877,0.359382894133,0.156480178632
-0.00359720114693,-0.170925523486,0.360194656951,0.15745543564
-0.00842904756909,-0.174236376019,0.362382067445,0.15953177537
-0.0106597285898,-0.176429433469,0.363613041894,0.160386106333
-0.00506114881568,-0.170773672167,0.360282607788,0.158897449865
-0.00412710010922,-0.169446260641,0.359402285031,0.158690203119
-0.0109015723188,-0.177502764357,0.364260397662,0.160520275095
-0.0137291319857,-0.180464361559,0.364753962337,0.16151359286
-0.0170885103681,-0.183319724892,0.366345372008,0.162502590434
-0.0147082113401,-0.182366829113,0.364425384197,0.161955189901
-0.0138318084563,-0.181793897259,0.363911309271,0.161839436198
-0.0143773141346,-0.180533009394,0.364533164441,0.161935760731
-0.01062312645,-0.176158764308,0.362024547228,0.160837720794
-0.00729989371555,-0.173029255314,0.360340288304,0.159318055628
-0.00505889202295,-0.167917116754,0.358993997216,0.157910185776
-0.00798527728741,-0.170480782969,0.360797769252,0.15923792545
-0.00824371476036,-0.174009675942,0.36120032445,0.159952522558
-0.0101787551172,-0.174433118162,0.362231111943,0.16052287589
-0.0174868756018,-0.182156138956,0.366973375575,0.1635858025
-0.0206327032135,-0.184319981965,0.369264620849,0.164734714651
-0.0278802101281,-0.194384470989,0.375543831843,0.167885817544
-0.0292437383797,-0.194935035349,0.376124961233,0.168377906841
-0.0296317699135,-0.195961516428,0.37646215922,0.168584205323
