0,60,40,10,6.5700282313,4.89517370157,0.01087188720
1,150,80,20,0.915649778026,3.38409776962,0.017594814300
2,200,120,30,0.489428788953,0.384796403984,0.022085905075
3,280,160,40,0.504752121358,0.525620386644,0.028723955154
4,350,200,50,0.371582989098,0.766368739163,0.032947778701
5,430,240,60,0.618933942729,1.64273481772,0.040008783340
6,510,280,70,0.421091734238,0.292887929117,0.044899940490
7,590,320,80,0.395758067836,0.398342826287,0.049463987350
8,660,360,90,0.351477656686,0.502039433048,0.056926965713
9,740,400,100,0.750933513311,2.16720841712,0.061694860458
10,820,460,120,0.616954974837,2.58177306114,0.067448854446
11,900,500,130,0.698377397457,1.79755037449,0.073061943054
12,980,540,140,0.453456813712,0.22236872421,0.07841897010
13,1060,580,150,0.516591397478,0.581506083623,0.083283901214
14,1150,620,160,0.509901136373,0.517350749681,0.090766906738
15,1230,660,170,0.473127324895,0.485681602003,0.095397949218
16,1310,700,180,0.616848212014,1.26769859105,0.10369491577
17,1390,740,190,0.584437875743,1.95784495153,0.10820698738
18,1470,780,200,0.657318686433,1.63910293064,0.11405992507
19,1550,820,210,0.479048352713,1.66471313294,0.11926698684
20,1630,880,230,0.668624724657,1.73730711704,0.12492990493
21,1660,920,240,0.499340816643,1.88402924084,0.1301059722
22,1690,960,250,0.525440557974,1.31404593919,0.13289284706
23,1720,1000,260,0.468841279094,1.17256274168,0.13566899299
24,1750,1040,270,0.512555193338,1.66881778803,0.13864493370
25,1780,1080,280,0.476805131551,0.999762868382,0.14368581771
26,1810,1120,290,0.500833661069,0.599718954678,0.14980792999
27,1840,1160,300,0.435223463588,1.85732170618,0.1525988578
28,1870,1200,310,0.481241272545,0.290897627463,0.15541887283
29,1900,1240,320,0.436624911655,1.23321137602,0.15816497802
30,1930,1300,340,0.428211563337,0.522235076375,0.16341876983
31,1960,1340,350,0.42631994663,1.05443820912,0.16678977012
32,1990,1380,360,0.431665075326,0.512356498366,0.16962289810
33,2020,1420,370,0.463687621563,0.262301134381,0.17239999771
34,2050,1460,380,0.470267125499,0.740484900803,0.17533588409
35,2080,1500,390,0.424315956096,1.07033353633,0.17818593978
36,2110,1540,400,0.42678383127,0.973927041788,0.18089985847
37,2140,1580,410,0.441581300663,0.511740104714,0.18367886543
38,2170,1620,420,0.571017583378,1.46385845606,0.18916392326
39,2200,1660,430,0.475034492261,0.568898023613,0.19202399253
40,2230,1720,450,0.454346334349,0.439979306854,0.19724178314
41,2260,1760,460,0.394160347476,0.867197520815,0.20045995712
42,2290,1800,470,0.436243833421,0.88570846111,0.20320296287
43,2320,1840,480,0.445711488463,0.370996673341,0.20983791351
44,2350,1880,490,0.520146190855,0.521295729095,0.21269679069
45,2380,1920,500,0.414133343399,0.861463859433,0.21577095985
46,2410,1960,510,0.504798321783,0.12047319545,0.21870779991
47,2440,2000,520,0.522789090969,0.571486753062,0.2217619419
48,2470,2040,530,0.407003139759,1.44835205131,0.22456479072
49,2500,2080,540,0.431488472714,0.327257999449,0.23093700408
50,2530,2140,560,0.415062021669,0.235925830241,0.23549199104
51,2560,2180,570,0.392045019976,0.729935353064,0.24187493324
52,2590,2220,580,0.448383854793,0.220133534711,0.24496293067
53,2620,2260,590,0.421312264504,0.14513378939,0.24763894081
54,2650,2300,600,0.427849147245,0.274982951868,0.25060081481
55,2680,2340,610,0.384891553901,0.644472593966,0.25320291519
56,2710,2380,620,0.476798998871,0.198876913771,0.25584197044
57,2740,2420,630,0.436460949699,0.111488636601,0.25864696502
58,2770,2460,640,0.611814141486,1.61582503099,0.26132678985
59,2800,2500,650,0.490873901168,0.185168999149,0.26588797569
60,2830,2560,670,0.465243913288,0.224706586585,0.26978492736
61,2860,2600,680,0.506205017275,0.642558924603,0.27254796028
62,2890,2640,690,0.550875695707,0.486969481942,0.27907085418
63,2920,2680,700,0.413631051477,0.29394284922,0.28170895576
64,2950,2720,710,0.389188130843,0.71101052093,0.28430080413
65,2980,2760,720,0.409765375221,0.722241802617,0.28725099563
66,3010,2800,730,0.400372051199,0.60272489853,0.29015398025
67,3040,2840,740,0.586542609719,1.56924053046,0.2928278446
68,3070,2880,750,0.526743092884,0.530457844214,0.29579091072
69,3100,2920,760,0.499907926116,0.12724154709,0.3005228042
70,3130,2980,780,0.468522368845,0.788404949589,0.30421590805
71,3160,3020,790,0.401988044311,0.856394136352,0.30986285209
72,3190,3060,800,0.538013533123,0.965297046715,0.31251478195
73,3220,3100,810,0.523032890596,0.502265927182,0.31539678573
74,3250,3140,820,0.404445191067,1.31163880551,0.31798696517
75,3280,3180,830,0.525863393624,0.467145055912,0.32064700126
76,3310,3220,840,0.452619322527,0.124899352048,0.3252758979
77,3340,3260,850,0.534754604284,1.01002774692,0.32797694206
78,3370,3300,860,0.522473833838,0.400822440079,0.33364295959
79,3400,3340,870,0.419600838011,0.419113831052,0.33623385429
80,3430,3400,890,0.428573336456,0.866573510987,0.34011483192
81,3460,3440,900,0.465547886442,0.386666885978,0.34292387962
82,3490,3480,910,0.49242154969,0.0497006070039,0.34731888771
83,3520,3520,920,0.453888381884,0.413081801336,0.35006189346
84,3550,3560,930,0.398865763479,1.32162311158,0.35280179977
85,3580,3600,940,0.437473597192,0.274605390845,0.3581719398
86,3610,3640,950,0.609303680551,1.46993775354,0.36091899871
87,3640,3680,960,0.433094988006,0.365696075227,0.36399793624
88,3670,3720,970,0.411996977815,1.34738955879,0.36675977706
89,3700,3760,980,0.38511537476,0.609739747933,0.3693268299
90,3730,3820,1000,0.4196842767,0.735741929677,0.37509083747
91,3760,3860,1010,0.423253661126,0.758546097098,0.37770080566
92,3790,3900,1020,0.49957015054,0.743420429987,0.3805639743
93,3820,3940,1030,0.380646048517,0.0972244741526,0.38337993621
94,3850,3980,1040,0.368613722236,0.497450773217,0.3886399269
95,3880,4020,1050,0.571787041876,1.09634622848,0.39139795303
96,3910,4060,1060,0.508632778768,0.140087851645,0.39444589614
97,3940,4100,1070,0.470926556506,0.2288269378,0.39710283279
98,3970,4140,1080,0.482582577973,0.242874773161,0.39980888366
99,4000,4180,1090,0.44540073406,0.335488570029,0.40443587303
100,4030,4240,1110,0.4570762739,0.325554377102,0.40809988975
101,4060,4280,1120,0.521641683467,0.706819663614,0.41374588012
102,4090,4320,1130,0.449138108544,0.846913784131,0.41636681556
103,4120,4360,1140,0.379251421749,1.19292619847,0.41916584968
104,4150,4400,1150,0.452213211805,0.198953866242,0.42174792289
105,4180,4440,1160,0.413290748136,0.0624721282277,0.42453598976
106,4210,4480,1170,0.512447589832,0.707662055934,0.42909979820
107,4240,4520,1180,0.468745293703,0.424963839985,0.43176078796
108,4270,4560,1190,0.491120994238,0.715963271021,0.43768095970
109,4300,4600,1200,0.434116159086,0.258669182538,0.44029092788
110,4330,4660,1220,0.368204251075,1.14830943546,0.44420385360
111,4360,4700,1230,0.487593921509,0.321017016925,0.44684576988
112,4390,4740,1240,0.457295692191,0.201827533355,0.44942879676
113,4420,4780,1250,0.393025683137,0.628312286199,0.45218682289
114,4450,4820,1260,0.46021679461,0.221877613867,0.45666599273
115,4480,4860,1270,0.402985763603,0.612449696444,0.45927000045
116,4510,4900,1280,0.437901409307,0.152481339363,0.46487784385
117,4540,4940,1290,0.493264371273,0.259210300311,0.4675619602
118,4570,4980,1300,0.616222410142,1.71980013381,0.47063183784
119,4600,5020,1310,0.485100966356,0.185265834592,0.47325992584
120,4630,5080,1330,0.356922263679,1.10650367027,0.47697496414
121,4660,5120,1340,0.415603701947,0.0435563904172,0.47962379455
122,4690,5160,1350,0.361415105515,1.08304476138,0.48440790176
123,4720,5200,1360,0.485511194975,0.355830397249,0.4870898723
124,4750,5240,1370,0.455270783425,0.15292940784,0.49299597740
125,4780,5280,1380,0.438412024712,0.0626049591721,0.49565386772
126,4810,5320,1390,0.341320156738,0.992899266543,0.49852395057
127,4840,5360,1400,0.452796534057,0.119682691443,0.50111484527
128,4870,5400,1410,0.519633351959,0.898359951743,0.50406289100
129,4900,5440,1420,0.484984841525,0.377135520633,0.50682187080
130,4930,5500,1440,0.38342868891,1.14181703617,0.51045489311
131,4960,5540,1450,0.459395710621,0.425499862136,0.51331496238
132,4990,5580,1460,0.411379830748,0.602337332681,0.51778197288
133,5020,5620,1470,0.398491398609,0.569877741387,0.52037477493
134,5050,5660,1480,0.468752434816,0.0908267198256,0.52626395225
135,5080,5700,1490,0.441511402456,0.0665175103663,0.52892088890
136,5110,5740,1500,0.432690741383,0.0152684950846,0.53182196617
137,5140,5780,1510,0.446366332876,0.0494418404258,0.53451490402
138,5170,5820,1520,0.456280235595,0.0916582220486,0.53710889816
139,5200,5860,1530,0.501175736922,1.07668095832,0.53977680206
140,5230,5920,1550,0.477513045912,0.420964230883,0.54534697532
141,5260,5960,1560,0.457622851434,0.183481902808,0.54798483848
142,5290,6000,1570,0.498615817709,0.258425772324,0.55332589149
143,5320,6040,1580,0.490040961507,0.240734613751,0.55595779418
144,5350,6080,1590,0.422372570927,0.679355898055,0.5587749481
145,5380,6120,1600,0.473467312587,0.338566584611,0.5614697933
146,5410,6160,1610,0.501286461755,0.231805635822,0.56410098075
147,5440,6200,1620,0.405657032834,0.56782037883,0.57079982757
148,5470,6240,1630,0.552228034467,0.844005496519,0.57371377944
149,5500,6280,1640,0.43569284709,0.0318394864369,0.57653999328
150,5530,6340,1660,0.391823016398,0.620487659934,0.58030891418
151,5560,6380,1670,0.410329408008,0.595643130837,0.58298277854
152,5590,6420,1680,0.388320137284,0.411557884696,0.58568477630
153,5620,6460,1690,0.435290565042,0.0739993496333,0.58833479881
154,5650,6500,1700,0.43344462491,0.0761451399037,0.5910418033
155,5680,6540,1710,0.3484987447,1.01365192344,0.59367179870
156,5710,6580,1720,0.447474555448,0.0477882530827,0.59633183479
157,5740,6620,1730,0.352202759766,0.945553404687,0.5989449024
158,5770,6660,1740,0.456325492081,0.0473502261745,0.60162687301
159,5800,6700,1750,0.507474918606,0.469873497286,0.60448694229
160,5830,6760,1770,0.419017743321,0.0900398777409,0.60827779769
161,5860,6800,1780,0.472108863717,0.456556187686,0.61098098754
162,5890,6840,1790,0.364403873582,0.398864899698,0.61371493339
163,5920,6880,1800,0.534757430191,0.869781293614,0.61641788482
164,5950,6920,1810,0.344904191659,0.979885803057,0.61905097961
165,5980,6960,1820,0.513311683777,0.454129040555,0.62174081802
166,6010,7000,1830,0.398538401357,0.493323673795,0.62438178062
167,6040,7040,1840,0.392324809367,0.485414154534,0.62702298164
168,6070,7080,1850,0.536542095617,1.01053974894,0.62973785400
169,6100,7120,1860,0.494841849749,0.575352620136,0.63259696960
170,6130,7180,1880,0.499143695751,0.384487732691,0.63638377189
171,6160,7220,1890,0.31005866913,1.45398933837,0.63900399208
172,6190,7260,1900,0.362039271986,0.304454581842,0.6416938304
173,6220,7300,1910,0.482772148025,0.581125799142,0.64438080787
174,6250,7340,1920,0.353864096025,0.390688622953,0.64703679084
175,6280,7380,1930,0.47219187038,0.0891319394745,0.64973378181
176,6310,7420,1940,0.478724333968,0.559897688262,0.65240883827
177,6340,7460,1950,0.464367464027,0.579984532949,0.65513777732
178,6370,7500,1960,0.481319721478,0.561432815463,0.65784978866
179,6400,7540,1970,0.317829426779,0.822458680927,0.66044592857
180,6430,7600,1990,0.379481409907,0.35737884445,0.66416978836
181,6460,7640,2000,0.410921411693,0.583603534244,0.66696286201
182,6490,7680,2010,0.459602880049,0.0277341077266,0.66970276832
183,6520,7720,2020,0.347790286756,0.930802822077,0.67231488227
184,6550,7760,2030,0.55167087937,0.903187968452,0.67501592636
185,6580,7800,2040,0.426220385888,0.109655639046,0.67781877517
186,6610,7840,2050,0.424791725491,0.0509739093288,0.6804978847
187,6640,7880,2060,0.397832966618,0.443907558233,0.68316698074
188,6670,7920,2070,0.360760617152,0.320710414232,0.68587589263
189,6700,7960,2080,0.469214604148,0.640738094692,0.6886107921
190,6730,8020,2100,0.298807257535,1.34957437234,0.69251179695
191,6760,8060,2110,0.399551269969,0.503873601485,0.69526696205
192,6790,8100,2120,0.506954052075,0.567304479342,0.69805788993
193,6820,8140,2130,0.441485122764,0.0791546073872,0.7007658481
194,6850,8180,2140,0.429354362656,0.149985352726,0.70347785949
195,6880,8220,2150,0.592604607051,1.53467066807,0.70624184608
196,6910,8260,2160,0.376041663885,0.406830143764,0.70892977714
197,6940,8300,2170,0.498422378884,0.410012279972,0.71181082725
198,6970,8340,2180,0.471131866395,0.465581225803,0.71456885337
199,7000,8380,2190,0.591849445042,1.21640709488,0.71730494499
200,7030,8440,2210,0.345752787421,0.943410810045,0.72119998931
201,7060,8480,2220,0.560135739826,1.47350011611,0.72415995597
202,7090,8520,2230,0.33038805154,1.0008352675,0.72684788703
203,7120,8560,2240,0.446801161097,0.0277891749864,0.72958683967
204,7150,8600,2250,0.325115190496,0.869919783738,0.73220896720
205,7180,8640,2260,0.532114978437,0.937023007902,0.73492980003
206,7210,8680,2270,0.424617700689,0.018444030696,0.73771476745
207,7240,8720,2280,0.488943393678,0.416995478924,0.74043679237
208,7270,8760,2290,0.481587020761,0.26897045769,0.74321794509
209,7300,8800,2300,0.453187268098,0.182788475255,0.74615788459
210,7330,8860,2320,0.595905541666,1.16201888956,0.75041079521
211,7360,8900,2330,0.407723776583,0.636848301868,0.75321388244
212,7390,8940,2340,0.588095309388,1.21507745566,0.75601983070
213,7420,8980,2350,0.531191435548,0.80134751165,0.75883793830
214,7450,9020,2360,0.466395185653,0.246431321125,0.76164293289
215,7480,9060,2370,0.558559550712,1.16029145326,0.7643799781
216,7510,9100,2380,0.491327668664,0.0697092002394,0.76716995239
217,7540,9140,2390,0.529169078467,1.02546781688,0.76997900009
218,7570,9180,2400,0.393549188214,1.30212541134,0.77265095710
219,7600,9220,2410,0.597993788346,1.51938357012,0.77556300163
220,7630,9280,2430,0.471882918479,0.0610031286208,0.77952289581
221,7660,9320,2440,0.502133489346,0.0548733716174,0.78236484527
222,7690,9360,2450,0.361716370647,1.12786389227,0.78512382507
223,7720,9400,2460,0.508187488275,0.528481691091,0.78792691230
224,7750,9440,2470,0.365062582482,1.11044247839,0.79057884216
225,7780,9480,2480,0.44283472335,0.351164230406,0.79330182075
226,7810,9520,2490,0.485544216309,0.18149985766,0.79609799385
227,7840,9560,2500,0.427968866731,0.234439207976,0.79883098602
228,7870,9600,2510,0.54831700082,1.13193431717,0.80163478851
229,7900,9640,2520,0.403765368924,0.753741310227,0.80431890487
230,7930,9700,2540,0.405451346673,0.697785859393,0.80814194679
231,7960,9740,2550,0.520573018146,0.688977352087,0.81105279922
232,7990,9780,2560,0.492317192185,0.167127202106,0.81386899948
233,8020,9820,2570,0.391079566864,0.655066250825,0.81653285026
234,8050,9860,2580,0.448914372633,0.178408125234,0.81922197341
235,8080,9900,2590,0.422099124905,0.236751915337,0.82192683219
236,8110,9940,2600,0.541501006083,0.710271617003,0.82474088668
237,8140,9980,2610,0.521397359308,0.688571209921,0.82752180099
238,8170,10020,2620,0.435885449873,0.16439105422,0.83023595809
239,8200,10060,2630,0.479112100686,0.131732938713,0.83293795585
240,8230,10120,2650,0.435430375477,0.341435373059,0.83675980567
241,8260,10160,2660,0.45258701809,0.241229419848,0.83954286575
242,8290,10200,2670,0.587219290361,1.58736511065,0.84241080284
243,8320,10240,2680,0.566744217673,0.871099125642,0.84526300430
244,8350,10280,2690,0.550716892873,0.78249087778,0.84808087348
245,8380,10320,2700,0.393990624915,1.43524983207,0.8507068157
246,8410,10360,2710,0.435126640771,0.287085117897,0.8534770011
247,8440,10400,2720,0.521681137215,0.536657795841,0.85623097419
248,8470,10440,2730,0.416949371576,0.286124164832,0.85898494720
249,8500,10480,2740,0.428331955254,0.762134088051,0.86168694496
250,8530,10540,2760,0.436512478643,0.195249276013,0.86548495292
251,8560,10580,2770,0.488006259364,0.0686145601499,0.86836290359
252,8590,10620,2780,0.458652404764,0.381850165538,0.87113380432
253,8620,10660,2790,0.366817687803,0.580030103514,0.87385582923
254,8650,10700,2800,0.45972182742,0.230690851384,0.87655186653
255,8680,10740,2810,0.509825569515,0.558790921925,0.87933278083
256,8710,10780,2820,0.473865683202,0.104790042727,0.88211894035
257,8740,10820,2830,0.489206586357,0.0671018701302,0.8848059177
258,8770,10860,2840,0.431419642831,0.321120262138,0.88751196861
259,8800,10900,2850,0.398126661101,0.773481375776,0.89021086692
260,8830,10960,2870,0.527369770917,0.688231257713,0.89407682418
261,8860,11000,2880,0.54644933942,0.581296762342,0.89683079719
262,8890,11040,2890,0.362065495859,1.15354463209,0.89979982376
263,8920,11080,2900,0.352419546356,1.73839202227,0.90249896049
264,8950,11120,2910,0.403352982811,1.23375367329,0.9051928520
265,8980,11160,2920,0.480022567055,0.309667024337,0.90805292129
266,9010,11200,2930,0.442945338692,0.197210444201,0.91082191467
267,9040,11240,2940,0.406068965361,0.594505695836,0.91373586654
268,9070,11280,2950,0.564062231994,1.19186440829,0.91670393943
269,9100,11320,2960,0.433511407988,0.113005542972,0.91963696479
270,9130,11380,2980,0.403206185845,0.602169154696,0.92345190048
271,9160,11420,2990,0.389553459827,0.540689451745,0.92684578895
272,9190,11460,3000,0.474118353328,0.323563213506,0.92966580390
273,9220,11500,3010,0.435539585596,0.645866546737,0.93235182762
274,9250,11540,3020,0.431497880523,0.667723034682,0.93504285812
275,9280,11580,3030,0.404073506947,0.519048510451,0.93773388862
276,9310,11620,3040,0.538286201788,0.92865728015,0.9404599666
277,9340,11660,3050,0.419521288384,0.0412330129072,0.94316291809
278,9370,11700,3060,0.424242409841,0.104275013275,0.94588589668
279,9400,11740,3070,0.367633258251,0.473968885328,0.94856190681
280,9430,11800,3090,0.439887846756,0.102479188864,0.95249795913
281,9460,11840,3100,0.490016208218,0.316215669941,0.95534682273
282,9490,11880,3110,0.449047308095,0.49337422338,0.95814085006
283,9520,11920,3120,0.360648793475,1.00444044139,0.96105885505
284,9550,11960,3130,0.513146210001,0.765087298941,0.96402597427
285,9580,12000,3140,0.521806232854,0.307962552258,0.96733498573
286,9610,12040,3150,0.452215151276,0.150084212357,0.97026085853
287,9640,12080,3160,0.516360079816,0.817887201933,0.97326993942
288,9670,12120,3170,0.464906914271,0.40716969952,0.97615098953
289,9700,12160,3180,0.475038457363,0.354672937895,0.97903895378
290,9730,12220,3200,0.432401320804,0.0768965389249,0.98312783241
291,9760,12260,3210,0.48722903407,0.715906877647,0.98603487014
292,9790,12300,3220,0.376349115269,0.639215373177,0.989022970
293,9820,12340,3230,0.507267202908,0.776762882313,0.99197387695
294,9850,12380,3240,0.491012621791,0.183201963244,0.99488186836
295,9880,12420,3250,0.442565688072,0.245427754108,0.99773788452
296,9910,12460,3260,0.405023605059,0.69493911828,1.0005757808
297,9940,12500,3270,0.460649446988,0.201938574148,1.0034689903
298,9970,12540,3280,0.388938816171,0.628106374729,1.009191989
299,10000,12580,3290,0.426315165402,0.0543193128591,1.0121438503
300,10030,12640,3310,0.574516153477,1.24514979608,1.0209419727
301,10060,12680,3320,0.453899582612,0.262784511088,1.0244119167
302,10090,12720,3330,0.42655348056,0.693551153282,1.0273199081
303,10120,12760,3340,0.475621971804,0.320041366189,1.0302588939
304,10150,12800,3350,0.363839817035,0.976141073968,1.0330798625
305,10180,12840,3360,0.556471795073,1.42610333077,1.036042928
306,10210,12880,3370,0.418254823955,0.0887579959466,1.0395078659
307,10240,12920,3380,0.519383845364,0.150768443305,1.0424249172
308,10270,12960,3390,0.437273408852,0.15976642972,1.0452518463
309,10300,13000,3400,0.386963461177,0.515963538208,1.0481128692
310,10330,13060,3420,0.418067668669,0.795235693677,1.0524919033
311,10360,13100,3430,0.408469339497,0.584924699236,1.0554139614
312,10390,13140,3440,0.44509377729,0.136470203136,1.0583248138
313,10420,13180,3450,0.526973871819,0.8133155113,1.0615088939
314,10450,13220,3460,0.424942803245,0.0136256755106,1.0643618106
315,10480,13260,3470,0.611533168926,1.67150773006,1.0673398971
316,10510,13300,3480,0.455819121248,0.233976209671,1.075020790
317,10540,13340,3490,0.396624894222,0.597226397699,1.0782690048
318,10570,13380,3500,0.415265160269,0.730968529153,1.0810477733
319,10600,13420,3510,0.464392988701,0.141120020804,1.0839858055
320,10630,13480,3530,0.553543822714,0.673550771611,1.0882658958
321,10660,13520,3540,0.509330599248,0.729145503925,1.0912477970
322,10690,13560,3550,0.538213654537,0.663223783289,1.0943729877
323,10720,13600,3560,0.491337413384,0.181928841639,1.0972399711
324,10750,13640,3570,0.479480096807,0.194206948869,1.1001298427
325,10780,13680,3580,0.466332640311,0.371074528801,1.103321790
326,10810,13720,3590,0.38700211998,0.629379149332,1.1062958240
327,10840,13760,3600,0.41597550581,0.0569296357775,1.109546899
328,10870,13800,3610,0.435737962944,0.739545102379,1.1153090000
329,10900,13840,3620,0.398394419757,0.51344889245,1.1197037696
330,10930,13900,3640,0.481541331973,0.22488070974,1.1241688728
331,10960,13940,3650,0.385002556504,0.479866448708,1.1270918846
332,10990,13980,3660,0.393286290128,0.608882527568,1.1300699710
333,11020,14020,3670,0.484086657185,0.315260849036,1.133017778
334,11050,14060,3680,0.406259548461,0.598610940262,1.1362559795
335,11080,14100,3690,0.456806956626,0.37811834566,1.1391999721
336,11110,14140,3700,0.449811370069,0.137150135947,1.1420757770
337,11140,14180,3710,0.471983917925,0.415634820814,1.1451249122
338,11170,14220,3720,0.436661174518,0.156196773163,1.1479799747
339,11200,14260,3730,0.548541513063,0.749927900851,1.1510069370
340,11230,14320,3750,0.420803005811,0.127837655246,1.1588289737
341,11260,14360,3760,0.539980096531,0.687590825308,1.1622247695
342,11290,14400,3770,0.563628461691,1.19449191271,1.1653599739
343,11320,14440,3780,0.38399557613,0.624293203464,1.168444871
344,11350,14480,3790,0.417657739044,0.629957377212,1.1713359355
345,11380,14520,3800,0.501392026754,0.212465048813,1.174415826
346,11410,14560,3810,0.486559045583,0.154792412712,1.1773328781
347,11440,14600,3820,0.553659076298,1.18655128547,1.1802837848
348,11470,14640,3830,0.390061914418,0.0703070549191,1.1831867694
349,11500,14680,3840,0.407767142906,0.646442891629,1.1862559318
350,11530,14740,3860,0.36654300093,1.09531506876,1.1904850006
351,11560,14780,3870,0.480011765682,0.289717786569,1.1933839321
352,11590,14820,3880,0.425433167244,0.18324950495,1.2006568908
353,11620,14860,3890,0.394191481145,0.531954297372,1.2034959793
354,11650,14900,3900,0.480800751696,0.318567121496,1.2067317962
355,11680,14940,3910,0.474910346075,0.386684390372,1.2096648216
356,11710,14980,3920,0.363672465277,1.0912846748,1.2125217914
357,11740,15020,3930,0.407637795928,0.623912852554,1.2155969142
358,11770,15060,3940,0.420307353773,0.0205508463331,1.2186079025
359,11800,15100,3950,0.387735764199,0.555383493163,1.2214198112
360,11830,15160,3970,0.35849982638,0.955404104231,1.225820779
361,11860,15200,3980,0.501823687937,0.393063033023,1.2286999225
362,11890,15240,3990,0.524758983576,0.992224569185,1.2315638065
363,11920,15280,4000,0.257145024395,1.22125916892,1.2344899177
364,11950,15320,4010,0.508331012911,0.407232343867,1.242469787
365,11980,15360,4020,0.531345020705,0.954793577039,1.245341777
366,12010,15400,4030,0.437228297724,0.191893508708,1.2485778331
367,12040,15440,4040,0.524666541032,0.877050746772,1.2515439987
368,12070,15480,4050,0.520371734211,0.860173099042,1.2544579505
369,12100,15520,4060,0.485011063605,0.95119955959,1.2575428485
370,12130,15580,4080,0.537292196413,0.660901468584,1.2616899013
371,12160,15620,4090,0.415521248686,0.790921458502,1.264541864
372,12190,15660,4100,0.477257922251,0.276881530871,1.2676389217
373,12220,15700,4110,0.433918535474,0.269657449613,1.2705409526
374,12250,15740,4120,0.517592707373,0.662615601557,1.2734339237
375,12280,15780,4130,0.450062324992,0.815021323323,1.2762918472
376,12310,15820,4140,0.416763862044,0.750268384854,1.2843608856
377,12340,15860,4150,0.467144277055,0.337512805886,1.2872579097
378,12370,15900,4160,0.490935716734,0.277323277933,1.2904567718
379,12400,15940,4170,0.462556600306,0.301964005912,1.2933537960
380,12430,16000,4190,0.435556593328,0.23859963796,1.2974078655
381,12460,16040,4200,0.528404620478,0.613919791725,1.30059385
382,12490,16080,4210,0.419111929151,0.108240183163,1.3034958839
383,12520,16120,4220,0.456418828981,0.247372132613,1.3064677715
384,12550,16160,4230,0.469668312833,0.317989055889,1.3097138404
385,12580,16200,4240,0.453164607754,0.0999458751737,1.3125948905
386,12610,16240,4250,0.415026039193,0.632910188084,1.3154017925
387,12640,16280,4260,0.358714916047,1.11280684822,1.3235838413
388,12670,16320,4270,0.484457636326,0.326933748657,1.3265588283
389,12700,16360,4280,0.492137972453,0.283283024909,1.3296778202
390,12730,16420,4300,0.388972242067,0.535682527456,1.3337559
391,12760,16460,4310,0.518704575721,1.04188252831,1.3369359970
392,12790,16500,4320,0.521910296494,0.70031687231,1.3402559757
393,12820,16540,4330,0.417511155287,0.732111854248,1.3431248664
394,12850,16580,4340,0.467038729316,0.405420023389,1.3468089103
395,12880,16620,4350,0.596606991461,1.5512448031,1.3499908447
396,12910,16660,4360,0.464758854243,0.350569928248,1.3528368473
397,12940,16700,4370,0.37727893336,0.521452577051,1.3556888103
398,12970,16740,4380,0.458998023009,0.349677424577,1.358649969
399,13000,16780,4390,0.490389568534,0.214390256293,1.3667688369
400,13030,16840,4410,0.456543857205,0.364641462008,1.3709619045
401,13060,16880,4420,0.410090496743,0.184143094064,1.373925924
402,13090,16920,4430,0.414321879663,0.73087409003,1.3767609596
403,13120,16960,4440,0.631538808261,1.96611843535,1.3797869682
404,13150,17000,4450,0.54191738556,0.963319353993,1.3830149173
405,13180,17040,4460,0.421804734071,0.769316300067,1.3859949111
406,13210,17080,4470,0.492964226848,0.662256164473,1.3890829086
407,13240,17120,4480,0.443016872916,0.35043056539,1.3921778202
408,13270,17160,4490,0.513547095593,0.519807313129,1.3950829505
409,13300,17200,4500,0.488523798784,0.482408046182,1.3980698585
410,13330,17260,4520,0.417174356266,0.919395037168,1.4070069789
411,13360,17300,4530,0.558035079199,0.885010064097,1.4100139141
412,13390,17340,4540,0.471240198907,0.0336039022529,1.4130189418
413,13420,17380,4550,0.533569356109,0.481543803969,1.4161319732
414,13450,17420,4560,0.43928454013,0.382190731599,1.4190318584
415,13480,17460,4570,0.44590468909,0.499721214679,1.4220919609
416,13510,17500,4580,0.523860365931,0.462539811585,1.4249808788
417,13540,17540,4590,0.434474229336,0.356339326568,1.4279389381
418,13570,17580,4600,0.49695160712,0.483586746165,1.4308588504
419,13600,17620,4610,0.441840254277,0.357629283291,1.4339108467
420,13630,17680,4630,0.500236773082,0.531765520842,1.4380970001
421,13660,17720,4640,0.504684847886,0.39286645151,1.4411849975
422,13690,17760,4650,0.448724484627,0.0522153927522,1.4494428634
423,13720,17800,4660,0.519341315257,0.0813888520141,1.4525249004
424,13750,17840,4670,0.492263538394,0.492923199125,1.4555008411
425,13780,17880,4680,0.489344732866,0.647683048105,1.4584188461
426,13810,17920,4690,0.47967223161,0.576076375647,1.4613168239
427,13840,17960,4700,0.570953638281,1.22858649986,1.4646458625
428,13870,18000,4710,0.471058411773,0.0900189445003,1.467571973
429,13900,18040,4720,0.509284192814,0.380783044873,1.4704799652
430,13930,18100,4740,0.477688456194,0.164145529703,1.474692821
431,13960,18140,4750,0.391204278135,1.91571505473,1.4775099754
432,13990,18180,4760,0.568075112727,0.883948168148,1.4804477691
433,14020,18220,4770,0.439961735216,1.02286863645,1.488442897
434,14050,18260,4780,0.491211060939,0.453416740587,1.4914247989
435,14080,18300,4790,0.476916117522,0.635466971378,1.4946279525
436,14110,18340,4800,0.441700679117,0.463953548093,1.4976129531
437,14140,18380,4810,0.441494725622,0.180524837205,1.5004949569
438,14170,18420,4820,0.533649687622,0.824633426937,1.5036029815
439,14200,18460,4830,0.458055373485,0.121132216092,1.5069859027
440,14230,18520,4850,0.438170751749,0.439189132625,1.5110719203
441,14260,18560,4860,0.493982198357,0.479157624516,1.516557931
442,14290,18600,4870,0.435692707722,0.258660505305,1.5190019607
443,14320,18640,4880,0.426857636463,0.385474299432,1.5225529670
444,14350,18680,4890,0.456622341634,0.464015957412,1.5271477699
445,14380,18720,4900,0.432448465046,0.255377825445,1.529917955
446,14410,18760,4910,0.442226248434,0.390192893224,1.5328087806
447,14440,18800,4920,0.47957395094,0.134347778999,1.5390009880
448,14470,18840,4930,0.399227665434,0.854422952656,1.5422968864
449,14500,18880,4940,0.414124489835,0.704090878559,1.5451729297
450,14530,18940,4960,0.460131290781,0.301016036783,1.5494058132
451,14560,18980,4970,0.279240199846,1.39529398976,1.5549190044
452,14590,19020,4980,0.422506055,0.74484385022,1.5610558986
453,14620,19060,4990,0.418191072153,0.161577643099,1.5640218257
454,14650,19100,5000,0.412832244461,0.0799649190127,1.5672948360
455,14680,19140,5010,0.421256421039,0.0771733002444,1.5702250003
456,14710,19180,5020,0.472964051576,0.298156095584,1.5729398727
457,14740,19220,5030,0.394674615085,0.646185985155,1.5783159732
458,14770,19260,5040,0.5854491518,1.25727400418,1.5814199447
459,14800,19300,5050,0.392454172118,0.637029111122,1.587719917
460,14830,19360,5070,0.504577719271,0.143467655661,1.5918679237
461,14860,19400,5080,0.386071070258,0.58327727701,1.595071792
462,14890,19440,5090,0.482271121331,0.24799016946,1.5980598926
463,14920,19480,5100,0.303954261495,1.51025257584,1.6008489131
464,14950,19520,5110,0.462021237222,0.0805888016886,1.6061728000
465,14980,19560,5120,0.392564202059,0.541090612364,1.6090397834
466,15010,19600,5130,0.27439067513,1.30749060972,1.6151618957
467,15040,19640,5140,0.283116458462,1.35292311305,1.6179158687
468,15070,19680,5150,0.534367564317,1.03674358264,1.6207978725
469,15100,19720,5160,0.404450333635,0.489625561251,1.6241989135
470,15130,19780,5180,0.456906646662,0.0189055173991,1.6282758712
471,15160,19820,5190,0.504786355562,0.428629028376,1.6336648464
472,15190,19860,5200,0.616552845335,1.33170165851,1.6366848945
473,15220,19900,5210,0.55333499034,0.81136856749,1.6429648399
474,15250,19940,5220,0.435870016866,0.0588867442792,1.6462008953
475,15280,19980,5230,0.400369372442,0.647108165868,1.6490638256
476,15310,20020,5240,0.43110238199,0.0344509981382,1.6519989967
477,15340,20060,5250,0.343865951797,1.00616562154,1.6547129154
478,15370,20100,5260,0.440641416612,0.0768247701386,1.6602959632
479,15400,20140,5270,0.312900556034,0.857050729841,1.6633019447
480,15430,20200,5290,0.494975317573,0.444061908298,1.672177791
481,15460,20240,5300,0.527501739463,1.00180108966,1.6752197742
482,15490,20280,5310,0.50280710158,0.37945279574,1.678515911
483,15520,20320,5320,0.382317693311,1.0386843682,1.681478977
484,15550,20360,5330,0.474221215755,0.138158436504,1.6843159198
485,15580,20400,5340,0.464705008282,0.0420775450563,1.6896078586
486,15610,20440,5350,0.27785481611,1.33919858564,1.6923978328
487,15640,20480,5360,0.530762033116,1.06608852568,1.695227861
488,15670,20520,5370,0.499494044329,0.475103446951,1.7015829086
489,15700,20560,5380,0.423928088938,0.0440580680948,1.7043578624
490,15730,20620,5400,0.512265958058,0.989614496224,1.7090299129
491,15760,20660,5410,0.514109510763,0.316999420963,1.7143068313
492,15790,20700,5420,0.441943544683,0.078287917192,1.7171909809
493,15820,20740,5430,0.503221102536,0.340901707083,1.7201099395
494,15850,20780,5440,0.419784859579,0.0405313937041,1.726210832
495,15880,20820,5450,0.543392445209,0.764118924369,1.729146957
496,15910,20860,5460,0.513665584578,0.810427794654,1.7323977947
497,15940,20900,5470,0.385879917697,0.474389017284,1.735384941
498,15970,20940,5480,0.398664627746,0.560260319639,1.7381238937
499,16000,20980,5490,0.329940329459,0.950236003898,1.7407767772
500,16030,21040,5510,0.456304019374,0.0777786603299,1.7449438571
501,16060,21080,5520,0.382839564523,0.51001024388,1.7477087974
502,16090,21120,5530,0.535925795896,0.978568215598,1.7529509067
503,16120,21160,5540,0.358901381061,0.433987264664,1.7558817863
504,16150,21200,5550,0.34304243617,0.322410651228,1.7620389461
505,16180,21240,5560,0.473819243602,0.385459298758,1.7650477886
506,16210,21280,5570,0.292450182799,1.44147985588,1.7681899070
507,16240,21320,5580,0.330601806191,0.810660989733,1.7709159851
508,16270,21360,5590,0.472144260961,0.54928081182,1.7736508846
509,16300,21400,5600,0.422845410757,0.568969664982,1.7764139175
510,16330,21460,5620,0.433936581721,0.168196304631,1.7828729152
511,16360,21500,5630,0.564621838027,0.913757960338,1.7859029769
512,16390,21540,5640,0.463206964973,0.550660862777,1.7889099121
513,16420,21580,5650,0.521231763543,0.996409442782,1.7950987815
514,16450,21620,5660,0.520786096197,1.04446906745,1.7983567714
515,16480,21660,5670,0.408808450008,0.683520747596,1.8011229038
516,16510,21700,5680,0.462609369786,0.411112713079,1.8041069507
517,16540,21740,5690,0.352569786876,0.412769481796,1.8093199729
518,16570,21780,5700,0.388478729576,0.56652723193,1.8122088909
519,16600,21820,5710,0.464128691501,0.115429126376,1.8183689117
520,16630,21880,5730,0.401652573393,0.553611254412,1.8228688240
521,16660,21920,5740,0.651276167966,2.29522580875,1.8259029388
522,16690,21960,5750,0.527024846822,0.826171108605,1.8288109302
523,16720,22000,5760,0.443828691939,0.16954927477,1.8342278003
524,16750,22040,5770,0.446614370533,0.1028595691,1.8369348049
525,16780,22080,5780,0.423510118908,0.720210564942,1.8429977893
526,16810,22120,5790,0.50254725247,0.357605037807,1.8462817668
527,16840,22160,5800,0.574028168582,1.13207070231,1.8492438793
528,16870,22200,5810,0.358095598346,1.10547819631,1.8521058559
529,16900,22240,5820,0.421717938296,0.0595878762133,1.8551228046
530,16930,22300,5840,0.304156068049,1.41098786886,1.8613817691
531,16960,22340,5850,0.410995857631,0.574344573474,1.8641870021
532,16990,22380,5860,0.497051135919,0.390606030363,1.8702309131
533,17020,22420,5870,0.50147455182,0.347559020319,1.8730278015
534,17050,22460,5880,0.447237381808,0.100154866702,1.8758988380
535,17080,22500,5890,0.444734363572,0.0624385380429,1.8791429996
536,17110,22540,5900,0.473401953412,0.44885562193,1.8820879459
537,17140,22580,5910,0.593724553255,1.0087242507,1.885047912
538,17170,22620,5920,0.426968764712,0.056456690976,1.8902719020
539,17200,22660,5930,0.320702633612,0.889530464976,1.8930919170
540,17230,22720,5950,0.490052112452,0.329966218377,1.897306919
541,17260,22760,5960,0.501613867916,0.500231766025,1.9034888744
542,17290,22800,5970,0.47481361693,0.358062280792,1.9062829017
543,17320,22840,5980,0.434252563501,0.124596794879,1.9093527793
544,17350,22880,5990,0.523457990564,0.728399392233,1.9124929904
545,17380,22920,6000,0.306330081172,1.49860288179,1.9151749610
546,17410,22960,6010,0.504565194664,0.852269073587,1.9204177856
547,17440,23000,6020,0.543972381915,1.2730959422,1.9234189987
548,17470,23040,6030,0.434613879009,0.259192073692,1.9263508319
549,17500,23080,6040,0.43140957668,0.138784737725,1.9293439388
550,17530,23140,6060,0.455444537134,0.294659015197,1.9365718364
551,17560,23180,6070,0.456379090707,0.400775284956,1.9399747848
552,17590,23220,6080,0.401489981067,0.599072311083,1.9451048374
553,17620,23260,6090,0.626451941997,1.55183450328,1.9479517936
554,17650,23300,6100,0.498519707922,0.721297835016,1.9507949352
555,17680,23340,6110,0.428355074072,0.248861233718,1.9568979740
556,17710,23380,6120,0.435732301333,0.154165108535,1.959756851
557,17740,23420,6130,0.44091532928,0.8000274617,1.9626538753
558,17770,23460,6140,0.41189216335,0.694830797042,1.965822935
559,17800,23500,6150,0.584143714056,1.1139421559,1.9689698219
560,17830,23560,6170,0.477520628469,0.221648601944,1.9731059074
561,17860,23600,6180,0.420199310094,0.281775707651,1.9760308265
562,17890,23640,6190,0.368519201762,1.18068378428,1.981193780
563,17920,23680,6200,0.341801325404,1.01250354476,1.984029769
564,17950,23720,6210,0.576099982224,1.21143841115,1.9870519638
565,17980,23760,6220,0.545471619564,0.709859086667,1.9900357723
566,18010,23800,6230,0.43338880391,0.307019964496,1.9962408542
567,18040,23840,6240,0.411455477291,0.66254448246,1.9991619586
568,18070,23880,6250,0.410410542572,0.0568282779306,2.0023939609
569,18100,23920,6260,0.412145890135,0.0834140378018,2.0053558349
570,18130,23980,6280,0.437618299533,0.192853100033,2.0092928409
571,18160,24020,6290,0.496743781819,0.240004222178,2.0122518539
572,18190,24060,6300,0.425908163048,0.0927317627457,2.017517805
573,18220,24100,6310,0.528737524177,0.616033831665,2.0204749107
574,18250,24140,6320,0.387797306181,0.584430556921,2.0265858173
575,18280,24180,6330,0.4210957034,0.692174852429,2.0298588275
576,18310,24220,6340,0.32318459072,0.927871398249,2.0327289104
577,18340,24260,6350,0.540907857882,0.870903749452,2.0356948375
578,18370,24300,6360,0.468745971104,0.391292312919,2.0386447906
579,18400,24340,6370,0.481073449737,0.405535504641,2.043707847
580,18430,24400,6390,0.389738996194,0.599219399722,2.0478987693
581,18460,24440,6400,0.584936697616,1.0874801571,2.050851821
582,18490,24480,6410,0.441582555316,0.188156728999,2.0570960044
583,18520,24520,6420,0.460257350096,0.214217549708,2.0600848197
584,18550,24560,6430,0.37318119102,1.12843361584,2.063364982
585,18580,24600,6440,0.503297673805,0.217135592482,2.0662589073
586,18610,24640,6450,0.498425483633,0.831921598919,2.0691728591
587,18640,24680,6460,0.47922316463,0.24446739416,2.072148799
588,18670,24720,6470,0.515964651934,0.762213306838,2.0777699947
589,18700,24760,6480,0.405303120149,0.636348386201,2.0806348323
590,18730,24820,6500,0.444432337137,0.213016008047,2.0848867893
591,18760,24860,6510,0.47824183497,0.217787654913,2.0912368297
592,18790,24900,6520,0.380013662439,1.25894380859,2.0944979190
593,18820,24940,6530,0.364942073188,0.415209412491,2.0973708629
594,18850,24980,6540,0.490164784305,0.204053679124,2.1004748344
595,18880,25020,6550,0.463132060127,0.217623867663,2.1059069633
596,18910,25060,6560,0.455281453936,0.204180973735,2.1089928150
597,18940,25100,6570,0.547494717382,0.819772263201,2.1155309677
598,18970,25140,6580,0.351013677933,1.07964232092,2.1186389923
599,19000,25180,6590,0.448441701266,0.195763043954,2.1219108104
600,19030,25240,6610,0.48374407248,0.378766817608,2.1260957717
601,19060,25280,6620,0.417021377469,0.0863328411542,2.1290109157
602,19090,25320,6630,0.428177867422,0.0394286085247,2.132546901
603,19120,25360,6640,0.384021447708,0.523209438988,2.1356937885
604,19150,25400,6650,0.541269348223,0.84784955079,2.1387767791
605,19180,25440,6660,0.436166335937,0.237410827335,2.1417248249
606,19210,25480,6670,0.475396488683,0.411590029815,2.1446039676
607,19240,25520,6680,0.401709263112,0.602451356174,2.1501088142
608,19270,25560,6690,0.493539416362,0.334437572072,2.1530978679
609,19300,25600,6700,0.405902921989,0.61875224162,2.156045913
610,19330,25660,6720,0.520535279173,1.00550314882,2.1636757850
611,19360,25700,6730,0.502342577147,0.249445443806,2.1667549610
612,19390,25740,6740,0.308419855387,1.50647066179,2.1699957847
613,19420,25780,6750,0.551256145744,0.736281276199,2.1730699539
614,19450,25820,6760,0.410149942096,0.646915302882,2.1760048866
615,19480,25860,6770,0.374903117047,1.08673276331,2.1789669990
616,19510,25900,6780,0.569081079731,1.37628123754,2.1818709373
617,19540,25940,6790,0.327712709976,0.900430245372,2.184549808
618,19570,25980,6800,0.460511413465,0.133306505788,2.1873018741
619,19600,26020,6810,0.272067607434,1.30387749486,2.1899449825
620,19630,26080,6830,0.42744726077,0.0648701489388,2.1938369274
621,19660,26120,6840,0.484928806961,0.566360721182,2.1965079307
622,19690,26160,6850,0.366382333111,0.343119118321,2.2015519142
623,19720,26200,6860,0.474492821857,0.41303241214,2.2042989730
624,19750,26240,6870,0.332356412895,0.895780598313,2.2071959972
625,19780,26280,6880,0.592234419076,1.41948057475,2.2107849121
626,19810,26320,6890,0.488862999579,0.390616418385,2.2169637680
627,19840,26360,6900,0.581735832033,1.17758282113,2.2201979160
628,19870,26400,6910,0.512061214852,0.915758613786,2.2237129211
629,19900,26440,6920,0.43846541856,0.0585207298545,2.2267608642
630,19930,26500,6940,0.595399252402,1.7115521787,2.2309968471
631,19960,26540,6950,0.40208696024,1.22756320386,2.2361788749
632,19990,26580,6960,0.429104555882,0.277595030683,2.2392599582
633,20020,26620,6970,0.499406764273,0.831594458302,2.2422418594
634,20050,26660,6980,0.408837995678,0.732760403801,2.2452449798
635,20080,26700,6990,0.431954139471,0.153324970812,2.2513618469
636,20110,26740,7000,0.451955418175,0.228304773007,2.2543649673
637,20140,26780,7010,0.362701179769,0.476665506824,2.2572629451
638,20170,26820,7020,0.44772378286,0.207477316118,2.2606208324
639,20200,26860,7030,0.460999703061,0.474003498619,2.2635838985
640,20230,26920,7050,0.500347424574,0.255704800604,2.2677118778
641,20260,26960,7060,0.438486514018,0.19099675074,2.2706627845
642,20290,27000,7070,0.447416834563,0.066404284042,2.2736577987
643,20320,27040,7080,0.505793345328,0.888653765412,2.2791137695
644,20350,27080,7090,0.437368668109,0.210568912691,2.2855148315
645,20380,27120,7100,0.553701695175,1.1853554886,2.2886638641
646,20410,27160,7110,0.456455750526,0.283227861909,2.2915878295
647,20440,27200,7120,0.476412492872,0.254011187848,2.294572830
648,20470,27240,7130,0.518769030676,0.583055230809,2.2975549697
649,20500,27280,7140,0.536030058041,0.531732491443,2.3008689880
650,20530,27340,7160,0.502473936224,0.626107345125,2.3051638603
651,20560,27380,7170,0.444362218329,0.251806907778,2.3105747699
652,20590,27420,7180,0.415375582584,0.833512698218,2.3136188983
653,20620,27460,7190,0.477308297836,0.422505166396,2.3166918754
654,20650,27500,7200,0.461671258437,0.327711572564,2.3230028152
655,20680,27540,7210,0.476035942649,0.184962472897,2.3259518146
656,20710,27580,7220,0.438280693572,0.248188902683,2.3288998603
657,20740,27620,7230,0.511481139302,0.512101388147,2.3320398330
658,20770,27660,7240,0.574679556401,1.01364012285,2.3355259895
659,20800,27700,7250,0.383291639134,1.20931560659,2.3384637832
660,20830,27760,7270,0.389411031554,0.71288023668,2.3425369262
661,20860,27800,7280,0.4206063045,0.168634618059,2.3455269336
662,20890,27840,7290,0.417544039528,0.160862962693,2.3484477996
663,20920,27880,7300,0.49210788793,0.268859026448,2.3538057804
664,20950,27920,7310,0.439339777018,0.191118218295,2.3567528724
665,20980,27960,7320,0.613265513632,1.5708276474,2.3597519397
666,21010,28000,7330,0.454790356702,0.410910474456,2.3660178184
667,21040,28040,7340,0.433678509484,0.79479126699,2.3689308166
668,21070,28080,7350,0.406808194486,0.716953740003,2.3718628883
669,21100,28120,7360,0.41332653693,0.0247533169948,2.3754909038
670,21130,28180,7380,0.480512363528,0.241633063766,2.3801958560
671,21160,28220,7390,0.430681628446,0.160714795537,2.3832228183
672,21190,28260,7400,0.481691842751,0.240462951436,2.3884968757
673,21220,28300,7410,0.380617952664,1.15494125936,2.3913938999
674,21250,28340,7420,0.403950241862,0.638159723295,2.3975358009
675,21280,28380,7430,0.394248665932,0.623162157454,2.400309801
676,21310,28420,7440,0.517382060143,0.7209491652,2.4036200046
677,21340,28460,7450,0.47683151544,0.374402672396,2.4065167903
678,21370,28500,7460,0.438911378247,0.21144418445,2.4094197750
679,21400,28540,7470,0.496274456022,0.327785065807,2.4124188423
680,21430,28600,7490,0.531292832551,0.691746147219,2.4191038608
681,21460,28640,7500,0.45620244098,0.196084514217,2.4221138954
682,21490,28680,7510,0.367258385141,0.541049998981,2.4250028133
683,21520,28720,7520,0.369915096379,1.12746424649,2.4310817718
684,21550,28760,7530,0.527818232682,0.884749392736,2.4340407848
685,21580,28800,7540,0.584905647193,1.12019490344,2.437005996
686,21610,28840,7550,0.344995859487,1.06679940892,2.4402818679
687,21640,28880,7560,0.371025119662,1.17019754205,2.4431729316
688,21670,28920,7570,0.462234806535,0.221025375359,2.4460678100
689,21700,28960,7580,0.595880320287,1.20794757075,2.4490289688
690,21730,29020,7600,0.459389398345,0.235056985557,2.4556808471
691,21760,29060,7610,0.422139603506,0.642889102533,2.458587884
692,21790,29100,7620,0.448936531613,0.155747516339,2.4646699428
693,21820,29140,7630,0.539649395256,0.781034891096,2.4678649902
694,21850,29180,7640,0.419132875574,0.723663201325,2.4707407951
695,21880,29220,7650,0.475810185499,0.260394778386,2.4739298820
696,21910,29260,7660,0.413505658743,0.614448220464,2.4769229888
697,21940,29300,7670,0.509919598045,0.30486171598,2.4797499179
698,21970,29340,7680,0.416852189982,0.068062749006,2.4825549125
699,22000,29380,7690,0.443610849061,0.0626286705382,2.4854278564
700,22030,29440,7710,0.353118067968,0.334984847173,2.4920618534
701,22060,29480,7720,0.597709657118,1.36482908154,2.4950449466
702,22090,29520,7730,0.431795464373,0.0618135625629,2.501240968
703,22120,29560,7740,0.375248377686,0.403347628053,2.5041549205
704,22150,29600,7750,0.485698630612,0.346642158541,2.5070929527
705,22180,29640,7760,0.459660133254,0.431053317637,2.5103218555
706,22210,29680,7770,0.571140036638,1.20511686011,2.5132219791
707,22240,29720,7780,0.475960384542,0.298348704954,2.5161798000
708,22270,29760,7790,0.401078257292,0.641671835226,2.5215129852
709,22300,29800,7800,0.465946085375,0.312928038964,2.5243759155
710,22330,29860,7820,0.420264551828,0.144548928851,2.5285007953
711,22360,29900,7830,0.451269170874,0.247994079109,2.5346767902
712,22390,29940,7840,0.545960301761,1.26637545194,2.5377299785
713,22420,29980,7850,0.5216544823,0.688200463526,2.540676832
714,22450,30020,7860,0.516414465748,0.621177528472,2.5440728664
715,22480,30060,7870,0.401692932499,0.65207594826,2.5469248294
716,22510,30100,7880,0.398166735986,0.607686485176,2.5537559986
717,22540,30140,7890,0.519691719411,0.687229514392,2.5568208694
718,22570,30180,7900,0.544243561456,1.13657300699,2.5604658126
719,22600,30220,7910,0.437806301666,0.211063380862,2.5634248256
720,22630,30280,7930,0.461695516826,0.374999475748,2.5684609413
721,22660,30320,7940,0.504462906944,0.0326886348558,2.5729677677
722,22690,30360,7950,0.394410200718,0.736789769104,2.5763838291
723,22720,30400,7960,0.414272779882,0.187261960131,2.5793559551
724,22750,30440,7970,0.430661198871,0.268675933055,2.5825839042
725,22780,30480,7980,0.429087567011,0.203077992424,2.585594892
726,22810,30520,7990,0.472197708619,0.251671949073,2.5885257720
727,22840,30560,8000,0.44634526838,0.226380548225,2.5915718078
728,22870,30600,8010,0.569918413631,1.09032598387,2.5947048664
729,22900,30640,8020,0.464770462605,0.333834595516,2.5974059104
730,22930,30700,8040,0.418298838925,0.723615991962,2.6017889976
731,22960,30740,8050,0.362095195438,1.09481479585,2.6047248840
732,22990,30780,8060,0.368254127748,1.05248792242,2.6076059341
733,23020,30820,8070,0.457158974132,0.184530750808,2.6107399463
734,23050,30860,8080,0.489261881019,0.223119108201,2.6148948669
735,23080,30900,8090,0.540120988647,0.761803593815,2.6191928386
736,23110,30940,8100,0.381198566882,0.559766515687,2.6228048801
737,23140,30980,8110,0.422900932664,0.0436282738135,2.6258537769
738,23170,31020,8120,0.484571826381,0.348353495511,2.6287999153
739,23200,31060,8130,0.530000139635,0.89626236571,2.631785869
740,23230,31120,8150,0.44046453431,0.188560238873,2.6362979412
741,23260,31160,8160,0.563921580124,1.20361667215,2.6393229961
742,23290,31200,8170,0.47492324633,0.228049663111,2.642286777
743,23320,31240,8180,0.410565009019,0.690450734005,2.6463928222
744,23350,31280,8190,0.390839469585,0.659024800063,2.649286985
745,23380,31320,8200,0.549984034407,0.583482715413,2.6526839733
746,23410,31360,8210,0.404012079982,0.652283835937,2.6556539535
747,23440,31400,8220,0.467717293805,0.29522846113,2.6588599681
748,23470,31440,8230,0.546316598594,0.634233140339,2.6618158817
749,23500,31480,8240,0.489102802778,0.174663172824,2.6647188663
750,23530,31540,8260,0.441538737159,0.135946259052,2.6688568592
751,23560,31580,8270,0.44164336962,0.219460647228,2.6720528602
752,23590,31620,8280,0.49659553705,0.83920559423,2.6751368045
753,23620,31660,8290,0.402289982903,0.625240342619,2.6781389713
754,23650,31700,8300,0.48042884996,0.216822861774,2.6810748577
755,23680,31740,8310,0.445986927102,0.235835930411,2.6841628551
756,23710,31780,8320,0.474455383277,0.149252630611,2.6872639656
757,23740,31820,8330,0.513687290301,0.808859772884,2.6911039352
758,23770,31860,8340,0.420763934239,0.702511135501,2.6947717666
759,23800,31900,8350,0.511451221284,0.125748245565,2.6975588798
760,23830,31960,8370,0.417222271057,0.711469271077,2.7016577720
761,23860,32000,8380,0.588601058675,1.00807066044,2.7048177719
762,23890,32040,8390,0.382475585089,0.564260214736,2.7079589366
763,23920,32080,8400,0.541415635371,0.674893945207,2.710879802
764,23950,32120,8410,0.443296855074,0.276133360566,2.7137999534
765,23980,32160,8420,0.5422921057,0.659232947619,2.7168989181
766,24010,32200,8430,0.497957406496,0.71276019646,2.7202417850
767,24040,32240,8440,0.35213178127,1.1175152452,2.7232499122
768,24070,32280,8450,0.460429034549,0.217953616034,2.7262809276
769,24100,32320,8460,0.373841469397,0.543646371397,2.7292490005
770,24130,32380,8480,0.506082666277,0.175875496825,2.734659910
771,24160,32420,8490,0.443915696689,0.29432165979,2.7379198074
772,24190,32460,8500,0.482273337389,0.13285234135,2.7408738136
773,24220,32500,8510,0.443166261243,0.200563041724,2.7438948154
774,24250,32540,8520,0.391309845455,0.530788816523,2.7468538284
775,24280,32580,8530,0.425514181714,0.753663655697,2.7497458457
776,24310,32620,8540,0.465245835855,0.365334189821,2.7527439594
777,24340,32660,8550,0.421376116076,0.123935719791,2.7559888362
778,24370,32700,8560,0.497457288849,0.244459310502,2.7592117786
779,24400,32740,8570,0.377734430876,0.582721533934,2.7622108459
780,24430,32800,8590,0.579701044138,1.08527051703,2.7668268680
781,24460,32840,8600,0.544908891666,0.616414231015,2.7701289653
782,24490,32880,8610,0.462167523995,0.358909945276,2.7730917930
783,24520,32920,8620,0.485862848601,0.250597750453,2.7763049602
784,24550,32960,8630,0.424163503814,0.147072334054,2.7804908752
785,24580,33000,8640,0.355452632955,1.14069471648,2.7835929393
786,24610,33040,8650,0.354469319665,0.993333701556,2.7865118980
787,24640,33080,8660,0.507037418215,0.290772736188,2.7901017665
788,24670,33120,8670,0.559170815769,1.211072405,2.7930889129
789,24700,33160,8680,0.472874866919,0.188155715109,2.7959759235
790,24730,33220,8700,0.473077145137,0.27711609277,2.8002698421
791,24760,33260,8710,0.536007997233,0.666898002569,2.8035798072
792,24790,33300,8720,0.40846126651,0.655592088066,2.8065748214
793,24820,33340,8730,0.425041847702,0.147751177143,2.8096179962
794,24850,33380,8740,0.447911277404,0.272668739859,2.8125729560
795,24880,33420,8750,0.439157857588,0.154415849559,2.8158009052
796,24910,33460,8760,0.485126181829,0.185154067277,2.8198919296
797,24940,33500,8770,0.356265197247,1.18877764461,2.8227968215
798,24970,33540,8780,0.500908563163,0.32005557638,2.8263139724
799,25000,33580,8790,0.442981010849,0.124073098897,2.8305368423
800,25030,33640,8810,0.642681030227,1.47719358141,2.8346488475
801,25060,33680,8820,0.424492606654,0.780999593619,2.8381178379
802,25090,33720,8830,0.483532133878,0.292944205222,2.8408827781
803,25120,33760,8840,0.380713343561,1.22487570329,2.8435738086
804,25150,33800,8850,0.504230959237,0.191767319339,2.8464789390
805,25180,33840,8860,0.486666007422,0.275303308407,2.8494038581
806,25210,33880,8870,0.481095589157,0.327703802422,2.8524849414
807,25240,33920,8880,0.548191783461,0.771077721838,2.8552908897
808,25270,33960,8890,0.514515631798,0.639813295145,2.8582358360
809,25300,34000,8900,0.430429506391,0.327451271239,2.8624649047
810,25330,34060,8920,0.347962618172,1.67001265081,2.8669009208
811,25360,34100,8930,0.486028676333,0.314267321648,2.8698837757
812,25390,34140,8940,0.459852402074,0.196306867805,2.8728079795
813,25420,34180,8950,0.422834101202,0.168910738983,2.8759839534
814,25450,34220,8960,0.346229799091,0.984605501717,2.8788399696
815,25480,34260,8970,0.482729697076,0.261357694808,2.881794929
816,25510,34300,8980,0.346442353191,1.0615479665,2.8848488330
817,25540,34340,8990,0.559904048896,1.2674323092,2.8880929946
818,25570,34380,9000,0.435123500191,0.0632702369341,2.890977859
819,25600,34420,9010,0.442047857137,0.237121811742,2.8939599990
820,25630,34480,9030,0.529206183297,0.854632980051,2.8982808589
821,25660,34520,9040,0.517934280548,0.810047701429,2.9012718200
822,25690,34560,9050,0.421467869254,0.139647630358,2.9042599201
823,25720,34600,9060,0.393747287112,0.65669132137,2.9072198867
824,25750,34640,9070,0.363539617166,1.06420498737,2.9104709625
825,25780,34680,9080,0.510511525531,0.273512908315,2.9133799076
826,25810,34720,9090,0.427753998233,0.116013513513,2.9165389537
827,25840,34760,9100,0.535127182863,0.783446246282,2.919509887
828,25870,34800,9110,0.494761968729,0.172970956519,2.9227237701
829,25900,34840,9120,0.468354613608,0.389100760158,2.9257509708
830,25930,34900,9140,0.341970951222,1.08663374134,2.9299128055
831,25960,34940,9150,0.573002802963,1.22244449091,2.9329268932
832,25990,34980,9160,0.368097236838,1.13285903512,2.9360997676
833,26020,35020,9170,0.408539811311,0.634839420834,2.9390118122
834,26050,35060,9180,0.607661718308,1.70891148405,2.9421799182
835,26080,35100,9190,0.525441287859,0.618475610582,2.9451069831
836,26110,35140,9200,0.460725225755,0.298908573869,2.9482867717
837,26140,35180,9210,0.449413000253,0.821570077525,2.9513328075
838,26170,35220,9220,0.465706613722,0.297422610764,2.9542617797
839,26200,35260,9230,0.405697659433,0.664022027866,2.9571068286
840,26230,35320,9250,0.44211647766,0.0606015352736,2.9616308212
841,26260,35360,9260,0.435297667394,0.1265160064,2.964531898
842,26290,35400,9270,0.510508260098,0.812042218369,2.9674768447
843,26320,35440,9280,0.470620365849,0.276672724942,2.9709308147
844,26350,35480,9290,0.458804223718,0.355014353445,2.9740028381
845,26380,35520,9300,0.374233206566,0.481888063582,2.9769029617
846,26410,35560,9310,0.414574467145,0.114031622931,2.9797928333
847,26440,35600,9320,0.46080600389,0.322206401814,2.9829208850
848,26470,35640,9330,0.470815099872,0.266697907549,2.9860749244
849,26500,35680,9340,0.54914086575,0.641128424503,2.9890167713
850,26530,35740,9360,0.450990449219,0.274518581928,2.9930558204
851,26560,35780,9370,0.444404803898,0.292109833169,2.9963347911
852,26590,35820,9380,0.476464251264,0.261342387434,2.9992640018
853,26620,35860,9390,0.422948056555,0.752078544759,3.0021579265
854,26650,35900,9400,0.424921359086,0.0864335682726,3.0051319599
855,26680,35940,9410,0.486330382405,0.309227486141,3.0083599090
856,26710,35980,9420,0.401853513263,0.696889025765,3.0111539363
857,26740,36020,9430,0.390362068139,0.610516522893,3.0140578746
858,26770,36060,9440,0.388471732074,0.58018309,3.016883850
859,26800,36100,9450,0.421878305374,0.0572582283615,3.0199937820
860,26830,36160,9470,0.43968130593,0.193099298508,3.0240218639
861,26860,36200,9480,0.340801602886,1.01440609129,3.0270287990
862,26890,36240,9490,0.448582253431,0.0367956075776,3.0302619934
863,26920,36280,9500,0.410683258095,0.598087284045,3.0330197811
864,26950,36320,9510,0.408186524593,0.105341357054,3.0358648300
865,26980,36360,9520,0.314097077611,0.7414837651,3.0388457775
866,27010,36400,9530,0.508506147207,0.467327300559,3.0420298576
867,27040,36440,9540,0.522836703644,0.958838070336,3.044971942
868,27070,36480,9550,0.279474236074,1.33594839444,3.0478568077
869,27100,36520,9560,0.531525600216,1.00230931181,3.050901889
870,27130,36580,9580,0.438421104457,0.637715400146,3.0555679798
871,27160,36620,9590,0.601869216282,1.16803199079,3.058539867
872,27190,36660,9600,0.5753725484,1.25210680638,3.0615358352
873,27220,36700,9610,0.439216061855,0.0458990337465,3.0644218921
874,27250,36740,9620,0.399705092182,0.540721484287,3.0678539276
875,27280,36780,9630,0.465752907643,0.407651372786,3.0708599090
876,27310,36820,9640,0.407806219875,0.651417314704,3.0737497806
877,27340,36860,9650,0.440712665401,0.168834789043,3.0771758556
878,27370,36900,9660,0.402553930779,0.601930069002,3.08049392
879,27400,36940,9670,0.628909113585,1.85225694766,3.0836517810
880,27430,37000,9690,0.474832530447,0.261783851159,3.0880367755
881,27460,37040,9700,0.438143978705,0.147782071309,3.0910508632
882,27490,37080,9710,0.40222910293,0.152156677569,3.0938649177
883,27520,37120,9720,0.384421597822,0.476553603503,3.0966057777
884,27550,37160,9730,0.429583208402,0.132865605776,3.0994119644
885,27580,37200,9740,0.38956097223,0.529522995432,3.1024208068
886,27610,37240,9750,0.359758593519,0.404554183554,3.1052389144
887,27640,37280,9760,0.440976815479,0.114430346853,3.1080799102
888,27670,37320,9770,0.453996976231,0.103340950007,3.1108257770
889,27700,37360,9780,0.469750533733,0.477047260125,3.1138348579
890,27730,37420,9800,0.336037871748,0.947991024627,3.1177599430
891,27760,37460,9810,0.472495795159,0.484538001849,3.1205999851
892,27790,37500,9820,0.397027575912,0.626901523607,3.1233658790
893,27820,37540,9830,0.449753768304,0.0668422729763,3.1264348030
894,27850,37580,9840,0.518945630384,0.94109613887,3.1292197704
895,27880,37620,9850,0.477053646325,0.156129756318,3.1321408748
896,27910,37660,9860,0.419209593574,0.593357737201,3.1349380016
897,27940,37700,9870,0.384525542594,0.462652418979,3.1379568576
898,27970,37740,9880,0.386579969879,0.527295495051,3.1406509876
899,28000,37780,9890,0.555787181361,0.773728736539,3.1435678005
900,28030,37840,9910,0.349834430897,0.995997059474,3.14739799
901,28060,37880,9920,0.48603129981,0.520803005317,3.150436878
902,28090,37920,9930,0.593338565059,1.37556914073,3.1532948017
903,28120,37960,9940,0.500000387163,0.322166034693,3.1562528610
904,28150,38000,9950,0.417474246443,0.0201453369826,3.1590428352
905,28180,38040,9960,0.443440346696,0.0426627304102,3.1620450019
906,28210,38080,9970,0.330393297382,1.58763741433,3.1646788120
907,28240,38120,9980,0.566357319207,1.30296770036,3.1675679683
908,28270,38160,9990,0.39153595072,0.488743881953,3.1703670024
909,28300,38200,10000,0.431329788205,0.0610595232206,3.1731529235
910,28330,38260,10020,0.544689175287,0.853700046579,3.177391767
911,28360,38300,10030,0.39791356438,0.590030101024,3.1803607940
912,28390,38340,10040,0.431984893042,0.0593551957753,3.1832668781
913,28420,38380,10050,0.480080768096,0.48117728123,3.1864788532
914,28450,38420,10060,0.510367878521,0.322954195452,3.1893219947
915,28480,38460,10070,0.390371854105,0.630144687385,3.1921658515
916,28510,38500,10080,0.464122561308,0.177395485502,3.194969892
917,28540,38540,10090,0.482779454339,0.436738454863,3.198077917
918,28570,38580,10100,0.466135609829,0.416177581619,3.2008988857
919,28600,38620,10110,0.502568404815,0.168032073596,3.2037308216
920,28630,38680,10130,0.339452060745,0.965394338167,3.2076108455
921,28660,38720,10140,0.440280915109,0.0555312123144,3.2107608318
922,28690,38760,10150,0.554738189259,0.810851274047,3.2137038707
923,28720,38800,10160,0.442573317563,0.148451477681,3.2164919376
924,28750,38840,10170,0.43425339179,0.0680645483794,3.2192659378
925,28780,38880,10180,0.398851218484,0.575759249531,3.2223348617
926,28810,38920,10190,0.323153203657,0.951404195574,3.2249829769
927,28840,38960,10200,0.518658469007,0.996368040601,3.2278249263
928,28870,39000,10210,0.437734913728,0.022210588707,3.230790853
929,28900,39040,10220,0.380441089936,1.13200327229,3.2335548400
930,28930,39100,10240,0.336642340976,0.900209863457,3.2375578880
931,28960,39140,10250,0.616284954816,2.00374579311,3.2406549453
932,28990,39180,10260,0.5961972513,1.12958813619,3.2435278892
933,29020,39220,10270,0.495472400169,0.767487568884,3.2463939189
934,29050,39260,10280,0.386535114015,0.60734905401,3.2491168975
935,29080,39300,10290,0.466486143625,0.460478867675,3.2520937919
936,29110,39340,10300,0.400707009359,0.619889827855,3.2548849582
937,29140,39380,10310,0.388247169558,0.570066350293,3.2577037811
938,29170,39420,10320,0.524242557494,0.840503592188,3.2608828544
939,29200,39460,10330,0.538750488857,0.608359419816,3.2637159824
940,29230,39520,10350,0.535941478596,0.671273809934,3.2676877975
941,29260,39560,10360,0.420093586478,0.798733368696,3.2704708576
942,29290,39600,10370,0.420576450243,0.167948110073,3.2734899520
943,29320,39640,10380,0.548493836881,0.665923917941,3.2764289379
944,29350,39680,10390,0.437604983615,0.809401851865,3.2792389392
945,29380,39720,10400,0.326266112017,0.965449105845,3.2822427749
946,29410,39760,10410,0.48499868928,0.359648103754,3.2850408554
947,29440,39800,10420,0.453941839447,0.321786312572,3.2877438068
948,29470,39840,10430,0.524723072969,0.866293213613,3.2906467914
949,29500,39880,10440,0.496583452918,0.252790265729,3.293689966
950,29530,39940,10460,0.442557311446,0.144809896782,3.2976598739
951,29560,39980,10470,0.559545499969,1.1260726631,3.3005199432
952,29590,40020,10480,0.429533789508,0.247740083382,3.3036158084
953,29620,40060,10490,0.32715521222,0.890408505285,3.3063838481
954,29650,40100,10500,0.429299882739,0.11645259555,3.3091218471
955,29680,40140,10510,0.43452830901,0.136678340199,3.3121058940
956,29710,40180,10520,0.434099023251,0.121715109618,3.3148729801
957,29740,40220,10530,0.412130738248,0.101947127836,3.317681789
958,29770,40260,10540,0.405048164304,0.0580855559702,3.320472955
959,29800,40300,10550,0.450969750372,0.135025793631,3.3236269950
960,29830,40360,10570,0.449698405796,0.223858025516,3.3276097774
961,29860,40400,10580,0.404493854292,0.692110174711,3.3310229778
962,29890,40440,10590,0.605151957408,1.14606868796,3.3343908786
963,29920,40480,10600,0.49330502712,0.307527059879,3.3374409675
964,29950,40520,10610,0.387104289864,0.621467661167,3.3404178619
965,29980,40560,10620,0.483843484376,0.286037873544,3.3434798717
966,30010,40600,10630,0.354058962712,1.07378186019,3.346299886
967,30040,40640,10640,0.472038489048,0.26562464532,3.3490548133
968,30070,40680,10650,0.492853405669,0.389721946773,3.3518657684
969,30100,40720,10660,0.362531788659,0.379140573113,3.3548469543
970,30130,40780,10680,0.412016860821,0.0699959677996,3.3588318824
971,30160,40820,10690,0.470088289491,0.478717190516,3.3617689609
972,30190,40860,10700,0.459185715822,0.197217649555,3.36478781
973,30220,40900,10710,0.493776122547,0.32968504315,3.3677129745
974,30250,40940,10720,0.360250370459,1.09799049473,3.3705289363
975,30280,40980,10730,0.401718592361,0.623115225223,3.3737368583
976,30310,41020,10740,0.507558408844,0.286978076948,3.3765189647
977,30340,41060,10750,0.465017500973,0.112269759508,3.3793349266
978,30370,41100,10760,0.404184337402,0.0864236560993,3.3820137977
979,30400,41140,10770,0.473045555808,0.414619726221,3.3837349414
980,30430,41200,10790,0.515699339311,0.82231110129,3.3864059448
981,30460,41240,10800,0.46795844209,0.401659169458,3.3892488479
982,30490,41280,10810,0.349554435282,1.04573312267,3.3920478820
983,30520,41320,10820,0.452483926986,0.175943861799,3.3949308395
984,30550,41360,10830,0.535845097826,1.27856825173,3.4002068042
985,30580,41400,10840,0.562748565527,0.660584639018,3.4033699035
986,30610,41440,10850,0.535207687177,0.617443742476,3.4063580036
987,30640,41480,10860,0.477981312271,0.25914214925,3.4093909263
988,30670,41520,10870,0.431156565486,0.146467445423,3.4153947830
989,30700,41560,10880,0.408525147869,0.106859213697,3.4185857772
990,30730,41620,10900,0.412862032612,0.714604691037,3.4227488040
991,30760,41660,10910,0.389414335813,0.540534186144,3.4279248714
992,30790,41700,10920,0.390963816449,0.575087785949,3.4308397769
993,30820,41740,10930,0.480180556798,0.420307649475,3.4368748664
994,30850,41780,10940,0.498860032596,0.253488549714,3.4398148059
995,30880,41820,10950,0.505985994113,0.213825396786,3.4426598548
996,30910,41860,10960,0.580423333747,1.16428276086,3.4460527896
997,30940,41900,10970,0.455509766914,0.382586030343,3.4489538669
998,30970,41940,10980,0.515365623425,1.17024307249,3.4542419910
999,31000,41980,10990,0.47853835984,0.182219760191,3.456675767
1000,31030,42040,11010,0.479977163931,0.103615693118,3.4634978771
