0,60,40,10,4.54001472949,3.69891224371,0.0074801445007
1,140,80,20,0.702799829265,1.57515989022,0.020159006118
2,220,120,30,0.480686327757,0.596836518173,0.024804115295
3,290,160,40,0.495221198959,0.512926646029,0.029877185821
4,380,200,50,0.497492445806,0.837088690667,0.03576803207
5,460,240,60,0.595640292585,0.945216278979,0.040679216384
6,550,280,70,0.644506187323,2.04868143833,0.045659065246
7,630,320,80,0.41677649172,0.744726924718,0.050072193145
8,710,360,90,0.476519314846,0.76685713835,0.054739236831
9,790,400,100,0.337517950488,1.12460562146,0.065307140350
10,870,740,260,0.530815035822,1.2665534193,0.082105159759
11,950,780,270,0.482646502039,0.122370149219,0.086820125579
12,1010,820,280,0.483384006128,0.0943424709478,0.090694189071
13,1100,860,290,0.461082089143,0.100678381742,0.096079111099
14,1180,900,300,0.471172120175,0.0935359141481,0.10061502456
15,1270,940,310,0.512728514403,0.232290128533,0.10574102401
16,1350,980,320,0.445211688212,0.376908952948,0.11310720443
17,1430,1020,330,0.567611478452,1.26454268272,0.11802101135
18,1520,1060,340,0.56066612305,1.43621324742,0.12323021888
19,1600,1100,350,0.508117209221,0.289543321964,0.12782216072
20,1680,1440,510,0.38963917891,0.607460274351,0.14766120910
21,1710,1480,520,0.530929782589,1.1012602544,0.15042304992
22,1740,1520,530,0.599844948504,1.64321681519,0.15600204467
23,1770,1560,540,0.475308155704,0.541943151804,0.15873217582
24,1800,1600,550,0.605785269514,1.43448296754,0.16151404380
25,1830,1640,560,0.394417875569,0.174889307122,0.16469120979
26,1860,1680,570,0.466797155846,0.472621144379,0.16750812530
27,1890,1720,580,0.432223881676,0.618193464334,0.17030119895
28,1920,1760,590,0.402491748067,0.184012833976,0.17298817634
29,1950,1800,600,0.43444715396,0.659776310779,0.17563414573
30,1980,2140,760,0.529381560856,0.937489346883,0.19285702705
31,2010,2180,770,0.594529798467,1.22772757341,0.19575405120
32,2040,2220,780,0.545116101379,0.738204044826,0.19890904426
33,2070,2260,790,0.572662967239,1.11490352012,0.20171022415
34,2100,2300,800,0.418954041944,0.236871892891,0.20450806617
35,2130,2340,810,0.611582080084,1.65567916753,0.20728421211
36,2160,2380,820,0.542822005417,1.06446412105,0.21050715446
37,2190,2420,830,0.462078086604,0.11351836683,0.21323323249
38,2220,2460,840,0.305194846555,1.31151446471,0.21591806411
39,2250,2500,850,0.451719414631,0.105212027658,0.21859216690
40,2280,2840,1010,0.444719076915,0.147389337116,0.23360013961
41,2310,2880,1020,0.417447296049,0.226788852869,0.24032402038
42,2340,2920,1030,0.58401518353,1.57038916141,0.24311614036
43,2370,2960,1040,0.389009320828,0.364678947049,0.24621415138
44,2400,3000,1050,0.403437766699,0.423949371164,0.24888110160
45,2430,3040,1060,0.449189618241,0.164800472916,0.25147223472
46,2460,3080,1070,0.61631562308,1.47581125143,0.2544801235
47,2490,3120,1080,0.474703382598,0.0691048170429,0.25755214691
48,2520,3160,1090,0.564506561471,0.884756887971,0.26024317741
49,2550,3200,1100,0.44402623568,0.082540221826,0.26289916038
50,2580,3540,1260,0.357923376287,0.95267619474,0.27874207496
51,2610,3580,1270,0.495716831293,0.487178503719,0.28221201896
52,2640,3620,1280,0.374843916111,0.388162918142,0.28510713577
53,2670,3660,1290,0.440041168055,0.184655885951,0.28770422935
54,2700,3700,1300,0.542608890372,0.904350609708,0.29059004783
55,2730,3740,1310,0.369733993255,0.339809687855,0.29321312904
56,2760,3780,1320,0.444569594884,0.551394832231,0.29659605026
57,2790,3820,1330,0.438380411371,0.101384253555,0.29920721054
58,2820,3860,1340,0.437570789392,0.0137860140716,0.30186820030
59,2850,3900,1350,0.589453581486,1.29619729446,0.30494618415
60,2880,4240,1510,0.342613404693,0.944370135295,0.32129716873
61,2910,4280,1520,0.508138212018,0.351871709438,0.32419610023
62,2940,4320,1530,0.478887013095,0.468980862446,0.32694411277
63,2970,4360,1540,0.416800121209,0.605746345545,0.32963919639
64,3000,4400,1550,0.47397362922,0.35651495145,0.3326990604
65,3030,4440,1560,0.530486720747,0.832462849864,0.3353922367
66,3060,4480,1570,0.522326681875,0.821942747643,0.33822321891
67,3090,4520,1580,0.46183242632,0.159626176931,0.3410351276
68,3120,4560,1590,0.493182410207,0.26951566571,0.34717416763
69,3150,4600,1600,0.414914745696,0.643722851702,0.34991407394
70,3180,4940,1760,0.426364163083,0.652049535368,0.36537218093
71,3210,4980,1770,0.470791757631,0.377399319823,0.36852502822
72,3240,5020,1780,0.478840938922,0.370521339428,0.37126111984
73,3270,5060,1790,0.43968066132,0.0677781931858,0.37418913841
74,3300,5100,1800,0.398917136782,0.567791927627,0.37688517570
75,3330,5140,1810,0.432640958961,0.0257355087899,0.38011002540
76,3360,5180,1820,0.552273610358,0.729270403634,0.38296914100
77,3390,5220,1830,0.421178395656,0.108022017201,0.38566303253
78,3420,5260,1840,0.378659582445,0.508263071877,0.38852000236
79,3450,5300,1850,0.555996691719,1.21659934505,0.3912861347
80,3480,5640,2010,0.517252925708,0.704437881431,0.4073271751
81,3510,5680,2020,0.489251734905,0.252823848742,0.41019415855
82,3540,5720,2030,0.498934718214,0.234371500476,0.41353416442
83,3570,5760,2040,0.480813386532,0.125588882348,0.41626811027
84,3600,5800,2050,0.382000273964,0.626073424109,0.41894912719
85,3630,5840,2060,0.422926246856,0.14015732505,0.42165207862
86,3660,5880,2070,0.398160047857,0.119866551826,0.42578220367
87,3690,5920,2080,0.465510052443,0.417473026346,0.42866110801
88,3720,5960,2090,0.474975181566,0.304465630325,0.43134403228
89,3750,6000,2100,0.460715717322,0.355179406178,0.43699216842
90,3780,6340,2260,0.511543257658,0.705622615685,0.45240116119
91,3810,6380,2270,0.466868637201,0.0956079837272,0.45545601844
92,3840,6420,2280,0.400676898728,0.0819033756826,0.45837712287
93,3870,6460,2290,0.417570844606,0.746034937673,0.46109414100
94,3900,6500,2300,0.380100817177,0.518210416061,0.46376609802
95,3930,6540,2310,0.408745350048,0.714012572662,0.46653223037
96,3960,6580,2320,0.437119479561,0.0876768478234,0.46926522254
97,3990,6620,2330,0.494035553622,0.34763263565,0.4722552299
98,4020,6660,2340,0.313380890027,1.54102138543,0.4775021076
99,4050,6700,2350,0.496427357418,0.312566541464,0.48024106025
100,4080,7040,2510,0.439868865893,0.0464866270085,0.49393010139
101,4110,7080,2520,0.381969457931,0.565664398347,0.49813818931
102,4140,7120,2530,0.43756160664,0.082098874744,0.50090312957
103,4170,7160,2540,0.495414308146,0.375795369675,0.5078091621
104,4200,7200,2550,0.494048314766,0.309513760347,0.51083922386
105,4230,7240,2560,0.400432183338,0.58940460279,0.51373219490
106,4260,7280,2570,0.374895579583,1.06479362508,0.51642608642
107,4290,7320,2580,0.400733666811,0.526649727065,0.51950812339
108,4320,7360,2590,0.532501697578,0.865306387665,0.52344703674
109,4350,7400,2600,0.608697180476,1.32689632132,0.52652716636
110,4380,7740,2760,0.495336784431,0.308592475605,0.5419502258
111,4410,7780,2770,0.36331296608,1.13425363919,0.54484319686
112,4440,7820,2780,0.390545082061,0.52058390378,0.54936623573
113,4470,7860,2790,0.586388494089,1.46331649078,0.55213022232
114,4500,7900,2800,0.380139595733,0.433164396992,0.55483222007
115,4530,7940,2810,0.44580178002,0.173325009725,0.55754423141
116,4560,7980,2820,0.489888830719,0.288264205445,0.56282901763
117,4590,8020,2830,0.419657856118,0.0357683783631,0.56558418273
118,4620,8060,2840,0.501505500032,0.251307115104,0.56857705116
119,4650,8100,2850,0.430221220239,0.0962851737658,0.57131004333
120,4680,8440,3010,0.402029571991,0.597840462259,0.58640408515
121,4710,8480,3020,0.47837768163,0.430670906092,0.58946108818
122,4740,8520,3030,0.409250070704,0.612224895322,0.59216308593
123,4770,8560,3040,0.437236433803,0.154968296735,0.59622311592
124,4800,8600,3050,0.379833833378,0.55791421218,0.60028815269
125,4830,8640,3060,0.560118236157,0.841579815519,0.60308718681
126,4860,8680,3070,0.438635427652,0.0885123240174,0.60608601570
127,4890,8720,3080,0.436860213057,0.0698248573623,0.60938215255
128,4920,8760,3090,0.483005033905,0.415024179688,0.61221003532
129,4950,8800,3100,0.50310098399,0.277144442424,0.6159021854
130,4980,9140,3260,0.396973543018,0.487415215674,0.62923717498
131,5010,9180,3270,0.475816473461,0.454376775907,0.63294816017
132,5040,9220,3280,0.440609539736,0.604370530987,0.63558816909
133,5070,9260,3290,0.48736093516,0.314069506543,0.63827705383
134,5100,9300,3300,0.332960905486,0.978644646989,0.64242506027
135,5130,9340,3310,0.506412532622,0.242126392375,0.64512515068
136,5160,9380,3320,0.422659161456,0.0324860633651,0.6477310657
137,5190,9420,3330,0.445999103477,0.0878089321784,0.6505801677
138,5220,9460,3340,0.350734629139,1.03581095906,0.6543991565
139,5250,9500,3350,0.336362571278,1.04820954194,0.65705013275
140,5280,9840,3510,0.473899626952,0.54356673021,0.67030501365
141,5310,9880,3520,0.437711579778,0.0465719000528,0.67402005195
142,5340,9920,3530,0.444737426166,0.0726474319641,0.67673611640
143,5370,9960,3540,0.548687115913,0.889330744651,0.67942214012
144,5400,10000,3550,0.452634288545,0.144589260359,0.68228411674
145,5430,10040,3560,0.390759939188,0.530671589744,0.68492221832
146,5460,10080,3570,0.479705139285,0.36642344318,0.68759012222
147,5490,10120,3580,0.48368054172,0.486244786147,0.69225716590
148,5520,10160,3590,0.538208907132,0.792918450517,0.69531607627
149,5550,10200,3600,0.427329620082,0.140310187509,0.69801712036
150,5580,10540,3760,0.504929760999,0.343087316703,0.71232414245
151,5610,10580,3770,0.403966709784,0.684294015687,0.71522712707
152,5640,10620,3780,0.368102753661,0.557272685629,0.71787309646
153,5670,10660,3790,0.494937397608,0.414008191587,0.72051620483
154,5700,10700,3800,0.547535138416,0.825399129136,0.72338223457
155,5730,10740,3810,0.53657039655,0.787228568821,0.72729015350
156,5760,10780,3820,0.361054369484,1.11928071783,0.73100805282
157,5790,10820,3830,0.479672508558,0.316370673779,0.7340512275
158,5820,10860,3840,0.421179273201,0.105947233597,0.73679614067
159,5850,10900,3850,0.457735188821,0.385666128411,0.74023509025
160,5880,11240,4010,0.487729245176,0.294397262493,0.75356507301
161,5910,11280,4020,0.44266141004,0.141782847149,0.7564752101
162,5940,11320,4030,0.460176189945,0.263184609802,0.75912022590
163,5970,11360,4040,0.481309069051,0.313918943104,0.76276516914
164,6000,11400,4050,0.524145356566,0.73158785346,0.7659320831
165,6030,11440,4060,0.373320283843,0.576851451961,0.76860117912
166,6060,11480,4070,0.374673060263,0.569525816722,0.77123403549
167,6090,11520,4080,0.430082452701,0.134384467327,0.77595901489
168,6120,11560,4090,0.547201607491,0.720379205624,0.7788941860
169,6150,11600,4100,0.388996146215,0.560987140622,0.78155112266
170,6180,11940,4260,0.438246168655,0.787962792219,0.79593014717
171,6210,11980,4270,0.494638230576,0.34256915125,0.79862308502
172,6240,12020,4280,0.337786894335,0.956262726483,0.8012242317
173,6270,12060,4290,0.446399598495,0.0724439368566,0.8038971424
174,6300,12100,4300,0.536062158391,0.823752514683,0.80768013000
175,6330,12140,4310,0.532095469577,0.755607846218,0.81043100357
176,6360,12180,4320,0.5347241084,1.15422382364,0.81317710876
177,6390,12220,4330,0.581026156431,0.982406125334,0.81729507446
178,6420,12260,4340,0.307062598862,1.51752679089,0.81987905502
179,6450,12300,4350,0.433469439423,0.116355298852,0.82251405715
180,6480,12640,4510,0.572332352709,0.990895187928,0.83729815483
181,6510,12680,4520,0.589652202477,1.45532121216,0.84022903442
182,6540,12720,4530,0.387328169229,0.626956332631,0.84378719329
183,6570,12760,4540,0.495233464416,0.457754364054,0.84673905372
184,6600,12800,4550,0.583072353453,1.62215833567,0.85072207450
185,6630,12840,4560,0.478081788443,0.157078425644,0.85340809822
186,6660,12880,4570,0.564295929905,0.959056647812,0.85633015632
187,6690,12920,4580,0.451572996408,0.431525252602,0.85896921157
188,6720,12960,4590,0.327027848154,1.61809446673,0.86162614822
189,6750,13000,4600,0.484855538694,0.164661389766,0.86434721946
190,6780,13340,4760,0.440870753621,0.258318325083,0.87999320030
191,6810,13380,4770,0.462690402585,0.179693729262,0.88273215293
192,6840,13420,4780,0.501524660303,0.0618519474719,0.88543820381
193,6870,13460,4790,0.545584544534,1.04210481248,0.88839316368
194,6900,13500,4800,0.492456087114,0.626597022946,0.89108014106
195,6930,13540,4810,0.552536044301,0.824237590759,0.89478015899
196,6960,13580,4820,0.360662473546,1.11592918385,0.89804410934
197,6990,13620,4830,0.452527421314,0.405997715462,0.90075421333
198,7020,13660,4840,0.554210391444,0.914364703938,0.90343904495
199,7050,13700,4850,0.476581954918,0.490641612389,0.90750622749
200,7080,14040,5010,0.544608136272,0.42859418716,0.92108917236
201,7110,14080,5020,0.472611845199,0.143762956285,0.9247460365
202,7140,14120,5030,0.478587757535,0.0283311159096,0.92758321762
203,7170,14160,5040,0.438992750632,0.345146138959,0.93030118942
204,7200,14200,5050,0.51514335472,0.467688014884,0.93402409553
205,7380,14240,5060,0.471507329114,0.00485764173848,0.94357109069
206,7410,14280,5070,0.47246987965,0.0359112575823,0.94627022743
207,7440,14320,5080,0.418096898268,0.406897270908,0.94912219047
208,7470,14360,5090,0.424113737579,0.88877246726,0.95176219940
209,7500,14400,5100,0.352573301112,1.79074957145,0.9543600082
210,7530,14740,5260,0.416749056725,0.679715977036,0.96927404403
211,7560,14780,5270,0.451591812186,0.330851908738,0.97205305099
212,7590,14820,5280,0.374238070084,0.552210410778,0.97470521926
213,7620,14860,5290,0.449647736787,0.194371118857,0.97852301597
214,7650,14900,5300,0.5467799956,1.23917832112,0.98160719871
215,7680,14940,5310,0.611807883604,1.99942842304,0.98441815376
216,7710,14980,5320,0.353762324664,1.13830100711,0.9870731830
217,7740,15020,5330,0.508150191811,0.487210808468,0.99149918556
218,7770,15060,5340,0.473296668236,0.247749167352,0.99426412582
219,7800,15100,5350,0.413186579786,0.72117409373,0.9969360828
220,7830,15440,5510,0.641341321074,2.04723253777,1.0130600929
221,7860,15480,5520,0.571006756502,1.40857046398,1.016876220
222,7890,15520,5530,0.436463460111,0.471589919572,1.0199851989
223,7920,15560,5540,0.504133409856,0.0365016366914,1.0227220058
224,7950,15600,5550,0.517843958017,0.380135952285,1.0272111892
225,7980,15640,5560,0.458235745897,0.529819001583,1.0299851894
226,8010,15680,5570,0.50011431239,0.425122408992,1.0329031944
227,8040,15720,5580,0.488149222315,0.458925707916,1.0360012054
228,8070,15760,5590,0.435687580691,1.15051994043,1.0386891365
229,8100,15800,5600,0.472135437858,0.546661935689,1.0414080619
230,8130,16140,5760,0.447070424208,0.158541282158,1.0564010143
231,8160,16180,5770,0.452779531114,0.451008269771,1.0592100620
232,8190,16220,5780,0.461532209229,0.930490788125,1.0628261566
233,8220,16260,5790,0.506734264112,0.589040049098,1.0662140846
234,8250,16300,5800,0.490645799262,0.589696631236,1.0689592361
235,8280,16340,5810,0.411533187413,0.833319437847,1.0716340541
236,8310,16380,5820,0.479482051926,0.184804822813,1.0760490894
237,8340,16420,5830,0.424597582726,0.251938100214,1.0787181854
238,8370,16460,5840,0.570051638951,0.994943174437,1.0814561843
239,8400,16500,5850,0.440613538975,0.36779973598,1.0841732025
240,8430,16840,6010,0.348487958131,1.14865551563,1.0992882251
241,8460,16880,6020,0.42656382095,0.278739768449,1.1029942035
242,8490,16920,6030,0.396428130413,0.68265722014,1.1062760353
243,8520,16960,6040,0.453314749466,0.29923226725,1.1091160774
244,8550,17000,6050,0.50447346159,0.809870586806,1.1133520603
245,8580,17040,6060,0.482363859416,0.0737371425174,1.1163640022
246,8610,17080,6070,0.393956643882,0.68871625285,1.1190521717
247,8640,17120,6080,0.421939929068,0.198125845203,1.1217241287
248,8670,17160,6090,0.487134016328,0.268820978145,1.1245381832
249,8700,17200,6100,0.480275630504,0.191502283921,1.1289141178
250,8730,17540,6260,0.490457241181,0.30521791951,1.1425302028
251,8760,17580,6270,0.344136142495,1.08235393158,1.1454210281
252,8790,17620,6280,0.536529568679,0.642066717208,1.1504042148
253,8820,17660,6290,0.422930508213,0.178499205677,1.1531770229
254,8850,17700,6300,0.38701022817,0.620440347229,1.1558251380
255,8880,17740,6310,0.347126718449,1.05354460909,1.1591291427
256,8910,17780,6320,0.449629367073,0.140235916405,1.1619210243
257,8940,17820,6330,0.383377335493,1.15515950603,1.1657581329
258,8970,17860,6340,0.385042662777,0.570963851618,1.1686460971
259,9000,17900,6350,0.506257443514,0.828722659933,1.1713750362
260,9030,18240,6510,0.516596618377,0.851057645495,1.1864590644
261,9060,18280,6520,0.509282563143,0.262605605104,1.1905450820
262,9090,18320,6530,0.457847858221,0.382311204934,1.1935701370
263,9120,18360,6540,0.382097000104,1.22708033857,1.1974852085
264,9150,18400,6550,0.406624397729,0.663373645943,1.2006402015
265,9180,18440,6560,0.41455087451,0.0622856257504,1.203329086
266,9210,18480,6570,0.433235147832,0.0536651442492,1.2060441970
267,9240,18520,6580,0.531948229824,0.792272277406,1.2091760635
268,9270,18560,6590,0.430600204147,0.151773890799,1.211901187
269,9300,18600,6600,0.438357674704,0.131762701599,1.2145612239
270,9330,18940,6760,0.348477846001,0.392898229129,1.2297880649
271,9360,18980,6770,0.52498596621,0.767274472827,1.233723163
272,9390,19020,6780,0.473232487191,0.383497265361,1.2364752292
273,9420,19060,6790,0.414933020315,0.710797295389,1.2405040264
274,9450,19100,6800,0.377283728726,0.512104251549,1.2431561946
275,9480,19140,6810,0.363556743441,0.404828860777,1.2458600997
276,9510,19180,6820,0.375434146982,0.530617810019,1.2485401630
277,9540,19220,6830,0.505000612695,0.956781557866,1.2515261173
278,9570,19260,6840,0.502621959103,0.270904836571,1.2544331550
279,9600,19300,6850,0.462616496294,0.380650230611,1.2574491500
280,9630,19640,7010,0.443265568934,0.137203742653,1.2736060619
281,9660,19680,7020,0.410625408671,0.0283047453139,1.277472019
282,9690,19720,7030,0.384086007573,0.523771477614,1.2803151607
283,9720,19760,7040,0.458135454891,0.0676690668243,1.2833321094
284,9750,19800,7050,0.458231286551,0.143423226016,1.2860500812
285,9780,19840,7060,0.322264799273,0.886273213778,1.2887501716
286,9810,19880,7070,0.423063956424,0.0461753441449,1.2917170524
287,9840,19920,7080,0.393989921579,0.530180153956,1.2957410812
288,9870,19960,7090,0.483693523269,0.450768789869,1.2985100746
289,9900,20000,7100,0.391150629299,0.607525926232,1.3014121055
290,9930,20340,7260,0.408193329384,0.531246527841,1.3171181678
291,9960,20380,7270,0.3397427307,0.889189121568,1.3197920322
292,9990,20420,7280,0.523145313907,0.389695132772,1.3227860927
293,10020,20460,7290,0.50163125993,0.421379993856,1.3267831802
294,10050,20500,7300,0.376131019716,0.365991253575,1.3294920921
295,10080,20540,7310,0.349342746769,0.211946569524,1.3324501514
296,10110,20580,7320,0.425349490954,0.146359213001,1.3354060649
297,10140,20620,7330,0.414385490103,0.102729435574,1.3381531238
298,10170,20660,7340,0.468867227527,0.554365189277,1.3427801132
299,10200,20700,7350,0.540586754886,0.892924188025,1.3455522060
300,10230,21040,7510,0.557690854924,0.850577764912,1.3615112304
301,10260,21080,7520,0.620765984225,1.67028674658,1.3646521568
302,10290,21120,7530,0.395000655072,0.570376989352,1.3673601150
303,10320,21160,7540,0.383199826464,0.510867475515,1.3700630664
304,10350,21200,7550,0.482887193903,0.282055235485,1.3729932308
305,10380,21240,7560,0.453086948788,0.0367500578295,1.3771190643
306,10410,21280,7570,0.514010665403,0.773464483958,1.3798880577
307,10440,21320,7580,0.406599257068,0.63923905585,1.382548093
308,10470,21360,7590,0.460739518603,0.47262185148,1.3858070373
309,10500,21400,7600,0.38116664985,0.460954762545,1.388655185
310,10530,21740,7760,0.410318118869,0.583312786664,1.4048521518
311,10560,21780,7770,0.40980489227,0.581052564375,1.4075641632
312,10590,21820,7780,0.442909946562,0.0695015814875,1.4113352298
313,10620,21860,7790,0.454326929125,0.0910952967402,1.4145040512
314,10650,21900,7800,0.50934372568,0.242725151457,1.4172480106
315,10680,21940,7810,0.502938685611,0.724635667583,1.4199910163
316,10710,21980,7820,0.459092263832,0.242833302777,1.4232230186
317,10740,22020,7830,0.429363892217,0.0623220716813,1.4261682033
318,10770,22060,7840,0.421284393985,0.055094814828,1.4289720058
319,10800,22100,7850,0.485048301622,0.368133769582,1.4331500530
320,10830,22440,8010,0.59356381392,1.15736568796,1.4491331577
321,10860,22480,8020,0.368731026435,1.14064294403,1.451920032
322,10890,22520,8030,0.379510680136,0.448082914505,1.4548380374
323,10920,22560,8040,0.439161367317,0.0572818196755,1.4575850963
324,10950,22600,8050,0.457794158722,0.408303602527,1.4603321552
325,10980,22640,8060,0.409798723673,0.735107156588,1.4629960060
326,11010,22680,8070,0.51552969303,0.915458401635,1.4664151668
327,11040,22720,8080,0.568281966665,1.24378544406,1.470445156
328,11070,22760,8090,0.469913266593,0.333352859944,1.4734261035
329,11100,22800,8100,0.530613998958,0.65450832036,1.4763991832
330,11130,23140,8260,0.489849336118,0.194374647037,1.4920711517
331,11160,23180,8270,0.415551393942,0.728166596379,1.4949262142
332,11190,23220,8280,0.486255991854,0.223019857448,1.4980821609
333,11220,23260,8290,0.393333693017,0.649323833026,1.5009031295
334,11250,23300,8300,0.326869203767,1.54557466479,1.5055241584
335,11280,23340,8310,0.478459965816,0.360361540749,1.508363008
336,11310,23380,8320,0.441755487994,0.0708976132048,1.5111780166
337,11340,23420,8330,0.388675810949,0.518440982748,1.5139880180
338,11370,23460,8340,0.537524450318,0.705868940575,1.5184950828
339,11400,23500,8350,0.335591117492,1.62314028893,1.5211701393
340,11430,23840,8510,0.461569267893,0.078331652968,1.5361871719
341,11460,23880,8520,0.551539104907,0.778926089527,1.5390481948
342,11490,23920,8530,0.547957523285,0.860784343895,1.5418732166
343,11520,23960,8540,0.375855805778,0.435893059895,1.5458230972
344,11550,24000,8550,0.423541415442,0.0521219566779,1.5487680435
345,11580,24040,8560,0.405281867491,0.0643314258468,1.5516490936
346,11610,24080,8570,0.527451120677,0.796066392808,1.5544002056
347,11640,24120,8580,0.439352701618,0.102133685576,1.5575821399
348,11670,24160,8590,0.401256576825,0.0547570617589,1.5615010261
349,11700,24200,8600,0.602466767774,1.1988155422,1.564208030
350,11730,24540,8760,0.454652724791,0.299636922022,1.5791950225
351,11760,24580,8770,0.358614908548,1.05559088357,1.5819501876
352,11790,24620,8780,0.443423008202,0.482950021675,1.5846700668
353,11820,24660,8790,0.431853558999,0.224719126847,1.587702035
354,11850,24700,8800,0.450841759491,0.18330186125,1.591680049
355,11880,24740,8810,0.462402913934,0.195374862625,1.5944180488
356,11910,24780,8820,0.349015107639,1.04381711051,1.5972330570
357,11940,24820,8830,0.393868514152,0.479199504555,1.5999190807
358,11970,24860,8840,0.381512693339,0.414208252535,1.603663206
359,12000,24900,8850,0.499189760137,1.03435071344,1.6065080165
360,12030,25240,9010,0.407264204768,0.62628389424,1.6217141151
361,12060,25280,9020,0.392342553197,0.476085135818,1.624457120
362,12090,25320,9030,0.3916647977,0.427127816877,1.627157211
363,12120,25360,9040,0.372166626768,0.364525088443,1.6321160793
364,12150,25400,9050,0.448195192559,0.0326159520352,1.636349201
365,12180,25440,9060,0.401244477742,0.503228042959,1.6403422355
366,12210,25480,9070,0.505033253298,0.389494273702,1.6430411338
367,12240,25520,9080,0.62026171567,1.44583703406,1.6457531452
368,12270,25560,9090,0.447512108611,0.0491564340077,1.6490550041
369,12300,25600,9100,0.384671803032,0.39392807563,1.6517381668
370,12330,25940,9260,0.507762415334,0.422062877962,1.6669311523
371,12360,25980,9270,0.350278268674,1.09839919132,1.6701281070
372,12390,26020,9280,0.328753480868,0.853669498986,1.6741240024
373,12420,26060,9290,0.501132949104,0.440713403589,1.6769061088
374,12450,26100,9300,0.425676067376,0.104064703138,1.679876089
375,12480,26140,9310,0.434019673616,0.120835230281,1.6827180385
376,12510,26180,9320,0.359388385142,0.44297132569,1.6932761669
377,12540,26220,9330,0.4238361121,0.0937136267422,1.6960861682
378,12570,26260,9340,0.475670998225,0.626019905528,1.6988542079
379,12600,26300,9350,0.429413310448,0.140717698589,1.7022850513
380,12630,26640,9510,0.391491637482,0.524041128307,1.7159080505
381,12660,26680,9520,0.490201667496,0.464219494625,1.7200291156
382,12690,26720,9530,0.327940472016,0.867097404832,1.7248601913
383,12720,26760,9540,0.386423640455,0.359554792109,1.7275021076
384,12750,26800,9550,0.416511345868,0.496612924093,1.7301690578
385,12780,26840,9560,0.320354352009,0.705531618624,1.7343201637
386,12810,26880,9570,0.324775503346,0.722981118089,1.7370491027
387,12840,26920,9580,0.454549996075,0.126399200507,1.7409780025
388,12870,26960,9590,0.576481814351,1.07402937654,1.7439360618
389,12900,27000,9600,0.376394761906,0.337747414423,1.7468872070
390,12930,27340,9760,0.328626139046,0.817747497566,1.7617011070
391,12960,27380,9770,0.390406906316,0.345708421813,1.7672262191
392,12990,27420,9780,0.520330871361,0.582071737446,1.7699751853
393,13020,27460,9790,0.34036583562,0.853480253924,1.7747240066
394,13050,27500,9800,0.568454130448,1.27380436164,1.7780301570
395,13080,27540,9810,0.479385753838,0.710901584821,1.7807860374
396,13110,27580,9820,0.498249279185,0.499352361632,1.7835161685
397,13140,27620,9830,0.486341334471,0.537502900635,1.7864530086
398,13170,27660,9840,0.435643323771,0.0772612801719,1.7908182144
399,13200,27700,9850,0.450603002805,0.0590383417645,1.7936060428
400,13230,28040,10010,0.547761831075,0.942660719404,1.8109011650
401,13260,28080,10020,0.42108515088,0.0822261518838,1.8136820793
402,13290,28120,10030,0.475313996958,0.433662473178,1.8164319992
403,13320,28160,10040,0.408220816099,0.553424205424,1.8199491500
404,13350,28200,10050,0.394779401859,0.495174648809,1.8226161003
405,13380,28240,10060,0.544042812902,1.00371183582,1.8253772258
406,13410,28280,10070,0.36536755891,0.393891043498,1.8282060623
407,13440,28320,10080,0.52760501746,1.04972928826,1.8328001499
408,13470,28360,10090,0.505031682975,0.40532791578,1.8355832099
409,13500,28400,10100,0.325166589483,0.890065148664,1.839193105
410,13530,28740,10260,0.43639761136,0.0677889742457,1.8571381568
411,13560,28780,10270,0.418239683051,0.637653237796,1.8603091239
412,13590,28820,10280,0.601157539976,1.3833738525,1.8630192279
413,13620,28860,10290,0.428064152487,0.0405807199104,1.8670451641
414,13650,28900,10300,0.411972438623,0.610936953948,1.8704011440
415,13680,28940,10310,0.429448543277,0.0440686175074,1.8731012344
416,13710,28980,10320,0.425514748885,0.0862127166179,1.8760221004
417,13740,29020,10330,0.428708959882,0.0938779314396,1.8803272247
418,13770,29060,10340,0.514930111511,1.02608026815,1.8832092285
419,13800,29100,10350,0.525886164586,0.79289572509,1.8859760761
420,13830,29440,10510,0.505285790952,0.296075925368,1.9029450416
421,13860,29480,10520,0.437277965997,0.176305780309,1.9069452285
422,13890,29520,10530,0.334110353102,1.61781642926,1.909612178
423,13920,29560,10540,0.602329743219,1.45475286251,1.9127302169
424,13950,29600,10550,0.477267499067,0.50181790144,1.9154541492
425,13980,29640,10560,0.401563428865,0.0779040572127,1.9181811809
426,14010,29680,10570,0.488657922806,0.157750522537,1.921119213
427,14040,29720,10580,0.389549835773,0.562954988798,1.925237178
428,14070,29760,10590,0.438664469812,0.102039829796,1.9279851913
429,14100,29800,10600,0.430466958368,0.0295251361705,1.9307861328
430,14130,30140,10760,0.468668618603,0.292362374248,1.9492511749
431,14160,30180,10770,0.452445224983,0.212225320581,1.9526271820
432,14190,30220,10780,0.601386003734,1.77818098023,1.9553971290
433,14220,30260,10790,0.462812134756,0.341104808882,1.9580981731
434,14250,30300,10800,0.469237534126,0.193566831333,1.9624800682
435,14280,30340,10810,0.45496859158,0.190898619481,1.9652621746
436,14310,30380,10820,0.446734244403,0.199375285131,1.9679360389
437,14340,30420,10830,0.414406730728,0.690935706954,1.9705450534
438,14370,30460,10840,0.509917959023,0.218384528803,1.976724147
439,14400,30500,10850,0.409664024975,0.694126704622,1.979351043
440,14430,30840,11010,0.451953959993,0.793180547159,1.9956061840
441,14460,30880,11020,0.424475898871,0.0948686394447,1.9984931945
442,14490,30920,11030,0.42454212686,0.0754696789872,2.0012161731
443,14520,30960,11040,0.41824022925,0.0502002628756,2.0041460990
444,14550,31000,11050,0.487556835036,0.39041148107,2.0082502365
445,14580,31040,11060,0.479724465173,0.175351448051,2.0109250545
446,14610,31080,11070,0.421719250519,0.0661981478823,2.0140731334
447,14640,31120,11080,0.461675735296,0.438201171537,2.0169360637
448,14670,31160,11090,0.440880123996,0.11398800048,2.0232200622
449,14700,31200,11100,0.434873015592,0.124285930278,2.0267882347
450,14730,31540,11260,0.415098017778,0.09756038425,2.0420701503
451,14760,31580,11270,0.406384732028,0.615203973332,2.0450770854
452,14790,31620,11280,0.409309761794,0.598737274248,2.0477321147
453,14820,31660,11290,0.499423861618,0.379479156048,2.0504682064
454,14850,31700,11300,0.537516824935,0.765165767014,2.0543801784
455,14880,31740,11310,0.479620422673,0.352866917501,2.0592780113
456,14910,31780,11320,0.497178233792,0.227241157274,2.0634732246
457,14940,31820,11330,0.393160572048,0.49704450259,2.0665440559
458,14970,31860,11340,0.30061770477,1.46061914914,2.069296121
459,15000,31900,11350,0.489589646926,0.350216793313,2.0722742080
460,15030,32240,11510,0.479505771562,0.302949487077,2.0865371227
461,15060,32280,11520,0.321389922952,1.52517236037,2.0892112255
462,15090,32320,11530,0.465826031915,0.142813192942,2.092727184
463,15120,32360,11540,0.335304152373,0.947790735248,2.101216077
464,15150,32400,11550,0.418302677454,0.0759469312978,2.1040081977
465,15180,32440,11560,0.554670458971,0.824417825841,2.1067590713
466,15210,32480,11570,0.401485126177,0.490410955175,2.1107292175
467,15240,32520,11580,0.394294267866,0.567575167535,2.1134920120
468,15270,32560,11590,0.436825328196,0.0407424222815,2.1175971031
469,15300,32600,11600,0.452588122494,0.0458876681503,2.1218011379
470,15330,32940,11760,0.37276958177,0.400272399062,2.1372070312
471,15360,32980,11770,0.537456275609,0.987175281485,2.143964052
472,15390,33020,11780,0.581882028396,1.28596287691,2.1467330455
473,15420,33060,11790,0.382095141694,0.382708419876,2.1494171619
474,15450,33100,11800,0.325080974272,0.842976691763,2.1520891189
475,15480,33140,11810,0.527349704672,0.392421191708,2.1571500301
476,15510,33180,11820,0.434013807924,0.0240893928713,2.1598980426
477,15540,33220,11830,0.446215036213,0.0383541107434,2.1629431247
478,15570,33260,11840,0.522182715179,0.825430430017,2.1669530868
479,15600,33300,11850,0.390549055834,0.527419930743,2.1697230339
480,15630,33640,12010,0.317383254685,0.794538572068,2.1904420852
481,15660,33680,12020,0.472703353257,0.486595450645,2.194541215
482,15690,33720,12030,0.291041337665,1.4011456575,2.1971840858
483,15720,33760,12040,0.386189696529,0.359843408548,2.1998140811
484,15750,33800,12050,0.392043606547,0.449025275636,2.202849149
485,15780,33840,12060,0.457257505789,0.0614140416805,2.2057540416
486,15810,33880,12070,0.55061939277,0.990109058931,2.2084760665
487,15840,33920,12080,0.388446707931,0.430239009022,2.211461067
488,15870,33960,12090,0.554116111378,1.05028571564,2.2156012058
489,15900,34000,12100,0.4847583625,0.489927511635,2.2183902263
490,15930,34340,12260,0.390017746516,0.485742587119,2.2349500656
491,15960,34380,12270,0.382939682291,0.395483668631,2.2377161979
492,15990,34420,12280,0.456028765806,0.536274839189,2.2405300140
493,16020,34460,12290,0.497272471059,0.384055246136,2.2432630062
494,16050,34500,12300,0.397156444566,0.511964289877,2.2463641166
495,16080,34540,12310,0.588681671862,1.46062919557,2.2491130828
496,16110,34580,12320,0.544113541565,0.949185026458,2.2518270015
497,16140,34620,12330,0.434547374719,0.0398125113056,2.2552812099
498,16170,34660,12340,0.52406260109,0.770478084627,2.2580342292
499,16200,34700,12350,0.528435591728,0.779842135026,2.2607400417
500,16230,35040,12510,0.572955303677,1.16217287142,2.2809290885
501,16260,35080,12520,0.386412564382,1.32456762029,2.2835772037
502,16290,35120,12530,0.382647430972,0.624447667178,2.2865030765
503,16320,35160,12540,0.529376667416,0.735762632753,2.2896380424
504,16350,35200,12550,0.386094297426,0.580278021706,2.2923381328
505,16380,35240,12560,0.527818438416,0.742199827415,2.2952711582
506,16410,35280,12570,0.378693959949,0.608309670431,2.2979550361
507,16440,35320,12580,0.463471739983,0.236633890006,2.301120042
508,16470,35360,12590,0.392356657864,0.553687080555,2.3037621974
509,16500,35400,12600,0.394212187961,0.573973558099,2.3065772056
510,16530,35740,12760,0.336707591043,0.337822083722,2.3239121437
511,16560,35780,12770,0.537394744812,0.804507142502,2.3266191482
512,16590,35820,12780,0.421518185379,0.0672352884469,2.3304290771
513,16620,35860,12790,0.460252416756,0.350140431061,2.3331680297
514,16650,35900,12800,0.687858138173,2.00411399811,2.3359260559
515,16680,35940,12810,0.509266819793,0.697233359469,2.338636159
516,16710,35980,12820,0.480234865938,0.137889967402,2.3413481712
517,16740,36020,12830,0.445959511993,0.295834915284,2.3441112041
518,16770,36060,12840,0.433498594294,0.78795225211,2.3467140197
519,16800,36100,12850,0.513906000714,0.686396046081,2.3515682220
520,16830,36440,13010,0.380081693758,1.235941312,2.3657982349
521,16860,36480,13020,0.432565215149,0.222338376886,2.3685870170
522,16890,36520,13030,0.396521733683,0.629570049524,2.3715291023
523,16920,36560,13040,0.397686690773,0.666530333361,2.3742051124
524,16950,36600,13050,0.389665952618,0.409968275216,2.3769111633
525,16980,36640,13060,0.479719117785,0.275150108367,2.3797330856
526,17010,36680,13070,0.426793793372,0.0616816502321,2.3824231624
527,17040,36720,13080,0.303290662632,1.43407615207,2.3853080272
528,17070,36760,13090,0.383413355141,0.398729717134,2.3879890441
529,17100,36800,13100,0.428598672038,0.0751341990975,2.3906650543
530,17130,37140,13260,0.48498942947,0.368968741682,2.4089000225
531,17160,37180,13270,0.533315262826,0.866158899234,2.4116342067
532,17190,37220,13280,0.315011749429,0.864075550182,2.4142432212
533,17220,37260,13290,0.470593489252,0.494083638959,2.4169239997
534,17250,37300,13300,0.587762719933,1.23633962823,2.4197211265
535,17280,37340,13310,0.482425226445,0.280467785797,2.4227800369
536,17310,37380,13320,0.498422483256,0.256125312298,2.4255030155
537,17340,37420,13330,0.462604908221,0.372610706091,2.4281880855
538,17370,37460,13340,0.377792654324,0.508509086263,2.4310050010
539,17400,37500,13350,0.513951698014,0.786308746903,2.4357070922
540,17430,37840,13510,0.478060330846,0.229420269067,2.4495041370
541,17460,37880,13520,0.34723929958,1.07334091921,2.4526400566
542,17490,37920,13530,0.469962017551,0.381693496675,2.4553060531
543,17520,37960,13540,0.523055573004,0.665547643205,2.4582350254
544,17550,38000,13550,0.486465291429,0.339025695496,2.4609520435
545,17580,38040,13560,0.545062159615,0.653672223189,2.4636270999
546,17610,38080,13570,0.537455526294,0.546593524356,2.4662940502
547,17640,38120,13580,0.518201457261,0.575488422422,2.4692370891
548,17670,38160,13590,0.391562914821,0.610862574302,2.4718561172
549,17700,38200,13600,0.367864500764,1.11386204026,2.4746360778
550,17730,38540,13760,0.39266247951,0.571158629669,2.4899730682
551,17760,38580,13770,0.440664219657,0.235658768296,2.4932520389
552,17790,38620,13780,0.387143240214,0.588270988378,2.4958682060
553,17820,38660,13790,0.501347595122,0.187251595906,2.4987430572
554,17850,38700,13800,0.623162398212,1.67522676504,2.5019202232
555,17880,38740,13810,0.439760451016,0.270126896168,2.504617214
556,17910,38780,13820,0.302508803666,1.48177854231,2.5072541236
557,17940,38820,13830,0.506715192916,0.921679007278,2.5100140571
558,17970,38860,13840,0.397045107146,0.624681509267,2.5126662254
559,18000,38900,13850,0.405496315421,0.562176009261,2.5152881145
560,18030,39240,14010,0.441776960263,0.094473265762,2.5313701629
561,18060,39280,14020,0.525128905857,0.727292331907,2.5341031551
562,18090,39320,14030,0.397196720605,0.557405166686,2.5372731685
563,18120,39360,14040,0.480351524711,0.400388011702,2.5400140285
564,18150,39400,14050,0.386191477558,0.557671340127,2.5428361892
565,18180,39440,14060,0.453287667948,0.174680924756,2.5455651283
566,18210,39480,14070,0.399666876092,0.526444892661,2.5482392311
567,18240,39520,14080,0.538822252296,0.814790464065,2.5509951114
568,18270,39560,14090,0.349200421793,1.04175828684,2.5538451671
569,18300,39600,14100,0.475347089476,0.473069278183,2.5565950870
570,18330,39940,14260,0.317721897463,1.51380955864,2.571896076
571,18360,39980,14270,0.387975483094,0.540477896249,2.5745820999
572,18390,40020,14280,0.46740383293,0.206581323932,2.5778012275
573,18420,40060,14290,0.425949473157,0.0671331098104,2.5805251598
574,18450,40100,14300,0.461913168713,0.629943692785,2.5834071636
575,18480,40140,14310,0.57660601922,1.29500154412,2.5865530967
576,18510,40180,14320,0.397692363307,0.535037343478,2.5892422199
577,18540,40220,14330,0.493245978593,0.382125542745,2.591934204
578,18570,40260,14340,0.282997000638,1.35133327931,2.5945341587
579,18600,40300,14350,0.59632884778,1.3608213013,2.5973381996
580,18630,40640,14510,0.442281482989,0.101016178478,2.6145009994
581,18660,40680,14520,0.554786774931,0.706382205914,2.617285013
582,18690,40720,14530,0.453010949963,0.246353804077,2.6201121807
583,18720,40760,14540,0.347701909097,0.357706752226,2.6231780052
584,18750,40800,14550,0.524193101758,0.333803381787,2.6261200904
585,18780,40840,14560,0.387672859975,0.501484821319,2.628792047
586,18810,40880,14570,0.486290662727,0.418203791219,2.6315782070
587,18840,40920,14580,0.498016422921,0.268815377496,2.6345322132
588,18870,40960,14590,0.376648533534,0.539594716135,2.6372280120
589,18900,41000,14600,0.479058092568,0.279272500145,2.6399831771
590,18930,41340,14760,0.481650282054,0.351006410794,2.6564052104
591,18960,41380,14770,0.322900336464,0.798521444231,2.6591432094
592,18990,41420,14780,0.540810666181,0.947074183464,2.6623930931
593,19020,41460,14790,0.633523851984,1.73878548121,2.6651880741
594,19050,41500,14800,0.348976251592,1.01113838797,2.6677851676
595,19080,41540,14810,0.491461034629,0.323729951437,2.6706650257
596,19110,41580,14820,0.441003008443,0.15322491089,2.6735842227
597,19140,41620,14830,0.333427873855,0.894223219633,2.6764290332
598,19170,41660,14840,0.385709788384,0.519956639572,2.6791560649
599,19200,41700,14850,0.370225470213,0.443892011197,2.6853070259
600,19230,42040,15010,0.444276445546,0.100494251394,2.6990931034
601,19260,42080,15020,0.505037035572,1.01153208389,2.7021741867
602,19290,42120,15030,0.410181428677,0.58495437502,2.7048411369
603,19320,42160,15040,0.39676182827,0.530316623525,2.707470178
604,19350,42200,15050,0.524997168758,0.958698534217,2.7103850841
605,19380,42240,15060,0.56250650419,1.2488865853,2.7133121490
606,19410,42280,15070,0.450421894037,0.152384078046,2.7159981727
607,19440,42320,15080,0.413908697498,0.122464906739,2.7190351486
608,19470,42360,15090,0.431550001539,0.0635803957896,2.7217500209
609,19500,42400,15100,0.540279782465,0.635674996187,2.7245030403
610,19530,42740,15260,0.478735457878,0.345300079463,2.7417261600
611,19560,42780,15270,0.603289250573,1.72011312898,2.7451732158
612,19590,42820,15280,0.395983473574,0.578093426208,2.7480940818
613,19620,42860,15290,0.517186166142,0.760577522084,2.7508080005
614,19650,42900,15300,0.459221096556,0.293845772692,2.7534720897
615,19680,42940,15310,0.43316314078,0.220700662284,2.757444143
616,19710,42980,15320,0.345427480028,1.73878173377,2.7600610256
617,19740,43020,15330,0.387500294453,0.572579732699,2.7628011703
618,19770,43060,15340,0.399194635386,0.0834286600241,2.769703149
619,19800,43100,15350,0.443326011482,0.160652021797,2.772380113
620,19830,43440,15510,0.480889454289,0.205528672478,2.7896761894
621,19860,43480,15520,0.477373000452,0.345097536401,2.7926890850
622,19890,43520,15530,0.449436983788,0.214617460567,2.795448064
623,19920,43560,15540,0.450309592878,0.196766886518,2.7983770370
624,19950,43600,15550,0.575366428852,1.22669368878,2.8013660907
625,19980,43640,15560,0.372324507111,0.560527404202,2.8040220737
626,20010,43680,15570,0.431852689362,0.104856881491,2.8067221641
627,20040,43720,15580,0.462980990527,0.297709771693,2.8100030422
628,20070,43760,15590,0.463043304218,0.231308737454,2.8155560493
629,20100,43800,15600,0.590129534965,1.1141051282,2.819088220
630,20130,44140,15760,0.458700642024,0.297226410018,2.8335971832
631,20160,44180,15770,0.417311522602,0.753977013765,2.8370540142
632,20190,44220,15780,0.454004950555,0.333588353157,2.8397290706
633,20220,44260,15790,0.433448315452,0.0778504165376,2.8424980640
634,20250,44300,15800,0.446936690123,0.192537060726,2.8510301113
635,20280,44340,15810,0.457876186891,0.215437298975,2.8540441989
636,20310,44380,15820,0.551084832262,0.716214967944,2.8568410873
637,20340,44420,15830,0.325228407108,1.59084940021,2.8594200611
638,20370,44460,15840,0.502571888682,0.298522117749,2.8621411323
639,20400,44500,15850,0.475053377685,0.340786974831,2.8665351867
640,20430,44840,16010,0.428555652685,0.199029996548,2.8805470466
641,20460,44880,16020,0.47215664497,0.364582009879,2.8834550380
642,20490,44920,16030,0.565444561603,1.16574322704,2.88672900
643,20520,44960,16040,0.38741276571,0.59404248486,2.8894181251
644,20550,45000,16050,0.362653030133,1.0903337566,2.8920311927
645,20580,45040,16060,0.399915563126,0.627500999594,2.8980860710
646,20610,45080,16070,0.44123878972,0.139147249646,2.9017000198
647,20640,45120,16080,0.379230436591,0.486203445978,2.904397010
648,20670,45160,16090,0.573038860895,1.30972292267,2.9079670906
649,20700,45200,16100,0.436496873703,0.218076734934,2.9108772277
650,20730,45540,16260,0.458248272737,0.398509429483,2.9245281219
651,20760,45580,16270,0.471507113655,0.319124105006,2.9276390075
652,20790,45620,16280,0.562322043229,1.24290444534,2.9308152198
653,20820,45660,16290,0.48033448842,0.222266065336,2.9339392185
654,20850,45700,16300,0.616586187792,1.44150173175,2.9400792121
655,20880,45740,16310,0.402428818481,0.697153309376,2.9427711963
656,20910,45780,16320,0.453751655363,0.335101614677,2.9456210136
657,20940,45820,16330,0.42409952398,0.176104172709,2.9496710300
658,20970,45860,16340,0.431337713834,0.793218517241,2.9523301124
659,21000,45900,16350,0.419396850348,0.13763921202,2.955028057
660,21030,46240,16510,0.429576583082,0.202150714063,2.9697260856
661,21060,46280,16520,0.489710080763,0.0886340965743,2.9725811481
662,21090,46320,16530,0.454527060034,0.307803694352,2.975310087
663,21120,46360,16540,0.537374369988,0.648456833825,2.9817280769
664,21150,46400,16550,0.535286564508,0.57851581022,2.9853110313
665,21180,46440,16560,0.409205015121,0.752751299294,2.9880261421
666,21210,46480,16570,0.294598365337,1.4192528683,2.9907162189
667,21240,46520,16580,0.524485871306,0.797491223295,2.9935650825
668,21270,46560,16590,0.506185182304,0.142239204131,2.9970052242
669,21300,46600,16600,0.30390701039,0.822129983561,2.9996700286
670,21330,46940,16760,0.462755369148,0.219574625471,3.0147511959
671,21360,46980,16770,0.535111338901,0.623903421338,3.021098136
672,21390,47020,16780,0.528441750117,0.719246205684,3.0238580703
673,21420,47060,16790,0.528810050329,0.533260762859,3.0265471935
674,21450,47100,16800,0.459889564761,0.285499894381,3.030652046
675,21480,47140,16810,0.376350074432,0.57125690658,3.033860206
676,21510,47180,16820,0.49617177307,0.695177792206,3.0366170406
677,21540,47220,16830,0.471652183949,0.270784337216,3.0396292209
678,21570,47260,16840,0.408024322328,1.32951053378,3.0425021648
679,21600,47300,16850,0.529735026417,0.756999667067,3.0452890396
680,21630,47640,17010,0.522682514684,0.580781058686,3.0692141056
681,21660,47680,17020,0.413559622805,0.863253198227,3.0720260143
682,21690,47720,17030,0.47301414418,0.244022423312,3.0748460292
683,21720,47760,17040,0.352597175618,1.06927865426,3.0775771141
684,21750,47800,17050,0.410391623473,0.680440198276,3.0922272205
685,21780,47840,17060,0.443134307154,0.184329886494,3.0987920761
686,21810,47880,17070,0.479231508369,0.245297264227,3.1017520427
687,21840,47920,17080,0.473044803037,0.266056929636,3.1054852008
688,21870,47960,17090,0.365239332794,0.43886923598,3.1082310676
689,21900,48000,17100,0.507548817675,0.64307777969,3.1112420558
690,21930,48340,17260,0.513809650332,0.233260525506,3.1302130222
691,21960,48380,17270,0.444421216056,0.157129519574,3.1329851150
692,21990,48420,17280,0.389079277737,0.672496275995,3.1380741596
693,22020,48460,17290,0.436484367284,0.154300750121,3.141219139
694,22050,48500,17300,0.447390333084,0.297918852468,3.147484064
695,22080,48540,17310,0.408079708331,0.0922384157256,3.1504700183
696,22110,48580,17320,0.469733826218,0.254595302646,3.1550772190
697,22140,48620,17330,0.381592178633,0.472789452312,3.157800197
698,22170,48660,17340,0.452567855511,0.132023838074,3.1606001853
699,22200,48700,17350,0.484932348264,0.410458280123,3.1635160446
700,22230,49040,17510,0.483443499886,0.446055868898,3.1801080703
701,22260,49080,17520,0.566123226854,1.22433476997,3.1829741001
702,22290,49120,17530,0.510608887982,0.241662034982,3.1867640018
703,22320,49160,17540,0.520246760529,0.171882965068,3.1917171478
704,22350,49200,17550,0.481363757273,0.174585299462,3.1945381164
705,22380,49240,17560,0.514732872537,0.635093607342,3.1975510120
706,22410,49280,17570,0.467787651421,0.270579834964,3.20097422
707,22440,49320,17580,0.452526683421,0.323212689218,3.2040331363
708,22470,49360,17590,0.436517804304,0.222793009119,3.2067601680
709,22500,49400,17600,0.369095815294,1.10247876177,3.2103991508
710,22530,49740,17760,0.449872524865,0.0443623651796,3.2280170917
711,22560,49780,17770,0.515080346443,0.754629392158,3.229972124
712,22590,49820,17780,0.449474984749,0.221569076457,3.2314951419
713,22620,49860,17790,0.342597931206,1.00126092091,3.2339971065
714,22650,49900,17800,0.412786134071,0.7240332019,3.2370431423
715,22680,49940,17810,0.385213635639,0.532869867155,3.2396950721
716,22710,49980,17820,0.582246906529,1.21212905551,3.2428321838
717,22740,50020,17830,0.471835545576,0.241149321463,3.2456610202
718,22770,50060,17840,0.444028201244,0.258602436885,3.2483880519
719,22800,50100,17850,0.498555630993,0.13908537097,3.2511022090
720,22830,50440,18010,0.469113102315,0.307403155057,3.27126622
721,22860,50480,18020,0.372665410618,1.14112553879,3.2738602161
722,22890,50520,18030,0.429028381436,0.7847993135,3.2766990661
723,22920,50560,18040,0.435337981054,0.125841875167,3.2792611122
724,22950,50600,18050,0.52101706822,0.844032712226,3.2823832035
725,22980,50640,18060,0.438782969518,0.0856304802389,3.2869172096
726,23010,50680,18070,0.418125175916,0.0857698962886,3.2895340919
727,23040,50720,18080,0.535427702571,0.763632710928,3.2951061725
728,23070,50760,18090,0.409127961594,0.688964981493,3.2976791858
729,23100,50800,18100,0.443321332481,0.0945271732154,3.3002290725
730,23130,51140,18260,0.287820955737,1.35888141767,3.3139851093
731,23160,51180,18270,0.478078244707,0.460689270104,3.3186991214
732,23190,51220,18280,0.538817949634,0.827418674802,3.3243260383
733,23220,51260,18290,0.48507336463,0.457024093182,3.3270170688
734,23250,51300,18300,0.481207256437,0.340469225802,3.329951047
735,23280,51340,18310,0.375720150939,0.517751326117,3.3325750827
736,23310,51380,18320,0.403675499676,0.637244558918,3.3351180553
737,23340,51420,18330,0.430315268664,0.0786535923203,3.3400781154
738,23370,51460,18340,0.320068511806,0.807618716539,3.3426480293
739,23400,51500,18350,0.379852504063,0.366677519157,3.3452801704
740,23430,51840,18510,0.694825682657,2.23507206521,3.3620071411
741,23460,51880,18520,0.437312634559,0.145847450355,3.3647201061
742,23490,51920,18530,0.418911947952,0.614518873239,3.3672790527
743,23520,51960,18540,0.400206027429,0.579659670399,3.3725302219
744,23550,52000,18550,0.478267681619,0.397741421553,3.3751440048
745,23580,52040,18560,0.514376038729,0.912225133399,3.3807501792
746,23610,52080,18570,0.454667048615,0.162431612144,3.3833031654
747,23640,52120,18580,0.495042410363,0.34508110641,3.3861532211
748,23670,52160,18590,0.375662874315,0.552236276041,3.3888351917
749,23700,52200,18600,0.306826804769,1.48761988504,3.3912980556
750,23730,52540,18760,0.363280076551,0.424471588178,3.4095041751
751,23760,52580,18770,0.346447965702,0.928362484197,3.412384033
752,23790,52620,18780,0.454289247941,0.045921235086,3.4149560928
753,23820,52660,18790,0.441666881577,0.0321343750871,3.417857170
754,23850,52700,18800,0.461283162066,0.0413773054407,3.4206681251
755,23880,52740,18810,0.486701763803,0.543837446825,3.4234311580
756,23910,52780,18820,0.576773947648,1.32010221364,3.4260871410
757,23940,52820,18830,0.393592701111,0.0586740716839,3.4291901588
758,23970,52860,18840,0.489098699674,0.370505186075,3.431788206
759,24000,52900,18850,0.366964064423,1.11302373761,3.4364302158
760,24030,53240,19010,0.368838767927,0.458404869483,3.4527921676
761,24060,53280,19020,0.431413973146,0.0705806942436,3.4553761482
762,24090,53320,19030,0.423399705301,0.0669390210611,3.4605720043
763,24120,53360,19040,0.526770270929,0.924403056324,3.4632921218
764,24150,53400,19050,0.491470553476,0.452995357038,3.469018220
765,24180,53440,19060,0.531327891528,0.895605433867,3.4716382026
766,24210,53480,19070,0.468900602852,0.487440926726,3.4746310710
767,24240,53520,19080,0.396473634412,0.573346798962,3.4774332046
768,24270,53560,19090,0.513648267411,0.8657867918,3.4818131923
769,24300,53600,19100,0.440556396952,0.225087518552,3.4848060607
770,24330,53940,19260,0.467872106234,0.256483145323,3.5012490749
771,24360,53980,19270,0.50328265069,0.752340260318,3.5041332244
772,24390,54020,19280,0.4587196012,0.321533898416,3.5068151950
773,24420,54060,19290,0.510461434156,0.718075240555,3.5114181041
774,24450,54100,19300,0.465378876874,0.183202613757,3.5144250392
775,24480,54140,19310,0.549232426047,1.02289890158,3.5203292369
776,24510,54180,19320,0.522419069635,0.473601698285,3.5232241153
777,24540,54220,19330,0.490668041702,0.508180585129,3.5258591175
778,24570,54260,19340,0.401090171203,0.712336527428,3.5287020206
779,24600,54300,19350,0.490847016113,0.115593865074,3.5312771797
780,24630,54640,19510,0.373393807737,0.705250196247,3.5493900775
781,24660,54680,19520,0.464434684563,0.332050191573,3.552104234
782,24690,54720,19530,0.460039095102,0.35414791057,3.5567891597
783,24720,54760,19540,0.463526140418,0.220730140278,3.5593850612
784,24750,54800,19550,0.553284318426,1.02611699852,3.5624070167
785,24780,54840,19560,0.475656464092,0.17401868011,3.5669221878
786,24810,54880,19570,0.427109639174,0.803472737459,3.5694890022
787,24840,54920,19580,0.409789870542,0.748275691686,3.5749170780
788,24870,54960,19590,0.366133741811,0.487726109817,3.5775120258
789,24900,55000,19600,0.473676677933,0.161499910461,3.5803911685
790,24930,55340,19760,0.429510925,0.168533527775,3.5955071449
791,24960,55380,19770,0.437228859608,0.0690790113949,3.6011171340
792,24990,55420,19780,0.402305590528,0.583134209405,3.6036682128
793,25020,55460,19790,0.478931685975,0.207796745991,3.6063210964
794,25050,55500,19800,0.589747286706,1.68076717508,3.609244108
795,25080,55540,19810,0.5479783361,1.14310121386,3.6123311519
796,25110,55580,19820,0.339367862836,1.03912465997,3.614825010
797,25140,55620,19830,0.490220002405,0.222819774924,3.6174101829
798,25170,55660,19840,0.32133191491,1.64350649169,3.6218180656
799,25200,55700,19850,0.493208866261,0.351259427399,3.6244721412
800,25230,56040,20010,0.472100771161,0.28880674406,3.6407310962
801,25260,56080,20020,0.398679159987,0.688666246081,3.6433131694
802,25290,56120,20030,0.482130020701,0.358564507875,3.6477591991
803,25320,56160,20040,0.54030551032,0.558889758387,3.6505410671
804,25350,56200,20050,0.430359816536,0.217699341182,3.6559340953
805,25380,56240,20060,0.45076353204,0.289614429095,3.6584651470
806,25410,56280,20070,0.470775541731,0.261976990162,3.6615030765
807,25440,56320,20080,0.450322491637,0.264201344381,3.6640841960
808,25470,56360,20090,0.369140431165,0.456564265108,3.6665971279
809,25500,56400,20100,0.491461423076,0.218483131718,3.6713471412
810,25530,56740,20260,0.472526707373,0.292575978467,3.6877160072
811,25560,56780,20270,0.406277207943,0.659228125405,3.6906690597
812,25590,56820,20280,0.433380783216,0.6760896553,3.6932361125
813,25620,56860,20290,0.482536792128,0.39195994149,3.6958022117
814,25650,56900,20300,0.389592299825,0.539207915357,3.7004580497
815,25680,56940,20310,0.563306175681,1.24276073353,3.7030432224
816,25710,56980,20320,0.575454651365,1.61950912143,3.70850706
817,25740,57020,20330,0.456062237382,0.369406005349,3.7110090255
818,25770,57060,20340,0.516450306897,0.571627980204,3.7138640880
819,25800,57100,20350,0.42353536188,0.786346679565,3.7164092063
820,25830,57440,20510,0.473583687663,0.333716014805,3.7316520214
821,25860,57480,20520,0.407304283821,0.687066806078,3.737067222
822,25890,57520,20530,0.466941033657,0.233221046587,3.7398221492
823,25920,57560,20540,0.476468925172,0.248100806793,3.7424330711
824,25950,57600,20550,0.495078777813,0.30641958453,3.7453181743
825,25980,57640,20560,0.403430276874,0.626261619981,3.7482631206
826,26010,57680,20570,0.401160624174,0.618275063802,3.7508060932
827,26040,57720,20580,0.418427561031,0.0667741182009,3.7552471160
828,26070,57760,20590,0.603031538846,1.1961795301,3.7580940723
829,26100,57800,20600,0.466880008295,0.333411029739,3.7633700370
830,26130,58140,20760,0.550408159803,0.510490435725,3.7769150733
831,26160,58180,20770,0.425456829609,0.825555863017,3.7794790267
832,26190,58220,20780,0.337890496025,1.04029810952,3.7838711738
833,26220,58260,20790,0.410704988286,0.69882674774,3.7865021228
834,26250,58300,20800,0.480930470032,0.379953209868,3.7919161319
835,26280,58340,20810,0.504658502211,0.267831464955,3.7944982051
836,26310,58380,20820,0.409108455207,0.620642244217,3.7972400188
837,26340,58420,20830,0.475628834223,0.30796636997,3.7998101711
838,26370,58460,20840,0.515710978878,0.298644588888,3.8026790618
839,26400,58500,20850,0.517811936272,0.719371106356,3.8052890300
840,26430,58840,21010,0.506269560295,0.192451985479,3.8238182067
841,26460,58880,21020,0.400902573296,0.638628700114,3.8264381885
842,26490,58920,21030,0.618482836,1.58628690685,3.8291411399
843,26520,58960,21040,0.35035305353,1.07411990481,3.8316650390
844,26550,59000,21050,0.532261129197,0.717278292775,3.834998130
845,26580,59040,21060,0.323379034051,1.56948097291,3.837535142
846,26610,59080,21070,0.441511223633,0.183143668952,3.8423151969
847,26640,59120,21080,0.565140910539,1.2260551128,3.8450441360
848,26670,59160,21090,0.475096401318,0.409596339906,3.8475940227
849,26700,59200,21100,0.426356952324,0.275999849857,3.8535480499
850,26730,59540,21260,0.532064187012,0.736750052938,3.869029045
851,26760,59580,21270,0.431751362827,0.294065493246,3.8715870380
852,26790,59620,21280,0.480004221561,0.264227466277,3.877433061
853,26820,59660,21290,0.463418818317,0.346932023938,3.8805432319
854,26850,59700,21300,0.469909256288,0.218475193967,3.8833580017
855,26880,59740,21310,0.526303509676,0.614151852319,3.8860321044
856,26910,59780,21320,0.396674919634,0.699181180582,3.8905961513
857,26940,59820,21330,0.384999646014,1.26474534751,3.8933141231
858,26970,59860,21340,0.449967931464,0.222824099265,3.8959801197
859,27000,59900,21350,0.387339769336,0.514985016686,3.9018690586
860,27030,60240,21510,0.320574891988,1.53114882566,3.9152960777
861,27060,60280,21520,0.338374690863,0.930550418939,3.9178881645
862,27090,60320,21530,0.548014423608,0.878146951795,3.9226691722
863,27120,60360,21540,0.538263015611,0.267878120082,3.9253292083
864,27150,60400,21550,0.479539177417,0.363079663704,3.9310891628
865,27180,60440,21560,0.41171627167,0.641339042005,3.9337010383
866,27210,60480,21570,0.502589079181,0.243519455846,3.9363172054
867,27240,60520,21580,0.405652131583,0.616044305533,3.9388689994
868,27270,60560,21590,0.48265119802,0.312729138573,3.9420371055
869,27300,60600,21600,0.384332207116,0.60709799695,3.9446001052
870,27330,60940,21760,0.445879410747,0.0731916233838,3.9633121490
871,27360,60980,21770,0.392015603856,0.606937597901,3.9659721851
872,27390,61020,21780,0.571418777412,1.38577913444,3.9689621925
873,27420,61060,21790,0.460124624487,0.246411922096,3.9716160297
874,27450,61100,21800,0.420189913678,0.154034834057,3.9741990566
875,27480,61140,21810,0.412050529156,0.0497245356076,3.9787411689
876,27510,61180,21820,0.383859416583,0.58148746432,3.9815680980
877,27540,61220,21830,0.596989345223,1.36743443236,3.9870250225
878,27570,61260,21840,0.362214395473,1.04751138863,3.9900491237
879,27600,61300,21850,0.277684129362,1.33420286337,3.9928190708
880,27630,61640,22010,0.529468534678,0.913482219154,4.0080041885
881,27660,61680,22020,0.468565951218,0.502259304992,4.0108292102
882,27690,61720,22030,0.413351655333,0.0467251421059,4.0134310722
883,27720,61760,22040,0.434332507053,0.105772633526,4.0195322036
884,27750,61800,22050,0.353352132,0.999980228153,4.0223550796
885,27780,61840,22060,0.507405602084,0.46201870757,4.0253090858
886,27810,61880,22070,0.533422992437,0.865857199252,4.028582096
887,27840,61920,22080,0.354575415607,1.03298541318,4.0315241813
888,27870,61960,22090,0.364883024709,1.04503000059,4.0343492031
889,27900,62000,22100,0.379983771374,0.388633930838,4.0393850803
890,27930,62340,22260,0.552442004185,0.997005863293,4.0562040805
891,27960,62380,22270,0.335982178699,0.958600388979,4.0590550899
892,27990,62420,22280,0.54720772869,1.00887295748,4.0619060993
893,28020,62460,22290,0.497431670493,0.345163248823,4.0646131038
894,28050,62500,22300,0.476183302818,0.457643525002,4.0672340393
895,28080,62540,22310,0.534758667076,0.997701140976,4.0710711479
896,28110,62580,22320,0.476907958571,0.331915674981,4.0737872123
897,28140,62620,22330,0.369628858387,0.468876112774,4.0767760276
898,28170,62660,22340,0.441105989186,0.028254232305,4.0794332027
899,28200,62700,22350,0.417993992902,0.0792507157572,4.0820791721
900,28230,63040,22510,0.422895023572,0.0558137160884,4.1066720485
901,28260,63080,22520,0.616062362197,1.78241187038,4.1112852096
902,28290,63120,22530,0.372232549661,0.488123140796,4.1141481399
903,28320,63160,22540,0.456541897493,0.157058831748,4.1172611713
904,28350,63200,22550,0.432461973198,0.034128047325,4.1202101707
905,28380,63240,22560,0.544794225837,0.681989690913,4.1230471134
906,28410,63280,22570,0.484000677034,0.266838145201,4.1257631778
907,28440,63320,22580,0.446451027054,0.231958562907,4.1292421817
908,28470,63360,22590,0.516416534905,0.845242843303,4.1328880786
909,28500,63400,22600,0.406867601694,0.644698140547,4.1356141567
910,28530,63740,22760,0.357810843977,0.423119804323,4.1554701328
911,28560,63780,22770,0.482530623319,0.330290199927,4.1613321304
912,28590,63820,22780,0.367893447662,1.16105560345,4.1640532016
913,28620,63860,22790,0.467057172714,0.352935076634,4.1667211055
914,28650,63900,22800,0.505708115198,0.73764076719,4.1697270870
915,28680,63940,22810,0.445818953718,0.409933641232,4.1726160049
916,28710,63980,22820,0.482815214049,0.243640176853,4.1764822006
917,28740,64020,22830,0.493864821824,0.238132342412,4.1794180870
918,28770,64060,22840,0.448219834869,0.391053149907,4.1879391670
919,28800,64100,22850,0.429873135916,0.246960339087,4.1906301975
920,28830,64440,23010,0.46829497201,0.306758202218,4.2052221298
921,28860,64480,23020,0.359567893396,1.16442504084,4.2079360485
922,28890,64520,23030,0.476851843518,0.28311814606,4.210578203
923,28920,64560,23040,0.415590578021,0.107863231297,4.2134931087
924,28950,64600,23050,0.370676030897,1.09197241861,4.2165601253
925,28980,64640,23060,0.403773017891,0.620383417779,4.2191321849
926,29010,64680,23070,0.445215410296,0.0671816372402,4.221781015
927,29040,64720,23080,0.394736045306,0.524161679785,4.2244901657
928,29070,64760,23090,0.401971109392,0.551000415322,4.2336440086
929,29100,64800,23100,0.477528629315,0.465076675976,4.2363510131
930,29130,65140,23260,0.393160728988,0.570235677967,4.250037193
931,29160,65180,23270,0.435488741038,0.0837897654426,4.2527852058
932,29190,65220,23280,0.566519800694,1.39734703491,4.2558891773
933,29220,65260,23290,0.483582555501,0.295610029107,4.2585020065
934,29250,65300,23300,0.4364742044,0.24230387559,4.2612471580
935,29280,65340,23310,0.448407765061,0.0847988114259,4.2639861106
936,29310,65380,23320,0.472730908472,0.419547495525,4.2731091976
937,29340,65420,23330,0.365446997863,0.434986488331,4.2757010459
938,29370,65460,23340,0.448855821398,0.0375831460466,4.2783122062
939,29400,65500,23350,0.519947892037,0.765419256143,4.2816200256
940,29430,65840,23510,0.478803733817,0.374204595362,4.2951080799
941,29460,65880,23520,0.440818013654,0.173588069084,4.2977831363
942,29490,65920,23530,0.433402044801,0.14420442163,4.3007931709
943,29520,65960,23540,0.506077996663,0.219744503439,4.3035211563
944,29550,66000,23550,0.422988284298,0.0635867465785,4.3062782287
945,29580,66040,23560,0.509735337904,0.773466365328,4.308940172
946,29610,66080,23570,0.444640028018,0.172288766026,4.3178970813
947,29640,66120,23580,0.320645388097,0.912158909696,4.3205621242
948,29670,66160,23590,0.602430108964,1.07433886787,4.3236680030
949,29700,66200,23600,0.54718214708,1.15390229707,4.3281011581
950,29730,66540,23760,0.419166511307,0.147893803077,4.3426270484
951,29760,66580,23770,0.460633649125,0.334971885019,4.3453512191
952,29790,66620,23780,0.530276154203,0.614429629152,4.3480691909
953,29820,66660,23790,0.498901083576,0.804097152727,4.3507781028
954,29850,66700,23800,0.443686772735,0.285295321751,4.3594110012
955,29880,66740,23810,0.465491866943,0.205358243818,4.362687110
956,29910,66780,23820,0.509036298131,0.696646359343,4.3654150962
957,29940,66820,23830,0.411503246072,0.774646385316,4.3681201934
958,29970,66860,23840,0.461521784962,0.265408848382,4.3707640171
959,30000,66900,23850,0.532761978946,0.558509669291,4.3740410804
960,30030,67240,24010,0.5463540195,1.01874747728,4.388360023
961,30060,67280,24020,0.474931459965,0.0307189361669,4.3911530971
962,30090,67320,24030,0.517010212191,0.444708711039,4.4018142223
963,30120,67360,24040,0.440830426911,0.893614110006,4.4047842025
964,30150,67400,24050,0.455490032021,0.456274594606,4.4076850414
965,30180,67440,24060,0.441735897244,0.294903184493,4.4104521274
966,30210,67480,24070,0.556978992045,0.524637801682,4.4150421619
967,30240,67520,24080,0.433505012292,0.170034744154,4.4177751541
968,30270,67560,24090,0.413730149373,0.808283050961,4.4206461906
969,30300,67600,24100,0.433385832426,0.805175043538,4.4240560531
970,30330,67940,24260,0.399382893109,0.64755402776,4.4445791244
971,30360,67980,24270,0.390748163154,0.625789758355,4.4474680423
972,30390,68020,24280,0.456929679006,0.28611154213,4.4512600898
973,30420,68060,24290,0.57245977988,1.2431297187,4.4541001319
974,30450,68100,24300,0.46079786464,0.188354452663,4.4570050239
975,30480,68140,24310,0.525837568882,0.65285785136,4.4604430198
976,30510,68180,24320,0.429523825203,0.753029006225,4.4632041454
977,30540,68220,24330,0.506845299024,0.21527364023,4.4664001464
978,30570,68260,24340,0.437676316822,0.227779072468,4.4756062030
979,30600,68300,24350,0.482520277687,0.226812491041,4.4787921905
980,30630,68640,24510,0.379348886221,0.635775950362,4.4940111637
981,30660,68680,24520,0.511981051224,0.764984929088,4.4975960254
982,30690,68720,24530,0.448485771296,0.187275549341,4.5005781650
983,30720,68760,24540,0.454302125907,0.278927029179,4.5043170452
984,30750,68800,24550,0.344262084906,1.02577796219,4.5104911327
985,30780,68840,24560,0.449954883938,0.188160839005,4.5138311386
986,30810,68880,24570,0.396202193312,0.598343683709,4.5223360061
987,30840,68920,24580,0.50724228153,0.203687857138,4.5285651683
988,30870,68960,24590,0.287124456851,1.3858327237,4.531377077
989,30900,69000,24600,0.367584079314,1.11906158703,4.534793138
990,30930,69340,24760,0.389374070895,0.498300542283,4.5487282276
991,30960,69380,24770,0.598585462005,1.33759047961,4.5515820980
992,30990,69420,24780,0.373605189632,0.437313722519,4.5607712268
993,31020,69460,24790,0.55811764347,0.843500719626,4.563665151
994,31050,69500,24800,0.471787620897,0.191530931023,4.5664701461
995,31080,69540,24810,0.270186696523,1.32821879639,4.5697541236
996,31110,69580,24820,0.529895668868,1.07606343419,4.5726881027
997,31140,69620,24830,0.545338812588,0.912993604996,4.5755860805
998,31170,69660,24840,0.501099741313,0.924229901516,4.5786302089
999,31200,69700,24850,0.420896455682,0.0450548160639,4.5814931392
1000,31230,70040,25010,0.396218574526,0.626055813334,4.5953171253
