1.0,1.0,1.0,1.0
-0.0593703254436,-0.0256220682273,0.0112515249195,0.0337502627935
0.0768570866238,0.0113826787223,0.200155769664,0.104194268079
0.00879439757547,-0.0519024378431,0.205659862183,0.109560462383
-0.0736611852816,-0.167199415696,0.273920032888,0.140235880986
-0.028645116502,-0.147195842772,0.315154349682,0.152482586835
-0.142559540548,-0.228258957912,0.269671772751,0.138484032284
-0.0222766394274,-0.162742306002,0.348907381184,0.162532923514
0.0675978956982,-0.107277869422,0.395506017176,0.177206523868
-0.0218277838448,-0.159018387991,0.337472246638,0.159452013746
0.115962903775,-0.0807469162065,0.410224465239,0.18117309998
-0.036590286995,-0.170527146453,0.326176413212,0.153479017231
-0.0283189134674,-0.169264621539,0.341416572701,0.161436101574
-0.0318563383861,-0.22211833969,0.366551614057,0.16767784202
-0.0262925587692,-0.219936479612,0.37147937039,0.169044271054
-0.0391585012361,-0.222255500617,0.366166316019,0.165241778166
-0.0240488853225,-0.214363307204,0.372242825112,0.166593302918
0.0177376718316,-0.179230953557,0.393311685389,0.173224665812
-0.136535004542,-0.272612509786,0.316081714647,0.14966391902
-0.0531283597169,-0.226313034811,0.373239432559,0.164578978872
-0.0183088711264,-0.203426881512,0.390071411473,0.169801315791
0.0568344946185,-0.153227277198,0.417655586043,0.17883301725
0.0533484306626,-0.158683633513,0.41814998111,0.17899512735
0.0468242996115,-0.167086809017,0.421140122966,0.179947525025
0.0454674410852,-0.166940402812,0.418814994087,0.1791088158
0.0398904494561,-0.173342806157,0.420681262221,0.179157564646
0.0405644663886,-0.170239450898,0.416764935732,0.177786799894
0.0396680644209,-0.170284601874,0.414464496709,0.176890983865
0.0378925306285,-0.170332042174,0.412237613778,0.176298838333
0.0387265358912,-0.16707283335,0.408247810231,0.174302151459
0.0367154823786,-0.168141127353,0.406814810436,0.173804374096
0.0339189294137,-0.172171972359,0.406476770989,0.173844040575
0.0279797809758,-0.177297914141,0.405245139335,0.173596414779
0.0244787662292,-0.178689841569,0.402925228675,0.172997413266
0.0190858895514,-0.182084855223,0.400655103553,0.172588289483
0.0204393217955,-0.17829046544,0.397566397335,0.171615313835
0.0123952192135,-0.186397411165,0.396926632092,0.171906707006
0.00729552628018,-0.191604380761,0.396377766732,0.172098786833
0.00715975001339,-0.190339037625,0.394437626937,0.171414918785
0.0140303972864,-0.181066027208,0.391451933254,0.170070930732
0.0138029816573,-0.17935439286,0.389484499104,0.169495216877
0.0132468971443,-0.178971333021,0.388283803065,0.169099486366
0.0124886011666,-0.17854663961,0.386756931434,0.168683497284
0.00605679864976,-0.185414944277,0.386874918904,0.168948763998
0.0076255317288,-0.181971735651,0.384875398995,0.16834232681
0.0094484871971,-0.178957615115,0.383590734621,0.167791642324
0.00904404211312,-0.177910478687,0.381688387897,0.167157764312
0.00294478500602,-0.184135707301,0.381680992748,0.167421929891
0.00325485060348,-0.183023164702,0.380333254559,0.166860009332
-0.000254481489644,-0.186066455455,0.379431679741,0.166697145627
-0.000362475706759,-0.184752203449,0.377833777619,0.16617916039
0.00370861515683,-0.179463257465,0.376395251873,0.165550444289
0.00175449492696,-0.180801389547,0.375830274112,0.165542960012
0.00350762721424,-0.177477234295,0.37414380462,0.164953356984
0.00304685959224,-0.177478991039,0.373250404349,0.164543434996
-0.000837056516546,-0.181839955121,0.374045305748,0.165101383362
0.000819706642554,-0.178755590131,0.372225133882,0.164457398528
-0.00164394015951,-0.182222296397,0.37352948069,0.164969772032
-0.00119402517486,-0.181699706292,0.373398342746,0.164850738956
-0.00126955850291,-0.181836554438,0.373535463232,0.164865938136
-0.00678930604212,-0.189285469254,0.375615784868,0.165725440288
-0.0025466234209,-0.183042198422,0.373118064862,0.164695399081
-0.00383693921154,-0.184102413454,0.37265482206,0.164669373871
-0.00567958645687,-0.18547749684,0.372254986805,0.164571744733
-0.00321833894624,-0.181960380049,0.371120153827,0.164176375208
-0.00466156779206,-0.184302922587,0.372030777541,0.16445070427
-0.00784642599496,-0.188629426132,0.372779962859,0.164762416426
-0.0110717781776,-0.191504112083,0.372449859321,0.164750856063
-0.0104559162813,-0.190036429295,0.371711482405,0.164496244493
-0.0115434664977,-0.190403935896,0.371184431164,0.164402346925
-0.00902438789298,-0.186973710944,0.370459820106,0.163990947036
-0.00640427882485,-0.18345859713,0.369563337944,0.163528826091
-0.00790407336452,-0.184482008538,0.369185954792,0.163569061501
-0.00936962580058,-0.185675078723,0.368926692723,0.16361829758
-0.00913228104662,-0.185352884536,0.368937615482,0.16355665436
-0.00688370678039,-0.183063538109,0.3689403335,0.163585436925
-0.00678953805296,-0.182981748238,0.368922879279,0.163496448353
-0.00962787317812,-0.18517571619,0.36830141161,0.163339236141
-0.00924134938026,-0.184586686157,0.368188494293,0.163378139412
-0.00725278031956,-0.182629189423,0.368309942669,0.163399299532
-0.0120542419835,-0.186933703983,0.367753360635,0.163442703323
-0.014876930333,-0.189405773134,0.367487227583,0.163459236086
-0.0158226786876,-0.189516249941,0.36708235391,0.163303404448
-0.0167480882454,-0.189446102116,0.366600225672,0.163110234533
-0.0171098337262,-0.189781809082,0.36654914473,0.163103548
-0.0150971806586,-0.188897651886,0.367429870934,0.163335083832
-0.0147617542456,-0.188349670887,0.367338957172,0.163388241143
-0.0143161245169,-0.188400776331,0.367645081416,0.163529708507
-0.0157630642266,-0.188950468005,0.367177142345,0.163441968717
-0.0168632459032,-0.188789406641,0.366225169519,0.163285231117
-0.0157561972718,-0.188329890438,0.366843257798,0.163403512784
-0.018061703561,-0.189279504328,0.365821438175,0.16324692057
-0.0185209694182,-0.18972981905,0.366068172934,0.163465502058
-0.0184545005186,-0.189206696952,0.365994329725,0.16348275983
-0.0154356776709,-0.186716386217,0.365927666062,0.16336803516
-0.0134335381446,-0.184539915258,0.365610763644,0.163217123033
-0.0105742413962,-0.182112161389,0.365578297637,0.163025275044
-0.0101746081774,-0.181934775169,0.365601583102,0.16301285705
-0.0115195091876,-0.182720254783,0.365221183113,0.163027172212
-0.0053052240328,-0.176991857129,0.364692338542,0.162448702535
-0.00645490433232,-0.178760572823,0.365220868306,0.162645122782
-0.00646258051178,-0.178196088058,0.364603905176,0.162531002136
-0.00418559671834,-0.175361417034,0.363901875591,0.16222102951
-0.00389053365311,-0.175556993734,0.36423863323,0.162202568908
-0.00527052492654,-0.17790802756,0.364921969592,0.162290165012
-0.00657253282635,-0.178621759389,0.364853515325,0.162201788377
-0.00412869275565,-0.175184607256,0.363659395815,0.161824686434
8.97518968403e-05,-0.168967863326,0.361748178002,0.161296505735
0.00222475792174,-0.16590659872,0.360729193054,0.161086008501
-0.00126741919698,-0.170986810806,0.362415964694,0.161445256289
-0.00640789432018,-0.178260618886,0.364325681438,0.161875126493
-0.00761596478774,-0.179913123606,0.364768431606,0.161935590428
-0.00256774784272,-0.173824694857,0.362832266056,0.160937006529
-0.000292358447394,-0.171107442599,0.362052357205,0.160483061722
-0.00669140197795,-0.178619547574,0.364115451053,0.161858475347
-0.0047614051397,-0.176051977264,0.363152261582,0.161539875737
-0.00396446000118,-0.174560222595,0.362433337173,0.161194732843
-0.00529650058889,-0.17644695101,0.363231369617,0.161516431653
-0.00534135252626,-0.176579784709,0.363190405665,0.161467005735
-0.0064401870845,-0.177525437678,0.363396606616,0.161445785874
-0.00609601520411,-0.177178204716,0.363452177439,0.161338760791
-0.00333437282437,-0.174131690545,0.362423517206,0.160829420752
-0.00462769468515,-0.175705389434,0.362056958475,0.160266639364
-0.00270859273658,-0.172686117632,0.361864528896,0.16084104718
-0.00222748520834,-0.172231638691,0.362036551748,0.16105832722
-0.000489058936791,-0.169471713252,0.361877839656,0.161587809314
-0.00297044882778,-0.17392143212,0.362021999035,0.160673338122
-0.00294032163308,-0.17273030429,0.361600226195,0.160675245361
-0.00271629412138,-0.172815378732,0.361755019048,0.160626037637
-0.00399353471919,-0.174869243487,0.361834396762,0.160179128988
-0.00477898826783,-0.176442200544,0.361896174134,0.159848261034
-0.0033425984151,-0.173911822606,0.361852834859,0.160430594085
-0.00535633701188,-0.176808781643,0.363307076142,0.161219114509
-0.00766373439512,-0.17988683347,0.364374773088,0.161833436696
-0.00886865009668,-0.181397781406,0.364891793573,0.16217596953
-0.00497152568228,-0.175791543838,0.362645117676,0.161012059867
-0.0057913500793,-0.177296369707,0.363101838559,0.161098991499
-0.00566490757116,-0.177168389631,0.362998240685,0.161185865754
-0.00529816149946,-0.177005867912,0.362914538715,0.160990580393
-0.00115594293882,-0.17118698315,0.360536779507,0.159925550547
0.00302294509996,-0.165628684848,0.358333538809,0.158758310165
0.000842872264146,-0.168594215069,0.359534630285,0.159375451853
0.000707569674982,-0.168637169627,0.359485024028,0.159273378758
0.000573225641334,-0.168879987597,0.359347491854,0.159061352079
-0.00273146408482,-0.173737937425,0.360526612531,0.159420204735
-0.0021465833267,-0.172660630176,0.360112035359,0.159316535136
-0.000191694441755,-0.169766470905,0.359442182119,0.159086490622
-0.00153736752944,-0.171907628386,0.35994409282,0.159425303115
-0.00337690874663,-0.174789805922,0.360724694014,0.15978853984
-0.00617857327993,-0.179433834626,0.361675699928,0.160165308452
-0.00577918751827,-0.178323474083,0.361454346585,0.160182755213
-0.00707329088805,-0.179899588415,0.361807358809,0.160419967316
-0.00346956050973,-0.176595589074,0.360174040187,0.1588550464
-0.000704690205916,-0.173936229533,0.359005442841,0.158031398722
-0.00367516910923,-0.174599766491,0.360143207755,0.159211511384
-0.00790334604633,-0.178049591114,0.361721595954,0.160296696601
-0.0127843761357,-0.181279769154,0.364240434725,0.162302718963
-0.00672263120593,-0.175854623934,0.361103946769,0.160376064343
-0.00864229837877,-0.177649562233,0.362565090741,0.160854351043
-0.00885770731938,-0.176948204871,0.363152876625,0.161032719685
-0.0109141490321,-0.179508708297,0.364812713801,0.16157824773
-0.0126737948986,-0.180996911173,0.365887264367,0.162301405158
-0.0123462016115,-0.180456496812,0.366109421391,0.162468079126
-0.0109743225782,-0.179483895828,0.365605187933,0.162201018623
-0.0127314240215,-0.181097992894,0.366665754975,0.162725833393
-0.0164813626105,-0.184468645382,0.368409543346,0.163586579038
-0.0136873798245,-0.182200566735,0.367491807282,0.163279383613
-0.0106056680206,-0.179849536076,0.366097877043,0.162572421174
-0.0100033782563,-0.179301627247,0.365926857187,0.16257945793
-0.0135621195046,-0.181794094278,0.366937656083,0.163189676129
-0.0108625505747,-0.179423064767,0.36596282241,0.162833254537
-0.00630671779828,-0.176007121881,0.363551093962,0.16141800376
-0.00817500259863,-0.17729680403,0.364318522518,0.162076383081
-0.0025346552483,-0.173805095811,0.361609104474,0.16062322255
-0.00246001620423,-0.17316443734,0.361413667925,0.160687317378
-0.00764483340004,-0.176356474497,0.364324351427,0.162236298761
-0.0117185627657,-0.179284262685,0.366137924099,0.163060821364
-0.0191643082934,-0.184063477947,0.370728024903,0.165376580293
-0.0247366056823,-0.187419131516,0.373054608124,0.166533533082
-0.0162310102888,-0.181988565701,0.369385172617,0.164750153285
-0.0158330206017,-0.181377950317,0.369218433255,0.164821552394
-0.0216484883694,-0.18500340628,0.372002817658,0.166267715471
-0.029610060513,-0.18875009585,0.374314111036,0.167569683808
-0.0266833934683,-0.186235369285,0.373055514761,0.167531895842
-0.0230377296781,-0.186054426302,0.371838611784,0.165770166044
-0.0328824859721,-0.189251700671,0.374519682135,0.168886415527
-0.0335634110671,-0.189845709084,0.374719466957,0.168860337966
-0.0403919947047,-0.188997551176,0.375275240957,0.170417728267
-0.0380674315301,-0.188405590969,0.375203332478,0.16998713285
-0.029212297638,-0.185033706307,0.373695306574,0.167771758944
-0.029715574837,-0.186073114313,0.37376170845,0.168573125465
-0.0279598450023,-0.185876418313,0.37331593136,0.168157415183
-0.0292716454925,-0.186612484723,0.374192774228,0.168627557226
-0.0293004811425,-0.18672790382,0.37387686535,0.16836240472
-0.0350022090621,-0.190635488521,0.37616275692,0.169642321893
-0.0382763287464,-0.192945833207,0.377314177052,0.17024201359
-0.0424512551636,-0.195910759037,0.378620664692,0.170774387375
-0.0365494431381,-0.191650515627,0.376362428268,0.169722007711
-0.0343481083431,-0.189891282516,0.375304727159,0.169337590722
-0.0391671786883,-0.193209538576,0.377003008234,0.170196256397
-0.0360046019428,-0.191543342342,0.375434718772,0.16924488067
-0.0378266958632,-0.1932450824,0.375783397032,0.169301043763
-0.0381471442502,-0.194307800952,0.375887944796,0.169200906164
-0.0380407399294,-0.194749278147,0.375952268737,0.169005108062
-0.0358679938026,-0.193703432927,0.374867456932,0.168250904864
-0.037915184892,-0.195879961692,0.37569637768,0.168543146174
-0.0379151845194,-0.195879961695,0.375696377101,0.168543146178
-0.0374820169273,-0.196497662898,0.375490545947,0.168236273622
-0.0354530049211,-0.195088866369,0.374783861473,0.167569162654
-0.0313854041734,-0.191282984813,0.373197521373,0.166795561528
-0.0227698579403,-0.183902283062,0.369711426842,0.164742140827
-0.0194907491265,-0.180799907861,0.368210575099,0.164000509038
-0.0224035914408,-0.1799434043,0.367897367773,0.165050252661
-0.0186459126037,-0.180658987826,0.369581340456,0.163461167748
-0.016195548165,-0.181556921746,0.369068110692,0.162079827528
-0.0227450861387,-0.184732642493,0.368537035333,0.163645312965
-0.0331623248949,-0.190666839577,0.368425950298,0.166199924987
-0.0253709544885,-0.192194268388,0.371894593853,0.162875299728
-0.0281964616822,-0.193987884367,0.372992537885,0.16318995969
-0.0313588001548,-0.190900061187,0.371164191247,0.165084281787
-0.0260740412273,-0.191682034783,0.372497493474,0.162858434217
-0.0403418517149,-0.188931539602,0.367496130289,0.166758593817
-0.0468078610571,-0.195439276147,0.370075197896,0.168789314555
-0.0451526218939,-0.19304904565,0.369691191792,0.168599533908
-0.045111899441,-0.19274146338,0.369719813004,0.168634366174
-0.0454923614879,-0.195771158485,0.369417095476,0.167793981343
-0.0429746549894,-0.193809892727,0.368520269422,0.166888644393
-0.044758563274,-0.196299017416,0.369277971436,0.167399478834
-0.0475381233669,-0.197862456142,0.37067770713,0.168690876421
-0.0424719167281,-0.192444750874,0.368762659472,0.16726451001
-0.0401145509715,-0.189712645978,0.3678779876,0.166558724778
-0.0416371416893,-0.190357972023,0.369014195074,0.167636573356
-0.0389995222774,-0.189753461358,0.368548778994,0.166666284982
-0.0329805633026,-0.188538243393,0.366879636887,0.164232493698
-0.0361729964132,-0.189775932581,0.367495975022,0.16527438724
-0.0329692741674,-0.188494127961,0.366846533543,0.164197337864
-0.0286467916935,-0.186733728211,0.366170978562,0.162993296229
-0.0293810485558,-0.187265845226,0.366118980339,0.163177737391
-0.0276788384126,-0.18714668335,0.365686865466,0.162534631492
-0.0328700020208,-0.189356316662,0.366544477285,0.164185173812
-0.032323643356,-0.187721585018,0.367256163473,0.164868729023
-0.0263279205085,-0.185375303729,0.366377178525,0.163066952927
-0.0253229805145,-0.184554491564,0.366534358884,0.16303948856
-0.0222140371653,-0.182248894091,0.365963924282,0.162481059157
-0.0202304286244,-0.181616703517,0.365218591743,0.161611586446
-0.0239109156845,-0.184542097329,0.365973353138,0.162358824817
-0.0246729322779,-0.184426106384,0.366332044142,0.16283771464
-0.0217418161281,-0.182053063219,0.365996702763,0.162385787042
-0.0204486054054,-0.181621524115,0.365521104053,0.161823720218
-0.0222908746403,-0.182120054968,0.366208334217,0.162712927363
-0.0235015599541,-0.182588990648,0.366699982757,0.163099330948
-0.0244745829373,-0.183990579882,0.366636597763,0.163187465416
-0.0183802204684,-0.181097312122,0.364903782021,0.161316205277
-0.0219654476438,-0.182854899381,0.365931095896,0.162362897104
-0.0211034371097,-0.182518382818,0.365904520592,0.162215618101
-0.0180875632039,-0.180655327798,0.365399537108,0.161538166284
-0.0127035448572,-0.177580141438,0.364241411272,0.160232853815
-0.0125163291404,-0.176515585204,0.364260134536,0.160395737949
-0.0056203642125,-0.173391655915,0.361932013925,0.157832196853
-0.00292268297403,-0.17176479711,0.361620380684,0.157293101414
-0.00737081578831,-0.174694218149,0.363160673628,0.158559198597
-0.0121691312422,-0.177201727426,0.364656293158,0.160163187351
-0.0134746095596,-0.177672147098,0.36472893675,0.160296735794
-0.0155931815746,-0.178889502112,0.365398023635,0.160929283716
-0.00921770375878,-0.175080997602,0.363770766526,0.159245377317
-0.0060111480511,-0.173077278542,0.363162050429,0.158562676172
-0.00593552139453,-0.173005187437,0.36336521853,0.15873412219
-0.0061363124069,-0.172822279688,0.363448136272,0.158848085163
-0.0103560433915,-0.174834685649,0.364250652131,0.159931902118
-0.00984633820865,-0.174712944724,0.364600576167,0.15990941388
-0.00921373169345,-0.174312125884,0.364496539014,0.159731219975
-0.00735982376005,-0.173250967359,0.364272941594,0.159424273759
-0.0110865485303,-0.17619334391,0.364795613883,0.160263460024
-0.0129735772173,-0.177641067364,0.365047369231,0.16076525804
-0.00966359166104,-0.175033815394,0.364745985101,0.160065428192
-0.00735889151797,-0.173139081832,0.364571123618,0.159670765738
-0.00558255360269,-0.171637849843,0.364445853648,0.159446787511
-0.00314036841996,-0.169720209993,0.364227325607,0.159021272316
-0.00760392368719,-0.173433480774,0.36476399683,0.159861469589
-0.00875258426055,-0.174563860821,0.364837217239,0.160068613026
-0.0107378656104,-0.175901007438,0.365190013441,0.160557060493
-0.010083248831,-0.175285184203,0.365072306001,0.160390655694
-0.0101213514748,-0.175283080262,0.36496569399,0.160419692381
-0.00830133911855,-0.173904260109,0.365473307414,0.160708999102
-0.00808224329595,-0.173715649431,0.365505909126,0.160582429699
-0.00747516165523,-0.17329931876,0.365356372603,0.160353138502
-0.00459686007714,-0.170856459058,0.366501383357,0.161238029084
-0.00467444296744,-0.17067279812,0.366716371486,0.16135707885
-0.00280637192753,-0.16921205467,0.367128867903,0.161641070007
-0.00430123136884,-0.170426865173,0.366579660482,0.161252049093
-0.00221714724294,-0.168785557597,0.367183569524,0.161781324226
-0.000363101775731,-0.16721164532,0.367533082409,0.162064841666
0.00304690034053,-0.164093927967,0.367971048962,0.162413998714
0.00173844944711,-0.165173869934,0.367335616662,0.162035340216
0.000219843305787,-0.166597097842,0.366940654706,0.161756971778
0.00176695069809,-0.165409256303,0.366934702382,0.161777732915
0.00248460268267,-0.164545541452,0.367084316291,0.161970584525
0.00203383701836,-0.1651254939,0.366899919292,0.161840805681
0.00189001185882,-0.165413821549,0.366511308611,0.161497879424
-0.000297353047989,-0.167217646699,0.366252716143,0.161293244393
-0.00363561002484,-0.170070407203,0.365503629112,0.16084018161
-0.0068478587272,-0.172677922099,0.36480097371,0.160128285426
-0.0144145247204,-0.17937604944,0.365751989869,0.160480160791
-0.0120309757577,-0.177034446339,0.365639370732,0.1605807017
-0.00965675057607,-0.175098584271,0.365324102348,0.16043954703
-0.0109817887996,-0.176230719705,0.365539885792,0.160771662359
-0.0107461711526,-0.176012035491,0.365261577095,0.160661706399
-0.014227190559,-0.178896929763,0.365564945749,0.16079761616
-0.0114380386476,-0.176314628506,0.365315936509,0.160824140188
-0.0135998152096,-0.178105718315,0.365548268894,0.161088106652
-0.0115221571198,-0.176222103708,0.365288877019,0.160926581487
-0.00896156905841,-0.173896872807,0.365067945296,0.160880571583
-0.00644482534394,-0.171593981869,0.364839093542,0.160782203066
-0.00605829345551,-0.171167786206,0.364559191493,0.160647591322
-0.00561505395127,-0.170633946157,0.364333506724,0.160527699981
-0.00653149686743,-0.171549935336,0.364251676931,0.160454119099
-0.00973454441036,-0.174492821347,0.364640098424,0.160714673643
-0.0085900543857,-0.173636406704,0.364477776753,0.160580346692
-0.0082933089038,-0.173462987377,0.364447229196,0.160530225441
-0.00807107101469,-0.17315550123,0.364380938316,0.1604916623
-0.00961128202166,-0.174706514333,0.36450884006,0.160551168511
-0.0146599794742,-0.17914175416,0.364941389491,0.160698381768
-0.00940421582965,-0.173825486443,0.363364725378,0.160349391535
-0.00733543357587,-0.171868870808,0.3627995563,0.160127077529
-0.00700409457179,-0.171578146187,0.362648894542,0.159996115731
-0.00910724229155,-0.173467325663,0.363421038434,0.160260271774
-0.00566813500057,-0.170084171463,0.362375354912,0.15998556414
-0.00989586943909,-0.174174246484,0.363572956997,0.160369185359
-0.015697710445,-0.180059302649,0.365368363153,0.16086263586
-0.0141099049274,-0.178468824743,0.364851720734,0.160714805648
-0.0173141512117,-0.181524328323,0.365964110825,0.160905074991
-0.0181823137415,-0.182262558244,0.366148005488,0.161011512552
-0.0152641948107,-0.179752739687,0.366328302916,0.16099731328
-0.0161934552939,-0.180537901116,0.36630638365,0.161085423382
-0.0135042699624,-0.178325933597,0.366357315333,0.161114099675
-0.00722396421089,-0.172817881493,0.366499749474,0.161176011606
-0.0086701390787,-0.174165381001,0.366452749192,0.161266050582
-0.00840636916472,-0.173854245764,0.366296867039,0.161405541507
-0.0061971047634,-0.172079489644,0.366292131303,0.161285505978
-0.00912713357986,-0.174344899031,0.366151615926,0.161321590486
-0.00239591979884,-0.168614993678,0.366219991874,0.161189257837
-0.00207362265274,-0.168303222022,0.366203552269,0.161044032774
-0.0046622561503,-0.17033339225,0.3649752432,0.160697998628
-0.00757764014276,-0.172533648659,0.363692071937,0.160327411154
-0.0061154890772,-0.171409062052,0.364368404284,0.160490674575
-0.00630525973919,-0.171484192747,0.364273291557,0.160511526163
-0.00658054742785,-0.17157474219,0.364310813949,0.160524261372
-0.00928079395473,-0.173661803712,0.363193755215,0.160179832176
-0.00906216315244,-0.173418468014,0.363563686146,0.160267203092
-0.00895485958425,-0.173476635056,0.363765788464,0.160462993893
-0.012964704167,-0.176441867888,0.361762094057,0.159910555951
-0.0118921278991,-0.175740485612,0.362137469969,0.160027954455
-0.0071585620799,-0.170550988935,0.359872155554,0.158949729762
-0.0090747201496,-0.174106929662,0.361580175802,0.159392788303
-0.00853924280717,-0.173366152897,0.36205383168,0.159662809477
-0.0077251963125,-0.172526448719,0.361639265387,0.159746579464
-0.00673462526209,-0.172040156122,0.361504416689,0.159269082098
-0.00231465442672,-0.166817735248,0.359624412573,0.158232729607
6.7474103339e-05,-0.16461444364,0.358392703213,0.15751594992
0.0018547180938,-0.162819853504,0.3578637083,0.157006930205
-0.00326934579631,-0.169013305983,0.361782629531,0.15853997017
-0.000644358125377,-0.16575792752,0.36051065704,0.158178522717
0.00186069364862,-0.163781336193,0.359567800192,0.157315596795
0.00421446613518,-0.16174534081,0.358257983565,0.156584279578
0.00608957795665,-0.159822615644,0.357184421264,0.155964010561
0.00588749911601,-0.160003077664,0.357357570403,0.15601403831
0.00830549929881,-0.157889362132,0.356630450943,0.155329841428
0.00634014996712,-0.159986589346,0.357750383741,0.156009796739
-0.000792991615773,-0.165779623281,0.359859308999,0.158035922063
-0.000561405699066,-0.165950250745,0.359953271538,0.158027278569
0.00134156405142,-0.164389489347,0.359468764006,0.157469553118
-0.000628553757577,-0.165820608816,0.359623725484,0.158121056945
0.00516731589379,-0.16068458236,0.35730039943,0.15645083697
0.00989524262874,-0.15624934321,0.354806025437,0.154968259679
0.00765733703544,-0.158681787191,0.355902960316,0.155691232177
0.00710772049884,-0.159516412271,0.356417515781,0.156064854221
0.00662604910768,-0.160089214712,0.356439292067,0.156268440022
0.00890200962705,-0.158063612638,0.355616825581,0.155665431256
0.00844084601017,-0.158350519282,0.355652914576,0.155782568029
0.00524301555961,-0.161288400753,0.356866657071,0.156596305368
0.00454375151497,-0.162195984168,0.357322399945,0.156849162238
0.00734479944735,-0.159735463585,0.356146491288,0.156039456121
0.00462641763321,-0.162258785211,0.358056351376,0.15662599973
0.00911271725657,-0.158784532564,0.35648863841,0.155883871347
0.0112350948589,-0.157198730182,0.355332519591,0.155488694201
0.0144403985054,-0.154489709754,0.352905087501,0.15465875318
0.0184087647502,-0.151390160376,0.350956545938,0.153861244907
0.022604926252,-0.147765838262,0.348306586428,0.153079894045
0.0222419502797,-0.147126805376,0.347508628648,0.152811191934
0.0158994319092,-0.152047468158,0.35102384261,0.154363397012
0.0177311923424,-0.150595390004,0.350216041284,0.154001939523
0.0224387325495,-0.146544454369,0.347416844046,0.152848854614
0.0243922041114,-0.145053123205,0.346503999145,0.152485700574
0.0212531953488,-0.147436222634,0.347725230949,0.152955990822
0.0260169229755,-0.143687117829,0.345522647576,0.151958109734
0.0188109752344,-0.14955340996,0.349256944542,0.153374209491
0.0145550374429,-0.152752092346,0.351593831765,0.154279582589
0.0116074783763,-0.155254449414,0.353400502531,0.155018595458
0.0085362944723,-0.157507929157,0.354789763765,0.155644281257
0.0088569805397,-0.157512436116,0.355030664052,0.155678065668
0.00891495401892,-0.157984598739,0.355332411274,0.155800606642
0.00380137706216,-0.161594096818,0.357080703504,0.156642386092
0.00328819600656,-0.162186103851,0.357752413027,0.156940050194
0.000748325845004,-0.163024032016,0.358248234634,0.157424261606
0.00424348138731,-0.161889167715,0.357323356091,0.15664773045
0.00720217259745,-0.160848960519,0.356598129379,0.156084878418
0.00130921323824,-0.163350149123,0.358498080545,0.1571181875
0.00376152015431,-0.16263508827,0.35795412345,0.156675380091
-0.00295605696092,-0.164650285391,0.35976804845,0.157767906398
-0.00535468315719,-0.165212449375,0.360061916825,0.158014995866
6.31761337228e-05,-0.163535074436,0.358828506399,0.157178081026
0.000566802030249,-0.163499028614,0.358723349358,0.157140399939
0.0039606553704,-0.161243517392,0.357353721897,0.15647378702
-0.00327902318466,-0.166608482664,0.360587212037,0.157877354091
-0.00327394654824,-0.166309465469,0.360489337612,0.157901695621
-9.5229472238e-05,-0.163605878656,0.35882425756,0.157218817262
-0.000330267183251,-0.163839747996,0.359053602909,0.157172165186
3.500011643e-05,-0.163705302257,0.359063529057,0.157186132686
-0.00036700544621,-0.164114766269,0.35925118778,0.15722603194
-0.00572356405388,-0.168059107331,0.361627916407,0.158202193675
-0.0098728339287,-0.171267953194,0.363609482711,0.15895115725
-0.0112990546875,-0.172345983271,0.364183515999,0.159061054611
-0.010256770439,-0.172054523866,0.363960263787,0.158860381209
-0.0014607961867,-0.165937766509,0.360095934394,0.1575088735
-0.00919959830057,-0.170846066902,0.362932575245,0.158530022918
-0.0118714421109,-0.172366759795,0.363768382903,0.15890004325
-0.0117700160608,-0.172918021121,0.364434356248,0.158929988436
-0.0123949145734,-0.173781135701,0.364835681043,0.158978541131
-0.00942454123691,-0.171597263645,0.363541026277,0.1585314172
-0.00894580436983,-0.171475795279,0.363579498698,0.158499938144
-0.00891133931703,-0.171389248015,0.363339788925,0.158428892349
-0.0103512701165,-0.172705369137,0.36403506748,0.158757595602
-0.00957454213756,-0.171544424009,0.363612548482,0.158604555391
-0.0180921033712,-0.178815836761,0.36723876607,0.159649703051
-0.0198010694586,-0.179752743814,0.367673142038,0.159846518634
-0.0206399358117,-0.180309841076,0.36778674223,0.159953836102
-0.021462242632,-0.18116004849,0.368150671812,0.159998298189
-0.0205800835054,-0.180410299218,0.367839943683,0.160006945689
-0.0172854700406,-0.177859146752,0.366646240682,0.159677119564
-0.0182005517103,-0.178601383613,0.366868222119,0.159655561133
-0.0148074888789,-0.175910976982,0.365486377826,0.15926441734
-0.010958878531,-0.172135391116,0.363420847753,0.158631234715
-0.0108033439668,-0.172067986843,0.363637783301,0.15864445686
-0.0106163991271,-0.171713235474,0.363613272938,0.158612397269
-0.0109066230135,-0.171798212848,0.36368991217,0.15876549364
-0.0128991913435,-0.17306926051,0.364309311377,0.159159315171
-0.0119890633286,-0.172278829842,0.363876716586,0.15905243012
-0.0116784969885,-0.172151453373,0.363827516668,0.15903702443
-0.0140244019202,-0.173626510225,0.364647274093,0.159513979811
-0.0134763353117,-0.173149746981,0.364436093001,0.159422222147
-0.0127927207669,-0.17276288248,0.364137708881,0.159455774913
-0.0122860057244,-0.172646191431,0.364031151242,0.159474722438
-0.00948452359597,-0.169904443351,0.362793204186,0.15929162443
-0.00666699527228,-0.167132350359,0.361458736238,0.158948933669
-0.00848267753762,-0.169108344676,0.362451972633,0.159138586331
-0.0120690232383,-0.173000641618,0.364300408586,0.159591331563
-0.0137094777183,-0.174438452776,0.364981814427,0.159778186045
-0.0147385201737,-0.175550167766,0.365477676658,0.15984729742
-0.0124097445638,-0.173201299613,0.364332655063,0.159698462084
-0.00575350595062,-0.166459946493,0.361320252329,0.159090383007
-0.00743772367574,-0.168057840613,0.362118009719,0.159421505853
-0.00896366586324,-0.169783468694,0.363078296746,0.159605559194
-0.00176905360319,-0.163581232876,0.360221093818,0.160263019544
-0.00105098332382,-0.162750571901,0.359749968065,0.160336452298
0.00348335270461,-0.158930154934,0.357917173212,0.160703518115
0.00310323349084,-0.15914422188,0.358050046042,0.160710975198
-0.000821682111897,-0.162748915665,0.359765685759,0.160340876318
0.00152901382613,-0.160602769091,0.358727465489,0.160500583619
0.0040547684461,-0.158264270053,0.357823098008,0.160737234995
0.00411242186262,-0.157997237637,0.357599446978,0.160631569392
0.00400722462525,-0.158128629209,0.357604988124,0.160445299735
0.00599725995103,-0.156336362417,0.356651954829,0.160588251379
0.00075731918289,-0.161086452163,0.359200658344,0.160469841975
-0.00594504529852,-0.167344697997,0.362416468403,0.160296865753
-0.0038130124619,-0.165508886165,0.361319496193,0.16024816725
0.000509612520607,-0.161520048754,0.359349044739,0.160359406302
-0.00138959675956,-0.163301752064,0.360106708481,0.160270461282
-0.00147788287891,-0.163523585834,0.360272278889,0.160255511527
-0.00166499720434,-0.163708381871,0.36036461425,0.160198626769
-0.00589621370076,-0.167667212664,0.362317612877,0.160106751419
-0.00310190485026,-0.165312089417,0.361050247172,0.160153183646
0.00117078305024,-0.161412027759,0.35890258949,0.160182975947
-0.00132306354723,-0.164173676624,0.360404704107,0.160201359426
0.00557432304031,-0.157587873371,0.357066512099,0.16036271428
0.00733630227429,-0.156077970457,0.356304050415,0.160355740139
0.00944099265484,-0.154226817723,0.355471577517,0.160396551457
0.0094807135527,-0.153916520194,0.355515032167,0.16028574863
0.00449995311669,-0.158390395252,0.357918255658,0.160166344418
0.00671605648146,-0.156362518486,0.356775761574,0.16021462388
0.00175100343323,-0.161459986583,0.359124689608,0.160078987339
-0.000805020089151,-0.163759402857,0.360449119433,0.160142435783
0.0015012213872,-0.161542628676,0.3594193135,0.160197790933
0.00376399709896,-0.159800264583,0.358278940655,0.160082006335
0.000864027945636,-0.162545221484,0.359850553196,0.160324329192
-0.00108997488549,-0.163929551018,0.360531386464,0.160359085265
0.00162715738763,-0.161505478152,0.3591885472,0.160238917652
-0.00601677869013,-0.167893676138,0.362595190207,0.160546113194
-0.0106574486155,-0.171746742786,0.364304758703,0.160675334514
-0.0104898745059,-0.171707969985,0.36403432215,0.160637086443
-0.0145400784551,-0.175016392029,0.365801744188,0.160875378732
-0.0184053049531,-0.178181241999,0.367254869888,0.161012041621
-0.024183733266,-0.183234919569,0.369688311489,0.160967551916
-0.0177909349046,-0.177873145796,0.367059388552,0.160601193824
-0.0149079937383,-0.175420823331,0.365984866027,0.160461747669
-0.0185366176997,-0.17848337382,0.36755854083,0.160699043924
-0.0157825000722,-0.176001649396,0.366344682709,0.16069593605
-0.0193451992254,-0.178996180047,0.367827389898,0.160785949851
-0.016473393809,-0.176698601856,0.3667360926,0.160706236191
-0.015208511161,-0.175530819368,0.366021337612,0.160665996257
-0.0125091332336,-0.173267204914,0.364887600956,0.160496056091
-0.00973494555146,-0.170884079007,0.363738259803,0.160259107444
-0.00813094954384,-0.169427415439,0.36303259664,0.160235124646
-0.0119562970197,-0.172593943183,0.364484194835,0.160265159757
-0.0117779899996,-0.172474832278,0.364573422789,0.160241012074
-0.0135992982395,-0.174088021081,0.365489697878,0.16030022951
-0.0229402197538,-0.181912784642,0.368823528526,0.160574926152
-0.0263131597731,-0.184497142905,0.370019998341,0.160774786204
-0.0270093849598,-0.184974193364,0.370258333701,0.160982323998
-0.0256542777926,-0.183675834254,0.369698348561,0.160988588741
-0.0216778286103,-0.18037147396,0.367940812105,0.160889777798
-0.0250693695001,-0.18326578543,0.369405071566,0.160963991885
-0.0192986616378,-0.178264146049,0.367211667328,0.160922868223
-0.0184063151541,-0.177448476769,0.367040364161,0.160976005841
-0.015169933749,-0.174809660272,0.365727742127,0.160917186754
-0.0118082819362,-0.172348348718,0.364650394834,0.16067465604
-0.00941501546845,-0.170593328777,0.363476449092,0.160553647583
-0.0108326517997,-0.171849964868,0.364095393886,0.160648168655
-0.0106650158123,-0.171645818011,0.364134634321,0.160642268524
-0.00335400389985,-0.165857809957,0.361435322798,0.16020473905
-0.00134072001652,-0.164286787052,0.360714018697,0.160127904865
-0.00162131520722,-0.164561162618,0.360731464474,0.160265690093
-0.00350612601877,-0.166014102008,0.361402251551,0.160403875509
-0.00788646576249,-0.16981242244,0.363256713882,0.160565943452
-0.00368391068895,-0.166377494914,0.361780614076,0.160383951721
-0.00642551061578,-0.168515095414,0.363081964582,0.160548807255
-0.0125546020638,-0.173648480186,0.365427270967,0.160832363382
-0.0139207024036,-0.174769342819,0.365883874955,0.161045728307
-0.0152768742963,-0.176029497997,0.366569451531,0.161124678315
-0.0170992025403,-0.177676829986,0.367299679881,0.161228935259
-0.0145257038892,-0.17565392118,0.366321882999,0.161112723109
-0.0185318405574,-0.178952044411,0.367940010976,0.161332896211
-0.019655840468,-0.180225071518,0.368579603921,0.161321624704
-0.0147009991886,-0.175521035193,0.366270785404,0.160827229646
-0.0163786941895,-0.177205303697,0.367012664291,0.160952292347
-0.0194155268022,-0.180303812675,0.36848792325,0.161310695205
-0.017674251127,-0.178919700969,0.367588480401,0.161146115743
-0.0204794493595,-0.181732234981,0.368721675552,0.161437953681
-0.0229716317892,-0.184265990768,0.369926995328,0.161724182814
-0.0254817235981,-0.186337396186,0.370729207887,0.162164945115
-0.022773329634,-0.18350547726,0.369442765112,0.161950761437
-0.0178157915789,-0.178825982011,0.367330767582,0.161590492623
-0.0152834826176,-0.176171054179,0.366083871069,0.161522566242
-0.0142426300931,-0.175218296933,0.365696278625,0.161525045485
-0.0115953036374,-0.172797665406,0.364730590317,0.161295375697
-0.0124186068899,-0.173668064343,0.365058403308,0.161386467726
-0.0200623324499,-0.181203487684,0.368214710625,0.162105986477
-0.0188442718235,-0.179957042012,0.36768322724,0.162062830152
-0.0122111962182,-0.173570412851,0.365169525862,0.161450239487
-0.0163266738119,-0.177690790763,0.366793573364,0.161826735934
-0.0135266315695,-0.175424193111,0.365919725185,0.161547692719
-0.010970909467,-0.173210115944,0.365018801389,0.161293442678
-0.0106042266395,-0.172855015356,0.364947430479,0.161251621173
-0.0141081868623,-0.176099938231,0.366523537438,0.161270877399
-0.0114926057398,-0.173921739438,0.365523983081,0.161290928264
-0.0132858223508,-0.175459842671,0.366121223305,0.161364502701
-0.0106869678339,-0.173115656029,0.365059914993,0.161428072951
-0.00981096669954,-0.172712765503,0.364776981534,0.161366235036
-0.00736910084426,-0.170259969274,0.363705466867,0.161247148241
-0.0112575857983,-0.173751245203,0.365355191404,0.1613127787
-0.0064050669054,-0.169388333235,0.363398495049,0.161354901625
-0.00852718321721,-0.171275071549,0.364164824534,0.161293430271
-0.00119022897821,-0.16490165594,0.361031945313,0.161133237403
0.00164734419508,-0.162973552059,0.360163196241,0.160797957453
0.00288240059954,-0.161949673854,0.35949561981,0.160659894577
0.00274174955047,-0.162062693616,0.359352839749,0.160656873459
-0.00057779320187,-0.164485667322,0.360472508007,0.161035001571
-0.00702701393543,-0.169876322314,0.362663969034,0.161592852302
-0.00432990255203,-0.167712635784,0.361769261383,0.161336522381
-0.00617897774867,-0.16925564574,0.362322712836,0.161534497325
0.000700929333489,-0.163902684815,0.360028061739,0.160976814827
-0.00626235202018,-0.169485156672,0.362476262713,0.161572402572
-0.00575526525956,-0.169061414874,0.362310456688,0.161482969453
-0.00944843633139,-0.172229368877,0.364151703394,0.161628282437
-0.00814188780535,-0.171252584548,0.36357800886,0.161493063184
-0.00635381384677,-0.169809630771,0.362838515578,0.161388572734
-0.00793263988732,-0.170986245333,0.363344034131,0.161435757958
-0.0054719268542,-0.1691156841,0.362432033867,0.161353105332
-0.00745378129965,-0.170915410284,0.363251716384,0.16145718312
-0.00872030821026,-0.172170011215,0.3638395445,0.161497277059
-0.0061377075376,-0.16984762151,0.362730607495,0.161476659949
-0.00449942329515,-0.168428886162,0.361704843924,0.161377208304
-0.00629032455576,-0.16993690978,0.36252663066,0.161469331002
-0.0024544778012,-0.16648624748,0.360992966047,0.161151116164
-0.00684815224985,-0.170495594114,0.362654462891,0.161307035668
-0.0151761132621,-0.178251091797,0.366103041529,0.161962324885
-0.0104554951735,-0.173864039422,0.364286041095,0.161632174405
-0.01184231113,-0.17544319103,0.364849142387,0.161693463112
-0.0110835756016,-0.174639601868,0.364433069617,0.161683862092
-0.00671686632268,-0.170845711014,0.362666636319,0.161339351955
-0.00430654631249,-0.168396912823,0.361640708989,0.161183898251
-0.00220285474422,-0.166016032481,0.360555272792,0.16099803779
-0.00172958509746,-0.165689899779,0.360412089818,0.160999384712
-0.00439333377968,-0.170640343583,0.359781575616,0.160694319584
-0.00287930255688,-0.167613590654,0.360133178143,0.160907401387
-0.00146473613459,-0.165101747422,0.360457406364,0.161049617388
-0.00403786646418,-0.169968070004,0.360021635598,0.160790314327
-0.00749962281716,-0.176107668238,0.359601698166,0.160543329202
-0.00706586871073,-0.17564678303,0.359713510407,0.160514843761
-0.0068491012855,-0.175140998085,0.360016809714,0.160616000853
-0.00673258516766,-0.174926304334,0.360181139356,0.160658156548
-0.00837683889482,-0.177961639245,0.359677500152,0.160525070278
-0.00935599768083,-0.179887488662,0.35971884792,0.160406651208
-0.0120173193147,-0.188477289782,0.359037046924,0.160241646144
-0.0116314172269,-0.1854186728,0.360139088658,0.16026447303
-0.0128149710738,-0.188896678123,0.359716643729,0.160032428776
-0.0136997039098,-0.1903259591,0.360365147583,0.160179463369
-0.013313495354,-0.189498142346,0.360512185412,0.16022417711
-0.0112065205629,-0.180925420589,0.362295117875,0.160663728428
-0.0109750630878,-0.177607236328,0.363403832376,0.161042318744
-0.0115150819003,-0.177537072101,0.363858888961,0.161202490305
-0.0110360195186,-0.177138959318,0.363750346773,0.161039982924
-0.0106947329192,-0.176008306512,0.363728271647,0.161047008402
-0.0120475813977,-0.177990099066,0.364320489692,0.161137981687
-0.0109603182112,-0.177362854602,0.363766455202,0.160986669631
-0.00968169736184,-0.176666246386,0.362843590634,0.160764522427
-0.0151251186897,-0.183733935252,0.36585736925,0.161188046478
-0.0133147205595,-0.180335548335,0.365360358162,0.161203880398
-0.0130294372019,-0.179940581906,0.365401971783,0.161213262768
-0.0143347545798,-0.1818100863,0.366170971454,0.161276630835
-0.0130641328226,-0.180625834168,0.365287139242,0.161187923051
-0.0178398926872,-0.186427562797,0.367607204686,0.161540823889
-0.0161012719959,-0.185142981364,0.366421093024,0.161281943942
-0.012928980221,-0.181509874006,0.365034092633,0.160843650785
-0.0146057905406,-0.182831523834,0.365907082884,0.161179391659
-0.0144112397436,-0.18233164157,0.365883392624,0.161217005919
-0.0139665589803,-0.181500004158,0.366158396489,0.161111698257
-0.0123470102731,-0.181231737553,0.365040890225,0.160675482095
-0.0155401333043,-0.184715132071,0.366684595103,0.161047257039
-0.0091643714309,-0.176459288391,0.364013211629,0.160019179771
-0.0107209791967,-0.177130443796,0.364666923403,0.160288749112
-0.0124010335697,-0.179221026494,0.365920936352,0.160541480824
-0.0114647165822,-0.178429691301,0.365488868848,0.160385447297
-0.0140482510815,-0.178939283602,0.36641622593,0.161525954583
-0.0206572397661,-0.181589534155,0.367614556975,0.164650297097
-0.0178265053173,-0.180028214087,0.367426412706,0.163434470933
-0.0123298983598,-0.177037698768,0.366853178527,0.160813666497
-0.00938045130027,-0.175086328373,0.366616236844,0.159409948049
-0.00892174212291,-0.17466966517,0.366880416536,0.159155658607
-0.00606251671752,-0.17341579641,0.366031862946,0.157880441149
-0.0124282306002,-0.177280074134,0.366515935366,0.161014185019
-0.0110808044177,-0.176793316,0.366185913662,0.160338855987
-0.0133662356178,-0.177743031914,0.366749563367,0.161344441202
-0.0150699375886,-0.179845913302,0.368049315617,0.161525432789
-0.0206540843335,-0.187044787013,0.370846510828,0.162549093146
-0.0217577504928,-0.188222182995,0.371430569813,0.162784737467
-0.0287598682152,-0.195119189124,0.374666083838,0.164319459648
-0.0259458165244,-0.191110240179,0.373541821696,0.163839565309
-0.0239702761254,-0.189289599505,0.372172304862,0.163465577675
-0.0237854998988,-0.187870488708,0.372378075978,0.163568297257
-0.019571260754,-0.184069157759,0.370065129385,0.162688460181
-0.019631638129,-0.183097979869,0.370539713317,0.162851283063
-0.0185901360067,-0.182548729939,0.370213246769,0.162534593913
-0.0185236938581,-0.183127011513,0.369826305686,0.162483891791
-0.0204931791007,-0.184726903229,0.37126834953,0.163087925798
-0.0233843505919,-0.188240235267,0.372783557004,0.16361130375
-0.0256862410231,-0.191392294063,0.373653002873,0.164163819458
-0.0225489956311,-0.187421282964,0.372249044985,0.163643011486
-0.0162109528552,-0.180121751363,0.369238733385,0.162311081059
-0.0201845677799,-0.183878187674,0.371274775066,0.163279559552
-0.0211625957636,-0.184189342708,0.371783848889,0.163632512347
-0.0170725645258,-0.180222712261,0.369617509142,0.162681126765
-0.0152596769971,-0.179909293703,0.368407830898,0.162169704129
-0.0182696720097,-0.181889179879,0.369555054702,0.162469467215
-0.0213752373412,-0.185046128329,0.37072051785,0.162540302602
-0.0243170661348,-0.186441266424,0.372067899837,0.162914553793
-0.0250457198799,-0.188202085125,0.37208319618,0.162749263205
-0.0228866760439,-0.185633060629,0.371555969965,0.162639024113
-0.0261960217243,-0.188481789046,0.372963809879,0.16291776695
-0.027722633333,-0.189291533635,0.37372498893,0.163077166275
-0.0222889614702,-0.183220060154,0.371918462541,0.162898959004
-0.0251865872708,-0.186638596528,0.372696543154,0.162947801145
-0.0278348191834,-0.188902751035,0.373654607724,0.16330320499
-0.0231762012589,-0.186759550096,0.372343968596,0.163265428775
-0.0242314065943,-0.187748408215,0.372629057389,0.163080347544
-0.0189755891098,-0.184465880515,0.37125321053,0.163371560838
-0.0151712157016,-0.182684936726,0.370040206607,0.163273698551
-0.0140870344783,-0.182161931462,0.369641628001,0.163098317945
-0.0151447562667,-0.183160848656,0.369909366511,0.163116069469
-0.0164386213213,-0.183990180796,0.370230259406,0.163189178255
-0.0139220255132,-0.18262371846,0.369275180814,0.163080307745
-0.01733458227,-0.184777191614,0.370471599766,0.162915289091
-0.0182743934784,-0.185381303712,0.370501244769,0.162917660869
-0.0172316780111,-0.184991946905,0.37005949611,0.162913293602
-0.0135315532023,-0.183519777987,0.369160887259,0.162929901837
-0.0128791300531,-0.183071444221,0.369097581205,0.163008909637
-0.0116997834935,-0.181788149488,0.368841787056,0.162997068785
-0.0114098750194,-0.181464156422,0.368860136027,0.163125302122
-0.00998961548386,-0.180717972471,0.368395649943,0.163089336993
-0.00756093913539,-0.179155850577,0.367648606901,0.163149911671
-0.00638177361712,-0.178961926816,0.366989353202,0.162997906279
-0.0086345580874,-0.179570125814,0.367391862032,0.162931164142
-0.0106897518083,-0.180887078249,0.367749675918,0.162822011985
-0.0180805241176,-0.185033263783,0.370873672463,0.163515975777
-0.0191348002414,-0.185797684613,0.37108982222,0.163648116074
-0.0198599114962,-0.186200838008,0.371161960107,0.163516216234
-0.0209665636356,-0.186453072651,0.371468907275,0.163466593541
-0.0250751531576,-0.188248455764,0.373109279213,0.16385064422
-0.0267709576233,-0.188870800637,0.373687281793,0.163859909302
-0.024720725914,-0.187918567045,0.372860255505,0.163709444928
-0.0233343248068,-0.187119774261,0.37222303502,0.163560738575
-0.0167079509792,-0.183509066189,0.369497774265,0.163107147202
-0.016250155191,-0.183395675721,0.369170806763,0.162998153523
-0.020144936435,-0.185713032636,0.370489834193,0.163307214874
-0.0189207501371,-0.184912117743,0.369969654147,0.163166665015
-0.0136823507631,-0.181916395884,0.368213146437,0.162745029967
-0.00993523324889,-0.179581538238,0.366866311609,0.162456054707
-0.0073374633159,-0.177480528121,0.365739374116,0.162288355078
-0.0137126420546,-0.181364501434,0.368056710472,0.162796974
-0.0148759229767,-0.182142138706,0.368431846434,0.162908452632
-0.013487225756,-0.181445354154,0.36799016312,0.162817728253
-0.0142327287647,-0.181829284855,0.368227107364,0.16288475593
-0.0160241729314,-0.183061565014,0.369118871287,0.163062201112
-0.00952801943663,-0.178795201355,0.366146314416,0.162264332132
-0.00503600205813,-0.175808536422,0.364073840055,0.161639909039
-0.00422442512665,-0.175392576469,0.363690974541,0.161493258912
-0.00894117605664,-0.178581013999,0.365833176476,0.162043421719
-0.00843402013016,-0.178316804672,0.365629626022,0.161931663399
-0.00822747137706,-0.17830227018,0.365734306276,0.16203700037
-0.0124289578883,-0.180827575515,0.367432809538,0.162526197365
-0.00848652911888,-0.178135401248,0.365561626328,0.162031847855
-0.00781366597194,-0.177787973342,0.36520096888,0.161874090389
-0.000223337635292,-0.172463820182,0.361625591525,0.161078831844
-0.00265670778022,-0.174326774339,0.36270902083,0.161407226921
-0.00722990546153,-0.177453273962,0.364698237436,0.162181128084
-0.00951856917668,-0.179101114483,0.365581597006,0.162440342021
-0.00732001414377,-0.177900425823,0.364498776806,0.162012073009
-0.00454973705893,-0.175931459809,0.363291384819,0.161674992409
-0.000901957439015,-0.173434760304,0.361586790282,0.161098022744
-0.00148051948743,-0.173545230492,0.361882180522,0.161197984353
0.00320037089821,-0.170196898549,0.359590948518,0.160431563483
0.00525574492175,-0.168754002504,0.358650238173,0.160104183619
-0.00749114738174,-0.177518420142,0.364568247592,0.162175507528
-0.00671363942192,-0.176937251249,0.364146481677,0.162085969997
-0.00343499190959,-0.17455235709,0.362395448605,0.161735899402
-0.000414847672556,-0.172564697971,0.360963201307,0.16140201162
-0.00258758148521,-0.173862048121,0.362012328149,0.161672532562
-0.00749000281688,-0.177081405785,0.364489111425,0.162148331572
-0.006553928297,-0.176415554563,0.36392793905,0.1620645315
-0.00843865046109,-0.177501916222,0.364854421171,0.162172031525
-0.00572701168318,-0.175498139157,0.363581451412,0.161955022593
0.00215077915183,-0.169997565501,0.359577381145,0.16102805135
0.00433703279597,-0.168494174176,0.358498872054,0.160898014158
0.00787702885227,-0.163709504491,0.357707568609,0.16084571017
0.0087267148748,-0.164470104772,0.35746186832,0.159098228189
0.00836792974893,-0.164198354996,0.358174139062,0.158485794466
0.00904050850212,-0.163820454495,0.356788654816,0.157848267167
0.00767656158861,-0.167310910776,0.356843225763,0.156916378323
0.00213954577377,-0.175090656045,0.360124925744,0.156062991211
0.00168596835665,-0.175443647973,0.360587308496,0.15641611108
-0.000853661751476,-0.176282920537,0.361705576357,0.157569260548
0.0040008195744,-0.171109544555,0.360201160099,0.157342961499
0.00535319660316,-0.168841076146,0.360500096404,0.157868572409
0.00468717331367,-0.168242842509,0.360202174437,0.158470511449
0.00440721232932,-0.168919193441,0.36053802641,0.158539048802
-0.00140230339868,-0.172735400417,0.363178010366,0.160778165379
-0.00372715568495,-0.17476031923,0.36410034868,0.161610192606
-0.00822595491631,-0.180257317046,0.367034661474,0.162723964657
-0.0115434539993,-0.181648667662,0.368092890601,0.164351612657
-0.00865712693388,-0.178182334158,0.366242969158,0.163633315947
-0.0137777789087,-0.182325063728,0.368772792616,0.165576062159
-0.0125610649974,-0.180792180914,0.367818114041,0.16532586624
-0.0141006573028,-0.181844977884,0.368514801747,0.165852799337
-0.0172948231424,-0.187650568794,0.371760003533,0.166144536862
-0.0189844415727,-0.188712019497,0.372347104979,0.166768993615
-0.0224309844555,-0.193029599531,0.37489483963,0.167455127402
-0.0237738364041,-0.193518575289,0.375467675677,0.168068462302
-0.0292512826825,-0.198985706753,0.378996274604,0.169659143199
-0.0322459663932,-0.200349468941,0.38014384826,0.170916877664
-0.0293069556315,-0.197617236383,0.378284129554,0.169810493182
-0.0248928780389,-0.195049513639,0.376242942964,0.168090940689
-0.0258845957377,-0.194134443554,0.375881612582,0.16875032403
-0.0214818901917,-0.191910381833,0.37412092198,0.166865766208
-0.0236262885494,-0.192307830709,0.374458502966,0.167972821039
-0.0217189272365,-0.190064506709,0.373000630168,0.167503862155
-0.0226998106922,-0.191329645207,0.373634238818,0.16765594536
-0.0287709852533,-0.194514459119,0.375721683758,0.170183478294
-0.0297060657271,-0.194881099463,0.375815817039,0.170676693677
-0.0256053148587,-0.190544118109,0.373296703789,0.169620844667
-0.0214731448173,-0.187078100513,0.371152550689,0.168233175924
-0.0189715796626,-0.18424208487,0.369404304898,0.167713123537
-0.0188781911515,-0.187424044546,0.371003308445,0.166764485872
-0.0182899776926,-0.186511627941,0.370666004468,0.166798405098
-0.0187128956962,-0.184841434962,0.369987873272,0.167567309563
-0.015332626816,-0.183237506425,0.36843581706,0.166338096256
-0.0157347267132,-0.185099011226,0.36921992548,0.166026648859
-0.0242069548744,-0.191360584662,0.373529952876,0.168860935395
-0.0294347732799,-0.196058442276,0.376261723274,0.170311611942
-0.0238611292555,-0.192763148963,0.373706833452,0.168267584411
-0.0250072977216,-0.193307795301,0.374116510273,0.168548215014
-0.0166996769565,-0.187302087304,0.3699394512,0.165852636556
-0.0184338105532,-0.187777641599,0.370101419363,0.166545559117
-0.0200355477075,-0.188234988406,0.370464924503,0.16727244685
-0.0161327009596,-0.186205384708,0.36855456569,0.166177290905
-0.0141778310022,-0.184350757098,0.36693196468,0.165773912099
-0.0172571284427,-0.186146825641,0.36856664979,0.166462269073
-0.0156797632628,-0.185766445029,0.367854281543,0.165905694762
-0.0142379330423,-0.184648491413,0.367008043239,0.165582689038
-0.0155702351529,-0.185902443369,0.367985476016,0.165952744507
-0.0140468810688,-0.184996915519,0.367124408985,0.165522543256
-0.0113635301201,-0.183632412583,0.365750192211,0.164759432233
-0.0128984522893,-0.184214558632,0.366573768396,0.165307688299
-0.0144803624245,-0.185140709298,0.367407227139,0.165598997309
-0.0107615807596,-0.182828146233,0.365430230161,0.164620378146
-0.00682483971975,-0.180472786595,0.363275910281,0.163589732823
-0.0090647702541,-0.18162263373,0.364291855025,0.164219155771
-0.00617802197458,-0.179425143661,0.362558647799,0.163604575937
-0.0128096686393,-0.184376607652,0.366441094025,0.164997898103
-0.0219058623377,-0.190989039281,0.372085377349,0.167131905168
-0.0196473375246,-0.190254888624,0.371237210387,0.166495857245
-0.0225922443316,-0.192536866404,0.372927178677,0.167046243892
-0.0181482801356,-0.189448826478,0.370209081154,0.166160406114
-0.0198446515995,-0.190484722207,0.37090075268,0.166587150003
-0.0173408329053,-0.18680354412,0.369207252604,0.167048383472
-0.0182962192391,-0.187787798881,0.369730788356,0.166911229562
-0.0194708570783,-0.18794517781,0.369810555574,0.166919786973
-0.0196841374207,-0.190424816372,0.37010629326,0.165755524245
-0.0176034354924,-0.187431733358,0.369181984915,0.166053591218
-0.0157093452552,-0.183115706057,0.367392885887,0.166418243151
-0.0155591727175,-0.182818748134,0.367407360647,0.166496933204
-0.0193199047565,-0.188533182086,0.368934776216,0.165470537187
-0.0204997482559,-0.190600742262,0.369959281506,0.165106908246
-0.0220752916471,-0.19314537491,0.370660837299,0.164617589528
-0.0170935402063,-0.19043699919,0.368403042338,0.163608803235
-0.0118239752827,-0.185782238702,0.365512622138,0.163284373685
-0.00794784806746,-0.182829343987,0.363397941255,0.162748213485
-0.0102004777097,-0.183877862767,0.364276489321,0.163053536802
-0.0118166921311,-0.184027043881,0.364424626157,0.163444352999
-0.00830073337651,-0.181558372809,0.362583621293,0.162968479775
-0.00648012821223,-0.180041625897,0.361355883746,0.162689608722
-0.00778752815307,-0.181073721133,0.361712441999,0.162801437177
-0.0120987081759,-0.183517795571,0.363728951786,0.163606695059
-0.0137557109872,-0.182861149517,0.363761653866,0.164250949582
-0.0113403354038,-0.178991754995,0.361821557844,0.163979459884
-0.0196713700957,-0.184550008916,0.366027094131,0.166127360808
-0.0141700085785,-0.181069252594,0.363561577792,0.164724556631
-0.0185099884778,-0.182980708575,0.365620370079,0.166132439364
-0.0099015167073,-0.177776215903,0.361240655714,0.163891479884
-0.00883377718201,-0.177656066527,0.361039025919,0.163537041367
-0.0150169789979,-0.182596968573,0.364524942834,0.164963047134
-0.0168655436911,-0.184014175002,0.365244105579,0.165396895447
-0.0158576938888,-0.182666435217,0.364711632158,0.165261900272
-0.0199006609029,-0.185331324805,0.366902612901,0.166432805052
-0.0178493054332,-0.185568251716,0.366620557132,0.165696120348
-0.0192153479961,-0.186490182775,0.367432752176,0.165845669307
-0.0216833943768,-0.186814552382,0.368373045525,0.166658160442
-0.0229105777747,-0.187356064935,0.368908774619,0.166981949157
-0.0273234666586,-0.187337744601,0.370097708133,0.168438308969
-0.0234651709611,-0.185953279009,0.368722844126,0.167614915724
-0.0155038579525,-0.184375789154,0.366106036594,0.165162073747
-0.0136546266799,-0.184401387282,0.365455512986,0.164334920042
-0.0103365292269,-0.183355061747,0.36393715076,0.16331551283
-0.00115928395357,-0.180660957314,0.360499946651,0.160875830587
0.00375098480796,-0.176188485652,0.357389193368,0.159712328658
-0.00156258547323,-0.177699848092,0.358745324604,0.161489147749
-0.00286470569779,-0.17824958539,0.358974309825,0.161772990089
-0.00459703379775,-0.180728155846,0.360541564997,0.162239628162
-0.00114499388385,-0.17814656647,0.358790373595,0.161246356118
-0.00250525420528,-0.179467519035,0.359826491463,0.161521020853
0.000560327207186,-0.176200216087,0.357779024333,0.160675759219
-0.00142288128099,-0.17775158439,0.359175034067,0.161265378
0.00230940965199,-0.175916323449,0.35756176484,0.160041320515
0.00284185884157,-0.175989277262,0.357576522162,0.159643310021
0.00674582000431,-0.175100181912,0.356449405316,0.15848385547
-0.000926053059551,-0.181019738446,0.36088822485,0.160230903885
0.000448243775998,-0.179850778832,0.359993897012,0.159935313265
0.00148514238324,-0.180002356962,0.359969656497,0.159523638327
0.000766328020555,-0.179074761894,0.359773480161,0.159960924423
0.00335624530894,-0.176335045153,0.358253154248,0.159621188064
-0.0048297269262,-0.179915086628,0.361541884378,0.161547089445
0.00131559553071,-0.176500272898,0.358650669759,0.160097802017
0.00848023217559,-0.170989754581,0.354732773406,0.158494017937
0.00261872795936,-0.172850647507,0.356858620348,0.160076926019
0.000623936919338,-0.175576887558,0.357758788926,0.160818086069
0.000786674391778,-0.175782007834,0.358033668648,0.160812451394
0.00118447461294,-0.175448683437,0.358062993706,0.160697143848
0.00629788618427,-0.172232253532,0.356987213346,0.158409463222
0.00425791922429,-0.174005401214,0.357473395797,0.159117106969
-0.000558482102259,-0.175780899913,0.357937223315,0.161390790533
0.00403056380116,-0.171495426138,0.356693808669,0.159584728408
0.00920856873657,-0.167462030225,0.355102819212,0.157376276866
0.0106579322568,-0.165406626865,0.354454518102,0.157001052163
0.00640764410418,-0.170156254429,0.355997905667,0.158631946616
0.0105764090503,-0.16406805665,0.353695402935,0.157474703498
0.00644359634514,-0.171008826442,0.356362653034,0.158250733408
0.00521219009378,-0.173524021019,0.357203878372,0.158351628208
0.00207366709831,-0.174736438187,0.358400478376,0.159697091708
-0.00273871885557,-0.18015441517,0.360694381086,0.161194399486
-0.00481880871796,-0.180681749915,0.361069917743,0.162120048569
-0.0036052823718,-0.176401177486,0.359884089644,0.16216709498
-0.0031328942708,-0.177013147976,0.359808122719,0.16181641514
-0.00348047397239,-0.176914211961,0.360523197218,0.161959429759
-0.00373821034303,-0.176538487504,0.360811350407,0.162231076083
-0.0129819013428,-0.183624062851,0.364607943312,0.164727553232
-0.0103808345417,-0.181726999029,0.363488747581,0.164097563149
-0.0095541730781,-0.180956883844,0.363039173011,0.163800946735
-0.00928247405909,-0.181254268098,0.363206481159,0.163598551868
-0.0128702033799,-0.184073980073,0.364847741397,0.164501406967
-0.0140243824848,-0.185277195053,0.365301497653,0.164762018619
-0.0128549900829,-0.184464599719,0.364893681182,0.164547748768
-0.0175336602124,-0.186829448111,0.366169439074,0.165818874385
-0.0143494420885,-0.184097561553,0.364784700375,0.165063063096
-0.0121301681877,-0.182959625909,0.364378390461,0.164358098494
-0.0137200803873,-0.184414183259,0.36518793417,0.164708018271
-0.00782166695518,-0.18022382195,0.362903350899,0.162956831273
-0.00945843521734,-0.181816646559,0.363701266482,0.163357185875
-0.0134497058762,-0.184521062342,0.365450963905,0.164587653244
-0.0153649085191,-0.186353892097,0.366374019569,0.16507009939
-0.0165701673834,-0.187225893831,0.366817052481,0.1654138118
-0.0177508513614,-0.188034986041,0.367253329772,0.165691000518
-0.0196702007663,-0.189878102313,0.368325501971,0.166160080681
-0.0184536419587,-0.189110868095,0.367966351248,0.165816889299
-0.0166374589923,-0.188148004384,0.367205782572,0.165187926025
-0.010575670579,-0.182174579712,0.363316065604,0.164155625645
-0.0118267544745,-0.184191482294,0.364391794507,0.164276869954
-0.01129907251,-0.183460935859,0.363977712085,0.164128361177
-0.0055674372807,-0.17768775726,0.36017988069,0.163199054214
-0.00256170383478,-0.174147969356,0.358079111403,0.162852781618
-0.00235956507382,-0.173485290434,0.35774941192,0.163013446038
0.000548459080281,-0.170551635621,0.355720827672,0.162418916455
0.00323183032549,-0.16718288526,0.353709454716,0.162142421658
0.000852898829456,-0.170484340256,0.355754528443,0.162460106872
0.00400779438678,-0.16797535004,0.35394961352,0.161720694872
0.00420899723724,-0.167195364486,0.353615762984,0.161613973829
-0.00327404088513,-0.174394285184,0.358434479984,0.163075026338
-0.00505330830521,-0.175674067179,0.359490179615,0.163401645852
-0.00403439551546,-0.174713806772,0.35908586506,0.163311417355
-0.00347065944,-0.174788947704,0.358997429123,0.163020920389
-0.00588585275878,-0.176474897794,0.360326508054,0.163344969744
-0.00370036774815,-0.17460807382,0.359242810501,0.162847283499
-0.00342469921856,-0.174249888064,0.358835177208,0.162849967315
-0.00752327948875,-0.177696514856,0.361157257093,0.16353611392
-0.00949076864938,-0.180125102594,0.362795247648,0.163850306546
-0.00898827725489,-0.179608848777,0.362857246815,0.164004879091
-0.00816425672956,-0.179433240485,0.362551299887,0.163979358929
-0.00878932546125,-0.179746349671,0.362110380591,0.163837859749
-0.00829231883997,-0.180027924608,0.362087637712,0.163907685356
-0.0134412558712,-0.18076184121,0.364696999951,0.163970717818
-0.0123340611756,-0.180949913613,0.364525455006,0.163918562691
-0.00739559569315,-0.179808713172,0.362872160525,0.164426921244
-0.0129813935062,-0.181090695258,0.3643153779,0.164237943897
-0.0190492592521,-0.182754999782,0.366292080209,0.163862028715
-0.0178765010155,-0.183390656712,0.366225528242,0.163810411916
-0.0163504680796,-0.181713502332,0.365465682643,0.163642517104
-0.0184055711165,-0.185820836158,0.36632546452,0.164144601539
-0.0223822367248,-0.189739129185,0.368456836173,0.164769901825
-0.0208504253884,-0.188523282128,0.367603640577,0.164623266122
-0.0212916881965,-0.189865095591,0.367584052338,0.164694252279
-0.0249645759857,-0.192602993564,0.3694727126,0.165081549168
-0.0217062651198,-0.189159897382,0.368244834067,0.164725206646
-0.0235064990711,-0.19026109902,0.36947658846,0.165049765653
-0.0256116338076,-0.193252560284,0.370249942256,0.165394694352
-0.0305406476122,-0.19800042718,0.37271357146,0.166190575206
-0.0307925810177,-0.197981973681,0.372849991631,0.166268018284
-0.0323786925833,-0.200362588782,0.373337259301,0.166369622923
-0.0282063695314,-0.196335157655,0.371519921092,0.165877871375
-0.0258357798174,-0.194370314645,0.37031498833,0.165620775688
-0.0249621560517,-0.192425959646,0.370031066382,0.165546549438
-0.0277202799774,-0.193949584929,0.371126500954,0.165697117003
-0.0268733850601,-0.192788613694,0.370428237388,0.165682344794
-0.0233978847769,-0.188872049124,0.369017331553,0.165326794333
-0.0193583634928,-0.185139305846,0.366934953556,0.164905413422
-0.0162018810688,-0.182167841817,0.365430136539,0.164473101748
-0.0134403030325,-0.179694815217,0.364435036729,0.163802046449
-0.0124963474027,-0.177892711311,0.364080251872,0.163395486135
-0.018000532073,-0.183101359224,0.366299489289,0.164622934089
-0.0172747733169,-0.181924363459,0.365924458224,0.164342317249
-0.0199230143417,-0.185287827006,0.367047281529,0.165135184836
-0.0165042076718,-0.182249695904,0.365715695573,0.164234255079
-0.0178632382833,-0.182693913097,0.366436299551,0.164426091497
-0.018061267619,-0.180533533728,0.366901498634,0.164381203334
-0.0192907598129,-0.181217588036,0.36743133906,0.164732775432
-0.0166732625821,-0.178725269089,0.366632845996,0.164206849591
-0.0193207995207,-0.182789664532,0.367343916598,0.164629547149
-0.0178299227738,-0.182299796684,0.36609275372,0.164419834191
-0.0164694583802,-0.181148280864,0.365377140657,0.164190290535
-0.0121382957141,-0.176009795767,0.363398490634,0.163497344018
-0.0107361957661,-0.175542685036,0.362264004794,0.163376992694
-0.00869271798246,-0.172373698225,0.361738980622,0.163088213668
-0.00951877237309,-0.173635468483,0.362226280604,0.163109497018
-0.00375234385525,-0.16678820987,0.359727175088,0.162138106829
0.00108066420254,-0.161145569934,0.35739912579,0.161357961838
0.00331928461064,-0.158816502891,0.356315806723,0.160951408308
-0.00363165527486,-0.166078437716,0.360253841997,0.162256429528
-0.00150523259202,-0.163834728469,0.359218571918,0.161856786237
-0.00543363585121,-0.168418794547,0.361113421082,0.162575642125
-0.00439192238959,-0.166915138885,0.360270710421,0.162273539597
0.00222821748851,-0.159721150186,0.356717497093,0.161113116966
-0.00328404469735,-0.165476252022,0.359700349788,0.162270199545
-0.00784127082136,-0.17054023281,0.36223641018,0.162984342184
-0.0127254032225,-0.175593277478,0.365063547234,0.163959739823
-0.0123660927317,-0.175177147421,0.36467135255,0.163844917909
-0.00947295637956,-0.172010032136,0.363392194201,0.163344736878
