0,60,40,10,7.46003279024,5.42534002007,0.007850170135
1,140,80,20,1.19864256535,4.81097301693,0.012760162353
2,210,120,30,0.426049937573,1.08262504266,0.017372131347
3,290,160,40,0.645456780575,1.65744866712,0.023263216018
4,350,200,50,0.515701344936,0.500433934577,0.028661012649
5,430,240,60,0.463182935883,0.918125593711,0.033617019653
6,490,280,70,0.40591731803,0.271463119698,0.038151979446
7,570,320,80,0.489922372365,0.697249641557,0.044020175933
8,650,360,90,0.472546430632,0.705764787629,0.049200057983
9,730,400,100,0.607472770849,1.56563315941,0.054571151733
10,810,540,160,0.825557591735,3.85738336058,0.064027070999
11,870,580,170,0.207341276599,0.628642365325,0.068175077438
12,950,620,180,0.392688296693,0.538441721261,0.073690176010
13,1020,660,190,0.305297937883,0.794770021638,0.078602075576
14,1100,700,200,0.976481844238,2.52492157714,0.083582162857
15,1180,740,210,0.52017394715,2.21660933269,0.089040994644
16,1260,780,220,0.981134659296,2.72147125683,0.093906164169
17,1340,820,230,0.693735112933,3.18966772117,0.10004019737
18,1410,860,240,0.563192164778,1.33238009515,0.10450911521
19,1490,900,250,0.481855546354,1.6869338699,0.1096081733
20,1570,1040,310,0.687244318166,1.99065123814,0.11888408660
21,1600,1080,320,0.564794550722,1.97426697458,0.12183618545
22,1630,1120,330,0.529759182553,0.686622626053,0.1247231960
23,1660,1160,340,0.560940560483,1.5288396216,0.12867712974
24,1690,1200,350,0.500105680345,0.0850155122479,0.13197112083
25,1720,1240,360,0.492897688603,0.538238079239,0.13481998443
26,1750,1280,370,0.55834993366,1.10792540956,0.13848805427
27,1780,1320,380,0.516578827051,0.875842129626,0.14144110679
28,1810,1360,390,0.485500072047,1.74332136854,0.14422607421
29,1840,1400,400,0.530084864533,0.23212178417,0.14777398109
30,1870,1540,460,0.461522160393,1.16308152716,0.15509319305
31,1900,1580,470,0.481522313529,1.59172636375,0.15844202041
32,1930,1620,480,0.449324063498,1.01199754466,0.16127300262
33,1960,1660,490,0.452047037597,1.04098231644,0.16448807716
34,1990,1700,500,0.421294649095,1.19617914298,0.16751718521
35,2020,1740,510,0.466159262489,1.30950835474,0.17034912109
36,2050,1780,520,0.459509015294,1.79732655664,0.17350220680
37,2080,1820,530,0.453568403212,0.676839852677,0.17707204818
38,2110,1860,540,0.535688120952,0.686449749255,0.18000912666
39,2140,1900,550,0.430207597975,1.23656916198,0.18297100067
40,2170,2040,610,0.474103418591,0.408133440478,0.18986511230
41,2200,2080,620,0.477670628435,1.31829950616,0.19270110130
42,2230,2120,630,0.47774079071,0.195470436112,0.1962471008
43,2260,2160,640,0.508423806186,0.151425325821,0.19909906387
44,2290,2200,650,0.409724616029,0.548741567543,0.20191502571
45,2320,2240,660,0.498493378703,0.651950747865,0.20597004890
46,2350,2280,670,0.484817206524,0.11167576418,0.20892715454
47,2380,2320,680,0.436547423732,0.403177734267,0.21170020103
48,2410,2360,690,0.421362491681,0.471679549485,0.21516799926
49,2440,2400,700,0.50572008328,0.366889727016,0.21804213523
50,2470,2540,760,0.559788368841,1.18399425836,0.2252621650
51,2500,2580,770,0.48540714602,0.695691534931,0.22797608375
52,2530,2620,780,0.435290510685,1.10823443737,0.23073911666
53,2560,2660,790,0.44718028856,1.1032188052,0.23354220390
54,2590,2700,800,0.465665253294,0.0636001424746,0.23742818832
55,2620,2740,810,0.455579606907,0.0609886063045,0.24027204513
56,2650,2780,820,0.515888772389,0.521733999274,0.24308109283
57,2680,2820,830,0.43001426753,0.457103696779,0.24640512466
58,2710,2860,840,0.357239816187,1.31251791831,0.24914002418
59,2740,2900,850,0.455029596444,0.398872317971,0.2519681453
60,2770,3040,910,0.472719242634,0.484679640381,0.25979518890
61,2800,3080,920,0.444337725056,0.288928499421,0.26271510124
62,2830,3120,930,0.507992627082,0.535109721938,0.26660299301
63,2860,3160,940,0.434571906092,0.415318935505,0.26944112777
64,2890,3200,950,0.533259169089,0.579860731418,0.27226018905
65,2920,3240,960,0.35831952207,1.26948146986,0.2755231857
66,2950,3280,970,0.490835426301,0.692913026429,0.27860999107
67,2980,3320,980,0.453713773229,0.201907468534,0.28147506713
68,3010,3360,990,0.393405072501,0.867903992455,0.28454613685
69,3040,3400,1000,0.506406745263,0.498470208063,0.28830003738
70,3070,3540,1060,0.437915681735,0.309231461081,0.29574298858
71,3100,3580,1070,0.421346659154,0.812013826812,0.29851412773
72,3130,3620,1080,0.416085851078,0.200984941879,0.30123209953
73,3160,3660,1090,0.470256937462,0.2202167425,0.30410599708
74,3190,3700,1100,0.575486204855,1.53446999394,0.30739712715
75,3220,3740,1110,0.480984226176,0.0741158434015,0.31012821197
76,3250,3780,1120,0.490558754156,0.0885364651735,0.31304121017
77,3280,3820,1130,0.443749266748,0.21608453174,0.31565713882
78,3310,3860,1140,0.524441290728,0.432917415274,0.3186631202
79,3340,3900,1150,0.462751829976,0.415560621223,0.32138419151
80,3370,4040,1210,0.575370592797,1.34016255337,0.32889199256
81,3400,4080,1220,0.48407427442,0.0468301707457,0.33178019523
82,3430,4120,1230,0.470358418741,0.553689604413,0.33447813987
83,3460,4160,1240,0.465231050616,0.121993320603,0.33742213249
84,3490,4200,1250,0.489526263273,0.508336308639,0.34001398086
85,3520,4240,1260,0.446658730149,0.454501444324,0.34286499023
86,3550,4280,1270,0.394246769915,0.834342918944,0.34561705589
87,3580,4320,1280,0.408315031481,0.749040975618,0.34862399101
88,3610,4360,1290,0.397141255355,0.156539015495,0.35182213783
89,3640,4400,1300,0.520018679848,0.734390934917,0.35463714599
90,3670,4540,1360,0.507232237913,0.0370829689875,0.36179113388
91,3700,4580,1370,0.445576037129,0.407002528289,0.36456799507
92,3730,4620,1380,0.434608800762,0.800082954078,0.3671791553
93,3760,4660,1390,0.32509080092,1.66653353729,0.36974000930
94,3790,4700,1400,0.383513783764,0.550616184794,0.37281918525
95,3820,4740,1410,0.488719045852,0.249945254969,0.37549805641
96,3850,4780,1420,0.480242397833,0.32620763037,0.37837004661
97,3880,4820,1430,0.477855708093,0.159808255882,0.3815841674
98,3910,4860,1440,0.440591101758,0.194275157909,0.38451814651
99,3940,4900,1450,0.483046199291,0.231507025307,0.38719606399
100,3970,5040,1510,0.459084294755,0.434766200248,0.3938701152
101,4000,5080,1520,0.436396770541,0.209886757147,0.3967881202
102,4030,5120,1530,0.446255764704,0.271853913493,0.39964199066
103,4060,5160,1540,0.614298319241,1.61742156099,0.40242910385
104,4090,5200,1550,0.48618474007,0.135970448403,0.4052431583
105,4120,5240,1560,0.474064803937,0.366573899598,0.40813899040
106,4150,5280,1570,0.419307334134,0.142981934174,0.4112300872
107,4180,5320,1580,0.502921467694,0.0929806922531,0.41402506828
108,4210,5360,1590,0.521950806382,0.616777767202,0.41680121421
109,4240,5400,1600,0.350589411591,1.12375601115,0.41991806030
110,4270,5540,1660,0.397781704377,0.562093406625,0.42639517784
111,4300,5580,1670,0.376623499554,0.518270197599,0.42926216125
112,4330,5620,1680,0.481297906884,0.326577249059,0.43223404884
113,4360,5660,1690,0.432901177942,0.106807502124,0.43499612808
114,4390,5700,1700,0.471431356413,0.284120479225,0.43794417381
115,4420,5740,1710,0.554948024184,1.26550479834,0.4406981468
116,4450,5780,1720,0.480323940456,0.237675226864,0.44336009025
117,4480,5820,1730,0.556448981648,1.10000812136,0.44638919830
118,4510,5860,1740,0.395432697503,0.662553806297,0.44930315017
119,4540,5900,1750,0.506501535196,0.696171130304,0.45215106010
120,4570,6040,1810,0.40743812303,0.777264306449,0.45906901359
121,4600,6080,1820,0.473995441701,0.390383548605,0.46187901496
122,4630,6120,1830,0.534144485629,0.664161184168,0.4647161960
123,4660,6160,1840,0.405959815937,0.751140541147,0.46781110763
124,4690,6200,1850,0.491500137238,0.212298487578,0.47057008743
125,4720,6240,1860,0.479381354735,0.256154643188,0.47325706481
126,4750,6280,1870,0.505518109472,0.574562937438,0.47603511810
127,4780,6320,1880,0.456082975027,0.237356677295,0.47929811477
128,4810,6360,1890,0.384014613727,1.20141578291,0.48198413848
129,4840,6400,1900,0.389645775349,0.640106334131,0.48480415344
130,4870,6540,1960,0.437504839227,0.289350022561,0.49178409576
131,4900,6580,1970,0.434613943619,0.135267375661,0.4947161674
132,4930,6620,1980,0.46797049605,0.221087100767,0.497915983
133,4960,6660,1990,0.333605872629,0.975220229712,0.50061702728
134,4990,6700,2000,0.514211415831,0.259783002777,0.507987022
135,5020,6740,2010,0.459523984487,0.15069178404,0.51091909408
136,5050,6780,2020,0.488806852996,0.216755698589,0.51419115066
137,5080,6820,2030,0.33481251716,0.983800847339,0.51710700988
138,5110,6860,2040,0.413609904298,0.105477218986,0.51982712745
139,5140,6900,2050,0.420295641828,0.672950222037,0.52271318435
140,5170,7040,2110,0.409361708707,0.49764043119,0.52925920486
141,5200,7080,2120,0.426392829674,0.682182941698,0.53201913833
142,5230,7120,2130,0.38828558843,0.449663264707,0.53466606140
143,5260,7160,2140,0.355716322906,0.967926136721,0.53780007362
144,5290,7200,2150,0.43587520689,0.0573838281202,0.54050612449
145,5320,7240,2160,0.485390008973,0.48628847922,0.54321503639
146,5350,7280,2170,0.500743804531,0.349232491786,0.54633021354
147,5380,7320,2180,0.453467166349,0.0913477339295,0.54915308952
148,5410,7360,2190,0.337199443816,0.95242777811,0.55182600021
149,5440,7400,2200,0.481993075652,0.39465053624,0.55467510223
150,5470,7540,2260,0.532683544201,1.07298164807,0.56160807609
151,5500,7580,2270,0.364324199264,1.029379952,0.56454420089
152,5530,7620,2280,0.426798459791,0.0965397630336,0.56738305091
153,5560,7660,2290,0.526961311612,1.12034675891,0.57022500038
154,5590,7700,2300,0.479029170191,0.499820095243,0.57298398017
155,5620,7740,2310,0.473339671186,0.509999541786,0.57611513137
156,5650,7780,2320,0.591434248152,1.24821717141,0.57890105247
157,5680,7820,2330,0.513878682966,0.262931564106,0.58159208297
158,5710,7860,2340,0.439774898224,0.181674792735,0.58482813835
159,5740,7900,2350,0.464028786342,0.18580962926,0.58776116371
160,5770,8040,2410,0.44599971375,0.192500373396,0.59447717666
161,5800,8080,2420,0.564780064816,1.23261104177,0.5975220203
162,5830,8120,2430,0.426565261242,0.240245151469,0.60029411315
163,5860,8160,2440,0.488992964661,0.239444035952,0.60301804542
164,5890,8200,2450,0.549429873586,0.78313734751,0.60585212707
165,5920,8240,2460,0.579999758635,1.55031050508,0.608791112
166,5950,8280,2470,0.439564056877,0.806728677758,0.61155700683
167,5980,8320,2480,0.477533707164,0.179010396053,0.61452817916
168,6010,8360,2490,0.414466508089,0.652668883292,0.61771917343
169,6040,8400,2500,0.428923682605,0.824575806901,0.62039208412
170,6070,8540,2560,0.46561352877,0.35765382695,0.62744402885
171,6100,8580,2570,0.512019802918,0.844120414912,0.63030815124
172,6130,8620,2580,0.514002078357,0.162023367966,0.63326001167
173,6160,8660,2590,0.468908256424,0.206836210622,0.63601803779
174,6190,8700,2600,0.377598216362,0.617548860426,0.63895010948
175,6220,8740,2610,0.527044247364,1.12166384846,0.6417021751
176,6250,8780,2620,0.46546453888,0.363891426088,0.64455914497
177,6280,8820,2630,0.412645262425,0.706060881666,0.64724707603
178,6310,8860,2640,0.460859766518,0.822538325998,0.65013003349
179,6340,8900,2650,0.515705593859,0.702994006165,0.65312719345
180,6370,9040,2710,0.516438526287,0.632183716587,0.6600220203
181,6400,9080,2720,0.409675680316,0.731029066218,0.66291117668
182,6430,9120,2730,0.414359170468,0.174982489775,0.66570901870
183,6460,9160,2740,0.442303200478,0.242285725459,0.66868209838
184,6490,9200,2750,0.479399758508,0.258613484322,0.67153215408
185,6520,9240,2760,0.524736658232,0.779660133212,0.67434215545
186,6550,9280,2770,0.441137261572,0.130186870248,0.67706203460
187,6580,9320,2780,0.455132879226,0.233075120175,0.68025898933
188,6610,9360,2790,0.418438093807,0.293887062942,0.68330216407
189,6640,9400,2800,0.476255717609,0.234231927519,0.68608903884
190,6670,9540,2860,0.53885231289,1.11722536583,0.69304299354
191,6700,9580,2870,0.442493560485,0.243678958117,0.69577312469
192,6730,9620,2880,0.505775311777,0.100851319877,0.69854903221
193,6760,9660,2890,0.437238468968,0.242049404885,0.70199704170
194,6790,9700,2900,0.48692277921,0.221439756948,0.7048230171
195,6820,9740,2910,0.562858095801,0.405721322663,0.7075581550
196,6850,9780,2920,0.437871483747,0.299410991521,0.71088600158
197,6880,9820,2930,0.449843231151,0.217656110135,0.71388816833
198,6910,9860,2940,0.519342651481,0.674430016358,0.71674799919
199,6940,9900,2950,0.423344626258,0.350293694375,0.71989297866
200,6970,10040,3010,0.367099581649,1.20903130289,0.72651004791
201,7000,10080,3020,0.452662933307,0.223143364543,0.72990512847
202,7030,10120,3030,0.482730320734,0.330848935841,0.73267006874
203,7060,10160,3040,0.392580093879,0.597700707054,0.73524498939
204,7090,10200,3050,0.400280641596,0.701717792558,0.73792910575
205,7120,10240,3060,0.412208567846,0.0959127576004,0.74148201942
206,7150,10280,3070,0.575240723939,1.25258897205,0.74434614181
207,7180,10320,3080,0.532865951797,0.222055159937,0.74708509445
208,7210,10360,3090,0.481629665495,0.323318574204,0.75030303001
209,7240,10400,3100,0.538030153987,0.5929042008,0.75314211845
210,7270,10540,3160,0.416927643296,0.771737652419,0.75976419448
211,7300,10580,3170,0.468268427198,0.357068488768,0.76282000541
212,7330,10620,3180,0.438863487011,0.138830993921,0.76562118530
213,7360,10660,3190,0.356248804661,1.07226005024,0.76866507530
214,7390,10700,3200,0.421970902321,0.0883699702956,0.77169299125
215,7420,10740,3210,0.395874045887,0.620524480377,0.77442312240
216,7450,10780,3220,0.429261369413,0.083612078535,0.77711319923
217,7480,10820,3230,0.444417550876,0.0632522925154,0.77998399734
218,7510,10860,3240,0.559532019935,1.28103173647,0.78296399116
219,7540,10900,3250,0.412397605526,0.0118094204697,0.78575301170
220,7570,11040,3310,0.382123806543,0.605428853147,0.79279899597
221,7600,11080,3320,0.479532767732,0.269332592153,0.79561114311
222,7630,11120,3330,0.350422594699,0.977620427054,0.79861712455
223,7660,11160,3340,0.611573245174,1.11277172494,0.80192708969
224,7690,11200,3350,0.430626347959,0.0966651263194,0.80472517013
225,7720,11240,3360,0.436780778223,0.0661484029671,0.80756306648
226,7750,11280,3370,0.396046368388,0.595106683948,0.8102481365
227,7780,11320,3380,0.520169004292,0.831307561442,0.8133440017
228,7810,11360,3390,0.524744783818,0.709395602539,0.8162870407
229,7840,11400,3400,0.466234700158,0.211567870242,0.81904911994
230,7870,11540,3460,0.540913291255,0.69429148487,0.8261651992
231,7900,11580,3470,0.319101576855,0.92320659001,0.82901120185
232,7930,11620,3480,0.46142007386,0.205322609616,0.83209419250
233,7960,11660,3490,0.450169893516,0.112215117734,0.83478903770
234,7990,11700,3500,0.394911329827,0.6038308952,0.83770918846
235,8020,11740,3510,0.426826401253,0.0788863288221,0.84048819541
236,8050,11780,3520,0.508441358798,0.893444342693,0.84352397918
237,8080,11820,3530,0.383634997321,1.18377366578,0.84642004966
238,8110,11860,3540,0.27698491997,1.37783382418,0.8491110801
239,8140,11900,3550,0.425161453242,0.0482968997363,0.85176014900
240,8170,12040,3610,0.433647162317,0.0278127578261,0.85880804061
241,8200,12080,3620,0.324573556922,0.85829222636,0.86171507835
242,8230,12120,3630,0.498226626071,0.453518682064,0.86496400833
243,8260,12160,3640,0.467181605091,0.645576532328,0.86777210235
244,8290,12200,3650,0.437629129811,0.0420171273347,0.87048506736
245,8320,12240,3660,0.528037666794,0.905248305948,0.87363600730
246,8350,12280,3670,0.556943037775,0.835321689818,0.87665510177
247,8380,12320,3680,0.385153161097,0.54662304554,0.87941908836
248,8410,12360,3690,0.581598634744,1.3254596512,0.88224101066
249,8440,12400,3700,0.419619217107,0.102887734679,0.88563013076
250,8470,12540,3760,0.465509409422,0.409301988265,0.8922810554
251,8500,12580,3770,0.642395123502,1.72989585606,0.89560317993
252,8530,12620,3780,0.334084831016,1.02397173365,0.89839911460
253,8560,12660,3790,0.519435629779,0.596462643243,0.90123200416
254,8590,12700,3800,0.445641989501,0.177447428128,0.90424013137
255,8620,12740,3810,0.514997395217,0.0851942514399,0.90700817108
256,8650,12780,3820,0.490484188968,0.212416978615,0.90982317924
257,8680,12820,3830,0.405268840377,0.764338571871,0.91280007362
258,8710,12860,3840,0.489629903892,0.260369475055,0.91588997840
259,8740,12900,3850,0.393368508294,0.63156639256,0.91863918304
260,8770,13040,3910,0.412028410366,0.141687236298,0.92591810226
261,8800,13080,3920,0.568273700055,1.22713938033,0.92879414558
262,8830,13120,3930,0.450060258075,0.256077125896,0.93164515495
263,8860,13160,3940,0.39834024562,0.628692877608,0.93493199348
264,8890,13200,3950,0.479723750185,0.248988214304,0.937849044
265,8920,13240,3960,0.513864002431,0.157444205971,0.94112110137
266,8950,13280,3970,0.397218107293,0.643397227804,0.94409799575
267,8980,13320,3980,0.378248265808,0.574978023262,0.94679713249
268,9010,13360,3990,0.48479685109,0.31836783233,0.94960498809
269,9040,13400,4000,0.352916024643,1.01976530048,0.9524941444
270,9070,13540,4060,0.464180632291,0.372207513626,0.95944809913
271,9100,13580,4070,0.472601765241,0.393657932759,0.96239304542
272,9130,13620,4080,0.362193012183,0.545229729955,0.96547102928
273,9160,13660,4090,0.393642072742,0.550095347609,0.96824312210
274,9190,13700,4100,0.478875676412,0.346413504413,0.9712769985
275,9220,13740,4110,0.482309864229,0.374438514451,0.97407603263
276,9250,13780,4120,0.511051902671,0.7501111435,0.97718715667
277,9280,13820,4130,0.359932814971,1.13227258624,0.98007798194
278,9310,13860,4140,0.394664157979,0.601606641798,0.98279404640
279,9340,13900,4150,0.468113536988,0.486702353593,0.98582720756
280,9370,14040,4210,0.46226265111,0.435984939588,0.99261498451
281,9400,14080,4220,0.556395990289,0.771918904879,0.99575209617
282,9430,14120,4230,0.418323735783,0.178921585286,0.99853706359
283,9460,14160,4240,0.488410284353,0.195156729457,1.0015079975
284,9490,14200,4250,0.536533654601,0.695088106542,1.0047991275
285,9520,14240,4260,0.543705317402,1.13123104606,1.0079071521
286,9550,14280,4270,0.433042930558,0.251118913344,1.0108790397
287,9580,14320,4280,0.468516481971,0.4018830124,1.0136461257
288,9610,14360,4290,0.416130118437,0.839417139817,1.0165741443
289,9640,14400,4300,0.395002517994,1.24291933213,1.0194771289
290,9670,14540,4360,0.393040938615,0.550265990626,1.0262720584
291,9700,14580,4370,0.470622910004,0.227278474037,1.0292091369
292,9730,14620,4380,0.481529854313,0.292092536358,1.0320069789
293,9760,14660,4390,0.38902313785,0.509891324581,1.0347051620
294,9790,14700,4400,0.402223122489,0.0924575246312,1.0377621650
295,9820,14740,4410,0.488555113537,0.423642806589,1.0407490730
296,9850,14780,4420,0.67980844293,2.14573612431,1.0435791015
297,9880,14820,4430,0.462699564533,0.332127995213,1.0470991134
298,9910,14860,4440,0.357747676419,1.2050417617,1.0499880313
299,9940,14900,4450,0.521105089919,0.69297523862,1.0528740882
300,9970,15040,4510,0.501571105187,0.608977645744,1.0596530437
301,10000,15080,4520,0.463255273301,0.339629530796,1.0623481273
302,10030,15120,4530,0.504650178695,0.647334284221,1.0650160312
303,10060,15160,4540,0.430057255419,0.267226108307,1.0680081844
304,10090,15200,4550,0.531376668715,0.906357150129,1.0707111358
305,10120,15240,4560,0.386900417809,1.33015104792,1.0734691619
306,10150,15280,4570,0.523617292649,0.471341069345,1.0761342048
307,10180,15320,4580,0.49823957518,0.523489641956,1.0789752006
308,10210,15360,4590,0.409014668666,0.823621047609,1.0815970897
309,10240,15400,4600,0.400959681921,0.690281051848,1.0842761993
310,10270,15540,4660,0.347905829583,1.019912789,1.0906951427
311,10300,15580,4670,0.305134305728,1.48515284454,1.0933310985
312,10330,15620,4680,0.477892232689,0.314354817052,1.0959591865
313,10360,15660,4690,0.485177224427,0.393508148022,1.0987050533
314,10390,15700,4700,0.38966024188,0.64784405138,1.1014931201
315,10420,15740,4710,0.625190041688,1.55120367148,1.1042120456
316,10450,15780,4720,0.543674154205,0.736867634543,1.107160091
317,10480,15820,4730,0.507502791225,0.811533668623,1.1100502014
318,10510,15860,4740,0.340977385796,1.04210880894,1.1127390861
319,10540,15900,4750,0.356567274548,1.18581687052,1.1152050495
320,10570,16040,4810,0.383893821395,1.16360095593,1.1217951774
321,10600,16080,4820,0.476778543482,0.373037130364,1.1244380474
322,10630,16120,4830,0.474804987986,0.372008688334,1.1270170211
323,10660,16160,4840,0.514656263634,0.676242013258,1.1298580169
324,10690,16200,4850,0.619418763561,1.57744710261,1.1327471733
325,10720,16240,4860,0.552560464965,1.06662580768,1.1353590488
326,10750,16280,4870,0.436430056616,0.265556162726,1.1381130218
327,10780,16320,4880,0.5113451508,0.0380788644806,1.1409430503
328,10810,16360,4890,0.407089231053,0.725732439105,1.1435182094
329,10840,16400,4900,0.370547540557,1.16746256564,1.1460881233
330,10870,16540,4960,0.496607507048,0.214968343166,1.1527881622
331,10900,16580,4970,0.509056234962,0.203476821408,1.1554481983
332,10930,16620,4980,0.369861686914,0.577403964556,1.158035039
333,10960,16660,4990,0.269506971978,1.33676777101,1.160938978
334,10990,16700,5000,0.46183728977,0.160197223251,1.1635270118
335,11020,16740,5010,0.349810200656,1.00016756627,1.1660590171
336,11050,16780,5020,0.550267860597,0.719864809958,1.1691470146
337,11080,16820,5030,0.595483262815,1.29249592544,1.1717669963
338,11110,16860,5040,0.303050054411,1.45741833458,1.174308061
339,11140,16900,5050,0.402611527964,0.0604711512163,1.1768960952
340,11170,17040,5110,0.486672976719,0.397148337621,1.1835291385
341,11200,17080,5120,0.47223645661,0.434394735549,1.1861670017
342,11230,17120,5130,0.427892600457,0.633435456672,1.1891751289
343,11260,17160,5140,0.399180608089,0.660396940512,1.1917691230
344,11290,17200,5150,0.483107049456,0.472169398776,1.1944220066
345,11320,17240,5160,0.429816827553,0.18291086365,1.1970341205
346,11350,17280,5170,0.40726871629,0.598019032339,1.1999011039
347,11380,17320,5180,0.568100842737,1.19766426075,1.2027120590
348,11410,17360,5190,0.471007998765,0.427768158422,1.2053341865
349,11440,17400,5200,0.413772895348,0.57409630999,1.2080261707
350,11470,17540,5260,0.546984684616,0.709760187665,1.2144880294
351,11500,17580,5270,0.432885919094,0.145479729348,1.2172861099
352,11530,17620,5280,0.496929561552,0.233201841527,1.2201850414
353,11560,17660,5290,0.457728303874,0.368314335401,1.2227652072
354,11590,17700,5300,0.438492647859,0.150707584092,1.2253601551
355,11620,17740,5310,0.476142845945,0.206528769396,1.2281169891
356,11650,17780,5320,0.405320878816,1.27111035871,1.2309610843
357,11680,17820,5330,0.476165460689,0.36317828563,1.2335860729
358,11710,17860,5340,0.421454112131,0.0444211179002,1.2363290786
359,11740,17900,5350,0.533645748993,0.773990353339,1.23895621
360,11770,18040,5410,0.510820353561,0.250692021937,1.2455391883
361,11800,18080,5420,0.525273017301,0.706291904956,1.2482700347
362,11830,18120,5430,0.42731679781,0.185724887239,1.2510640621
363,11860,18160,5440,0.476287035689,0.257621675153,1.2536849975
364,11890,18200,5450,0.393796788928,0.673996038357,1.2563819885
365,11920,18240,5460,0.370717472597,0.558194644062,1.2589211463
366,11950,18280,5470,0.438370076922,0.0780853475043,1.261689186
367,11980,18320,5480,0.514722950726,0.853940229162,1.2643260955
368,12010,18360,5490,0.396549661198,0.629269719728,1.2669692039
369,12040,18400,5500,0.549028694701,0.72774646315,1.2695860862
370,12070,18540,5560,0.470440355613,0.221461386616,1.2762701511
371,12100,18580,5570,0.431282356187,0.234346021802,1.2789120674
372,12130,18620,5580,0.470958205578,0.312859828708,1.2817451953
373,12160,18660,5590,0.448433606504,0.21479458091,1.2844660282
374,12190,18700,5600,0.38712685342,0.552912755131,1.2870151996
375,12220,18740,5610,0.462697484603,0.363255227734,1.2896151542
376,12250,18780,5620,0.419217338324,0.189870482038,1.2925209999
377,12280,18820,5630,0.521925941385,0.688251703313,1.2952461242
378,12310,18860,5640,0.437009127631,0.224021962234,1.2978460788
379,12340,18900,5650,0.48312803946,0.370375951465,1.3004250526
380,12370,19040,5710,0.47520725116,0.33685840384,1.3070511817
381,12400,19080,5720,0.40531816875,0.727874733809,1.3096811771
382,12430,19120,5730,0.299495433781,1.46061282479,1.3124430179
383,12460,19160,5740,0.488656683216,0.367515134854,1.315191030
384,12490,19200,5750,0.409084002191,0.605145621567,1.3177740573
385,12520,19240,5760,0.39361753108,0.586603251504,1.3204040527
386,12550,19280,5770,0.372819975971,0.43907519769,1.3232531547
387,12580,19320,5780,0.468752112277,0.311014383443,1.3258709907
388,12610,19360,5790,0.450353381243,0.128022519097,1.3284540176
389,12640,19400,5800,0.505685632488,0.970296610143,1.3310451507
390,12670,19540,5860,0.44120951657,0.0580573120221,1.3376641273
391,12700,19580,5870,0.429845081969,0.0402954907006,1.3403120040
392,12730,19620,5880,0.542268119091,0.766611188476,1.3432459831
393,12760,19660,5890,0.406803328361,0.0684473880891,1.3458411693
394,12790,19700,5900,0.323236362698,0.897514487251,1.3484630584
395,12820,19740,5910,0.436246134063,0.143821401687,1.3511149883
396,12850,19780,5920,0.337685262508,0.985527511425,1.3539960384
397,12880,19820,5930,0.437087117131,0.0630631860288,1.3566641807
398,12910,19860,5940,0.451710254914,0.0722939770946,1.3592450618
399,12940,19900,5950,0.365378678753,0.399470349953,1.3622930049
400,12970,20040,6010,0.330946243589,0.909972180411,1.3685111999
401,13000,20080,6020,0.429688196666,0.118256800007,1.3711860179
402,13030,20120,6030,0.353529185198,0.318402059557,1.373977184
403,13060,20160,6040,0.431261072939,0.0469152857794,1.3766140937
404,13090,20200,6050,0.386086088553,0.43120821843,1.37915515
405,13120,20240,6060,0.546872181592,0.944162276883,1.3819561004
406,13150,20280,6070,0.448434943914,0.0631496526695,1.3847310543
407,13180,20320,6080,0.461636681822,0.509752503702,1.3873171806
408,13210,20360,6090,0.367765150656,0.450760509263,1.3900561332
409,13240,20400,6100,0.584611791227,1.51170505432,1.3929290771
410,13270,20540,6160,0.465269167885,0.471350705583,1.3992311954
411,13300,20580,6170,0.53039717378,0.842943507588,1.4020881652
412,13330,20620,6180,0.317724623475,0.926872923486,1.4048531055
413,13360,20660,6190,0.47395801882,0.336340252104,1.4074370861
414,13390,20700,6200,0.463672999128,0.201822794418,1.4101271629
415,13420,20740,6210,0.479438139027,0.326122508191,1.4130392074
416,13450,20780,6220,0.572145926112,1.24359964905,1.4156610965
417,13480,20820,6230,0.478109298927,0.325723459767,1.4182710647
418,13510,20860,6240,0.45587811105,0.17169215366,1.4210531711
419,13540,20900,6250,0.491172757373,0.331629776259,1.4238560199
420,13570,21040,6310,0.446023051179,0.177799553457,1.430211067
421,13600,21080,6320,0.57491883909,0.663653610761,1.4328761100
422,13630,21120,6330,0.535787009278,0.542493234228,1.4356710910
423,13660,21160,6340,0.446235469419,0.205256436399,1.4382619857
424,13690,21200,6350,0.436857365512,0.150927853262,1.4410421848
425,13720,21240,6360,0.552396290325,0.706211730938,1.4439661502
426,13750,21280,6370,0.410161780951,0.803973645045,1.4465210437
427,13780,21320,6380,0.420264744009,0.230424006424,1.4492990970
428,13810,21360,6390,0.587978675134,1.04704263213,1.4518830776
429,13840,21400,6400,0.417612231194,0.730512776077,1.4546561241
430,13870,21540,6460,0.437719429224,0.679054127549,1.4610390663
431,13900,21580,6470,0.481279039596,0.330685414088,1.4638361930
432,13930,21620,6480,0.499548816515,0.288760461329,1.4665131568
433,13960,21660,6490,0.552582240376,0.763338517782,1.4692630767
434,13990,21700,6500,0.566759209436,1.12907426784,1.4719150066
435,14020,21740,6510,0.508445927718,0.661153809029,1.474898099
436,14050,21780,6520,0.504171345257,0.671720951116,1.4779860973
437,14080,21820,6530,0.434684056371,0.343779455661,1.4806871414
438,14110,21860,6540,0.486571409147,0.526697068865,1.4833421707
439,14140,21900,6550,0.366940020516,1.72368806441,1.4861199855
440,14170,22040,6610,0.488645776827,0.110919351717,1.4926311969
441,14200,22080,6620,0.454320445693,0.272141283839,1.4954640865
442,14230,22120,6630,0.369426378195,1.20126574929,1.498148202
443,14260,22160,6640,0.450391352868,0.238643005572,1.5007710456
444,14290,22200,6650,0.464850860859,0.333091768932,1.5033349990
445,14320,22240,6660,0.506647119927,0.118851029429,1.5063450336
446,14350,22280,6670,0.453263173599,0.255785475182,1.5089590549
447,14380,22320,6680,0.473148061073,0.221216364575,1.5115511417
448,14410,22360,6690,0.437976391544,0.164401925006,1.5141551494
449,14440,22400,6700,0.387371322537,0.580664407128,1.5170631408
450,14470,22540,6760,0.476326266947,0.314484976299,1.523467063
451,14500,22580,6770,0.623275015293,1.69609844302,1.5264620780
452,14530,22620,6780,0.475209746438,0.351731091064,1.5291020870
453,14560,22660,6790,0.508522719845,0.0943143062229,1.53167605
454,14590,22700,6800,0.396592460272,0.686448361514,1.5343470573
455,14620,22740,6810,0.543015193386,1.12201087308,1.5374090671
456,14650,22780,6820,0.401657180861,0.684849481005,1.5399680137
457,14680,22820,6830,0.44218020288,0.249299122225,1.5425570011
458,14710,22860,6840,0.431815128259,0.822845046125,1.5454821586
459,14740,22900,6850,0.482131506822,0.299685509129,1.548130035
460,14770,23040,6910,0.41301416794,0.697920129389,1.5544421672
461,14800,23080,6920,0.495637888879,0.301424309644,1.5573210716
462,14830,23120,6930,0.643399016287,2.05042416538,1.5600590705
463,14860,23160,6940,0.366496645732,1.21367568993,1.5626111030
464,14890,23200,6950,0.481467538066,0.270339002643,1.5656321048
465,14920,23240,6960,0.435545804141,0.21454168425,1.5682561397
466,14950,23280,6970,0.503514172253,0.0570019750416,1.570823192
467,14980,23320,6980,0.435317435279,0.238447344099,1.5735800266
468,15010,23360,6990,0.431615003596,0.197250654684,1.576404094
469,15040,23400,7000,0.532638581559,1.11621461358,1.5790410041
470,15070,23540,7060,0.393774673286,0.744334382056,1.5856451988
471,15100,23580,7070,0.531129932152,0.635472919659,1.5884811878
472,15130,23620,7080,0.482371047576,0.225933905128,1.5910570621
473,15160,23660,7090,0.41133548936,0.721331830436,1.593827009
474,15190,23700,7100,0.680847096434,2.41978210072,1.5968680381
475,15220,23740,7110,0.342548570672,1.06813540837,1.5993781089
476,15250,23780,7120,0.445607532147,0.328754182744,1.6019921302
477,15280,23820,7130,0.412829442126,0.163813830585,1.6047081947
478,15310,23860,7140,0.522897076416,0.616458204281,1.6075620651
479,15340,23900,7150,0.376531520154,1.1853064768,1.610114097
480,15370,24040,7210,0.483417181774,0.161759611096,1.6166651248
481,15400,24080,7220,0.46068340946,0.105673988771,1.6193170547
482,15430,24120,7230,0.437846431625,0.26281035053,1.6221251487
483,15460,24160,7240,0.47854365811,0.137997294261,1.6247491836
484,15490,24200,7250,0.494415272371,0.283270008854,1.6275010108
485,15520,24240,7260,0.347705485698,1.07604965183,1.6300811767
486,15550,24280,7270,0.548191364075,1.181318499,1.6328411102
487,15580,24320,7280,0.396804260311,0.638609464933,1.6353881359
488,15610,24360,7290,0.405547445414,0.1368989306,1.6381762027
489,15640,24400,7300,0.398147504609,1.24668809735,1.6408991813
490,15670,24540,7360,0.485222044492,0.197477773426,1.6473631858
491,15700,24580,7370,0.455132842798,0.285416024995,1.6501100063
492,15730,24620,7380,0.445848152943,0.0965839857258,1.65278005
493,15760,24660,7390,0.401420192369,0.63750163415,1.6553301811
494,15790,24700,7400,0.328854026794,0.892161793199,1.6582419872
495,15820,24740,7410,0.32419872516,0.914025944725,1.6609330177
496,15850,24780,7420,0.535866789884,0.868938264645,1.6635601520
497,15880,24820,7430,0.362384199274,1.08229115721,1.6661009788
498,15910,24860,7440,0.390023818486,0.477348906791,1.6689100265
499,15940,24900,7450,0.282368320404,1.274236417,1.671617031
500,15970,25040,7510,0.385259715722,0.429591089988,1.6781611442
501,16000,25080,7520,0.336458796599,0.969157584031,1.6810421943
502,16030,25120,7530,0.478636907581,0.613887782725,1.6836750507
503,16060,25160,7540,0.581321839534,1.42004422022,1.6864051818
504,16090,25200,7550,0.616360889963,1.29014799103,1.6894111633
505,16120,25240,7560,0.443512911507,0.055237313355,1.6920080184
506,16150,25280,7570,0.396504396971,0.509152122459,1.6946070194
507,16180,25320,7580,0.351437241001,1.0141888878,1.6971480846
508,16210,25360,7590,0.49936447064,0.441606079085,1.7000510692
509,16240,25400,7600,0.345289989186,0.892095683692,1.7026140689
510,16270,25540,7660,0.424049031889,0.134627078275,1.7092351913
511,16300,25580,7670,0.399356968723,0.515305780475,1.711796045
512,16330,25620,7680,0.527202269912,1.08080584469,1.7144410610
513,16360,25660,7690,0.437674653412,0.0101319524225,1.7170660495
514,16390,25700,7700,0.547946698014,0.941767254566,1.7201261520
515,16420,25740,7710,0.404409742813,0.54532310527,1.7226741313
516,16450,25780,7720,0.442711395792,0.0514343888189,1.7252821922
517,16480,25820,7730,0.370590247938,0.409791217874,1.7279191017
518,16510,25860,7740,0.454942293857,0.0443166747366,1.7307322025
519,16540,25900,7750,0.534119576034,0.894786461405,1.7334082126
520,16570,26040,7810,0.371443662384,0.357302361117,1.7400140762
521,16600,26080,7820,0.606207649155,1.48456671617,1.7427091598
522,16630,26120,7830,0.645832772974,1.55966022915,1.7453560829
523,16660,26160,7840,0.49871409048,0.228351003,1.7481510639
524,16690,26200,7850,0.559153960141,1.25614351521,1.7509391307
525,16720,26240,7860,0.477493707231,0.222098978944,1.7535481452
526,16750,26280,7870,0.43006031311,0.174266134093,1.7561450004
527,16780,26320,7880,0.346935883788,1.61155375269,1.7587690353
528,16810,26360,7890,0.422366310754,0.687082033226,1.7615280151
529,16840,26400,7900,0.459650575204,0.0844662221648,1.7641251087
530,16870,26540,7960,0.36576077822,0.485272433773,1.7707149982
531,16900,26580,7970,0.607359155825,1.22417696678,1.7734022140
532,16930,26620,7980,0.458546666629,0.239661290317,1.7761170864
533,16960,26660,7990,0.439898214824,0.192967301987,1.7788112163
534,16990,26700,8000,0.580532915088,1.1614597249,1.7817080020
535,17020,26740,8010,0.576368885124,1.05991606637,1.7843031883
536,17050,26780,8020,0.410380359414,0.663610791707,1.7869381904
537,17080,26820,8030,0.487517263132,0.0890870953529,1.7895531654
538,17110,26860,8040,0.40514020537,0.683590558755,1.7923390865
539,17140,26900,8050,0.528280532054,0.695549945044,1.7950952053
540,17170,27040,8110,0.474862698763,0.27124777574,1.8014039993
541,17200,27080,8120,0.377821519395,1.1932489396,1.8042039871
542,17230,27120,8130,0.655737952603,2.16720616816,1.8069760799
543,17260,27160,8140,0.47683785061,0.383963266256,1.8095710277
544,17290,27200,8150,0.44616330932,0.786089317531,1.8121190071
545,17320,27240,8160,0.401545760848,0.764519995196,1.8150391578
546,17350,27280,8170,0.346241405716,1.04725741252,1.8176012039
547,17380,27320,8180,0.537865625359,0.79811587145,1.8202080726
548,17410,27360,8190,0.454592613394,0.364468625059,1.8229811191
549,17440,27400,8200,0.474837992065,0.173924090002,1.8257281780
550,17470,27540,8260,0.403790557759,0.651049142425,1.8319621086
551,17500,27580,8270,0.465305148097,0.42960469305,1.8349411487
552,17530,27620,8280,0.53923696872,0.604835184827,1.8375990390
553,17560,27660,8290,0.525103355297,1.14182117045,1.8402600288
554,17590,27700,8300,0.508522944555,0.586755028041,1.8431580066
555,17620,27740,8310,0.449957424605,0.31342876659,1.8458850383
556,17650,27780,8320,0.57871253044,1.54702177624,1.8485491275
557,17680,27820,8330,0.45523075732,0.262999223058,1.8511071205
558,17710,27860,8340,0.44071075663,0.82914841552,1.853898048
559,17740,27900,8350,0.418401629303,0.252670509469,1.856630086
560,17770,28040,8410,0.392705763904,1.25249699035,1.8628962039
561,17800,28080,8420,0.46860388078,0.132042711179,1.865908145
562,17830,28120,8430,0.373776093344,0.561240080618,1.8685231208
563,17860,28160,8440,0.356655103642,1.11517179348,1.8710401058
564,17890,28200,8450,0.458016684181,0.245751065527,1.8737840652
565,17920,28240,8460,0.540716837352,0.62780942052,1.8766050338
566,17950,28280,8470,0.460532298031,0.185329326678,1.8791930675
567,17980,28320,8480,0.534041340016,0.626331439099,1.8818371295
568,18010,28360,8490,0.427531820957,0.864321911214,1.8846650123
569,18040,28400,8500,0.395807657039,0.677864846229,1.887246131
570,18070,28540,8560,0.585374999648,1.04728064516,1.8938691616
571,18100,28580,8570,0.442802475778,0.304913365118,1.8968250751
572,18130,28620,8580,0.367194659813,1.14669030091,1.8993711471
573,18160,28660,8590,0.333924463527,1.03069058417,1.9020621776
574,18190,28700,8600,0.467404805361,0.452681082479,1.9054260253
575,18220,28740,8610,0.381025871289,1.10428435217,1.9084300994
576,18250,28780,8620,0.403962243152,0.582840659242,1.911220073
577,18280,28820,8630,0.3953489533,0.539689600931,1.9140892028
578,18310,28860,8640,0.421027690585,0.126133042699,1.9171152114
579,18340,28900,8650,0.456100760507,0.0588095195489,1.9198181629
580,18370,29040,8710,0.525870259829,0.869359631817,1.9268240928
581,18400,29080,8720,0.461661343517,0.534019359376,1.9296112060
582,18430,29120,8730,0.431586104294,0.0983779535183,1.9324841499
583,18460,29160,8740,0.521826491147,0.820119480065,1.9352281093
584,18490,29200,8750,0.372404089485,1.17574789054,1.938221216
585,18520,29240,8760,0.340181356485,1.03125433387,1.9407901763
586,18550,29280,8770,0.524579251458,0.991043251477,1.9436490535
587,18580,29320,8780,0.632511000788,1.78629083602,1.9468300342
588,18610,29360,8790,0.307520586847,1.47170823803,1.949565172
589,18640,29400,8800,0.48882913672,0.477648826709,1.9526522159
590,18670,29540,8860,0.530329004733,0.829317758006,1.9593842029
591,18700,29580,8870,0.397522501903,0.632245727972,1.9623651504
592,18730,29620,8880,0.553374098499,0.68784075838,1.9652760028
593,18760,29660,8890,0.486934758608,0.170090956231,1.9683980941
594,18790,29700,8900,0.418018259344,0.0614053288137,1.9712610244
595,18820,29740,8910,0.546895319568,0.647838314979,1.9740841388
596,18850,29780,8920,0.325776935105,1.52259415454,1.9770560264
597,18880,29820,8930,0.485911643853,0.357908676058,1.9797301292
598,18910,29860,8940,0.478868382955,0.341567613564,1.9825952053
599,18940,29900,8950,0.296604565489,1.41429716228,1.9852151870
600,18970,30040,9010,0.527629511277,0.846935724323,1.9921760559
601,19000,30080,9020,0.578292718615,1.15617605897,1.9949750900
602,19030,30120,9030,0.439932953693,0.753346573284,1.9979422092
603,19060,30160,9040,0.312500054959,1.51728661912,2.0009751319
604,19090,30200,9050,0.675199857257,2.04954490418,2.003833055
605,19120,30240,9060,0.438507277565,0.134470912461,2.0065929889
606,19150,30280,9070,0.474994648592,0.294790822816,2.009836196
607,19180,30320,9080,0.397585377978,0.0328907874931,2.0125470161
608,19210,30360,9090,0.434942640522,0.172950057167,2.0152041912
609,19240,30400,9100,0.536745856793,0.794743790272,2.0183269977
610,19270,30540,9160,0.544939524085,0.60798035781,2.0248150825
611,19300,30580,9170,0.520619946777,0.610600499834,2.0280911922
612,19330,30620,9180,0.484911279526,0.138469109485,2.031105041
613,19360,30660,9190,0.457920899841,0.172061254216,2.0338740348
614,19390,30700,9200,0.326346762699,0.986182859016,2.0365791320
615,19420,30740,9210,0.37388727761,0.57684377273,2.0397109985
616,19450,30780,9220,0.585186138607,1.66941905168,2.0425190925
617,19480,30820,9230,0.390653300414,0.659034500463,2.0454721450
618,19510,30860,9240,0.415656275239,0.767950500627,2.0485661029
619,19540,30900,9250,0.383007280993,0.623472467351,2.051223993
620,19570,31040,9310,0.521867382574,0.761580508474,2.0582389831
621,19600,31080,9320,0.365872765603,1.2393502842,2.0610210895
622,19630,31120,9330,0.346596450614,1.00428585091,2.0635440349
623,19660,31160,9340,0.392061295052,0.540836732221,2.0661962032
624,19690,31200,9350,0.371377069461,0.450507822021,2.0692641735
625,19720,31240,9360,0.48844791704,0.413361898585,2.0719950199
626,19750,31280,9370,0.521288980605,0.77730594944,2.0747921466
627,19780,31320,9380,0.500060777234,0.301906610369,2.077763080
628,19810,31360,9390,0.391305778182,0.567437208846,2.0807631015
629,19840,31400,9400,0.590354219017,1.27132856955,2.0835180282
630,19870,31540,9460,0.354834301652,0.433866468994,2.0907220840
631,19900,31580,9470,0.391062087304,0.543362252342,2.0934941768
632,19930,31620,9480,0.366669841927,1.10760566665,2.0962140560
633,19960,31660,9490,0.40091684323,0.500415165815,2.0992610454
634,19990,31700,9500,0.382030835844,0.504509049287,2.1020081043
635,20020,31740,9510,0.51959207298,0.364917170713,2.1046772003
636,20050,31780,9520,0.537255056156,0.867811836973,2.1074481010
637,20080,31820,9530,0.577982379503,1.25259818091,2.1105091571
638,20110,31860,9540,0.495244994434,0.22166741378,2.1133279800
639,20140,31900,9550,0.407123242059,0.627157441098,2.1162850856
640,20170,32040,9610,0.400819678378,0.623954258287,2.1232321262
641,20200,32080,9620,0.450920666972,0.121886727178,2.1262161731
642,20230,32120,9630,0.377380688758,0.47375610262,2.1289651393
643,20260,32160,9640,0.42512404541,0.123419097065,2.1317601203
644,20290,32200,9650,0.432999357045,0.0388749806346,2.1344501972
645,20320,32240,9660,0.472661452582,0.497288202344,2.1375291347
646,20350,32280,9670,0.50300428434,0.323391848516,2.140506982
647,20380,32320,9680,0.393696563466,0.444566504038,2.1432111263
648,20410,32360,9690,0.426013196335,0.0259647300018,2.1459641456
649,20440,32400,9700,0.530574220339,0.804724004391,2.1487131118
650,20470,32540,9760,0.449478358574,0.138854299745,2.1558010578
651,20500,32580,9770,0.555880530902,0.678717850556,2.1586470603
652,20530,32620,9780,0.479397602489,0.292582164357,2.1617991924
653,20560,32660,9790,0.449338412568,0.148888299655,2.1647050380
654,20590,32700,9800,0.50431997594,0.801182714317,2.1676151752
655,20620,32740,9810,0.501183680045,0.103783336511,2.1704201698
656,20650,32780,9820,0.412739588926,0.701202939337,2.1734621524
657,20680,32820,9830,0.394685157662,0.610324814659,2.1763691902
658,20710,32860,9840,0.32787868588,0.941760873808,2.1790339946
659,20740,32900,9850,0.547247613939,0.75284527501,2.1819851398
660,20770,33040,9910,0.36548019054,0.437418320299,2.1887481212
661,20800,33080,9920,0.449865319151,0.493371871719,2.1918051242
662,20830,33120,9930,0.406221970964,0.0307084790025,2.1947600841
663,20860,33160,9940,0.440337240601,0.234050936945,2.197363138
664,20890,33200,9950,0.408668957622,0.628822886896,2.2000629901
665,20920,33240,9960,0.739534019604,2.51132976796,2.203293085
666,20950,33280,9970,0.480279058647,0.200790496994,2.2061300277
667,20980,33320,9980,0.5410334586,0.631315702479,2.2089591026
668,21010,33360,9990,0.410013451377,0.645994938494,2.2121431827
669,21040,33400,10000,0.51612750489,0.632499119261,2.2150731086
670,21070,33540,10060,0.435061007148,0.862937940681,2.2217841148
671,21100,33580,10070,0.36591202122,1.14547674192,2.2249040603
672,21130,33620,10080,0.403204399743,0.623359113841,2.2275991439
673,21160,33660,10090,0.522820897975,0.817010187399,2.2303960323
674,21190,33700,10100,0.430366430251,0.229083214559,2.2335071563
675,21220,33740,10110,0.403131632896,0.624890723912,2.2361891269
676,21250,33780,10120,0.387981318608,0.524659514182,2.2387290000
677,21280,33820,10130,0.50369085186,0.346382221507,2.2416861057
678,21310,33860,10140,0.370603455028,0.397425535168,2.2446792125
679,21340,33900,10150,0.346136930349,0.935303199585,2.247241020
680,21370,34040,10210,0.443297382909,0.140698684019,2.2539269924
681,21400,34080,10220,0.349302940196,0.930669768887,2.2569019794
682,21430,34120,10230,0.365105258173,0.317915036846,2.259591102
683,21460,34160,10240,0.477425831592,0.443160711951,2.2625381946
684,21490,34200,10250,0.484510939963,0.0811453236478,2.2652690410
685,21520,34240,10260,0.418900971841,0.0913383933618,2.2681591510
686,21550,34280,10270,0.460781989457,0.0267205310383,2.2709791660
687,21580,34320,10280,0.446823912471,0.0607434556063,2.2736911773
688,21610,34360,10290,0.388596163751,0.497299665626,2.2764170169
689,21640,34400,10300,0.458720449984,0.0899022788805,2.2790701389
690,21670,34540,10360,0.438634425011,0.0591940577409,2.2860701084
691,21700,34580,10370,0.482648473601,0.463504591328,2.2888791561
692,21730,34620,10380,0.548758184973,0.875524829325,2.2917931079
693,21760,34660,10390,0.417727144161,0.0819633466117,2.2948880195
694,21790,34700,10400,0.47232341535,0.365378025254,2.2976701259
695,21820,34740,10410,0.427487213072,0.0593577416346,2.3006110191
696,21850,34780,10420,0.605737015935,1.17720504157,2.30364799
697,21880,34820,10430,0.434483299299,0.104546902897,2.306416034
698,21910,34860,10440,0.496790126893,0.33370901867,2.3093800544
699,21940,34900,10450,0.430575508058,0.0447622340165,2.3120231628
700,21970,35040,10510,0.445683237921,0.241122366289,2.3187119960
701,22000,35080,10520,0.597210198739,1.17109046866,2.3215861320
702,22030,35120,10530,0.392959539627,0.547151168728,2.3245701789
703,22060,35160,10540,0.493877482375,0.270972841462,2.3273160457
704,22090,35200,10550,0.463537830698,0.319416152535,2.3301880359
705,22120,35240,10560,0.469509627964,0.170612744149,2.3329331874
706,22150,35280,10570,0.350022262358,1.08729683726,2.3359801769
707,22180,35320,10580,0.505806279022,0.26145373022,2.3390021324
708,22210,35360,10590,0.476775932127,0.336063682895,2.3417501449
709,22240,35400,10600,0.440376701518,0.142532420966,2.344942092
710,22270,35540,10660,0.429807622544,0.0925176531825,2.3515410423
711,22300,35580,10670,0.506865006298,0.917948427123,2.3542041778
712,22330,35620,10680,0.522327940421,0.802067994519,2.3571569919
713,22360,35660,10690,0.375850687617,0.635153935321,2.3601191043
714,22390,35700,10700,0.440673884214,0.168225103079,2.3628079891
715,22420,35740,10710,0.440571512066,0.142545087542,2.3656511306
716,22450,35780,10720,0.429667453156,0.195239344434,2.3689820766
717,22480,35820,10730,0.52497375271,0.873000856407,2.3717560768
718,22510,35860,10740,0.422166478343,0.700165218901,2.374466180
719,22540,35900,10750,0.475841059528,0.435686179615,2.3777470588
720,22570,36040,10810,0.405556962523,1.23079749794,2.3842980861
721,22600,36080,10820,0.392536033484,0.517499713207,2.3872110843
722,22630,36120,10830,0.59091074864,1.24733601691,2.3903350830
723,22660,36160,10840,0.359427232966,0.42386345399,2.3930552005
724,22690,36200,10850,0.412391539967,0.0946207313876,2.3955969810
725,22720,36240,10860,0.572930240423,1.2255639265,2.3985450267
726,22750,36280,10870,0.35699490452,1.09205930687,2.4014880657
727,22780,36320,10880,0.493953083678,0.239147030369,2.4045011997
728,22810,36360,10890,0.436649675649,0.647980614251,2.4075000286
729,22840,36400,10900,0.515313280405,0.803847444628,2.410301208
730,22870,36540,10960,0.485097833696,0.299663953895,2.4174070358
731,22900,36580,10970,0.438027356408,0.146926386272,2.4202129840
732,22930,36620,10980,0.428687920288,0.109862498656,2.4232401847
733,22960,36660,10990,0.592872091603,1.01829862838,2.426223993
734,22990,36700,11000,0.525889880006,0.692762406034,2.4290401935
735,23020,36740,11010,0.542873222631,1.21202198233,2.4317750930
736,23050,36780,11020,0.47148506555,0.383770797547,2.4349930286
737,23080,36820,11030,0.419622237238,0.730607567991,2.4376242160
738,23110,36860,11040,0.362964235784,1.22160452654,2.4402761459
739,23140,36900,11050,0.49436311945,0.271204348504,2.4432752132
740,23170,37040,11110,0.502085697443,0.775487294953,2.4501121044
741,23200,37080,11120,0.546667975039,0.592898791027,2.4529511928
742,23230,37120,11130,0.493759373233,0.733401360746,2.4561941623
743,23260,37160,11140,0.566818147888,1.5236242072,2.4589610099
744,23290,37200,11150,0.342847608439,1.69194181956,2.4616451263
745,23320,37240,11160,0.464940860214,0.286537151942,2.4645271301
746,23350,37280,11170,0.391699562447,0.624711970212,2.4675271511
747,23380,37320,11180,0.503357663681,0.175614230687,2.470327138
748,23410,37360,11190,0.448274645618,0.243254953884,2.473163127
749,23440,37400,11200,0.388005559817,0.673535877203,2.4763660430
750,23470,37540,11260,0.481168381929,0.251292459524,2.4827721118
751,23500,37580,11270,0.437817693847,0.266802324387,2.4859941005
752,23530,37620,11280,0.542073784439,0.687810000991,2.488996028
753,23560,37660,11290,0.340448136792,1.00075044094,2.4916560649
754,23590,37700,11300,0.379227615701,0.553536020373,2.4945950508
755,23620,37740,11310,0.472836542184,0.338892457474,2.4976150989
756,23650,37780,11320,0.455455512028,0.35276972419,2.5004210472
757,23680,37820,11330,0.425852514324,0.0572650594793,2.5033299922
758,23710,37860,11340,0.422546999706,0.0545972268958,2.5061872005
759,23740,37900,11350,0.570276702043,0.568585089907,2.5089790821
760,23770,38040,11410,0.423715943301,0.249503249509,2.5156791210
761,23800,38080,11420,0.417313069759,0.690967547596,2.518715143
762,23830,38120,11430,0.4602747436,0.49998317268,2.5217361450
763,23860,38160,11440,0.402530280254,0.645295745916,2.5244591236
764,23890,38200,11450,0.509846799852,0.142813824082,2.5272960662
765,23920,38240,11460,0.50008078308,0.182991383035,2.5299391746
766,23950,38280,11470,0.547111680238,1.06642104332,2.5330560207
767,23980,38320,11480,0.366682839485,0.52290071675,2.5358471870
768,24010,38360,11490,0.511826485514,0.743639903478,2.538988113
769,24040,38400,11500,0.44945347636,0.20978337968,2.5419750213
770,24070,38540,11560,0.484331631741,0.24367515509,2.548801183
771,24100,38580,11570,0.412597533976,0.686328196855,2.5517079830
772,24130,38620,11580,0.551262933213,0.484454865749,2.5544471740
773,24160,38660,11590,0.486985342286,0.252287729339,2.5575141906
774,24190,38700,11600,0.440544907225,0.208508188336,2.5605900287
775,24220,38740,11610,0.438509271457,0.195375921799,2.5632860660
776,24250,38780,11620,0.467137369739,0.314106841979,2.566057205
777,24280,38820,11630,0.340677612953,0.990950757756,2.5688230991
778,24310,38860,11640,0.46588011344,0.234960402503,2.5715360641
779,24340,38900,11650,0.512626144204,0.835574416954,2.574587106
780,24370,39040,11710,0.469658894646,0.262176165624,2.5815880298
781,24400,39080,11720,0.478926179988,0.129544329672,2.5846250057
782,24430,39120,11730,0.451694457196,0.255333115777,2.5873851776
783,24460,39160,11740,0.43992399392,0.241223552316,2.5907051563
784,24490,39200,11750,0.461241217084,0.112918764343,2.5935840606
785,24520,39240,11760,0.483317518814,0.15100048616,2.5962991714
786,24550,39280,11770,0.398285995496,0.597190255861,2.5996701717
787,24580,39320,11780,0.444484139211,0.204668772811,2.6024451255
788,24610,39360,11790,0.529333833575,0.720155241165,2.6052381992
789,24640,39400,11800,0.410782039602,0.729334734164,2.6079201698
790,24670,39540,11860,0.411602328362,0.750577248081,2.6145629882
791,24700,39580,11870,0.37977954606,0.554951690095,2.617349147
792,24730,39620,11880,0.47933985994,0.347017495191,2.6205840110
793,24760,39660,11890,0.531317736421,0.671502684634,2.6233770847
794,24790,39700,11900,0.384154535284,0.54821420329,2.6261320114
795,24820,39740,11910,0.488074033706,0.19328894356,2.629295110
796,24850,39780,11920,0.432105404447,0.126262532828,2.6320459842
797,24880,39820,11930,0.501193158786,0.229079987468,2.6347100734
798,24910,39860,11940,0.553715693167,1.24111775523,2.6377401351
799,24940,39900,11950,0.408538751615,0.13412857009,2.6406860351
800,24970,40040,12010,0.366032674071,0.581330808667,2.6478900909
801,25000,40080,12020,0.304932471113,1.48191973642,2.6509830951
802,25030,40120,12030,0.356462861939,0.386253712069,2.6536281108
803,25060,40160,12040,0.383749766346,0.532282745304,2.6565170288
804,25090,40200,12050,0.453211301108,0.507428355276,2.6597390174
805,25120,40240,12060,0.431524635059,0.0596954105467,2.6624422073
806,25150,40280,12070,0.447781830145,0.262449022061,2.665257215
807,25180,40320,12080,0.423584253002,0.668968898739,2.6681871414
808,25210,40360,12090,0.380220223229,0.452304811115,2.6712431907
809,25240,40400,12100,0.451922954011,0.0639772208775,2.6740190982
810,25270,40540,12160,0.32076485166,0.835830666272,2.6812272071
811,25300,40580,12170,0.567496881085,1.45400981219,2.6841590404
812,25330,40620,12180,0.38547070453,0.524833727314,2.6870419979
813,25360,40660,12190,0.434998807675,0.0331740948206,2.6900970935
814,25390,40700,12200,0.317558685996,0.791807316553,2.6928000450
815,25420,40740,12210,0.39236653607,0.527940315306,2.6958160400
816,25450,40780,12220,0.568345304075,0.83000882098,2.6986901760
817,25480,40820,12230,0.469629402872,0.0397223648691,2.7014780044
818,25510,40860,12240,0.417266142891,0.0571516919718,2.7044811248
819,25540,40900,12250,0.466094576573,0.601120670892,2.7074861526
820,25570,41040,12310,0.321111872891,0.828568270145,2.7139751911
821,25600,41080,12320,0.384178806337,0.387340550961,2.7177231311
822,25630,41120,12330,0.378473289205,0.273411508292,2.7206330299
823,25660,41160,12340,0.38941106335,0.419152780814,2.7233071327
824,25690,41200,12350,0.429916354185,0.193303117036,2.7268731594
825,25720,41240,12360,0.51004250017,0.50088435581,2.7296571731
826,25750,41280,12370,0.498841044076,0.530401887021,2.7323892116
827,25780,41320,12380,0.615652708602,1.29551936005,2.735200166
828,25810,41360,12390,0.52997110958,0.929663456413,2.7381629943
829,25840,41400,12400,0.579157746165,1.36360605016,2.740949153
830,25870,41540,12460,0.436576887444,0.19916186715,2.747744083
831,25900,41580,12470,0.328989935764,0.912137174961,2.7504310607
832,25930,41620,12480,0.36084407175,1.01805082432,2.7530691623
833,25960,41660,12490,0.374131171766,1.07275413816,2.7559921741
834,25990,41700,12500,0.366516293218,0.349663682982,2.7586681842
835,26020,41740,12510,0.304504084809,0.783857747894,2.7615771293
836,26050,41780,12520,0.447978028066,0.0336243362638,2.7644121646
837,26080,41820,12530,0.389716945247,0.416055256497,2.7670381069
838,26110,41860,12540,0.468152999759,0.071121908561,2.7696471214
839,26140,41900,12550,0.441137306351,0.0659870651426,2.7724790573
840,26170,42040,12610,0.372912191522,0.360975772565,2.7791020870
841,26200,42080,12620,0.616203817451,1.38363795573,2.7818779945
842,26230,42120,12630,0.356496826002,0.300674493799,2.7852900028
843,26260,42160,12640,0.546475408805,0.905229442145,2.7882671356
844,26290,42200,12650,0.548926155493,0.945658870973,2.7910590171
845,26320,42240,12660,0.351383296031,1.04778666993,2.7938971519
846,26350,42280,12670,0.394475502924,0.528809055315,2.7969081401
847,26380,42320,12680,0.417644753221,0.11275546247,2.7995941638
848,26410,42360,12690,0.440647155224,0.0478437074324,2.8023459911
849,26440,42400,12700,0.403231665699,0.512412961253,2.8053719997
850,26470,42540,12760,0.491072655164,0.590205310081,2.8122611045
851,26500,42580,12770,0.375332632801,0.372656084185,2.8151571750
852,26530,42620,12780,0.380131552454,0.385835849751,2.8178350925
853,26560,42660,12790,0.332204379046,0.838394395524,2.8207900524
854,26590,42700,12800,0.295209274919,1.35222723253,2.8235042095
855,26620,42740,12810,0.525610155676,0.507502128335,2.8262569904
856,26650,42780,12820,0.384202634833,0.310603278913,2.8290190696
857,26680,42820,12830,0.426289191588,0.146509769481,2.8322591781
858,26710,42860,12840,0.510868980161,1.03536661363,2.8349821567
859,26740,42900,12850,0.501679835682,0.512260327141,2.8377280235
860,26770,43040,12910,0.454056544878,0.0204817860748,2.844942092
861,26800,43080,12920,0.518304182512,1.00230333069,2.847801208
862,26830,43120,12930,0.441953283174,0.104984327882,2.8505392074
863,26860,43160,12940,0.259713056812,1.22228814395,2.8534200191
864,26890,43200,12950,0.420299234953,0.106801079007,2.8560950756
865,26920,43240,12960,0.481642515683,0.406466079254,2.8588511943
866,26950,43280,12970,0.481275058776,0.12046179378,2.8619821071
867,26980,43320,12980,0.602259925084,1.25046425022,2.8653881549
868,27010,43360,12990,0.419730552236,0.0338404284961,2.8680720329
869,27040,43400,13000,0.406913587955,0.502138556534,2.8710601329
870,27070,43540,13060,0.335625850599,0.929784995025,2.8779921531
871,27100,43580,13070,0.261798903877,1.22598690192,2.8809289932
872,27130,43620,13080,0.604805158058,1.54646981095,2.883697986
873,27160,43660,13090,0.270955973105,1.26156344606,2.886743068
874,27190,43700,13100,0.374209291604,0.355063137638,2.8896870613
875,27220,43740,13110,0.439296028991,0.492402868258,2.8924841880
876,27250,43780,13120,0.350699729298,0.218046549081,2.8955011367
877,27280,43820,13130,0.468028557932,0.121362313553,2.8982989788
878,27310,43860,13140,0.561722057972,0.993588008173,2.9014019966
879,27340,43900,13150,0.364087467942,0.26375105326,2.9040241241
880,27370,44040,13210,0.568487838992,0.814474580801,2.9110341072
881,27400,44080,13220,0.550241421045,1.00532702546,2.9138810634
882,27430,44120,13230,0.602714553125,1.38593053587,2.9167540073
883,27460,44160,13240,0.526134454077,0.886861816354,2.9201080799
884,27490,44200,13250,0.530978191088,0.848870156648,2.9229111671
885,27520,44240,13260,0.336816799301,0.884735936594,2.925767183
886,27550,44280,13270,0.43643363215,0.0813916875215,2.9294030666
887,27580,44320,13280,0.460541350771,0.10402570018,2.9321291446
888,27610,44360,13290,0.380007325405,0.578347900716,2.9348480701
889,27640,44400,13300,0.368241017513,1.09747903982,2.9380199909
890,27670,44540,13360,0.484681122225,0.53691586463,2.945279121
891,27700,44580,13370,0.539696056312,0.876588585762,2.9484651088
892,27730,44620,13380,0.391249998796,0.504510326385,2.9515640735
893,27760,44660,13390,0.415314625329,0.534634255815,2.9543561935
894,27790,44700,13400,0.490635031472,0.463167093316,2.9575400352
895,27820,44740,13410,0.407764966818,0.0592515091049,2.9606680870
896,27850,44780,13420,0.480045203293,0.434464270797,2.9634881019
897,27880,44820,13430,0.581887054463,1.36313152222,2.9665441513
898,27910,44860,13440,0.387774446718,0.549843914322,2.9693381786
899,27940,44900,13450,0.39185938869,0.518042489553,2.9723820686
900,27970,45040,13510,0.360934458412,1.08311336248,2.9791150093
901,28000,45080,13520,0.50405281819,0.373490763045,2.9823350906
902,28030,45120,13530,0.422546539954,0.617616696776,2.9850029945
903,28060,45160,13540,0.56935078518,1.36123764907,2.9880030155
904,28090,45200,13550,0.533547408684,0.680661891778,2.9907960891
905,28120,45240,13560,0.585555256816,1.32602026533,2.9940500259
906,28150,45280,13570,0.479340918067,0.288591807582,2.9971830844
907,28180,45320,13580,0.560335912974,1.11914390174,3.000014066
908,28210,45360,13590,0.454604101151,0.242339946257,3.0027639865
909,28240,45400,13600,0.478572422498,0.262922693633,3.0062191486
910,28270,45540,13660,0.46548046364,0.358777236399,3.0128631591
911,28300,45580,13670,0.504756199847,0.673882849989,3.0163249969
912,28330,45620,13680,0.353328940851,1.08784320265,3.0190260410
913,28360,45660,13690,0.516129281014,0.693272559102,3.0218620300
914,28390,45700,13700,0.38217303055,0.622279172122,3.0249810218
915,28420,45740,13710,0.56056239719,1.25214008786,3.0276820659
916,28450,45780,13720,0.532998618349,0.608343704775,3.0304341316
917,28480,45820,13730,0.499320659669,0.102299594383,3.0331780910
918,28510,45860,13740,0.368100626135,0.566905729207,3.0364241
919,28540,45900,13750,0.511214863211,0.0945717087133,3.0391821861
920,28570,46040,13810,0.448770356229,0.150927437166,3.046019077
921,28600,46080,13820,0.525179297843,1.02776314072,3.0493421554
922,28630,46120,13830,0.561840833511,0.936746014905,3.0522181987
923,28660,46160,13840,0.509748953014,0.528587333729,3.0554041862
924,28690,46200,13850,0.38314216493,1.85995493335,3.0584530830
925,28720,46240,13860,0.420451375963,0.302378261118,3.0612800121
926,28750,46280,13870,0.451916502653,0.293184471662,3.0644772052
927,28780,46320,13880,0.422155929964,0.710533532355,3.0673561096
928,28810,46360,13890,0.359967195302,1.05933980967,3.0699810981
929,28840,46400,13900,0.482618824361,0.352901412799,3.0729310512
930,28870,46540,13960,0.533600858798,0.671942878685,3.0797171592
931,28900,46580,13970,0.453506903526,0.247136449152,3.0825212001
932,28930,46620,13980,0.365825806835,1.14948101457,3.0853781700
933,28960,46660,13990,0.375312535117,0.56421130895,3.0884191989
934,28990,46700,14000,0.519174803653,0.243462115463,3.0911262035
935,29020,46740,14010,0.478685135297,0.387121447336,3.0941171646
936,29050,46780,14020,0.465217036729,0.36127154382,3.0968620777
937,29080,46820,14030,0.497695582708,0.202972174447,3.0998561382
938,29110,46860,14040,0.692922097928,2.48994828431,3.1028671264
939,29140,46900,14050,0.442676833459,0.306358574833,3.1056070327
940,29170,47040,14110,0.347806645181,1.0307148322,3.1123871803
941,29200,47080,14120,0.599764461139,1.57853291455,3.1152269840
942,29230,47120,14130,0.540507904412,0.513771069831,3.1183400154
943,29260,47160,14140,0.451781674597,0.377391372284,3.1211590766
944,29290,47200,14150,0.550485823506,1.07807348976,3.1242110729
945,29320,47240,14160,0.522171872002,0.479907301274,3.1269781589
946,29350,47280,14170,0.372718436307,1.26010427106,3.1299691200
947,29380,47320,14180,0.370016107623,0.692849547332,3.1328179836
948,29410,47360,14190,0.498445805697,0.104497174412,3.1355462074
949,29440,47400,14200,0.441567842963,0.226212912329,3.1385180950
950,29470,47540,14260,0.527603958885,0.607842940384,3.1453649997
951,29500,47580,14270,0.462862759634,0.338883898512,3.1481289863
952,29530,47620,14280,0.47179641699,0.208067491913,3.1512360572
953,29560,47660,14290,0.597537319895,0.900321568866,3.1540260314
954,29590,47700,14300,0.529091502119,0.467719806597,3.1568481922
955,29620,47740,14310,0.369456310971,0.653537788332,3.1598851680
956,29650,47780,14320,0.383841873481,1.26057553368,3.1627650260
957,29680,47820,14330,0.466836092565,0.187109148712,3.1655490398
958,29710,47860,14340,0.425020625288,0.207672456848,3.1682500839
959,29740,47900,14350,0.499365962852,0.245843304914,3.1713430881
960,29770,48040,14410,0.397300249044,0.153994124502,3.1779260635
961,29800,48080,14420,0.462831127708,0.286074051558,3.1813921928
962,29830,48120,14430,0.584951067651,1.52200693014,3.1842281818
963,29860,48160,14440,0.565518646941,1.42614784303,3.1869921684
964,29890,48200,14450,0.361796699757,1.24343703919,3.1899390220
965,29920,48240,14460,0.432949970145,0.381920523919,3.1927900314
966,29950,48280,14470,0.449056010761,0.396890086849,3.1956222057
967,29980,48320,14480,0.348169140125,1.12265888277,3.1984081268
968,30010,48360,14490,0.510742867136,0.576592806341,3.2017011642
969,30040,48400,14500,0.496613216159,0.663953838548,3.2045822143
970,30070,48540,14560,0.381639164342,0.654277593714,3.2114679813
971,30100,48580,14570,0.373493920309,1.19947448471,3.2141890525
972,30130,48620,14580,0.442185508801,0.828195057508,3.2169311046
973,30160,48660,14590,0.593433577996,1.14655104936,3.220105171
974,30190,48700,14600,0.426777395613,0.148063545251,3.2227501869
975,30220,48740,14610,0.388277122748,0.677009503098,3.2254860401
976,30250,48780,14620,0.33939737124,1.03127914176,3.2283301353
977,30280,48820,14630,0.507034745635,0.28199804782,3.2311050891
978,30310,48860,14640,0.533922231117,0.723551771045,3.2341041564
979,30340,48900,14650,0.418677481927,0.0861696812675,3.236858129
980,30370,49040,14710,0.4723029785,0.310659582398,3.2444682121
981,30400,49080,14720,0.374995948649,0.515311332695,3.2472631931
982,30430,49120,14730,0.387161664874,0.553459924073,3.2501289844
983,30460,49160,14740,0.486121272693,0.2632224389,3.252912998
984,30490,49200,14750,0.425607857398,0.126207875833,3.2556769847
985,30520,49240,14760,0.493502609666,0.229649930689,3.2591440677
986,30550,49280,14770,0.491198703973,0.173264591185,3.2619760036
987,30580,49320,14780,0.507146338237,0.690907892613,3.2647731304
988,30610,49360,14790,0.465502199556,0.279524148823,3.2680242061
989,30640,49400,14800,0.357937804078,1.17772862392,3.2707331180
990,30670,49540,14860,0.433082117973,0.07619322532,3.2776551246
991,30700,49580,14870,0.493172708443,0.319040092522,3.2804760932
992,30730,49620,14880,0.483949337057,0.251504644398,3.2833352088
993,30760,49660,14890,0.465943462084,0.462113241122,3.2862141132
994,30790,49700,14900,0.473834645662,0.344653578466,3.2896251678
995,30820,49740,14910,0.404123259684,0.579313628637,3.2925481796
996,30850,49780,14920,0.373081304103,0.475520203819,3.2952630519
997,30880,49820,14930,0.454741153846,0.584136212514,3.2984712123
998,30910,49860,14940,0.526840288523,0.811228622504,3.3013300895
999,30940,49900,14950,0.382442905456,0.552251574859,3.304110050
1000,30970,50040,15010,0.575985647169,1.04302404088,3.3111360073
