1.0,1.0,1.0,1.0
-0.146865101604,-0.0881183093173,-0.0168720661568,0.029375402114
0.393635768508,0.160469485904,0.419000273232,0.174815980017
0.144359295094,0.0139025800034,0.254309546766,0.113848862792
-0.064398577991,-0.118489146808,0.179827854479,0.0935065260258
-0.082343679486,-0.291313782997,0.417802784584,0.198403524785
0.0257259532883,-0.213571556052,0.468516929124,0.215289098407
0.0329339896568,-0.148333646307,0.327484417666,0.147554944648
-0.0543599998659,-0.205103970193,0.296849604921,0.138202571715
0.0193268585242,-0.167490304212,0.364613355355,0.165114906637
-0.176924435515,-0.280229183572,0.274733060918,0.141859092873
0.282857821143,-0.0567298166852,0.579385931333,0.237261899911
0.141468915894,-0.00544155104362,0.244282774265,0.097776642354
0.0710806077046,-0.0505636619961,0.234995498906,0.0966189851874
0.259309265276,0.0478943424328,0.355690204734,0.141276222652
-0.0543565678941,-0.148255191055,0.224024656375,0.103216696494
0.205283142615,-0.0259118866738,0.407236472187,0.166523650397
-0.13111801844,-0.243440500272,0.268524931141,0.133430998166
0.2451652066,-0.0510851325476,0.520802038356,0.211883506199
-0.0781801504646,-0.180790883085,0.305249692129,0.137557567816
0.120713489228,-0.0748884593049,0.434499081393,0.182243246844
-0.120589873229,-0.226562405308,0.313983252514,0.15079400031
-0.11311063174,-0.222697033603,0.320835799262,0.151979906334
-0.110419248745,-0.222296867488,0.323967494189,0.152235425769
-0.103888673087,-0.219171793281,0.32834122958,0.151993973514
-0.104176146033,-0.221034454617,0.330268305851,0.153312393027
-0.1024614171,-0.221536198831,0.333618154885,0.154751719325
-0.0972233088148,-0.218991243835,0.335760868427,0.154302383764
-0.0939569768795,-0.217071840361,0.338716850411,0.154786199511
-0.0867283249265,-0.213403778778,0.343522986199,0.155714451519
-0.0860646242893,-0.212855856163,0.3443934417,0.156349846722
-0.081326049826,-0.210545169509,0.347986501819,0.156662719589
-0.075297186585,-0.204490394939,0.345532909987,0.154888966833
-0.0720144295583,-0.202104926535,0.345451992668,0.154758268806
-0.0685438776308,-0.199132054717,0.344945844399,0.154333334837
-0.0643593550351,-0.195710746415,0.344194750455,0.153606506038
-0.0590992091996,-0.190050008011,0.341451567743,0.151586355866
-0.051732559956,-0.181265929117,0.336833366797,0.148493768655
-0.0495771252913,-0.179721161687,0.33687992731,0.14834420231
-0.0532290027931,-0.185355442642,0.34107175677,0.150817134141
-0.0486495625041,-0.181045434521,0.339490938709,0.149786739102
-0.0513745572423,-0.186197770644,0.343753977126,0.152602159103
-0.0460846253664,-0.180719072715,0.342121455581,0.150886342288
-0.0458503959217,-0.181592055787,0.343665210823,0.151711031121
-0.0455423689806,-0.1821978675,0.344634429917,0.152287023777
-0.0440932002308,-0.18238164249,0.346570852418,0.153121254377
-0.0415467922475,-0.179974872529,0.346070934869,0.152426876909
-0.0418242588316,-0.181748315341,0.348147242628,0.153627093259
-0.0406938372932,-0.181344044168,0.34909226981,0.154042354638
-0.0392915937962,-0.180697194961,0.349983416138,0.154408482336
-0.0411639942712,-0.183270660006,0.35170372314,0.155651557441
-0.0465075779172,-0.190576230549,0.355603499896,0.158686670454
-0.0434593302794,-0.187588859974,0.35446824137,0.157776639884
-0.0386360478529,-0.182519534397,0.352487699133,0.156212206111
-0.0337148992416,-0.177364000676,0.350323457307,0.154469308103
-0.0340388503746,-0.17875253527,0.35172494056,0.155244028011
-0.0345813713168,-0.180083438214,0.353036852731,0.15600391743
-0.0371526644597,-0.183049104718,0.354734902993,0.157123195533
-0.0354907689038,-0.181779432033,0.354847244832,0.157001833051
-0.0299477660879,-0.176139692027,0.352913330098,0.15549397842
-0.0282665800448,-0.174822494221,0.352587754703,0.155223508097
-0.0263569250855,-0.172852875377,0.352119088352,0.15472864723
-0.0279139274844,-0.17523832372,0.353858115555,0.156112111406
-0.0303488578726,-0.178422298771,0.355480596175,0.157482557849
-0.0289002301413,-0.177650484083,0.356071023124,0.157736774839
-0.0313311865237,-0.180868095031,0.35741099037,0.1589252192
-0.0261346160267,-0.176516841357,0.356810265865,0.158017041504
-0.0291370881298,-0.180374284635,0.35851274217,0.159554593054
-0.0302143149096,-0.181583362073,0.359355169347,0.16028660187
-0.0267241019057,-0.179235086062,0.359534713353,0.159969441518
-0.0289781405129,-0.181832280436,0.360741125437,0.160972642264
-0.0279638952076,-0.181578686556,0.361513224106,0.161340958864
-0.0252121254035,-0.180907603626,0.362976425319,0.162316802731
-0.0245327296773,-0.180836682107,0.363496655457,0.162723220643
-0.0253507418558,-0.180962605585,0.363212253012,0.162648018
-0.0304122683884,-0.182411657598,0.360490057811,0.160950180031
-0.0304493576925,-0.182689070375,0.360526672577,0.16087903396
-0.030660519834,-0.182897937269,0.360470512105,0.160841959341
-0.0311218255441,-0.183508805269,0.360486899461,0.160882050898
-0.0325148238478,-0.183977331776,0.359766469637,0.160510444577
-0.0310952806212,-0.183770922819,0.360726111482,0.161094068873
-0.0353583462393,-0.185288239114,0.358487795512,0.159651780364
-0.0360402879463,-0.185408012178,0.359302805943,0.160651508232
-0.0336470520049,-0.183332886496,0.358572113552,0.161245935585
-0.0339073898581,-0.184873003897,0.359131203593,0.161709874156
-0.0315880527475,-0.182682894458,0.35826004479,0.161425659773
-0.029235570646,-0.182197460652,0.358228368336,0.161468180545
-0.0257667324275,-0.179378344574,0.358032346102,0.161044001954
-0.0223369719987,-0.177047693559,0.357538918064,0.160586760786
-0.0220048994231,-0.176942122418,0.358311666576,0.160690183925
-0.0254414112476,-0.180456709483,0.360049290151,0.161039715478
-0.0258582107024,-0.179631174191,0.359944454004,0.160596031532
-0.0241358792867,-0.178376268549,0.359762265307,0.160942821433
-0.0197607707597,-0.175894133151,0.357907321212,0.161371336233
-0.0117674629865,-0.169125842524,0.354525443558,0.161760559683
-0.00930482307233,-0.166796169164,0.353533013199,0.16217941367
-0.00997744145787,-0.168901928749,0.354269196677,0.161914231277
-0.0112759185466,-0.171094450709,0.355289960245,0.161863199465
-0.011879422222,-0.172837034877,0.356366667822,0.161873237418
-0.0117006587399,-0.17114920447,0.356162864446,0.162455663025
-0.0127049180084,-0.172290451125,0.356589623465,0.162637910391
-0.0149475079751,-0.174505661479,0.35809829402,0.162626396584
-0.0141185016025,-0.174310754001,0.358547960445,0.162757786237
-0.0130412122181,-0.174029770867,0.359137455017,0.162748364325
-0.0210109546882,-0.179370810396,0.361611609135,0.162818722987
-0.021668982309,-0.180102666373,0.36208021044,0.162930257818
-0.0197405893459,-0.178702422873,0.361065449917,0.163101583634
-0.0194993513428,-0.1786634472,0.361918298782,0.1631437119
-0.0199473398386,-0.179324432043,0.362447994074,0.163206522753
-0.0229538201016,-0.181654671877,0.363648803375,0.163240188583
-0.0177464821129,-0.177789688669,0.362217664822,0.163332976453
-0.015031365811,-0.175799788132,0.361279585301,0.163374754223
-0.0128643622556,-0.173895818464,0.360966556639,0.163220748515
-0.0145715472285,-0.175496839989,0.36214936243,0.163266997831
-0.014240313005,-0.175826079465,0.362844208808,0.163061382781
-0.0129006068786,-0.174835959314,0.362523520492,0.16275116266
-0.018947116624,-0.180322274104,0.365221224482,0.163555317113
-0.0203270266911,-0.181571461305,0.366330731211,0.163859526996
-0.0253951112652,-0.186484723676,0.368526686914,0.164456358673
-0.0224481827561,-0.184170019156,0.367903947274,0.164386965263
-0.0255929477327,-0.187052070293,0.369055423723,0.164503547674
-0.0221304824014,-0.184048199618,0.368050929638,0.164393552556
-0.0200047031145,-0.182234004692,0.366800806769,0.163888897452
-0.0228832636136,-0.186248845115,0.368616032439,0.164352233292
-0.0194847681116,-0.182391580735,0.366891679711,0.163851783756
-0.0201924167239,-0.183991521088,0.367384639447,0.164093975322
-0.0217963733031,-0.185671057334,0.368994671975,0.164271807081
-0.0246578277507,-0.188640771692,0.370670318973,0.164909536187
-0.0262339284551,-0.190056529164,0.372139700843,0.165279064754
-0.0203493413127,-0.183378245452,0.368281689419,0.164388163431
-0.0174515376113,-0.179652075507,0.366427981291,0.16403380542
-0.0161316941298,-0.178892995745,0.366278762749,0.163984147965
-0.0155679576894,-0.17786457241,0.365743073075,0.163826378585
-0.0146134597909,-0.176295695306,0.364883890852,0.163634409054
-0.0107245009431,-0.171487273055,0.363309583168,0.163136371428
-0.011885565516,-0.172977610611,0.364172602022,0.163168568521
-0.011177827941,-0.172358890775,0.363839746382,0.163059788517
-0.0120408332913,-0.173898750557,0.364600161183,0.163139936633
-0.00803550889361,-0.168711749515,0.362620432255,0.162555371159
-0.0081382420574,-0.169689628105,0.362796803716,0.162507571262
-0.00523438526243,-0.166413043069,0.361408538192,0.161988389935
-0.00302078630241,-0.163520329294,0.359800599278,0.161798685073
0.000248412884069,-0.159691926137,0.358066058506,0.161196245446
0.00231581423408,-0.157309282412,0.357158186602,0.160869646003
0.00695616158479,-0.151670655279,0.354509551329,0.160039237342
0.00656129957641,-0.152210773614,0.355044189189,0.160233186358
0.00424150255116,-0.155256613418,0.356549626996,0.160628732167
0.00267791059973,-0.157273904294,0.357343790224,0.16085486444
0.002908442508,-0.157075573784,0.357642803439,0.160872152972
0.00737669666352,-0.151556207613,0.355213196702,0.160079243575
0.00547649485683,-0.154395058719,0.356781470983,0.16042659959
0.000337864773209,-0.160920190838,0.359952936913,0.161327241321
0.00489555903006,-0.156595795461,0.358609780943,0.160748872529
0.00447365948309,-0.156771881596,0.358500168918,0.160882473943
-0.000382876189814,-0.16151840144,0.359829131819,0.161471535283
-0.00248235426923,-0.162635783611,0.359379282473,0.161667921254
-0.00447255919547,-0.164332078001,0.359137257619,0.161944900867
-0.00970836816609,-0.168906738933,0.359650082892,0.162483701581
-0.0107851459567,-0.169835806974,0.359659701804,0.162639143505
-0.0100341681904,-0.169451063629,0.359895253831,0.162471206481
-0.00910731093223,-0.168610243277,0.35941092208,0.162308525603
-0.00831087310862,-0.1685660045,0.359929541877,0.162221901506
-0.0141301857888,-0.175496936517,0.363137699135,0.16343208695
-0.0132865828612,-0.175252622542,0.363828301712,0.163461393709
-0.0144187842799,-0.176772909323,0.364582589442,0.163776606317
-0.0179056365398,-0.180491089135,0.365705583818,0.164414611099
-0.0250229900915,-0.188311386996,0.368762314343,0.16556986776
-0.0212838612325,-0.184616819442,0.367481871003,0.164895436851
-0.0221421184167,-0.185666043953,0.368004117433,0.165082149114
-0.0191291510569,-0.182582036442,0.366905925231,0.164537279913
-0.0153248443435,-0.178245325873,0.365101579264,0.163892451195
-0.0168491857043,-0.179943949697,0.365534034169,0.164125379324
-0.0208899358735,-0.185001539975,0.36795731829,0.164894036366
-0.0215850478722,-0.185515143505,0.367985221727,0.164967749764
-0.0225918970952,-0.187172484769,0.36886732479,0.16540957418
-0.0198790961626,-0.184172100085,0.367936055908,0.165012440882
-0.0253240151597,-0.191352381263,0.371566745278,0.166198746703
-0.0235644156572,-0.188794671456,0.370243542045,0.165733540539
-0.0201965526267,-0.184668824761,0.368349928956,0.165016082299
-0.0160443070803,-0.180031295312,0.365928627087,0.164141884722
-0.0195124843165,-0.184550927853,0.368303482878,0.164885317892
-0.0225782911242,-0.18869989749,0.370415013815,0.16558548608
-0.0199266476345,-0.1848153632,0.368775501849,0.165039421089
-0.0193264564334,-0.183825049584,0.368355638512,0.165024764372
-0.0184643020769,-0.182480481222,0.367791904482,0.164882246663
-0.0194262518039,-0.183754483928,0.368322317838,0.165193963067
-0.0222677072475,-0.187694696622,0.370026877703,0.165630521343
-0.021748145477,-0.186985945186,0.369665241997,0.165516722808
-0.0225958091746,-0.188165493055,0.370157882248,0.165698258146
-0.021536950543,-0.186824155683,0.369610441773,0.16551890809
-0.0223783346949,-0.188096669375,0.370106816068,0.165825436856
-0.0265856375087,-0.194280721802,0.372928663014,0.166747179713
-0.0254997813427,-0.192718237832,0.372852115154,0.166687377105
-0.0263190661987,-0.191637072886,0.371950194591,0.167175350746
-0.0250760555164,-0.190622938375,0.372207006007,0.166737532009
-0.0256557773149,-0.191492163189,0.371086236997,0.166606017264
-0.0276789286186,-0.192306338849,0.370140917579,0.165923138326
-0.0265094579991,-0.190330038755,0.370307997414,0.165799038794
-0.0250495388363,-0.189944666427,0.370326357046,0.165678735612
-0.0279289259118,-0.193549006082,0.369586312948,0.165893605581
-0.0256946194006,-0.192916095216,0.36972548083,0.166008107764
-0.0197880686689,-0.187325611538,0.37052964794,0.165645573905
-0.0187656321391,-0.186156377231,0.369948435564,0.165445620456
-0.0172353538113,-0.184350286566,0.369047461409,0.164977424438
-0.0147849457477,-0.181761845541,0.368488756521,0.164607306361
-0.0118892297844,-0.178879614718,0.367920444177,0.16424473601
-0.0114657559897,-0.178367278684,0.36768991448,0.164167061546
-0.0166643138018,-0.183900841633,0.369038169247,0.165073141638
-0.017145465442,-0.184546800678,0.368441697268,0.164868987597
-0.0185266179361,-0.185889800785,0.368781576028,0.165125815009
-0.0209935796027,-0.188013571804,0.369070225464,0.165284681913
-0.0177676906955,-0.184231546419,0.3678596638,0.164709137357
-0.0160373979841,-0.182270776264,0.366844064142,0.164236837829
-0.0153745018682,-0.181563683715,0.366520135968,0.164047375102
-0.0101445050064,-0.176212571145,0.363955187969,0.16264374163
-0.00992635381969,-0.176724053771,0.364740301642,0.162900333281
-0.00695408793296,-0.173465547761,0.363167680831,0.162104127057
-0.00670068889402,-0.173558697341,0.363591309216,0.1621337639
-0.00657841691565,-0.173005980428,0.363255676535,0.162118441364
-0.0127859512171,-0.179178031307,0.36609523136,0.163621210946
-0.0127558563781,-0.179243575963,0.366155425327,0.163605251877
-0.0098958604157,-0.176595241838,0.365165004951,0.162946876685
-0.00827512971413,-0.174821607527,0.363860277691,0.162304495428
-0.0033670784755,-0.16951169456,0.361275575676,0.160996162323
-0.00895537964482,-0.17529435395,0.363980643835,0.162488902945
-0.00870180449108,-0.175294110058,0.36441546715,0.162607011669
-0.00827075851252,-0.174935225825,0.364099800001,0.162342297527
-0.0051995994073,-0.171783779224,0.362455198439,0.161612908361
-0.00959129215542,-0.176806233377,0.365368178352,0.162912917693
-0.0133503084236,-0.180594508693,0.367480782439,0.16384625534
-0.0121046842514,-0.178450294787,0.365871784197,0.163033276055
-0.0155283657848,-0.182082846409,0.367496996196,0.163953569451
-0.0113135068646,-0.178356126988,0.366360439777,0.162649439034
-0.0103435449544,-0.177020380958,0.365612151759,0.16211643666
-0.00971331550978,-0.176162476524,0.364973874678,0.161565794152
-0.00703941589358,-0.173636485582,0.364275549821,0.160703042367
-0.00661854769914,-0.17340051819,0.364114689529,0.160609969803
-0.0107185771299,-0.177961041545,0.366123336158,0.162212130084
-0.00520756258497,-0.172339639455,0.363725805101,0.160236046748
0.00104489554008,-0.166181457921,0.36151695062,0.158141100509
0.000869129532408,-0.166595817703,0.36177676063,0.158242533231
0.000900131960563,-0.166395388035,0.361419399063,0.158056879346
0.00487917976032,-0.16284010421,0.36061653477,0.155770142888
0.00299000588164,-0.164725321502,0.360824518876,0.156882886542
7.92009460986e-05,-0.167067657108,0.36121802747,0.158393186067
0.000297254164195,-0.167050085455,0.361244113925,0.158180470594
-0.00384035173299,-0.170981738927,0.362133849457,0.160615676525
-0.00756451701844,-0.174159525598,0.362679350135,0.162588725417
-0.00513362536295,-0.172205577208,0.362517478395,0.161180394711
-0.0109183403896,-0.177575334395,0.363379743866,0.164417897757
-0.0105854048335,-0.177081300598,0.363347531041,0.164219566114
-0.0124196061589,-0.179023680232,0.363896526332,0.165250497046
-0.0203811608813,-0.186134184533,0.369186259205,0.164350153266
-0.0155557530539,-0.181764996228,0.365733054548,0.165113099307
-0.0185253011694,-0.184620411918,0.368136875064,0.164801273862
-0.0177081709291,-0.184099211072,0.367794426466,0.16464568091
-0.0177365964189,-0.18415317953,0.367374759008,0.164761637551
-0.0186947519675,-0.184787369138,0.367765298248,0.164944401816
-0.0150707583998,-0.181551607694,0.365216649556,0.165372090042
-0.0163611488942,-0.182318071492,0.365952661162,0.165155983604
-0.0132803781965,-0.179801835062,0.363879453824,0.165380107383
-0.0128071342596,-0.179786789869,0.364048587573,0.165414191084
-0.0181152134895,-0.184892651382,0.365654935247,0.167020239423
-0.0169760673456,-0.183798820902,0.365316531275,0.16657314183
-0.0142524764941,-0.181273366023,0.36478292796,0.165349830344
-0.0154578660201,-0.182101567403,0.365239183136,0.165548609165
-0.015965685997,-0.1826369526,0.365166327196,0.165676349909
-0.0130899451556,-0.179868525575,0.364116355435,0.1648403462
-0.0105943687361,-0.177424402617,0.363341163985,0.16403665896
-0.0120425600631,-0.178799260138,0.363857830079,0.164525497611
-0.00753698044878,-0.174649293406,0.362461638629,0.163184027334
-0.00913347295936,-0.175951680023,0.362665447748,0.1638141016
-0.01154729598,-0.177693495478,0.364336424541,0.163856510242
-0.00871475052032,-0.175330988734,0.362800794944,0.163610116005
-0.0061613717114,-0.173515220331,0.362093319451,0.163069033165
-0.00800596133277,-0.175186723865,0.363229151057,0.163238665883
-0.0100084885194,-0.176877648408,0.364342825792,0.163541726071
-0.0139525149794,-0.180118415721,0.366469468401,0.163972821178
-0.00820643418564,-0.17530593245,0.363436381826,0.163625991631
-0.00519851270903,-0.172707866505,0.361902132758,0.163331707031
-0.00781115124212,-0.174937908821,0.363509475945,0.163424464762
-0.0100960493852,-0.176717964038,0.364793338953,0.163401152615
-0.0134737084651,-0.180253140642,0.365628438011,0.164249396787
-0.0126332916788,-0.179554047772,0.365361978912,0.164138562812
-0.013529712282,-0.180410168715,0.365558364822,0.164454113622
-0.0168314049758,-0.183870714584,0.366737600714,0.165404882779
-0.0223374414734,-0.189209222996,0.368537373745,0.167235627006
-0.0212178749693,-0.18801753982,0.368199948671,0.166981332667
-0.0231219288833,-0.189626992122,0.368532252285,0.167803698218
-0.0190966108324,-0.185798411287,0.367235833622,0.166671327006
-0.0132419449916,-0.179938596535,0.365401893126,0.164940686967
-0.0107567954443,-0.177555882622,0.364944941796,0.16401790814
-0.00924308000132,-0.176127262588,0.36364054365,0.163719929361
-0.0108450509241,-0.177791117188,0.364533257444,0.1642584041
-0.00839446664674,-0.175296094342,0.363611254357,0.163591427328
-0.00894413800624,-0.175652451177,0.363833311505,0.163869673904
-0.0111282457688,-0.17756945244,0.364784761724,0.164352890734
-0.0216402469064,-0.188038534631,0.369011675753,0.167068569327
-0.0231254078288,-0.18947377458,0.369358868111,0.167445915704
-0.0173235571208,-0.183735110125,0.367335548396,0.165769329567
-0.0208808511233,-0.187266442902,0.369112180579,0.166557209298
-0.0238820217245,-0.19020937813,0.370242894525,0.167444580063
-0.0251748082606,-0.191707812086,0.37045896964,0.167633045949
-0.0276868801727,-0.194675741973,0.370957733878,0.168090949246
-0.0267252275126,-0.193538760539,0.370886270811,0.167966454169
-0.0301625458374,-0.197947891215,0.371623375724,0.168473355438
-0.0251634570916,-0.192056485147,0.370908583012,0.167650176679
-0.026993548366,-0.194260124832,0.371302898709,0.167955787105
-0.0290058495068,-0.196629009772,0.371668029245,0.168308581302
-0.02594214285,-0.192740162386,0.371192893117,0.167746423394
-0.0233568139256,-0.189581987332,0.370794379067,0.167317651829
-0.0195044560267,-0.184873878444,0.370156686784,0.166628525572
-0.0122347061581,-0.177449920192,0.3666853787,0.164913554977
-0.0137073557213,-0.178777298326,0.367221108793,0.165262198716
-0.0154438966177,-0.180803081642,0.367918525656,0.165686896493
-0.0122138502374,-0.177500501617,0.366293125236,0.164926959076
-0.0196413521758,-0.185187862327,0.369617304664,0.166771494336
-0.0229120600952,-0.188781869437,0.370870005664,0.167516978746
-0.0266506473841,-0.192675209353,0.372342738694,0.168466370838
-0.0217628384636,-0.18778035677,0.370324967235,0.167343813406
-0.0158961970527,-0.181973088961,0.367505909288,0.165998198734
-0.0101646338675,-0.176198699079,0.364800630702,0.164564734848
-0.011885193862,-0.178251698098,0.365575502655,0.164869350747
-0.0134410623054,-0.18026196294,0.366139882237,0.165171901848
-0.0164705190053,-0.183624335165,0.367250701436,0.165927652739
-0.0233629249282,-0.191840534712,0.369813057633,0.167446510056
-0.0280503234733,-0.197589044877,0.371651558865,0.168453679391
-0.0268958745461,-0.196096086544,0.371193800775,0.168175777558
-0.0267057879057,-0.195709923259,0.370962149644,0.168003184639
-0.0234649334123,-0.191938630766,0.369721893828,0.167229212354
-0.0182701002477,-0.185798602733,0.367662298519,0.166199088358
-0.0190475453714,-0.186725275549,0.367827972511,0.166184182768
-0.0196483815217,-0.187703896478,0.367796851774,0.166190464436
-0.0176796150321,-0.18443534883,0.367438731485,0.16588536387
-0.0127440501843,-0.17668689408,0.366067783158,0.164823365699
-0.0120843937398,-0.175348145779,0.365635970193,0.164665181461
-0.00836192229097,-0.169495472895,0.364576696523,0.163779613336
-0.0109438589459,-0.174132275509,0.365338088009,0.164348067358
-0.0154747819854,-0.18146275871,0.366265756279,0.165246456418
-0.0100961486315,-0.172824500404,0.364736021015,0.164045019646
-0.0101372627305,-0.172754529619,0.365057248315,0.164094298833
-0.0115241097341,-0.175151127109,0.365353217977,0.164441256512
-0.013353345021,-0.177793561067,0.366229362089,0.164836999899
-0.0106101369979,-0.174123563493,0.364996941014,0.16401523419
-0.00790827103042,-0.169958435498,0.363826227851,0.163104312727
-0.00981255847211,-0.172906699018,0.364652736386,0.163651324768
-0.00926885385999,-0.171967964429,0.36459804185,0.163524764556
-0.00686430528513,-0.168495521386,0.363668337861,0.162757358726
-0.0119169924314,-0.175745324062,0.365952788907,0.164202682741
-0.0137363428139,-0.178185838974,0.366702949111,0.164851989441
-0.0112715663886,-0.174662761709,0.365584668462,0.164010996522
-0.0141670212515,-0.178668647337,0.36676032679,0.164752982594
-0.0135731503373,-0.17792079723,0.366621863307,0.164532425237
-0.0144770545309,-0.179059317058,0.366754705528,0.164876716897
-0.0161144400845,-0.181590337913,0.367533874591,0.165513086054
-0.015458545083,-0.180804046733,0.367354081694,0.16521779167
-0.0165321332948,-0.182137665178,0.367948124845,0.165690271517
-0.010973787543,-0.17441560658,0.365933237597,0.163341837443
-0.0126557081199,-0.176262764999,0.366535248218,0.164014665109
-0.012616180373,-0.176028147446,0.366596993358,0.16405234157
-0.0160336185398,-0.180604110905,0.367821903522,0.165489341844
-0.0169509942394,-0.181573775917,0.367875663968,0.165707405985
-0.0197971644893,-0.184598646038,0.368920501835,0.166345454393
-0.0192308510141,-0.183782320887,0.368772085183,0.16641923878
-0.0201854002715,-0.184856943789,0.369041404875,0.166619960491
-0.0175784414731,-0.181319648413,0.367909933503,0.165998406255
-0.0154254318705,-0.178608428658,0.367054438699,0.165563857362
-0.0151095602148,-0.178272591862,0.366947834102,0.165449935214
-0.0184782624377,-0.182443760124,0.368339333411,0.166189419374
-0.016022323325,-0.179277276767,0.367320014353,0.165602691524
-0.0188183329183,-0.182390178896,0.36825113178,0.166138678052
-0.019752357804,-0.183695056804,0.368812641944,0.166293985343
-0.0185474747165,-0.182803860563,0.368444490317,0.165890695897
-0.0199781198684,-0.184140579359,0.368828402574,0.166469696016
-0.0189158913171,-0.183340979881,0.368550088763,0.166086548348
-0.0163627790418,-0.181186832048,0.367902801142,0.165216254633
-0.018145205465,-0.182394479015,0.368295224968,0.165831145881
-0.0173101072757,-0.182024636683,0.368243624365,0.165671218639
-0.020566652868,-0.184832151796,0.369226521301,0.166698621789
-0.0194639612997,-0.18387086016,0.368805600272,0.166417173315
-0.0175507325817,-0.181983349571,0.367987959749,0.165647056916
-0.0190407037672,-0.183051615743,0.368232811982,0.166069837004
-0.0163975879844,-0.178460013654,0.366807893442,0.166228357035
-0.0109566380099,-0.169410051968,0.363883722758,0.166322492125
-0.012248728913,-0.172377039035,0.364865117998,0.166165118142
-0.0100087784248,-0.169171735585,0.36391844763,0.166104381502
-0.00786244019959,-0.165341954867,0.362695997578,0.166213262298
-0.00629358660019,-0.162862356902,0.361991901307,0.166318484127
-0.00752531975197,-0.165498032281,0.363039007846,0.166293369583
-0.00690852107517,-0.164753285336,0.362605201182,0.166223467384
-0.0106580974636,-0.170968994161,0.364806896019,0.166207921825
-0.0104186681012,-0.170700673938,0.364704497283,0.16608580072
-0.0103545029814,-0.17086941198,0.364651029671,0.16585583874
-0.0132893516682,-0.175395519331,0.366093508471,0.165869233072
-0.0129848116327,-0.175365594329,0.36603714656,0.165622488396
-0.0096751832367,-0.169851614795,0.364361543918,0.165826161681
-0.00915861360392,-0.169854746288,0.364449255825,0.165843741337
-0.00534274714268,-0.164395353903,0.362713122801,0.165788503324
-0.0053130502194,-0.164268911268,0.362896056178,0.165831642728
-0.00517745278842,-0.163281241683,0.362489097921,0.165720734914
-0.00359762444344,-0.161357853358,0.36189025982,0.165567345282
0.000125646007809,-0.156195520401,0.360016385102,0.165277971137
-0.000396823283666,-0.156813407974,0.360217413175,0.165409597178
0.00111083449261,-0.155778358143,0.36000502728,0.165052693523
0.000813184374133,-0.15603579127,0.360203455847,0.165150807149
0.0029460690244,-0.154539952359,0.359724755532,0.164714767094
-0.00144778844686,-0.158295283107,0.360736506039,0.165735279085
-0.00115445637279,-0.158429438802,0.360893193381,0.16555863302
-0.00370120927789,-0.160974463109,0.361966970266,0.166229109627
-0.00168049642302,-0.159315759203,0.361604853266,0.165878447822
-0.0087637864395,-0.165575051677,0.36345109471,0.167508806857
-0.0108672435682,-0.167483798451,0.363891687564,0.167987411031
-0.0141451693372,-0.172498208372,0.365279875289,0.168122767291
-0.0103763704126,-0.167426050173,0.363747178065,0.168018649652
-0.0120124027078,-0.169410229079,0.364695167163,0.168180652786
-0.0111402555789,-0.168370841152,0.364349916562,0.168041488189
-0.0123714491138,-0.17042628989,0.364945304784,0.16788825255
-0.0174624106261,-0.177830339211,0.3673218093,0.16800668926
-0.0159325086145,-0.175885921514,0.366455239875,0.167907102511
-0.0152250550719,-0.175072460892,0.366219030715,0.167867150557
-0.01663859659,-0.17656362274,0.36672206593,0.16787394846
-0.0159046089502,-0.175582738183,0.366421975546,0.167801957792
-0.0186021070441,-0.178675029905,0.367285747965,0.168276706062
-0.020797384209,-0.181559451725,0.368241979391,0.168563430018
-0.020094428964,-0.180396192911,0.367973766403,0.168421794584
-0.0193956833001,-0.179859059041,0.367790290304,0.168278998913
-0.0223792281971,-0.183085339,0.368787153142,0.168798325329
-0.0188097788962,-0.179353675088,0.367496261944,0.168048813725
-0.0179182594954,-0.178718022251,0.367509230757,0.167836102473
-0.0223645812667,-0.183531070152,0.369005154568,0.168659578734
-0.0192251072453,-0.179679296874,0.367615148676,0.16811076546
-0.0162262084815,-0.176275607548,0.366379484143,0.167511691906
-0.0176222271842,-0.178278230916,0.367116803755,0.167625998245
-0.0187167986492,-0.179741904864,0.36745303239,0.167784358061
-0.0216815065843,-0.184034939755,0.368722837673,0.167947386745
-0.0263019225602,-0.190026285953,0.370619546838,0.168343535929
-0.0290369543536,-0.1930541459,0.371485271699,0.168677258705
-0.0318290377185,-0.196746614277,0.372713805666,0.168961745788
-0.0304825478119,-0.194689502597,0.37204842306,0.168927764343
-0.0327876553784,-0.197906004419,0.373347653393,0.16907429649
-0.025738224781,-0.188658088191,0.370404053589,0.168469421645
-0.0262223097068,-0.189288060738,0.370662003527,0.168473329051
-0.027275960149,-0.190696145259,0.371104414619,0.168538597395
-0.0227378887408,-0.184682874452,0.369343564677,0.168302814209
-0.0218719046018,-0.183044740381,0.368879275698,0.168159061632
-0.0204453499745,-0.18141868777,0.368206394281,0.16802458467
-0.020809954406,-0.182001227422,0.368291096744,0.168004352369
-0.0199820090452,-0.180670040805,0.368061720988,0.167924656965
-0.020823789828,-0.182148416879,0.368527317514,0.168002244835
-0.020283444706,-0.181085837297,0.368280467956,0.167985619163
-0.0179933157462,-0.178300505742,0.367381000838,0.167741759637
-0.0190596034503,-0.179894000928,0.367719233694,0.167752026972
-0.025663412297,-0.189169730301,0.370297896973,0.168375215165
-0.0241210431957,-0.187524393043,0.369694053857,0.168088475079
-0.0243896750303,-0.188037494991,0.369751665819,0.168061744511
-0.0216559696674,-0.184046011191,0.368535148886,0.167779200478
-0.0262486439957,-0.190332690341,0.370537455224,0.168347761577
-0.0235198996628,-0.186482838795,0.369378510724,0.168077811455
-0.0225510588636,-0.184954454518,0.368945445876,0.16791772864
-0.0192416701241,-0.180890346855,0.367767045312,0.167559877038
-0.0203004707907,-0.182265356326,0.368002040062,0.167599184844
-0.0174416111188,-0.178103719176,0.366660217197,0.167180770383
-0.0183005839456,-0.179723562657,0.366853925207,0.167127329471
-0.024253714425,-0.19073828318,0.36835406095,0.166773723731
-0.0207328301237,-0.184442265866,0.367535234036,0.167046716542
-0.0215120862945,-0.185773437025,0.367680401771,0.167031661423
-0.0209488201558,-0.184715612164,0.367655383866,0.167035284851
-0.0209433040892,-0.184953408571,0.367493608327,0.166909916743
-0.0203099900738,-0.183155479273,0.367197109514,0.166952595582
-0.019795233956,-0.182157483553,0.367150930573,0.167086071764
-0.0231439468504,-0.188855053389,0.368407127222,0.166854246435
-0.0210167191406,-0.184942827343,0.367927544726,0.167113266456
-0.0238018445426,-0.186519705001,0.368720064657,0.168019727111
-0.0240878583336,-0.187495815129,0.368441829946,0.167777031424
-0.0207496842871,-0.185504672575,0.367057497909,0.166789550094
-0.0314696439721,-0.192190210558,0.37111722887,0.169526048911
-0.0267435430652,-0.189418341712,0.369480202452,0.168375563737
-0.0258036019203,-0.188542308822,0.369727130831,0.16818595462
-0.0247492374573,-0.188456440529,0.369328878958,0.167734563359
-0.0276230838736,-0.18977196977,0.370156699255,0.168694832134
-0.0218603103227,-0.187127561648,0.368053430235,0.166919387685
-0.0223793295481,-0.187815229231,0.368358550954,0.166756196887
-0.0226453051,-0.188531277344,0.368417936287,0.166694382575
-0.0212363433046,-0.187853977503,0.367872713975,0.166289521601
-0.021680995455,-0.188516034463,0.367936144663,0.16621149252
-0.0226656464062,-0.189525372943,0.368008933294,0.166061223536
-0.0181576862366,-0.185309866591,0.366810689282,0.165333886388
-0.0233968022674,-0.190259930706,0.36862306141,0.166547955063
-0.020666457293,-0.187791282319,0.36787691805,0.165994685562
-0.0204421593827,-0.187109521614,0.368090237891,0.166224341048
-0.0144101630689,-0.182504994915,0.365767942709,0.164726337625
-0.0147595853061,-0.183643357476,0.365570900392,0.164436485799
-0.0125840345291,-0.182969852195,0.364583538988,0.16340909977
-0.0118712383653,-0.182480642054,0.364004977233,0.163104264972
-0.00807349532989,-0.180654575193,0.362824540242,0.161693653908
-0.00252424749763,-0.178156531878,0.360939609755,0.159522877794
0.00350015144224,-0.175914513123,0.35884663153,0.156996982694
-0.00238938115431,-0.178085604749,0.361094307764,0.159446893431
0.0044177036394,-0.175097950921,0.358734323924,0.156786786562
0.00730223770381,-0.173649234656,0.357775434358,0.155617249329
0.0149631579568,-0.169938638604,0.355216154521,0.152893853154
0.0174977617375,-0.16861144303,0.354354635676,0.15201109804
0.0217823005526,-0.165017759231,0.353672876298,0.151175290965
0.0178324684848,-0.166553437827,0.355255736136,0.152710508615
0.00997194197287,-0.171349625167,0.357994542435,0.155358251315
0.00364909036358,-0.17564956877,0.359387833298,0.156977924982
0.00316342197156,-0.175361331557,0.359500556843,0.157338086566
0.00523371966838,-0.173215857129,0.35922706577,0.156968723215
0.0101575528855,-0.169592073612,0.358022146178,0.155739962064
0.00818393002511,-0.171189679299,0.358343002606,0.1561134381
0.0126237944464,-0.168181150201,0.357278498543,0.154902758177
0.0116373734849,-0.168090418699,0.357543482456,0.155337819072
0.0149416766223,-0.166017381251,0.355981349155,0.154099815496
0.00803105154803,-0.169808819678,0.358802404555,0.156913727945
0.0079596356134,-0.169745899579,0.358843901217,0.156984154957
0.00230446010191,-0.173555541823,0.361137420216,0.15902954562
0.00518973962057,-0.171356028031,0.360388194754,0.158047875716
0.00518742793377,-0.171501002086,0.360071905224,0.157975153544
0.00768358937508,-0.169650715021,0.358905645656,0.157030374944
0.00772626181569,-0.169459790301,0.359092071837,0.157045093048
0.00247339060316,-0.173089471127,0.361146479131,0.158810701909
0.00435432709226,-0.17131775373,0.360401653037,0.158259928277
-0.00626014309656,-0.174472364803,0.365141568619,0.163322359344
-0.0180813579756,-0.177197309258,0.370336167317,0.168936107304
-0.0192308741886,-0.177952948814,0.370870573444,0.169334916826
-0.029318048148,-0.179990525636,0.375413762126,0.174354754663
-0.0305669284384,-0.180641377361,0.375967975594,0.174859101539
-0.0285563784432,-0.180385568711,0.374819847166,0.173602484017
-0.0154905244916,-0.177552112443,0.368720838881,0.167008817847
-0.0101570443771,-0.175915145275,0.366031407157,0.164253127749
-0.00904077618281,-0.175947107692,0.365427096723,0.16361558654
-0.00556439071204,-0.174941759657,0.363782335598,0.162192468505
-0.0123160561618,-0.177886280276,0.365914630544,0.164505608362
-0.010611938853,-0.177530323765,0.36522951585,0.163725666926
-0.00909433947388,-0.177246043673,0.36452755359,0.162973106149
-0.0157624618992,-0.180092938285,0.366822985465,0.165453771357
-0.0209885860035,-0.183059120201,0.368266516565,0.167018387763
-0.0171683516147,-0.181507306198,0.3669709702,0.165640878635
-0.0178424634882,-0.181624822317,0.367314176338,0.165848241461
-0.0138957037889,-0.180017909082,0.365991594711,0.164336632328
-0.0175446052613,-0.181875579862,0.367074654544,0.16563716759
-0.0190329409022,-0.182680364245,0.367659188855,0.166077773861
-0.0137026904017,-0.178456988316,0.366125146697,0.16466588754
-0.022545904361,-0.186607387008,0.368157861476,0.166257667108
-0.0198084754566,-0.186041731066,0.366774292934,0.16490115389
-0.0165370467594,-0.182951552266,0.365898263271,0.164148346269
-0.0137839108569,-0.180180594304,0.365716334208,0.163948732606
-0.00946147237594,-0.176411656363,0.364822498997,0.162945879015
-0.0121561568153,-0.179627857882,0.364979401736,0.16297223078
-0.0140552928232,-0.180748823667,0.365724342022,0.163572438682
-0.0151613205939,-0.180990307963,0.36617247497,0.164037543213
-0.0128511291546,-0.178226446321,0.365839154281,0.163801700939
-0.0150539424719,-0.179887459849,0.367006323405,0.164154981618
-0.0167917428281,-0.182936205501,0.367398713205,0.163192193881
-0.0221520791516,-0.187347570284,0.369868822977,0.163624757808
-0.0249187522994,-0.18928224724,0.370936835051,0.163927903618
-0.0267380395257,-0.190367305707,0.371971918463,0.164455948626
-0.0338442196707,-0.19536639585,0.374495235707,0.165024159912
-0.0343611980602,-0.196865306141,0.374487052487,0.164316728193
-0.0305779849434,-0.193964394069,0.373005840318,0.164254658662
-0.0297313570524,-0.192783922341,0.372725832915,0.164742248796
-0.0245532502324,-0.188035965904,0.370912666941,0.165352174251
-0.0250517423447,-0.188885138971,0.371215842209,0.165139075414
-0.0233947048554,-0.186307350722,0.370889740416,0.166169014607
-0.0183892028696,-0.182172358563,0.368742936728,0.166180796473
-0.0196214035788,-0.183057572267,0.369338406939,0.16662043892
-0.0215039096427,-0.18595896603,0.369753091744,0.165308391554
-0.0223804806014,-0.186700022503,0.37017810258,0.165318167089
-0.0244212163483,-0.189754794282,0.37083362758,0.163987726996
-0.0202272231675,-0.186828022936,0.368906317147,0.163815811673
-0.0167365667039,-0.184751797607,0.367264532706,0.163214521875
-0.020765285226,-0.188932304921,0.368657331333,0.162475119025
-0.0184539441026,-0.188470386072,0.367532906313,0.161415297934
-0.0125353685927,-0.183721614382,0.365064118663,0.161644535416
-0.0063917908223,-0.18001885834,0.362214992887,0.161021155942
-0.00956547120288,-0.181380520126,0.363845846838,0.161998681424
-0.00246682876776,-0.177806818901,0.360421318377,0.160516064839
0.00109011414523,-0.175471800192,0.358633301636,0.16021831806
0.00510515674168,-0.173920829152,0.356473179626,0.15897012652
0.00419522963884,-0.174428738799,0.35701564777,0.159059580683
0.00407428179411,-0.173921004381,0.357196869179,0.159454167268
-0.00197348888019,-0.176769675542,0.360366934298,0.161163014893
-0.0049985623485,-0.17849347811,0.36170628472,0.161634733027
-0.00464557729615,-0.17824963732,0.361691270801,0.161736232078
-0.00835531546304,-0.181786541661,0.363158245844,0.161434537813
-0.00230138068099,-0.17765597256,0.360694155989,0.161083816712
0.0030488182484,-0.173905368729,0.358435706294,0.160762703105
-0.00228648823507,-0.17752143525,0.360814264408,0.161256789323
-0.0103905002532,-0.184660307617,0.363776104819,0.160830939157
-0.00247720358341,-0.179802000817,0.36048534404,0.159897811653
-0.00482929916652,-0.181602413505,0.361445714944,0.159719648016
-0.0093309740637,-0.184065842194,0.363215428343,0.160526834015
-0.00671102019457,-0.180628018926,0.361761788361,0.159846937027
-0.00999736300708,-0.183327560171,0.363353715137,0.161241248105
-0.0109281202706,-0.184161661844,0.363923031103,0.161771621964
-0.0108031369001,-0.184146393737,0.364056727416,0.161627027219
-0.012670620657,-0.188132314726,0.364926764703,0.161250911974
-0.00685764570286,-0.179333387369,0.361602899635,0.160705946666
-0.00915867911514,-0.180694776397,0.36303091333,0.162099870804
-0.011031915535,-0.182678009588,0.364378597061,0.16287368299
-0.0049770402885,-0.175089537283,0.360945819577,0.161218985061
-0.00843777370415,-0.17965439288,0.36284708684,0.161989295603
-0.0151517690678,-0.182977914129,0.365378389731,0.163025465343
-0.0106909172739,-0.180848048188,0.363658685513,0.162377139097
-0.00222241514438,-0.176426357338,0.360612795595,0.161102146278
-0.0136212195451,-0.182474530768,0.364751150557,0.162794203712
-0.0129815226699,-0.181857835288,0.364381198189,0.162764543983
-0.0118059795971,-0.180261973008,0.363637361568,0.162511601796
-0.0121446578878,-0.180335476641,0.363878659148,0.162610462884
-0.0111251711572,-0.179901930018,0.363517031261,0.162496931604
-0.0153341086,-0.182515270664,0.365135062019,0.163079332376
-0.0186773083521,-0.184085357274,0.366158913606,0.163594796084
-0.0222469291294,-0.184535281826,0.367374315745,0.164814326285
-0.0230078686149,-0.184812426778,0.367700190471,0.165264034852
-0.0242235365076,-0.184964101156,0.368285880464,0.165675702734
-0.0183632664446,-0.184720705366,0.36655494816,0.163932255221
-0.0149637801021,-0.184449736659,0.365454364179,0.162925970238
-0.025943444802,-0.184547511013,0.368983279299,0.166704745884
-0.022063887608,-0.184293874406,0.367769805786,0.165581468652
-0.0170912128871,-0.184233438612,0.36621379961,0.16386545702
-0.0134674846639,-0.183827960739,0.364958012276,0.162831525917
-0.0184163544829,-0.183685226322,0.366336755172,0.164544758682
-0.0115359373237,-0.180998425693,0.364267010543,0.16300528742
-0.00637718111045,-0.178307103059,0.36270723773,0.161879190379
-0.00434593205112,-0.176017852415,0.362070475037,0.161579750082
-0.00225453513404,-0.174629674977,0.361465803331,0.161232161785
-0.00455499660247,-0.175325220478,0.362012556647,0.16178071135
-0.00866080908147,-0.177722206061,0.363560963347,0.162750868165
-0.00974062295259,-0.178686341137,0.363676880379,0.16275222072
-0.00736049912689,-0.176990602945,0.36321019908,0.162481590437
-0.0133325059346,-0.18089235512,0.364967251579,0.16353725639
-0.0113843625237,-0.179350695524,0.364296720632,0.163257083774
-0.008289772838,-0.17725870898,0.362992825235,0.16258970717
-0.00233930815413,-0.173289267628,0.360893994627,0.161519512184
0.000377091250634,-0.171357198816,0.359843147315,0.160909236029
0.00321109874915,-0.16986975259,0.358997095495,0.160324611298
0.00134454890706,-0.171183994357,0.359617758256,0.160555790789
-0.0037082457629,-0.173618988648,0.361161104004,0.161692376605
-0.0107329653922,-0.177225481237,0.363229421349,0.162970476772
-0.01188165643,-0.177993521772,0.363579590987,0.163197700025
-0.00852167674932,-0.176042323377,0.362640300121,0.162469347992
-0.00522493146121,-0.17398150587,0.36163756893,0.161905090477
-0.00472350868374,-0.173361792605,0.361463079551,0.161699673428
-0.00278756348574,-0.170702746239,0.360546781445,0.161446093479
-0.00211467594665,-0.170400504594,0.360315544299,0.161270314829
-0.00202898738663,-0.170718779832,0.360266887361,0.161086933125
-0.00433218305527,-0.173084668738,0.361293389081,0.161522440983
-0.00581435349882,-0.174355068952,0.361823688097,0.161806275553
-0.00351723240986,-0.172352232366,0.360707028168,0.161311459026
-0.00353497127025,-0.172244430669,0.360586050332,0.161420223206
-0.00719416769014,-0.176195423886,0.362218537866,0.162138120397
-0.00689633830282,-0.17503265182,0.362002946226,0.162239808009
-0.00836326238795,-0.181226639112,0.363328162852,0.162989823572
-0.00940156095005,-0.183084430321,0.364013845865,0.163633411055
-0.00861375513307,-0.182177687631,0.36339934995,0.163046489012
-0.0117698914903,-0.188235774953,0.366095923681,0.164858412598
-0.0120498059404,-0.18869709883,0.366170710141,0.164989393176
-0.00962246075107,-0.183335304288,0.364167888451,0.163659713409
-0.00782069214413,-0.177916192336,0.362437178768,0.162788046431
-0.00486708699781,-0.169683839,0.359693699034,0.161116927474
-0.00721587159924,-0.17645989061,0.361944842634,0.162481320141
-0.00583063174823,-0.173463774964,0.36092832777,0.161926603252
-0.00768655430024,-0.176438126142,0.361853446077,0.162549200656
-0.00776115044555,-0.176216772699,0.361948227268,0.162616600123
-0.00704595204269,-0.175077194844,0.361832200594,0.162427786466
-0.0047595864119,-0.171540154266,0.360899552058,0.161612707007
-0.0139031077062,-0.185203430479,0.36450194992,0.164560086087
-0.0148586636029,-0.185516051541,0.364777659678,0.16469217635
-0.0173422413387,-0.188325915119,0.365652656557,0.16534964686
-0.0150396161142,-0.184649618078,0.364657210127,0.16474357123
-0.0172657083642,-0.188507822969,0.365676464336,0.165485956093
-0.0140693842733,-0.183940363258,0.364430003644,0.164470994115
-0.0081428537862,-0.180341105097,0.363058841397,0.162937864118
-0.00509389877921,-0.178284641178,0.362374674116,0.162215339104
-0.00925015572275,-0.181207926362,0.363499121,0.163406384658
-0.00807866051663,-0.180790198159,0.36343004665,0.163154169497
-0.0049743793317,-0.178686723074,0.362682606901,0.162386198368
-0.00223112963673,-0.177024961689,0.362010673486,0.161689098634
-0.00409373609104,-0.177826492043,0.362283161148,0.162173464471
-0.00237429555458,-0.176070063515,0.361724874309,0.161744995686
0.00261943369051,-0.173443378751,0.36064753468,0.16053926982
0.00305852485684,-0.172706385397,0.36057344239,0.160289173418
0.00758197351728,-0.169111355471,0.359268902913,0.159077384267
0.00905821667967,-0.167694520202,0.358747879933,0.158667590246
0.00683929594136,-0.16971572679,0.35964585261,0.159315812895
0.0074695500602,-0.169546445036,0.359391181137,0.159132363479
0.0066239678266,-0.169698748919,0.360016294804,0.159391309301
0.00667759953763,-0.169411010215,0.359849702884,0.159227977566
0.00626482867612,-0.169616179273,0.360045830629,0.159320121687
0.0089002440014,-0.167776779825,0.359240830709,0.158535947738
0.00928074701606,-0.167283989264,0.359060275737,0.15841680589
0.00904127362999,-0.167249624319,0.358973865479,0.158374457766
0.00681759009201,-0.169398973081,0.359642602644,0.159060940942
0.00251728909539,-0.173431996522,0.361033041459,0.160239582974
0.00189748616768,-0.173372787812,0.361100970446,0.16049784654
0.000184841577878,-0.175482687791,0.361857604024,0.161168666642
-1.43633925146e-05,-0.174483733361,0.361541312898,0.160926279785
-0.00614447892911,-0.178337171031,0.362662781681,0.16227466917
-0.00558303462235,-0.177795165969,0.362416615401,0.16209237456
-0.00736655731524,-0.178869400817,0.362823343311,0.162358738683
-0.00744186117089,-0.17923219559,0.362882999722,0.162459022008
-0.00612691962806,-0.179051619437,0.363023869068,0.162196101279
-0.0117538668854,-0.183007940605,0.364312538476,0.163340393661
-0.00910275391563,-0.180876405273,0.363488318834,0.162767303531
-0.0103990960388,-0.181762726301,0.363721991791,0.163137782856
-0.00897907047399,-0.180388656203,0.363279217714,0.162790982289
-0.00815733793963,-0.17959730982,0.362961153653,0.162532979962
-0.00301703395019,-0.175738569972,0.361740170617,0.16140745065
-0.00430895360371,-0.176432161682,0.361907643433,0.16172195535
-0.00601718991444,-0.177597519334,0.362359191575,0.162154653692
-0.00523168341481,-0.177733546799,0.362465877948,0.162102139331
-0.00493212122318,-0.177215283619,0.362346993856,0.161999597606
-0.00999245452444,-0.180323281227,0.363673503351,0.163189479525
-0.0143403609117,-0.182962965502,0.364729943546,0.16420708376
-0.0112160481683,-0.18078040568,0.364077729951,0.1636457983
-0.0104000957144,-0.180161483065,0.363906192105,0.163471245639
-0.00963065107723,-0.179743241879,0.363754305508,0.163255795517
-0.00871510726903,-0.179061050744,0.363574684902,0.163125178638
-0.0134535773928,-0.181910124892,0.364713981125,0.164249430003
-0.00974061506623,-0.179536785319,0.363835881888,0.163386587473
-0.0120418676633,-0.180944395444,0.364328438844,0.163961307804
-0.00540164340566,-0.176629244724,0.362626430399,0.162377916569
-0.0021251661577,-0.175443988929,0.361551710654,0.161325752787
-0.0096794450663,-0.178313032612,0.363919821967,0.163579239888
-0.00731281497399,-0.177278818297,0.363204403328,0.162970490799
-0.00691096003532,-0.177251784202,0.363226879182,0.162973170335
-0.0143357079705,-0.180222516462,0.365616536359,0.165299405333
-0.00789832871473,-0.177583402662,0.363659205463,0.163262139991
-0.00930055085585,-0.178228396514,0.364146121631,0.16367484467
-0.00521925388004,-0.176639381223,0.362781617619,0.162275277658
-0.010142432192,-0.178575594459,0.364345519644,0.163916132651
-0.0117606847901,-0.17937876193,0.364792121377,0.164484351036
-0.0111356962917,-0.178848282768,0.364683920616,0.164322125512
-0.0108070645977,-0.178338972265,0.364722179814,0.164270358115
-0.0147117661017,-0.182247500745,0.365106161914,0.164667540847
-0.0173635838622,-0.185191618749,0.365488453819,0.164887022628
-0.0221469714772,-0.190149959558,0.366251901538,0.165366274197
-0.020717668458,-0.18858563604,0.36612066589,0.165249168342
-0.0177085372424,-0.185850519055,0.365616554972,0.164825732901
-0.0131115374582,-0.180967816892,0.365173033741,0.164457595189
-0.0141921671184,-0.181896614933,0.365289042154,0.164568674068
-0.017058640533,-0.185012306657,0.36553679727,0.164684365292
-0.0202800372675,-0.187117700225,0.366548663921,0.165439023686
-0.0240877946055,-0.190244575734,0.367873242298,0.166190912386
-0.0317418490285,-0.196208876742,0.370039741708,0.167893137171
-0.023476980731,-0.189572000128,0.367854361196,0.166139504212
-0.0218793859486,-0.188590361295,0.367358818142,0.165678116021
-0.0190603773485,-0.185864818213,0.366603257694,0.16529489918
-0.0200298128524,-0.186400988444,0.366883930884,0.165536135648
-0.0190025386347,-0.185306156523,0.366640095476,0.16542076728
-0.0159512260328,-0.182506947827,0.365918457742,0.164885568671
-0.0170601572308,-0.183659232406,0.366226322298,0.165026822235
-0.0157692382647,-0.182719510767,0.365831152378,0.164674149386
-0.0188686044296,-0.184998198333,0.36665443692,0.165133571271
-0.0140972366923,-0.181488002405,0.36514697529,0.164253841329
-0.011427155563,-0.179677720668,0.364369658948,0.163633294249
-0.0131906340507,-0.180660748638,0.364959111378,0.163948457675
-0.0148860823923,-0.182120314379,0.365599123447,0.164296062108
-0.0145458233194,-0.181921276562,0.365458470919,0.164131667685
-0.014264727826,-0.181713247159,0.365283236668,0.164179767574
-0.0167520925469,-0.183500171602,0.365818866895,0.1646536487
-0.0156025564873,-0.182821894848,0.36552082349,0.164573728851
-0.0116120352696,-0.179550205131,0.363845545865,0.163459255168
-0.0143782986996,-0.181731067886,0.364852852467,0.164285580256
-0.0107890588889,-0.178826029578,0.363481551315,0.163291767544
-0.0116110721249,-0.179420595648,0.363825144493,0.163459464822
-0.0127290791677,-0.180137715456,0.364266516353,0.163864822972
-0.0187610838296,-0.185320936762,0.366724751788,0.165648095698
-0.0161174183656,-0.182858025485,0.365851040324,0.164946165486
-0.0202483164571,-0.186160840733,0.367413881678,0.166085045108
-0.0190278706371,-0.185148465442,0.366901214034,0.165708708095
-0.0204148213368,-0.186349622645,0.367491826162,0.166078096424
-0.0169982595322,-0.184063603436,0.367134906043,0.164270292018
-0.0193185961883,-0.185651810572,0.367278832414,0.165529211928
-0.0204289999871,-0.186662716152,0.367481181044,0.166049158446
-0.0195971601619,-0.185797519554,0.367348258309,0.165660773607
-0.0187786943423,-0.185118872601,0.367291961783,0.165283806721
-0.0201456323226,-0.186244290321,0.367403945411,0.16596217567
-0.0151654090446,-0.182996546314,0.36691930805,0.163283596198
-0.016377293358,-0.183693393376,0.367061803772,0.163873586197
-0.0203759355888,-0.186477670874,0.367437179877,0.165910866637
-0.0215658663299,-0.187408405673,0.367537914848,0.16652833224
-0.0223369367582,-0.188150956553,0.36803569796,0.166751980189
-0.0209591383294,-0.186803989684,0.367201907014,0.166493325188
-0.0196994795251,-0.185829374767,0.366633566121,0.166176516086
-0.0201760778123,-0.186462659866,0.366929493461,0.166211229331
-0.0209072179759,-0.187061026427,0.367209939068,0.166438530783
-0.0176879087405,-0.18423982474,0.365426274872,0.165854609935
-0.0167208687711,-0.183421040288,0.365039689205,0.16562727004
-0.0204860289908,-0.186711627439,0.367046858467,0.166240652906
-0.0164824154196,-0.183021580073,0.364677790082,0.16550208723
-0.0124499461985,-0.179537085617,0.362459414792,0.164822958048
-0.00975337827208,-0.176428079205,0.360743372154,0.164044638293
-0.0119694924095,-0.177613637525,0.361988246731,0.164718774607
-0.015560507057,-0.181083296361,0.364173674426,0.165957304223
-0.012848194255,-0.178409053995,0.36292192515,0.164762785496
-0.0139512809402,-0.17968047632,0.363852457154,0.165130026826
-0.0132141112308,-0.179221215879,0.363508129186,0.164848198951
-0.0141655013099,-0.180223212748,0.363969098541,0.164815325915
-0.020541973572,-0.186182380765,0.367254272908,0.167184219031
-0.0201942047161,-0.186129319139,0.367918596388,0.166685268934
-0.0172983026013,-0.183470253552,0.366669672507,0.165457234039
-0.00928534708455,-0.174205706891,0.361362935649,0.164701379826
-0.00732103250285,-0.171999984397,0.360325113143,0.164385428609
-0.00431056983367,-0.168497501903,0.358156607581,0.164111070416
-0.00742209927753,-0.17206240708,0.360705267787,0.164322028158
-0.00709260364638,-0.171580331083,0.360415148889,0.164305749769
-0.00570298208424,-0.16998628456,0.359532122817,0.164179326781
-0.00206562133191,-0.165955699093,0.357292418816,0.163662631044
0.00040293819147,-0.163190501775,0.355815403594,0.163210576527
0.000614855810066,-0.163118432591,0.356239129075,0.16261048239
0.00519748218758,-0.158056365957,0.353214286677,0.162205565433
-0.00208517313162,-0.166193778638,0.356744064867,0.163763409001
0.000316978086755,-0.163949696595,0.356446255055,0.162741835288
0.000217529808299,-0.16396117348,0.357025150006,0.162230886618
0.00393277410439,-0.159599828456,0.355551572645,0.161347133661
0.00643881543541,-0.157105622709,0.354857469207,0.160546803082
0.00233612577384,-0.161189286189,0.356302362201,0.161779204846
0.00266612042044,-0.160802249073,0.355743340028,0.161973883701
0.00232960927503,-0.161434538461,0.356256724475,0.161937825235
-0.000767918088901,-0.164869040192,0.358407168996,0.16178832762
0.0031067941302,-0.16047337432,0.357111968271,0.16064367523
0.00505390547289,-0.158654322963,0.356752689656,0.159499099124
0.00666614021083,-0.156525098299,0.354822954207,0.159967344906
0.00859205282495,-0.154609758894,0.354471609358,0.15914266351
0.00784654766828,-0.155215987735,0.354201438598,0.159653185162
0.00533636017322,-0.158270054754,0.355998771618,0.159662681286
0.00256804412441,-0.161367116428,0.357550473166,0.160316398505
-0.00394060561051,-0.167979113619,0.360358889991,0.162070386399
-0.00837658294774,-0.173125135992,0.362340985209,0.163171632448
-0.0150111066484,-0.180103360125,0.364889589304,0.165147272981
-0.0139737370579,-0.179141905909,0.364285311354,0.165080254215
-0.00957069913323,-0.174885902815,0.362754125526,0.16410308311
-0.00433510780251,-0.169499033481,0.359930804692,0.163536657036
0.000847923450831,-0.164224005236,0.358030740866,0.162276703222
0.00255200718,-0.162431780483,0.357456083893,0.161678615033
0.00621170718043,-0.158893625289,0.356553185073,0.160536215847
0.00639128155914,-0.158912663295,0.356550834377,0.160456446563
0.00861946017591,-0.156556842531,0.355032729531,0.160483310257
0.00893521060056,-0.156183480172,0.354853235653,0.160523062666
0.00878663881152,-0.156182822386,0.354583526609,0.160611220298
0.0104818167329,-0.153973678855,0.35334213724,0.160835376395
0.00324987287904,-0.159585481452,0.356392073858,0.160946756616
0.00454715005786,-0.158312239715,0.355942794844,0.161013964339
-0.00020324788287,-0.162352340973,0.358242552166,0.161043386504
-0.0048865172097,-0.166367585031,0.360227438725,0.160951402405
0.000413366292212,-0.162048537756,0.358078388949,0.160821086699
0.003185319972,-0.160102720687,0.357041918379,0.160775133437
0.00272181922204,-0.16018717432,0.356895914498,0.160909133706
0.00273768487951,-0.160480961068,0.357244439264,0.160873004882
0.00536869619952,-0.158289390891,0.356052252577,0.160935396903
0.00251199902601,-0.160729444188,0.35718379152,0.160842107929
0.00501604347642,-0.160864882583,0.356531490482,0.161256924683
0.00739683528251,-0.160897664785,0.355984145471,0.16160002875
0.0124758939567,-0.159939605839,0.353835569855,0.162517593592
0.0208488108522,-0.158838740604,0.350629137186,0.164032909754
0.0174222336219,-0.158658672251,0.351563416833,0.163334352041
0.0193825901885,-0.158646136397,0.351035952686,0.163636758458
0.0186288760118,-0.158737395255,0.351201895399,0.163480691072
0.0120751005025,-0.159882729204,0.354092202099,0.162408002541
0.00854175697239,-0.159797183581,0.355240110543,0.161537970414
0.00848442640428,-0.159616272821,0.355182233921,0.161392400762
0.00189631208362,-0.162156618765,0.358488661184,0.161262331234
0.0027822816047,-0.162080894442,0.358110548538,0.161245897337
0.0106015595631,-0.159656944068,0.354815826288,0.161590879459
0.00992245948364,-0.160428998307,0.355663782823,0.161583869126
0.00734620249589,-0.161323074375,0.356865461115,0.161287287973
0.0083454748422,-0.160915765751,0.35616898432,0.161283793772
0.000386927714655,-0.163544672323,0.359629266099,0.16092905056
0.000335776003184,-0.163808232999,0.359731962072,0.161125856182
0.0037839351193,-0.162972078985,0.35833754018,0.161061856122
0.00960590796187,-0.161048371166,0.355900608855,0.161251754052
0.0167563659485,-0.158304110455,0.352714944712,0.162072330852
0.00804425098544,-0.162158863297,0.356790391124,0.161000712621
0.0153202672058,-0.159389550707,0.353685154252,0.161733532008
0.0173661038918,-0.158736753002,0.352955431001,0.161854414103
0.0202290249245,-0.157576024664,0.351654552957,0.162073971373
0.0216255467414,-0.157244671049,0.351112711589,0.162140489278
0.0209309139545,-0.157170848377,0.351127694758,0.161937291095
0.0151398737431,-0.15991159583,0.354216948788,0.161280063737
0.016479780789,-0.15989984321,0.354306642954,0.161401009415
0.0118347400156,-0.161520792192,0.356111087233,0.160843357312
0.00561489997705,-0.163744550513,0.358360221386,0.160892733804
-0.00244449434114,-0.167024247956,0.361114186012,0.161086184873
-0.00788398010506,-0.168842025226,0.362914573688,0.161243329689
-0.0133844501859,-0.170616798472,0.364958814253,0.161328543182
-0.00776510765966,-0.16879218782,0.362913280876,0.161403140402
-0.00755287395829,-0.168597048253,0.362964429698,0.16141900313
-0.00663811027624,-0.168427381438,0.362513605302,0.161297127183
-0.00317624370739,-0.167245742385,0.361377411172,0.161367895294
0.00374276415459,-0.164775114703,0.358782629343,0.161251518286
0.000452378350214,-0.166203772288,0.360144136287,0.161283071722
-0.00497217947238,-0.168655175698,0.362333969276,0.161447052765
-0.00214800059797,-0.166873520901,0.36125631816,0.161127904115
0.000929615970577,-0.165089835296,0.360052054304,0.160895997201
-0.00186784198335,-0.16631347603,0.361074221178,0.161112834246
-0.00223199331766,-0.166672500208,0.361455333002,0.161058959279
-0.00479782548994,-0.167915729368,0.362473370798,0.161020336209
-0.0129664816684,-0.172229039068,0.365859010809,0.161244985553
-0.00966246727733,-0.170537325598,0.364475046866,0.161251363203
-0.00678430179388,-0.168880552333,0.363382862202,0.161214598747
-0.000403051398426,-0.165532263777,0.360849216016,0.160997519951
-0.00242602339086,-0.167359742242,0.362540660535,0.160571490124
0.00174264238973,-0.163929234625,0.358451799331,0.160938474989
-0.00649234759597,-0.170950930007,0.365809731747,0.160160845203
-0.0107184305675,-0.174647441978,0.369781587839,0.159644025064
-0.0180257651253,-0.181862152567,0.376191501312,0.158900202474
-0.0197242458446,-0.183293726801,0.377590067059,0.159022463783
-0.0257990886256,-0.188879985466,0.382539516548,0.158517654802
-0.0239219288847,-0.18786514008,0.380785245333,0.158667813031
-0.0251252313251,-0.189149388114,0.381658422075,0.15842966227
-0.0227861878642,-0.187216548176,0.379437692067,0.158628740834
-0.0260995307974,-0.191140643156,0.38230391051,0.158210714294
-0.0209941936776,-0.185546082007,0.37843958071,0.15886394705
-0.0240107961782,-0.188784939302,0.380266091936,0.158841216404
-0.020900515775,-0.185338497053,0.377586039702,0.159392293015
-0.0265485468145,-0.191594926013,0.381526241246,0.158882503932
-0.0290035635458,-0.194744691488,0.383088870115,0.158618363342
-0.0292119468141,-0.194456365036,0.382755140793,0.158553820549
-0.0265357216422,-0.19139663204,0.380566841912,0.159107340996
-0.0264919556193,-0.191541053914,0.379995993587,0.159274311531
-0.0273885002416,-0.192512205141,0.380897581773,0.159263876434
-0.0323566123757,-0.197763944412,0.383957450896,0.159279565547
-0.0365085768065,-0.201932587605,0.385905281889,0.159300725212
-0.0386706075974,-0.204368555315,0.386753705577,0.159396409076
-0.0300107774788,-0.195198978495,0.381838477452,0.159420305537
-0.0287659359867,-0.194016330291,0.381420588961,0.15941230037
-0.027274163509,-0.192596111155,0.380468504839,0.159423683694
-0.0238273504926,-0.188833554848,0.378246845225,0.15947200663
-0.0187966004927,-0.183362714725,0.375155762386,0.159554866194
-0.0202682377325,-0.185174482619,0.375934050663,0.159425270502
-0.0233082442572,-0.188456187817,0.37760259953,0.159330326891
-0.0220721350206,-0.187168604869,0.376917523573,0.159115266782
-0.017090726123,-0.181804849264,0.375346309765,0.158152265537
-0.0145759643297,-0.179110886206,0.374353024942,0.157778408023
-0.0152236563434,-0.179913918909,0.37382967491,0.158054164536
-0.0133122573192,-0.178097617202,0.372831551995,0.157801933678
-0.0148994465322,-0.179881604547,0.373385458191,0.15814100913
-0.0156050758351,-0.180669278511,0.373306037089,0.158305452506
-0.0261838232575,-0.192409126929,0.376433388836,0.160366735606
-0.0248460966853,-0.191209118135,0.376140998937,0.160050622453
-0.0205244237439,-0.186312538479,0.374795245603,0.159367571654
-0.0285441674766,-0.193877039729,0.378598486049,0.160253504688
-0.0307031849422,-0.196020189143,0.378842148899,0.16067884204
-0.0284886574676,-0.193813924846,0.377139055413,0.160584026059
-0.034136485458,-0.199620353786,0.380427609978,0.161118593238
-0.0362114804877,-0.201692192362,0.380844152359,0.161417471578
-0.0294920246843,-0.195227229165,0.377059363418,0.160679210511
-0.0260078093768,-0.191640456384,0.375213657099,0.160425797493
-0.0264215718879,-0.191777525767,0.375111422116,0.160483755452
-0.0248233332815,-0.190282544225,0.373610394617,0.160266191053
-0.02772757481,-0.19312399331,0.374637889794,0.16077456029
-0.0262976616268,-0.191568001391,0.37412240959,0.160495033036
-0.0271998835121,-0.192345733595,0.374344772124,0.160705236807
-0.0305082403275,-0.195985229791,0.374629723601,0.161363710935
-0.0323092778426,-0.198061033357,0.375074596188,0.161659839405
-0.0296712968001,-0.195379349222,0.37442766278,0.16121950823
-0.024600843319,-0.190359738986,0.373363957671,0.160295470382
-0.0254881389634,-0.191213143624,0.373771683285,0.160523704334
-0.0246220326728,-0.190350545077,0.37337884026,0.160540845382
-0.0255656170698,-0.191339330698,0.373532276884,0.160700598449
-0.0251343725914,-0.190649870564,0.37356726637,0.160655736908
-0.0239390729698,-0.189857608918,0.373310053666,0.160649901357
-0.0307092841774,-0.195546762799,0.376795004495,0.16036481534
-0.0372657899842,-0.20031547427,0.379780945332,0.160366725567
-0.0315012778683,-0.196262834955,0.377228069461,0.16027234198
-0.029752172372,-0.19533553166,0.376756838218,0.160268485351
-0.0277307826707,-0.193873410537,0.375454696271,0.160364005043
-0.0228357975419,-0.189833772683,0.373196951313,0.160543852474
-0.0255211802077,-0.192246026402,0.374940264537,0.160468234219
-0.0288051025341,-0.194360676465,0.376586299771,0.160524425626
-0.0259965042809,-0.192452741297,0.375756234527,0.1606214456
-0.0199242478651,-0.186887903135,0.370870553291,0.161720909845
-0.0155763543444,-0.182935133734,0.367224976364,0.162287563816
-0.0207247797836,-0.188123054384,0.370860605951,0.16120219392
-0.0194209374556,-0.187107697814,0.36914666878,0.161448587044
-0.0158790546471,-0.184194686353,0.366379781738,0.162139365606
-0.0108555360158,-0.178922907038,0.361976738863,0.163647219798
-0.0124116102614,-0.180524258457,0.363666462934,0.162811557557
-0.0161070569924,-0.184203332235,0.366899231286,0.162180162661
-0.0160273822903,-0.183858152727,0.367100979371,0.162155432306
-0.0176153945062,-0.184967031796,0.368077720433,0.162242662051
-0.0154350950268,-0.183264191334,0.367709162383,0.162356049671
-0.0125725704759,-0.180759488518,0.365970519539,0.162620597024
-0.0138570105692,-0.182002501449,0.366707130491,0.162572594643
-0.0133180550187,-0.181435895151,0.36642689655,0.162744184763
-0.0144805119092,-0.182593408684,0.367274295291,0.162472862961
-0.015357598972,-0.183256001228,0.367678909372,0.162444466428
-0.0192020372977,-0.186601342993,0.370458384501,0.162031144174
-0.0176402034267,-0.185401400609,0.369443981378,0.162198062158
-0.0116898248269,-0.180821514921,0.366552402275,0.162734369067
-0.0112171337827,-0.180457016866,0.366105236986,0.16292136745
-0.0127802230001,-0.181912775645,0.367019913143,0.162566423267
-0.0115035157666,-0.180827712044,0.366314431578,0.162673385935
-0.0133147377952,-0.182632312019,0.366540554651,0.162355889949
-0.0117346256769,-0.181351738136,0.366045242841,0.16257462124
-0.00916346046286,-0.179110520092,0.365307956825,0.162870007226
-0.00725330835145,-0.177439003135,0.365208346718,0.163041633619
-0.00979768608005,-0.179682927927,0.365863474715,0.162703698908
-0.0133925421668,-0.182403921847,0.366598163166,0.16211762574
-0.0111851513173,-0.180484073028,0.366471380905,0.162492875375
-0.0157121863541,-0.184211855518,0.367364390692,0.161953028417
