0,900,600,150,5.27401821582,4.1199385491,0.060960054397
1,2100,1200,300,0.861308945173,3.5853376202,0.13883996009
2,3300,1800,450,1.01600912513,2.3889036047,0.20698189735
3,4050,2400,600,0.488635554539,0.278475308181,0.2576899528
4,4950,3000,750,0.471756171069,0.212145169694,0.31526088714
5,6300,3600,900,0.448149093057,0.174758877864,0.38720297813
6,7500,4200,1050,0.45297992125,0.258571386294,0.45282101631
7,8700,4800,1200,0.464566077046,0.43034040263,0.5295720100
8,10050,5400,1350,0.48465018198,0.233531818965,0.60641407966
9,11250,6000,1500,0.452171989839,0.2942311548,0.68226003646
10,12450,6900,1800,0.452445712404,0.236585952463,0.76931691169
11,13650,7500,1950,0.468098565171,0.0563201163729,0.83908605575
12,14850,8100,2100,0.436464323724,0.421655533478,0.91388702392
13,16050,8700,2250,0.467073868336,0.505794720483,0.97614908218
14,17400,9300,2400,0.470722400866,0.20906627684,1.0468630790
15,18600,9900,2550,0.459718037306,0.21911314801,1.1131620407
16,19800,10500,2700,0.464740308034,0.279922759728,1.1788220405
17,21000,11100,2850,0.445849289356,0.432745303363,1.2442979812
18,22200,11700,3000,0.441191579145,0.313174573627,1.3259789943
19,23400,12300,3150,0.457977943407,0.15910416592,1.3995690345
20,24600,13200,3450,0.448213076123,0.126504652134,1.486793994
21,25050,13800,3600,0.433834547143,0.320636597111,1.5255239009
22,25500,14400,3750,0.440621254383,0.155243561827,1.5717349052
23,25950,15000,3900,0.477391565706,0.207695869639,1.6096360683
24,26400,15600,4050,0.463937918044,0.0767956269657,1.6526060104
25,26850,16200,4200,0.433811105908,0.193670414005,1.6961438655
26,27300,16800,4350,0.400536823948,0.51296833717,1.742184877
27,27750,17400,4500,0.430722886142,0.190116645009,1.7800929546
28,28200,18000,4650,0.468875264086,0.189828201657,1.8183979988
29,28650,18600,4800,0.469683339377,0.134333974335,1.8641529083
30,29100,19500,5100,0.498095733077,0.448311278634,1.9166018962
31,29550,20100,5250,0.444507892911,0.0937987214706,1.9551110267
32,30000,20700,5400,0.449580510556,0.0716962958769,1.9949638843
33,30450,21300,5550,0.472458518439,0.163080129395,2.0404999256
34,30900,21900,5700,0.465018365989,0.0532433038582,2.0798590183
35,31350,22500,5850,0.4664167986,0.118092813539,2.1204910278
36,31800,23100,6000,0.450355090457,0.055193130533,2.1609618663
37,32250,23700,6150,0.450227673019,0.0152936127162,2.2008359432
38,32700,24300,6300,0.471208639639,0.200330128832,2.2448620796
39,33150,24900,6450,0.460989967094,0.03595087514,2.2820670604
40,33600,25800,6750,0.444936289387,0.124764572087,2.329951047
41,34050,26400,6900,0.423477060815,0.244606672989,2.366921901
42,34500,27000,7050,0.453905800036,0.0651061469132,2.4098229408
43,34950,27600,7200,0.465791853847,0.164146336738,2.4471490383
44,35400,28200,7350,0.443544892609,0.055725191148,2.4830908775
45,35850,28800,7500,0.431134042419,0.137263447148,2.5197539329
46,36300,29400,7650,0.455009120112,0.0216168243127,2.5585069656
47,36750,30000,7800,0.451669932198,0.0717029174022,2.6062419414
48,37200,30600,7950,0.44722063632,0.221157475355,2.6437170505
49,37650,31200,8100,0.440898640446,0.0958003923538,2.6805858612
50,38100,32100,8400,0.461678196099,0.0932386578034,2.7389910221
51,38550,32700,8550,0.430067850155,0.269534641606,2.7753720283
52,39000,33300,8700,0.445139198667,0.0383597340837,2.8144328594
53,39450,33900,8850,0.466553089428,0.0527367312429,2.8604059219
54,39900,34500,9000,0.470655634936,0.209556846233,2.9019110202
55,40350,35100,9150,0.491192399122,0.319346144366,2.9439120292
56,40800,35700,9300,0.472633471216,0.321493515194,2.9835689067
57,41250,36300,9450,0.468617797119,0.081176927028,3.026525020
58,41700,36900,9600,0.449256031303,0.0579272784776,3.0721559524
59,42150,37500,9750,0.453097879523,0.0225240914191,3.112456083
60,42600,38400,10050,0.467460150065,0.188905528201,3.1607089042
61,43050,39000,10200,0.457598223842,0.00719135437742,3.1992239952
62,43500,39600,10350,0.483317831881,0.251096527786,3.2430160045
63,43950,40200,10500,0.447240462412,0.123874126525,3.2815868854
64,44400,40800,10650,0.429142397519,0.217321489345,3.3190228939
65,44850,41400,10800,0.437454036057,0.257740259312,3.3596959114
66,45300,42000,10950,0.426116156668,0.266341985526,3.396826982
67,45750,42600,11100,0.471384856835,0.207639740232,3.4354910850
68,46200,43200,11250,0.44729983534,0.123668200343,3.4788138866
69,46650,43800,11400,0.471370196727,0.138425746887,3.5184938907
70,47100,44700,11700,0.451249477026,0.00909451278479,3.5681080818
71,47550,45300,11850,0.449076150102,0.0857846073943,3.6057250499
72,48000,45900,12000,0.471483911995,0.267223146634,3.6426420211
73,48450,46500,12150,0.462853293342,0.040813184562,3.6796870231
74,48900,47100,12300,0.464831653539,0.134349765931,3.7181890010
75,49350,47700,12450,0.464829882012,0.0546249702698,3.7556779384
76,49800,48300,12600,0.424388396419,0.32966647206,3.7935149669
77,50250,48900,12750,0.464040875668,0.0866593669068,3.8334259986
78,50700,49500,12900,0.439855435256,0.368142681217,3.8732528686
79,51150,50100,13050,0.449371129427,0.0749670209646,3.9154460430
80,51600,51000,13350,0.451424592306,0.0794562838034,3.9675259590
81,52050,51600,13500,0.451032137711,0.0233662777642,4.0053260326
82,52500,52200,13650,0.437758360245,0.140640200896,4.0430998802
83,52950,52800,13800,0.414138522777,0.420175029569,4.0804989337
84,53400,53400,13950,0.443502768851,0.0259640541344,4.1181380748
85,53850,54000,14100,0.449677113175,0.0308200101276,4.1557040214
86,54300,54600,14250,0.451889857591,0.0247655486434,4.193311929
87,54750,55200,14400,0.459090215755,0.0552874615485,4.2304298877
88,55200,55800,14550,0.448775349023,0.0350674808253,4.2664110660
89,55650,56400,14700,0.446790166645,0.0296506984226,4.3024280071
90,56100,57300,15000,0.454079908491,0.0612386050286,4.3492059707
91,56550,57900,15150,0.448460874978,0.059940685567,4.3858509063
92,57000,58500,15300,0.455825987036,0.0599125368372,4.4234979152
93,57450,59100,15450,0.43876424437,0.164512792127,4.4613800048
94,57900,59700,15600,0.44044687289,0.122006001081,4.4992189407
95,58350,60300,15750,0.431472720217,0.274854154956,4.5400180816
96,58800,60900,15900,0.465001314689,0.126726593758,4.5771229267
97,59250,61500,16050,0.481520634877,0.276103760802,4.613365888
98,59700,62100,16200,0.473425006406,0.24936740669,4.6493120193
99,60150,62700,16350,0.497695638695,0.398583014393,4.6855139732
100,60600,63600,16650,0.43980087892,0.189306638271,4.7359490394
101,61050,64200,16800,0.447409635806,0.0860744268685,4.7801890373
102,61500,64800,16950,0.44883292189,0.0997694833729,4.8187439441
103,61950,65400,17100,0.441143415802,0.274910748026,4.8604300022
104,62400,66000,17250,0.480213888932,0.359486015056,4.9032659530
105,62850,66600,17400,0.455400467214,0.0368360597162,4.9481399059
106,63300,67200,17550,0.446350193993,0.034937083666,4.9882369041
107,63750,67800,17700,0.437251720233,0.252403410715,5.0328700542
108,64200,68400,17850,0.451811526393,0.0407074557046,5.07985997
109,64650,69000,18000,0.472525751097,0.212303665666,5.1282720565
110,65100,69900,18300,0.471821777134,0.239797352277,5.1834969520
111,65550,70500,18450,0.413375476532,0.333404286342,5.2210340499
112,66000,71100,18600,0.473126701703,0.126095371489,5.2605230808
113,66450,71700,18750,0.447023954023,0.212518825584,5.2963800430
114,66900,72300,18900,0.460931787556,0.119669821219,5.332319974
115,67350,72900,19050,0.430175957651,0.17495628368,5.3671329021
116,67800,73500,19200,0.443232193875,0.123402787321,5.4023830890
117,68250,74100,19350,0.432106477078,0.156084415107,5.4376668930
118,68700,74700,19500,0.441931521585,0.0911426472496,5.4780519008
119,69150,75300,19650,0.428280754311,0.196946353269,5.5207049846
120,69600,76200,19950,0.460193988899,0.130990379528,5.5765969753
121,70050,76800,20100,0.444824662453,0.0309542604642,5.6175398826
122,70500,77400,20250,0.428435645804,0.150107158713,5.6596460342
123,70950,78000,20400,0.449543006213,0.0148682443297,5.7017269134
124,71400,78600,20550,0.434381887071,0.0464202539335,5.7510540485
125,71850,79200,20700,0.473634827527,0.101025165479,5.7927858829
126,72300,79800,20850,0.412420386849,0.422557076211,5.8315460681
127,72750,80400,21000,0.45132636258,0.0849039534111,5.8688530921
128,73200,81000,21150,0.42583458411,0.143839168752,5.9173240661
129,73650,81600,21300,0.474055912572,0.285598292461,5.9530189037
130,74100,82500,21600,0.456642451222,0.0531378245458,6.0023670196
131,74550,83100,21750,0.456068572289,0.0888556382584,6.0514919757
132,75000,83700,21900,0.497591249412,0.495472761028,6.1012399196
133,75450,84300,22050,0.45921919507,0.0772046072104,6.1394050121
134,75900,84900,22200,0.478015292968,0.250826952553,6.1790690422
135,76350,85500,22350,0.448348638591,0.146374141149,6.2196018695
136,76800,86100,22500,0.474571343037,0.127664673703,6.2632219791
137,77250,86700,22650,0.434790971854,0.217987894356,6.3083150386
138,77700,87300,22800,0.467482496527,0.0369182185221,6.3473310470
139,78150,87900,22950,0.467537209676,0.251657141311,6.3867440223
140,78600,88800,23250,0.432140760236,0.177682041101,6.4428620338
141,79050,89400,23400,0.465847382088,0.141358432771,6.4818460941
142,79500,90000,23550,0.407571842941,0.529354617696,6.5208089351
143,79950,90600,23700,0.471071344589,0.137890053911,6.5600049495
144,80400,91200,23850,0.426529020316,0.150903461413,6.6046390533
145,80850,91800,24000,0.470998689017,0.210850360413,6.6459600925
146,81300,92400,24150,0.436125839153,0.119845195994,6.6856319904
147,81750,93000,24300,0.470274398908,0.290799537275,6.7248649597
148,82200,93600,24450,0.468533364873,0.197272103173,6.7701799869
149,82650,94200,24600,0.461064401409,0.0630878286595,6.8102109432
150,83100,95100,24900,0.444746273023,0.0929439842846,6.8644189834
151,83550,95700,25050,0.454796487882,0.0792460968574,6.9102330207
152,84000,96300,25200,0.434625461287,0.175289112343,6.9491629600
153,84450,96900,25350,0.457420223253,0.0120353827135,6.988247871
154,84900,97500,25500,0.466964063992,0.106948531912,7.0274839401
155,85350,98100,25650,0.454635077992,0.117071815591,7.0738019943
156,85800,98700,25800,0.453636826101,0.0566848797112,7.1119558811
157,86250,99300,25950,0.415858771444,0.246509445091,7.1498849391
158,86700,99900,26100,0.456032071314,0.1480649414,7.1900520324
159,87150,100500,26250,0.472990912784,0.284308708985,7.235177040
160,87600,101400,26550,0.457623158448,0.0177923377382,7.2827510833
161,88050,102000,26700,0.448076121669,0.042424118679,7.3261609077
162,88500,102600,26850,0.441161755311,0.107586352472,7.3657760620
163,88950,103200,27000,0.470382002847,0.10577181603,7.4018058776
164,89400,103800,27150,0.453554986927,0.0593702850668,7.444930076
165,89850,104400,27300,0.43308556083,0.0835826159542,7.4892210960
166,90300,105000,27450,0.45466175175,0.0877839666454,7.5312070846
167,90750,105600,27600,0.438112936551,0.00620585758032,7.5724160671
168,91200,106200,27750,0.488253614223,0.447572171034,7.6096510887
169,91650,106800,27900,0.480833984808,0.30553255464,7.6547760963
170,92100,107700,28200,0.450579955926,0.193082541719,7.7110569477
171,92550,108300,28350,0.440774702943,0.164780160683,7.7606360912
172,93000,108900,28500,0.471817598931,0.146807688854,7.8021509647
173,93450,109500,28650,0.451547732184,0.0536552009233,7.8383080959
174,93900,110100,28800,0.443405465942,0.147213722222,7.8793520927
175,94350,110700,28950,0.419334839798,0.367349016486,7.9249570369
176,94800,111300,29100,0.484084744663,0.341623879402,7.965049028
177,95250,111900,29250,0.431634840836,0.312707154605,8.0084018707
178,95700,112500,29400,0.471695176771,0.240370988755,8.0460438728
179,96150,113100,29550,0.462846876289,0.0675574276249,8.0828409194
180,96600,114000,29850,0.462480641854,0.125551444227,8.1418280601
181,97050,114600,30000,0.481216450299,0.211560925549,8.1790220737
182,97500,115200,30150,0.458347649541,0.0178525794189,8.2229890823
183,97950,115800,30300,0.464849270529,0.0429267226887,8.2595570087
184,98400,116400,30450,0.431285249097,0.280628687793,8.3051300048
185,98850,117000,30600,0.450529503956,0.12463960288,8.3424570560
186,99300,117600,30750,0.414324722312,0.510819310583,8.3789520263
187,99750,118200,30900,0.452632584794,0.0873526826704,8.4189419746
188,100200,118800,31050,0.450315074518,0.0744278601755,8.4634420871
189,100650,119400,31200,0.448398177303,0.0870888514772,8.5008759498
190,101100,120300,31500,0.439552304625,0.161293674993,8.551508903
191,101550,120900,31650,0.462192851243,0.0782931339714,8.5905480384
192,102000,121500,31800,0.454385715587,0.0404623338881,8.6302919387
193,102450,122100,31950,0.433470662033,0.191200977921,8.6696970462
194,102900,122700,32100,0.471538355185,0.162971832929,8.7153649330
195,103350,123300,32250,0.435880440128,0.156873845124,8.7592899799
196,103800,123900,32400,0.45396712608,0.084961544226,8.7976949214
197,104250,124500,32550,0.494038912627,0.42233766197,8.8397989273
198,104700,125100,32700,0.465626891348,0.149692489399,8.8808989524
199,105150,125700,32850,0.469787237711,0.188718529672,8.9301450252
200,105600,126600,33150,0.437207323846,0.166969398937,8.9921140670
201,106050,127200,33300,0.47838178365,0.207098227524,9.0369749069
202,106500,127800,33450,0.459286848377,0.0469565508888,9.0757138729
203,106950,128400,33600,0.455316516086,0.0168067044825,9.1196589469
204,107400,129000,33750,0.447033744937,0.0216874835143,9.1634860038
205,107850,129600,33900,0.450618788006,0.091671789366,9.2068779468
206,108300,130200,34050,0.448607309468,0.0539286247346,9.2458660602
207,108750,130800,34200,0.470608703887,0.0546193860095,9.2909469604
208,109200,131400,34350,0.436894420794,0.181137556243,9.3291690349
209,109650,132000,34500,0.469086969549,0.203410536822,9.3691990375
210,110100,132900,34800,0.450672456677,0.00776878556275,9.4237389564
211,110550,133500,34950,0.488409202573,0.220190138416,9.4610090255
212,111000,134100,35100,0.448598760059,0.137853422045,9.4982578754
213,111450,134700,35250,0.464862115518,0.123432301816,9.5363280773
214,111900,135300,35400,0.449126665228,0.113093709664,9.5729050636
215,112350,135900,35550,0.469377397754,0.0670333575645,9.6172430515
216,112800,136500,35700,0.452819825718,0.0284874259528,9.6544830799
217,113250,137100,35850,0.435624779456,0.240723867465,9.690955877
218,113700,137700,36000,0.474436454765,0.159514387286,9.7278630733
219,114150,138300,36150,0.442526971501,0.113515914199,9.7690799236
220,114600,139200,36450,0.467773237583,0.173656910528,9.8271329402
221,115050,139800,36600,0.445685262943,0.123185063405,9.8669900894
222,115500,140400,36750,0.472681763269,0.157269129151,9.9100499153
223,115950,141000,36900,0.440471522014,0.0751293722979,9.9506070613
224,116400,141600,37050,0.423628341943,0.293980835043,9.9964289665
225,116850,142200,37200,0.483595852111,0.153218565968,10.036700010
226,117300,142800,37350,0.460182714015,0.0207760895931,10.075115919
227,117750,143400,37500,0.446254942781,0.106141984882,10.120136022
228,118200,144000,37650,0.446291576109,0.0611500379424,10.159903049
229,118650,144600,37800,0.452146988526,0.0870589939647,10.198751926
230,119100,145500,38100,0.456086798523,0.0529587181063,10.249389886
231,119550,146100,38250,0.436751812749,0.238484685687,10.290064096
232,120000,146700,38400,0.430734475064,0.219933235014,10.32973408
233,120450,147300,38550,0.452645558487,0.0547761699074,10.36686396
234,120900,147900,38700,0.446083466126,0.0564796555452,10.403795003
235,121350,148500,38850,0.436265775451,0.131297878909,10.445023059
236,121800,149100,39000,0.451434952113,0.0572276950981,10.482028007
237,122250,149700,39150,0.458096366229,0.0525739146477,10.522336959
238,122700,150300,39300,0.469747814964,0.176414036505,10.560877084
239,123150,150900,39450,0.445544174065,0.155749402345,10.600491046
240,123600,151800,39750,0.44814201121,0.0204863810936,10.653733015
241,124050,152400,39900,0.440042599281,0.118276183203,10.694530010
242,124500,153000,40050,0.414628851042,0.394917372953,10.73235297
243,124950,153600,40200,0.442501762096,0.0535594895619,10.771350860
244,125400,154200,40350,0.458792535233,0.13140579949,10.810981035
245,125850,154800,40500,0.449503732643,0.05215169602,10.850919961
246,126300,155400,40650,0.471731564351,0.294983607979,10.889597892
247,126750,156000,40800,0.451106356189,0.0612509461733,10.92800092
248,127200,156600,40950,0.45276012735,0.0523734579022,10.966155052
249,127650,157200,41100,0.475261830563,0.234180968033,11.007960081
250,128100,158100,41400,0.447582867289,0.027435728195,11.058634042
251,128550,158700,41550,0.440848407643,0.093448442871,11.098368883
252,129000,159300,41700,0.446518154734,0.0600709637894,11.13828396
253,129450,159900,41850,0.442664341289,0.187435438128,11.177664995
254,129900,160500,42000,0.439170037326,0.0889675730335,11.219887971
255,130350,161100,42150,0.447471906566,0.0223275987079,11.263149976
256,130800,161700,42300,0.452404293121,0.103581883486,11.319195032
257,131250,162300,42450,0.475643146585,0.30378738412,11.365343093
258,131700,162900,42600,0.456317556358,0.0682013067396,11.410760879
259,132150,163500,42750,0.475411760864,0.290791785464,11.454912900
260,132600,164400,43050,0.444998007501,0.148498489517,11.506897926
261,133050,165000,43200,0.440409079151,0.19302213193,11.549248933
262,133500,165600,43350,0.477958544361,0.268490331184,11.593127965
263,133950,166200,43500,0.448908267296,0.0470452551651,11.641155958
264,134400,166800,43650,0.475512441149,0.206388491262,11.680454015
265,134850,167400,43800,0.448380399007,0.129314172234,11.729826927
266,135300,168000,43950,0.448416303559,0.102350937245,11.77179193
267,135750,168600,44100,0.449501127297,0.0601119913777,11.819594860
268,136200,169200,44250,0.433050660296,0.157636040649,11.8645958
269,136650,169800,44400,0.469601859445,0.114545560214,11.906821966
270,137100,170700,44700,0.436875804371,0.19991699305,11.971011877
271,137550,171300,44850,0.459259019729,0.103972887673,12.015273094
272,138000,171900,45000,0.469829230564,0.282338080954,12.055352926
273,138450,172500,45150,0.430983760751,0.244545935045,12.109013080
274,138900,173100,45300,0.431150894078,0.200300367609,12.148801088
275,139350,173700,45450,0.435121087946,0.119130283482,12.183752059
276,139800,174300,45600,0.462544160658,0.0576535533509,12.218887090
277,140250,174900,45750,0.476711262737,0.332772503639,12.254643917
278,140700,175500,45900,0.47400575587,0.197541225339,12.295861959
279,141150,176100,46050,0.479197026408,0.339671658759,12.337099075
280,141600,177000,46350,0.463099032211,0.0306148733942,12.394207954
281,142050,177600,46500,0.462996136511,0.0503706180667,12.437136888
282,142500,178200,46650,0.448826064929,0.0650075365299,12.477953910
283,142950,178800,46800,0.443816325461,0.176247099531,12.515172004
284,143400,179400,46950,0.48696278781,0.27760292646,12.550539970
285,143850,180000,47100,0.437708357863,0.211249680144,12.585661888
286,144300,180600,47250,0.481511542827,0.193516950796,12.628696918
287,144750,181200,47400,0.464136078903,0.0361682861479,12.670228004
288,147450,181800,47550,0.458264842611,0.00848042793324,12.785131931
289,147900,182400,47700,0.450470090141,0.0420684673888,12.83195209
290,148350,183300,48000,0.451072843366,0.0607552051025,12.881988048
291,148800,183900,48150,0.437804813682,0.1940793816,12.919682979
292,149250,184500,48300,0.463522751448,0.0819070442898,12.965127944
293,149700,185100,48450,0.449200268901,0.0475148081696,13.00993990
294,150150,185700,48600,0.467222847237,0.0684002549205,13.051390886
295,150600,186300,48750,0.443505490522,0.0920675229721,13.098738908
296,151050,186900,48900,0.45563890359,0.0308845750062,13.140583038
297,151500,187500,49050,0.474332025364,0.115596779235,13.176246881
298,151950,188100,49200,0.45309287308,0.0911090820573,13.221275091
299,152400,188700,49350,0.468499581684,0.0435114618334,13.266792058
300,152850,189600,49650,0.437555953554,0.0686568798037,13.321781873
301,153300,190200,49800,0.429015269446,0.244887425031,13.36109685
302,153750,190800,49950,0.422632918739,0.228762175762,13.402154922
303,154200,191400,50100,0.446922171417,0.0398277917068,13.438539028
304,154650,192000,50250,0.445073439874,0.135091494546,13.47868704
305,155100,192600,50400,0.438622083469,0.13973812538,13.523272037
306,155550,193200,50550,0.452148592378,0.0468344013295,13.563534021
307,156000,193800,50700,0.443710444646,0.161676267166,13.599765062
308,156450,194400,50850,0.46394679933,0.138422263772,13.641239881
309,156900,195000,51000,0.45338124751,0.0473323763348,13.681138038
310,157350,195900,51300,0.47825262773,0.255842789812,13.732033014
311,157800,196500,51450,0.451694359924,0.00631209707512,13.768279075
312,158250,197100,51600,0.42927840693,0.285559968419,13.802636861
313,158700,197700,51750,0.444132545934,0.0742094150433,13.838440895
314,159150,198300,51900,0.460174650833,0.0478586796791,13.875447034
315,159600,198900,52050,0.461795494395,0.0722811328035,13.912744045
316,160050,199500,52200,0.460359157563,0.109938832285,13.948225021
317,160500,200100,52350,0.461541718076,0.0863158979147,13.983278989
318,160950,200700,52500,0.453275438724,0.0412502444686,14.018217086
319,161400,201300,52650,0.437530977076,0.184410256978,14.053328037
320,161850,202200,52950,0.448931443516,0.16330470386,14.099974870
321,162300,202800,53100,0.444824693815,0.0829317378643,14.134950876
322,162750,203400,53250,0.472373110716,0.122556300481,14.17048692
323,163200,204000,53400,0.449119961145,0.112797692358,14.208276033
324,163650,204600,53550,0.459605808659,0.0348264399675,14.249875068
325,164100,205200,53700,0.479928269186,0.239939919328,14.286891937
326,164550,205800,53850,0.460424182405,0.0594167187336,14.326745986
327,165000,206400,54000,0.450931601051,0.118982581874,14.369260072
328,165450,207000,54150,0.470067645471,0.0982999424287,14.405629873
329,165900,207600,54300,0.454074995539,0.0364285923037,14.440836906
330,166350,208500,54600,0.44304718223,0.112711299094,14.486959934
331,166800,209100,54750,0.47783018514,0.236871054463,14.522516965
332,167250,209700,54900,0.454599434266,0.0481167518048,14.558044910
333,167700,210300,55050,0.476485487399,0.314200845241,14.593832969
334,168150,210900,55200,0.446579846958,0.0699960834478,14.628678083
335,168600,211500,55350,0.424157026244,0.281027241093,14.663299083
336,169050,212100,55500,0.440415437788,0.198825121876,14.698005914
337,169500,212700,55650,0.451399751881,0.0654632277166,14.732515096
338,169950,213300,55800,0.459268215253,0.0398668803706,14.767425060
339,170400,213900,55950,0.465352423961,0.0819209492137,14.802309989
340,170850,214800,56250,0.452630641555,0.027443281561,14.84750
341,171300,215400,56400,0.429842808549,0.19594804464,14.885362863
342,171750,216000,56550,0.455163955526,0.141256082601,14.922781944
343,172200,216600,56700,0.45347904947,0.00458537916479,14.959804058
344,172650,217200,56850,0.463084600321,0.115034133692,14.996999025
345,173100,217800,57000,0.460477517121,0.0198122973074,15.034034967
346,173550,218400,57150,0.424368774075,0.377345703034,15.07075905
347,174000,219000,57300,0.483162862934,0.197053400273,15.109837055
348,174450,219600,57450,0.456925293243,0.00997071479976,15.147541999
349,174900,220200,57600,0.460111659816,0.111354904736,15.184736967
350,175350,221100,57900,0.450809228335,0.0345398124003,15.232759952
351,175800,221700,58050,0.485473687679,0.294554928738,15.269304037
352,176250,222300,58200,0.449170784268,0.0506961246877,15.307781934
353,176700,222900,58350,0.484737499085,0.308624116162,15.347361087
354,177150,223500,58500,0.469524935281,0.147932361555,15.384917974
355,177600,224100,58650,0.440948771743,0.10069361185,15.422916889
356,178050,224700,58800,0.435525461439,0.0222382315003,15.460404872
357,178500,225300,58950,0.461198928009,0.0760210887449,15.498018026
358,178950,225900,59100,0.462903592313,0.0982575557367,15.535463094
359,179400,226500,59250,0.431897233499,0.242998469111,15.572721958
360,179850,227400,59550,0.437386970359,0.259691964244,15.623478889
361,180300,228000,59700,0.434933383411,0.121690388289,15.664283037
362,180750,228600,59850,0.459727050183,0.131131890458,15.699938058
363,181200,229200,60000,0.461711689501,0.0847045211684,15.736407041
364,181650,229800,60150,0.456416060294,0.149405313343,15.772657871
365,182100,230400,60300,0.453778833225,0.0120364798393,15.809602975
366,182550,231000,60450,0.460519032669,0.158620519297,15.845881938
367,183000,231600,60600,0.423427593116,0.408483360062,15.882077932
368,183450,232200,60750,0.464838603749,0.103237937155,15.917669057
369,183900,232800,60900,0.438975633948,0.167600520862,15.954282045
370,184350,233700,61200,0.449511855828,0.100767030659,16.002582073
371,184800,234300,61350,0.479410301781,0.304563310983,16.03781509
372,185250,234900,61500,0.408149452658,0.449048819735,16.073410987
373,185700,235500,61650,0.473156536724,0.180249826146,16.111765861
374,186150,236100,61800,0.478273722258,0.194094221285,16.147481918
375,186600,236700,61950,0.429822601097,0.275922118794,16.183841943
376,187050,237300,62100,0.476232210678,0.294712874967,16.221911907
377,187500,237900,62250,0.461429734427,0.0605688584456,16.25885486
378,187950,238500,62400,0.478249468102,0.234459208149,16.299546003
379,188400,239100,62550,0.442818450952,0.209686677916,16.336334943
380,188850,240000,62850,0.438123031856,0.114233140197,16.386144876
381,191550,240600,63000,0.446651384611,0.00770932737402,16.502662897
382,192000,241200,63150,0.479234290695,0.169719483712,16.539376020
383,192450,241800,63300,0.449632287629,0.030404342816,16.583739042
384,192900,242400,63450,0.463551785787,0.00797331496712,16.622359991
385,193350,243000,63600,0.458307790277,0.0511085112329,16.658789873
386,193800,243600,63750,0.448306538065,0.107580093369,16.701549053
387,194250,244200,63900,0.461670152307,0.0777146380299,16.737499952
388,194700,244800,64050,0.446692214807,0.0353533354657,16.777015924
389,195150,245400,64200,0.486921795585,0.226180586184,16.818986892
390,195600,246300,64500,0.426573635064,0.209272902202,16.866240978
391,196050,246900,64650,0.488248183284,0.340848529295,16.911810874
392,196500,247500,64800,0.473150758734,0.266337809092,16.951874971
393,196950,248100,64950,0.446538083707,0.0107744993615,16.994812965
394,197400,248700,65100,0.456624106044,0.0137011427922,17.035633087
395,197850,249300,65250,0.470632648319,0.150147412598,17.079446077
396,198300,249900,65400,0.43964350322,0.126076338109,17.115186929
397,198750,250500,65550,0.448585589383,0.0749244312108,17.160034894
398,199200,251100,65700,0.441388023339,0.194483522862,17.198879003
399,199650,251700,65850,0.471711629072,0.300839545954,17.235794067
400,200100,252600,66150,0.488305214623,0.320424598198,17.281179904
401,200550,253200,66300,0.477328487233,0.222297689315,17.320538997
402,201000,253800,66450,0.459039715292,0.0353657813835,17.362701892
403,201450,254400,66600,0.455147730909,0.0519157590927,17.402698993
404,201900,255000,66750,0.434230613058,0.234895721215,17.443216085
405,202350,255600,66900,0.449438973497,0.203892534135,17.479429006
406,202800,256200,67050,0.474700402573,0.144757775452,17.522080898
407,203250,256800,67200,0.448799136712,0.233311030794,17.560478925
408,203700,257400,67350,0.440038125471,0.247665921393,17.610583066
409,204150,258000,67500,0.446362529899,0.0132716187962,17.649677038
410,204600,258900,67800,0.462649805789,0.0956117609579,17.696990966
411,205050,259500,67950,0.430083887891,0.202066719911,17.732755899
412,205500,260100,68100,0.467812032518,0.109981145594,17.778501033
413,205950,260700,68250,0.460244704165,0.0300384935067,17.814724922
414,206400,261300,68400,0.416806376811,0.450627853438,17.855761051
415,206850,261900,68550,0.477474102496,0.029122389922,17.89168500
416,207300,262500,68700,0.488180647196,0.409220889427,17.938627004
417,207750,263100,68850,0.459232583034,0.0154509961692,17.97451996
418,208200,263700,69000,0.450649060479,0.0100942137196,18.014741897
419,208650,264300,69150,0.468907853262,0.111778159697,18.05557608
420,209100,265200,69450,0.471912068239,0.134077233413,18.102457046
421,209550,265800,69600,0.443361953754,0.191934141025,18.150544881
422,210000,266400,69750,0.475756289093,0.198849130339,18.187062025
423,210450,267000,69900,0.435984560806,0.13268175731,18.229754924
424,210900,267600,70050,0.450832365074,0.133146820626,18.265486955
425,211350,268200,70200,0.45723520461,0.00945005123915,18.310621023
426,211800,268800,70350,0.460533012735,0.0279695006314,18.349252939
427,212250,269400,70500,0.429893969847,0.236362234461,18.386806011
428,212700,270000,70650,0.448943928426,0.0874126655195,18.434679031
429,213150,270600,70800,0.422773989487,0.200016874166,18.471896886
430,213600,271500,71100,0.459295098258,0.10190560577,18.525078058
431,214050,272100,71250,0.455169402338,0.0294095965086,18.565466880
432,214500,272700,71400,0.445893808394,0.0454045399026,18.603980064
433,214950,273300,71550,0.454926671243,0.0173955492759,18.640176057
434,215400,273900,71700,0.487000502344,0.34641839879,18.678119897
435,215850,274500,71850,0.478894249677,0.225031011582,18.725821018
436,216300,275100,72000,0.458486906816,0.0248802579647,18.783200025
437,216750,275700,72150,0.465904708224,0.0135031446097,18.83082199
438,217200,276300,72300,0.447065102087,0.11624752321,18.872045993
439,217650,276900,72450,0.426650676023,0.298004257696,18.920245885
440,218100,277800,72750,0.485146282892,0.42082952653,18.978544950
441,218550,278400,72900,0.468414072707,0.0843975895381,19.025038003
442,219000,279000,73050,0.473572296463,0.122059937461,19.071342945
443,219450,279600,73200,0.41695677217,0.359830795434,19.11294293
444,219900,280200,73350,0.423336433885,0.279328230292,19.159822940
445,220350,280800,73500,0.471120819522,0.162988212013,19.216027021
446,220800,281400,73650,0.482873895156,0.169448785018,19.275065898
447,221250,282000,73800,0.454475164309,0.00820143519456,19.327177047
448,221700,282600,73950,0.471463712319,0.157397857671,19.378350973
449,222150,283200,74100,0.415499997262,0.335824971211,19.431531906
450,222600,284100,74400,0.438076712315,0.161957566116,19.495143890
451,223050,284700,74550,0.425022512697,0.329870315639,19.540436983
452,223500,285300,74700,0.441394428929,0.0524893402925,19.580049991
453,223950,285900,74850,0.460652974796,0.141618996642,19.63095903
454,224400,286500,75000,0.433753208212,0.152582237349,19.679180860
455,224850,287100,75150,0.441692782751,0.141268938607,19.737771987
456,225300,287700,75300,0.457472042385,0.0652240808141,19.779797077
457,225750,288300,75450,0.49070817742,0.266683700369,19.830873966
458,226200,288900,75600,0.430943017097,0.222282334147,19.888993978
459,226650,289500,75750,0.457342055425,0.0620916327204,19.935798883
460,227100,290400,76050,0.471435091269,0.193175306511,19.996762037
461,227550,291000,76200,0.488425411567,0.163951050025,20.04563498
462,228000,291600,76350,0.446736840377,0.0961859726823,20.096878051
463,228450,292200,76500,0.489916780879,0.391455021273,20.150017023
464,228900,292800,76650,0.474272331518,0.161247626402,20.195314884
465,229350,293400,76800,0.445195005968,0.0726912415579,20.239527940
466,229800,294000,76950,0.438479340276,0.152875163269,20.290255069
467,230250,294600,77100,0.467853264562,0.104423643752,20.328149080
468,230700,295200,77250,0.448704852083,0.105721196466,20.363605976
469,231150,295800,77400,0.474134616602,0.187462291442,20.404856920
470,231600,296700,77700,0.47255141667,0.14081310518,20.452666997
471,232050,297300,77850,0.476564330659,0.081767193375,20.489469051
472,232500,297900,78000,0.454778013037,0.0886671622665,20.527096986
473,232950,298500,78150,0.459302571223,0.0691460827727,20.56471800
474,233400,299100,78300,0.456585475868,0.0424574279269,20.602135896
475,233850,299700,78450,0.48940020478,0.334716970315,20.640944004
476,234300,300300,78600,0.460475333335,0.0685445823342,20.680207014
477,234750,300900,78750,0.465533465738,0.0870949698731,20.718003988
478,235200,301500,78900,0.45311605108,0.0981618269535,20.755120992
479,235650,302100,79050,0.44775710651,0.0498624290065,20.795310020
480,236100,303000,79350,0.455563516151,0.00831787748155,20.846078872
481,236550,303600,79500,0.461427958127,0.0458387624562,20.882699012
482,239250,304200,79650,0.450894946641,0.0137962555089,21.002747058
483,239700,304800,79800,0.468373015341,0.0599929749581,21.043946027
484,240150,305400,79950,0.474293851752,0.159862111583,21.081106901
485,240600,306000,80100,0.457189910439,0.0194514443262,21.120594024
486,241050,306600,80250,0.443148317167,0.147907528017,21.159674882
487,241500,307200,80400,0.478426814927,0.22155764833,21.197036027
488,241950,307800,80550,0.448338940693,0.0838489315859,21.236844062
489,242400,308400,80700,0.464354557478,0.0131963909212,21.275781869
490,242850,309300,81000,0.449127610618,0.029441804784,21.328312873
491,243300,309900,81150,0.445340884486,0.131309140672,21.365374088
492,243750,310500,81300,0.457204269117,0.0284908669261,21.401521921
493,244200,311100,81450,0.447859421709,0.150153474079,21.443381071
494,244650,311700,81600,0.445144971194,0.143281828608,21.478918075
495,245100,312300,81750,0.433443658974,0.253181692251,21.514956951
496,245550,312900,81900,0.478802430663,0.16088042277,21.562448024
497,246000,313500,82050,0.452348105923,0.138233092267,21.600418090
498,246450,314100,82200,0.470217023918,0.137432087976,21.638679027
499,246900,314700,82350,0.456810869065,0.0805622984679,21.682442903
500,247350,315600,82650,0.464887181931,0.0126846360347,21.734546899
501,247800,316200,82800,0.409277506553,0.503298513415,21.77969503
502,248250,316800,82950,0.451347139944,0.0552463008827,21.818825006
503,248700,317400,83100,0.449839653084,0.0112508742454,21.857743978
504,249150,318000,83250,0.451245652106,0.0256783590973,21.896933078
505,249600,318600,83400,0.48360884746,0.251143925308,21.942780971
506,250050,319200,83550,0.433607367797,0.231911237976,21.981666088
507,250500,319800,83700,0.452865310118,0.054941076231,22.020905017
508,250950,320400,83850,0.449056274398,0.0482737514022,22.060136079
509,251400,321000,84000,0.464256281613,0.148169153406,22.100534915
510,251850,321900,84300,0.466008446959,0.0973981943966,22.15402007
511,252300,322500,84450,0.459599241871,0.0369283278434,22.190824985
512,252750,323100,84600,0.442374389298,0.116448939692,22.227525949
513,253200,323700,84750,0.452613229808,0.0310869824713,22.267417907
514,253650,324300,84900,0.441319791024,0.103336182141,22.304266929
515,254100,324900,85050,0.450283450478,0.0443520307614,22.341922044
516,254550,325500,85200,0.446779106246,0.199543026068,22.385499000
517,255000,326100,85350,0.403831756034,0.498553065871,22.422808885
518,255450,326700,85500,0.476745908292,0.265164222774,22.459167003
519,255900,327300,85650,0.468598172093,0.0719205175897,22.495362043
520,256350,328200,85950,0.456837414997,0.15592780839,22.542530059
521,256800,328800,86100,0.470610449156,0.111947521822,22.58469009
522,257250,329400,86250,0.437677059796,0.110679739847,22.625309944
523,257700,330000,86400,0.423218881419,0.371637641216,22.665333986
524,258150,330600,86550,0.456286034817,0.0537664893053,22.706718921
525,258600,331200,86700,0.430255353269,0.280752521258,22.745054960
526,259050,331800,86850,0.430968282515,0.268704404807,22.783418893
527,259500,332400,87000,0.456465657334,0.0177248146177,22.827756881
528,259950,333000,87150,0.418131505364,0.274792800198,22.867488861
529,260400,333600,87300,0.513123696103,0.529439368891,22.906189918
530,260850,334500,87600,0.440448350199,0.107212938138,22.962805032
531,261300,335100,87750,0.476468902144,0.343175144689,23.007339000
532,261750,335700,87900,0.414416867692,0.403250413525,23.050450086
533,262200,336300,88050,0.453106930204,0.0227644367839,23.091037988
534,262650,336900,88200,0.442104993199,0.11767318012,23.130269050
535,263100,337500,88350,0.468621633053,0.177342873573,23.171678066
536,263550,338100,88500,0.45643357377,0.103932484165,23.21007800
537,264000,338700,88650,0.44668981583,0.0146972054126,23.251797914
538,264450,339300,88800,0.447159385164,0.0680807433676,23.290509939
539,264900,339900,88950,0.458067619766,0.00838108632181,23.327313
540,265350,340800,89250,0.455791010329,0.0183510385048,23.377251863
541,265800,341400,89400,0.440641681534,0.0136405914822,23.416890859
542,266250,342000,89550,0.4983627747,0.488182511046,23.455601930
543,266700,342600,89700,0.447978124131,0.0208445225202,23.496316909
544,267150,343200,89850,0.451551577937,0.0689354732133,23.533072948
545,267600,343800,90000,0.439177559297,0.00675025271269,23.572475910
546,268050,344400,90150,0.423834837388,0.366328949016,23.615540981
547,268500,345000,90300,0.469366661162,0.167162027597,23.655627012
548,268950,345600,90450,0.468894794084,0.17873579761,23.700675964
549,269400,346200,90600,0.451373117625,0.084107283098,23.738163948
550,269850,347100,90900,0.439599628558,0.115645919127,23.78941392
551,270300,347700,91050,0.460358077052,0.161347757108,23.825391054
552,270750,348300,91200,0.460569268546,0.202258587579,23.865952968
553,273450,348900,91350,0.449355716311,0.0106348918153,23.995667934
554,273900,349500,91500,0.471637646263,0.0447036866701,24.041078090
555,274350,350100,91650,0.448133297035,0.165048989329,24.081522941
556,274800,350700,91800,0.438154599849,0.0933372402848,24.120115995
557,275250,351300,91950,0.45048249602,0.0102676128344,24.165030002
558,275700,351900,92100,0.482911878713,0.292001541428,24.210690975
559,276150,352500,92250,0.442622339902,0.164419082109,24.248806953
560,276600,353400,92550,0.475971249874,0.218755409982,24.299937009
561,277050,354000,92700,0.45824446205,0.107042365532,24.339395046
562,277500,354600,92850,0.457895581789,0.0651112500756,24.376705884
563,277950,355200,93000,0.483387677305,0.228073032181,24.422430992
564,278400,355800,93150,0.437320013461,0.275321075441,24.464716911
565,278850,356400,93300,0.472742377167,0.13653345741,24.503376960
566,279300,357000,93450,0.473477868806,0.229787255759,24.554714918
567,279750,357600,93600,0.445027573145,0.0402302782536,24.593302011
568,280200,358200,93750,0.486978455064,0.354246172172,24.632714033
569,280650,358800,93900,0.43937978811,0.203617780177,24.67213702
570,281100,359700,94200,0.459719142448,0.0347908161625,24.72513508
571,281550,360300,94350,0.4722759659,0.104175023219,24.76160597
572,282000,360900,94500,0.434273256879,0.191732433982,24.801642894
573,282450,361500,94650,0.455625246859,0.120347918589,24.852210044
574,282900,362100,94800,0.435607462699,0.224043306517,24.906238079
575,283350,362700,94950,0.458732236103,0.0398628443414,24.954952001
576,283800,363300,95100,0.45559118153,0.0374368759223,25.007606029
577,284250,363900,95250,0.450823642671,0.0517945584599,25.062433004
578,284700,364500,95400,0.412910169452,0.347344193309,25.118278026
579,285150,365100,95550,0.415349225793,0.270321049143,25.175112962
580,285600,366000,95850,0.447123859439,0.0199301684124,25.241688966
581,286050,366600,96000,0.446945866008,0.148136651732,25.288768053
582,286500,367200,96150,0.491144269891,0.375369196186,25.337034940
583,286950,367800,96300,0.432336594451,0.228941897498,25.384356975
584,287400,368400,96450,0.428476789617,0.20887477764,25.428400993
585,287850,369000,96600,0.431118990202,0.23762268245,25.467132091
586,288300,369600,96750,0.441353728845,0.0186540157665,25.507004976
587,288750,370200,96900,0.464954044927,0.152709559005,25.544252872
588,289200,370800,97050,0.443937233468,0.0110961492371,25.584264993
589,289650,371400,97200,0.437086459747,0.11772584962,25.622421026
590,290100,372300,97500,0.44630616427,0.00911492069519,25.672960996
591,290550,372900,97650,0.459350828981,0.0296828787873,25.713692903
592,291000,373500,97800,0.4654403942,0.213972695203,25.752678871
593,291450,374100,97950,0.457392252289,0.0560991063323,25.791838884
594,291900,374700,98100,0.454565170037,0.102835841184,25.829041957
595,292350,375300,98250,0.475381385452,0.249524649341,25.872368097
596,292800,375900,98400,0.456843174726,0.139605836207,25.913120031
597,293250,376500,98550,0.473143176745,0.124195347786,25.952889919
598,293700,377100,98700,0.474899429323,0.128968027576,25.991612911
599,294150,377700,98850,0.456151668762,0.0308245166808,26.028819084
600,294600,378600,99150,0.457309607807,0.146802813765,26.07747507
601,295050,379200,99300,0.454821285567,0.0182451312134,26.115607023
602,295500,379800,99450,0.450111203532,0.0197439970909,26.153016090
603,295950,380400,99600,0.451625795603,0.00769214723895,26.191192865
604,296400,381000,99750,0.428289094228,0.175224352702,26.23196792
605,296850,381600,99900,0.481446166981,0.298797250156,26.275896072
606,297300,382200,100050,0.448166254503,0.0901762869146,26.314107894
607,297750,382800,100200,0.45024385013,0.0804205323845,26.367372989
608,298200,383400,100350,0.451958540045,0.00858532921623,26.410726070
609,298650,384000,100500,0.450996628675,0.0355871236263,26.44768595
610,299100,384900,100800,0.446912305221,0.0486576899911,26.498326063
611,299550,385500,100950,0.434378306957,0.225179070637,26.534640073
612,300000,386100,101100,0.469347063769,0.190823591917,26.583627939
613,300450,386700,101250,0.450295183276,0.0120583706732,26.620012044
614,300900,387300,101400,0.446893400491,0.0326664805044,26.667195081
615,301350,387900,101550,0.450345755385,0.127666888114,26.702744007
616,301800,388500,101700,0.409786767184,0.362410792361,26.739552974
617,302250,389100,101850,0.461231060313,0.100103250523,26.779871940
618,302700,389700,102000,0.446404823491,0.0346563651849,26.820020914
619,303150,390300,102150,0.462061163243,0.0193635070217,26.858993053
620,303600,391200,102450,0.471442644533,0.20359893771,26.916841030
621,304050,391800,102600,0.459822440111,0.120286622442,26.953417062
622,304500,392400,102750,0.445224571819,0.0834582952833,26.994759082
623,304950,393000,102900,0.456888163629,0.0131029860106,27.035294055
624,305400,393600,103050,0.456306062754,0.164229328868,27.077543973
625,305850,394200,103200,0.462374437239,0.0845143198578,27.117691993
626,306300,394800,103350,0.468478843364,0.0778699697818,27.156655073
627,306750,395400,103500,0.459230803763,0.102074795185,27.194629907
628,307200,396000,103650,0.44578373787,0.0683683511342,27.236499071
629,307650,396600,103800,0.421517677205,0.304090642283,27.27948999
630,308100,397500,104100,0.452164764476,0.0784380161359,27.334254026
631,308550,398100,104250,0.464302595202,0.108683739699,27.373516082
632,309000,398700,104400,0.468150534774,0.124795375007,27.414604902
633,309450,399300,104550,0.467716514271,0.233199927299,27.454233884
634,309900,399900,104700,0.418197354719,0.311093286524,27.495728969
635,310350,400500,104850,0.441000082814,0.0900413980263,27.531313896
636,310800,401100,105000,0.438453206585,0.136306260523,27.577951908
637,311250,401700,105150,0.431388587636,0.218031995873,27.615581035
638,311700,402300,105300,0.428052855288,0.198071710768,27.650835037
639,312150,402900,105450,0.436261899006,0.133263282487,27.687339067
640,312600,403800,105750,0.492940645798,0.404610548497,27.734545946
641,313050,404400,105900,0.46039589221,0.034983394299,27.781955957
642,313500,405000,106050,0.451967398806,0.0166585953733,27.817452907
643,313950,405600,106200,0.44141247007,0.22217248187,27.859023094
644,314400,406200,106350,0.448214154645,0.168014033467,27.90235400
645,314850,406800,106500,0.470954804655,0.156179153421,27.938513040
646,315300,407400,106650,0.428992803953,0.173792599143,27.984889030
647,315750,408000,106800,0.471407364086,0.173805586676,28.020284891
648,316200,408600,106950,0.454718470466,0.0621795461277,28.056343078
649,316650,409200,107100,0.46809862298,0.248746514403,28.101846933
650,317100,410100,107400,0.457102813449,0.0211288825905,28.151366949
651,317550,410700,107550,0.453358618113,0.0823531217417,28.187898874
652,318000,411300,107700,0.467368685256,0.0986723298404,28.223787069
653,318450,411900,107850,0.473207052049,0.150727803191,28.265613079
654,318900,412500,108000,0.458522030492,0.0867237105011,28.308111906
655,319350,413100,108150,0.495777964549,0.425915592077,28.343297958
656,319800,413700,108300,0.474756097459,0.126223075095,28.378571033
657,320250,414300,108450,0.458219830488,0.0334788062378,28.423485040
658,320700,414900,108600,0.449948986551,0.0584919746692,28.460774898
659,321150,415500,108750,0.447064322382,0.08719735778,28.496217012
660,321600,416400,109050,0.426066943964,0.162035756919,28.542897939
661,322050,417000,109200,0.44520988388,0.0689336896023,28.585665941
662,322500,417600,109350,0.458205970293,0.0178193435929,28.622097969
663,322950,418200,109500,0.437637148975,0.131965896508,28.665703058
664,323400,418800,109650,0.455937787253,0.0266329382287,28.701917886
665,323850,419400,109800,0.443746781233,0.065096832285,28.746946096
666,324300,420000,109950,0.433151778682,0.0873072474699,28.782368898
667,324750,420600,110100,0.47249152579,0.206119649775,28.826386928
668,325200,421200,110250,0.446829384098,0.00870757568941,28.862058877
669,325650,421800,110400,0.457485440069,0.0242904844389,28.902467966
670,326100,422700,110700,0.425628042966,0.370469697696,28.952694892
671,326550,423300,110850,0.451872230995,0.192394674955,28.990271091
672,327000,423900,111000,0.456575538456,0.0968067505518,29.02902007
673,327450,424500,111150,0.460966239303,0.0374190522415,29.06868290
674,327900,425100,111300,0.445871650814,0.0605487973509,29.103585004
675,328350,425700,111450,0.441332629829,0.100038234104,29.146286010
676,328800,426300,111600,0.444796992005,0.0568654243606,29.181448936
677,329250,426900,111750,0.483544365025,0.327393345012,29.222795009
678,329700,427500,111900,0.467722489973,0.122578764605,29.261298894
679,330150,428100,112050,0.458848501929,0.0575761300859,29.305279016
680,330600,429000,112350,0.451394147694,0.0421553939821,29.353774070
681,331050,429600,112500,0.440405459375,0.149932110841,29.395860910
682,331500,430200,112650,0.455085960705,0.0747494266904,29.431313991
683,331950,430800,112800,0.421844520407,0.294111483173,29.472146987
684,332400,431400,112950,0.475604212777,0.20947684265,29.509218931
685,332850,432000,113100,0.452768200159,0.0117685716417,29.548980951
686,333300,432600,113250,0.446429218416,0.0234498188746,29.595601081
687,333750,433200,113400,0.446216759375,0.0118027761568,29.630645036
688,334200,433800,113550,0.425461269655,0.29674822268,29.668020963
689,334650,434400,113700,0.442960410832,0.151868349906,29.705439090
690,335100,435300,114000,0.455734222246,0.0603275221678,29.755416870
691,335550,435900,114150,0.46213463284,0.115914711879,29.797230005
692,336000,436500,114300,0.465769685919,0.152546133068,29.837385892
693,336450,437100,114450,0.452180176325,0.0231009705126,29.873852014
694,336900,437700,114600,0.457822240647,0.0318814856455,29.910048961
695,337350,438300,114750,0.429878340014,0.228016551948,29.952465057
696,337800,438900,114900,0.44715903404,0.0350513571668,29.992001056
697,338250,439500,115050,0.451174661693,0.0218278390382,30.02910494
698,338700,440100,115200,0.453116385122,0.00968185597637,30.065222978
699,339150,440700,115350,0.462924739347,0.143106511133,30.108665943
700,339600,441600,115650,0.460424067213,0.188878672712,30.174376964
701,340050,442200,115800,0.448900438522,0.0408558704683,30.211377859
702,340500,442800,115950,0.45078067675,0.013837376479,30.247094869
703,340950,443400,116100,0.4920696842,0.304313270511,30.294207096
704,341400,444000,116250,0.454549800015,0.017068569707,30.329304933
705,341850,444600,116400,0.457143658346,0.0942558148329,30.365244865
706,342300,445200,116550,0.455385088743,0.0173198041537,30.400700092
707,342750,445800,116700,0.445044872715,0.0868272544394,30.444793939
708,343200,446400,116850,0.47128227517,0.173000407358,30.482081890
709,343650,447000,117000,0.456628973399,0.0712078887288,30.517587900
710,344100,447900,117300,0.461328234326,0.0270287686575,30.567998886
711,344550,448500,117450,0.436069470022,0.199758728743,30.61152291
712,345000,449100,117600,0.485328255747,0.329657628221,30.648660898
713,345450,449700,117750,0.429243070396,0.19119930488,30.688283920
714,345900,450300,117900,0.452139161403,0.105536555371,30.726636886
715,346350,450900,118050,0.434730111869,0.297264293846,30.765373945
716,346800,451500,118200,0.450143763231,0.0581637947935,30.805026054
717,347250,452100,118350,0.430993213345,0.215956674051,30.847256898
718,347700,452700,118500,0.422986492856,0.157080894693,30.883828878
719,348150,453300,118650,0.469148303037,0.272431817756,30.923446893
720,348600,454200,118950,0.461417798783,0.0610148141274,30.976296901
721,349050,454800,119100,0.456380981912,0.150825913667,31.016372919
722,349500,455400,119250,0.437352857456,0.0955251170632,31.05582499
723,349950,456000,119400,0.457789597803,0.106109164777,31.096035003
724,350400,456600,119550,0.468169033738,0.0778469674937,31.132823944
725,350850,457200,119700,0.450306071815,0.0818379392048,31.181076049
726,351300,457800,119850,0.418701425513,0.233698717272,31.218816041
727,351750,458400,120000,0.432459262179,0.208771639434,31.259060859
728,352200,459000,120150,0.446128639903,0.0993786887891,31.296504974
729,352650,459600,120300,0.466760388466,0.134558605595,31.336694955
730,353100,460500,120600,0.45907059059,0.105407862044,31.389347076
731,353550,461100,120750,0.479055980556,0.261982320231,31.428963899
732,354000,461700,120900,0.454567504617,0.0604634991739,31.464874982
733,354450,462300,121050,0.436947922195,0.0999688649376,31.50462794
734,354900,462900,121200,0.468409782819,0.135579651705,31.541640043
735,355350,463500,121350,0.451982881582,0.082572678054,31.577552080
736,355800,464100,121500,0.435149822572,0.220214023294,31.623200893
737,356250,464700,121650,0.433760558916,0.127096834512,31.662756919
738,356700,465300,121800,0.432053723118,0.324546377191,31.698158979
739,357150,465900,121950,0.447682272441,0.0482597482314,31.734168052
740,357600,466800,122250,0.468086821228,0.132122185451,31.789521932
741,358050,467400,122400,0.431793688487,0.208185518629,31.833699941
742,358500,468000,122550,0.460140139356,0.0761538313918,31.873872041
743,358950,468600,122700,0.448379908614,0.086907332986,31.9103100
744,359400,469200,122850,0.467173621838,0.222929005705,31.95155692
745,359850,469800,123000,0.444644307292,0.0169568585684,31.996170043
746,360300,470400,123150,0.455341540112,0.0824079313688,32.031432867
747,360750,471000,123300,0.43994102197,0.259972050263,32.066924095
748,361200,471600,123450,0.50013294284,0.434732738065,32.112439870
749,361650,472200,123600,0.460338834471,0.12915115577,32.155762910
750,362100,473100,123900,0.436039320577,0.282325267777,32.210660934
751,362550,473700,124050,0.44538799264,0.0951791925507,32.252552986
752,363000,474300,124200,0.454405740956,0.0340462732441,32.31014704
753,363450,474900,124350,0.435045092379,0.181060118184,32.365206003
754,363900,475500,124500,0.45827486167,0.109484396236,32.430707931
755,364350,476100,124650,0.460383637331,0.218258110357,32.494086980
756,364800,476700,124800,0.432630920264,0.11660600292,32.538894891
757,365250,477300,124950,0.451779624805,0.019740084594,32.578762054
758,365700,477900,125100,0.443685704664,0.0743476077953,32.618784904
759,366150,478500,125250,0.477724226677,0.286508159769,32.659722089
760,366600,479400,125550,0.464145767046,0.112089420276,32.719999074
761,367050,480000,125700,0.460912680067,0.0449718031052,32.761192083
762,367500,480600,125850,0.467453247236,0.182501912486,32.79880189
763,367950,481200,126000,0.458475527004,0.00987127167506,32.837199926
764,368400,481800,126150,0.460634996322,0.0765241267281,32.886550903
765,368850,482400,126300,0.426827849708,0.316958891131,32.942878007
766,369300,483000,126450,0.474515211906,0.333114740639,32.993650913
767,369750,483600,126600,0.434988683783,0.24094267551,33.04321193
768,370200,484200,126750,0.447772631681,0.140133134658,33.10644388
769,370650,484800,126900,0.443010389655,0.0565633221607,33.153495073
770,371100,485700,127200,0.458429786188,0.0657017050221,33.217789888
771,371550,486300,127350,0.445316374775,0.0613580203004,33.26103806
772,372000,486900,127500,0.465138535407,0.0871031045669,33.305428981
773,372450,487500,127650,0.425080705977,0.243007742493,33.352818012
774,372900,488100,127800,0.443980792742,0.0723268994522,33.405380964
775,373350,488700,127950,0.45552252776,0.00686027827024,33.452718973
776,373800,489300,128100,0.447031642308,0.0408581828893,33.496764898
777,374250,489900,128250,0.472026214314,0.235771468085,33.543143987
778,374700,490500,128400,0.428671012699,0.271695549788,33.582645893
779,375150,491100,128550,0.4939926744,0.357558273944,33.621253013
780,375600,492000,128850,0.440820132286,0.122787806295,33.672707080
781,376050,492600,129000,0.441367901806,0.0788878981682,33.713065862
782,376500,493200,129150,0.461401594381,0.187983030819,33.751440048
783,376950,493800,129300,0.43476097929,0.202675767358,33.793252944
784,377400,494400,129450,0.448470124763,0.0987863593019,33.83632993
785,377850,495000,129600,0.462750157668,0.0794921536941,33.874607086
786,378300,495600,129750,0.468764807673,0.183993198636,33.918262004
787,378750,496200,129900,0.479819163676,0.322433646686,33.958788871
788,379200,496800,130050,0.453201659445,0.00972616173824,33.995521068
789,379650,497400,130200,0.47545292104,0.193669805345,34.034590959
790,380100,498300,130500,0.454426589458,0.0470275559136,34.083009004
791,380550,498900,130650,0.449124895859,0.17864017987,34.121752023
792,381000,499500,130800,0.471052145216,0.0912882682015,34.15823388
793,381450,500100,130950,0.459232666305,0.0106271916728,34.197481870
794,381900,500700,131100,0.448496782682,0.137709745835,34.234819889
795,382350,501300,131250,0.45132168496,0.0696743073314,34.272517919
796,382800,501900,131400,0.487031330463,0.304309903829,34.312474012
797,383250,502500,131550,0.409532735674,0.576394258584,34.348520994
798,383700,503100,131700,0.488161637911,0.268127299769,34.385788917
799,384150,503700,131850,0.430809824081,0.354338326955,34.427277088
800,384600,504600,132150,0.454820488659,0.0236532715414,34.47444987
801,385050,505200,132300,0.47080836778,0.1440431055,34.514262914
802,385500,505800,132450,0.467017646753,0.148397417436,34.555343866
803,385950,506400,132600,0.481352379274,0.421469394364,34.594112873
804,386400,507000,132750,0.520146799231,0.646174115601,34.636375904
805,386850,507600,132900,0.462126683001,0.0540456248195,34.675666093
806,387300,508200,133050,0.457217028686,0.0414536583357,34.714936971
807,387750,508800,133200,0.452499624174,0.0364864618144,34.756161928
808,388200,509400,133350,0.458476351864,0.0467628275337,34.796746969
809,388650,510000,133500,0.483753202652,0.240895813485,34.836395978
810,389100,510900,133800,0.443214304119,0.164566159764,34.884990930
811,389550,511500,133950,0.473694048434,0.0527037822319,34.933012008
812,390000,512100,134100,0.427867141104,0.36351998991,34.968947887
813,390450,512700,134250,0.426468125368,0.220877616893,35.00601887
814,390900,513300,134400,0.437126873218,0.279768037391,35.042773008
815,391350,513900,134550,0.442451305792,0.0383014219219,35.079648971
816,391800,514500,134700,0.423580529586,0.26241729457,35.124641895
817,392250,515100,134850,0.435511417485,0.169985352268,35.163944959
818,392700,515700,135000,0.428072064918,0.325381470378,35.200788021
819,393150,516300,135150,0.460973166758,0.136349290399,35.237796068
820,393600,517200,135450,0.458523592213,0.0430355820054,35.29376387
821,394050,517800,135600,0.445047248932,0.054856675877,35.331260919
822,394500,518400,135750,0.467970934442,0.0961478704368,35.373337984
823,394950,519000,135900,0.457128648019,0.0188621675475,35.416167020
824,395400,519600,136050,0.458739457006,0.0832587977896,35.452327966
825,395850,520200,136200,0.462502705782,0.182343943345,35.488867044
826,396300,520800,136350,0.459815003566,0.0798056868216,35.525017976
827,396750,521400,136500,0.421313997282,0.336984119937,35.570384025
828,397200,522000,136650,0.405798945164,0.365884616421,35.60613799
829,397650,522600,136800,0.455180006131,0.0475528071654,35.642198085
830,398100,523500,137100,0.465159069722,0.132044404084,35.695873975
831,398550,524100,137250,0.427835213015,0.258768320594,35.731448888
832,399000,524700,137400,0.420999370441,0.260283565346,35.766695976
833,399450,525300,137550,0.48479074296,0.306649204327,35.80309605
834,399900,525900,137700,0.489506688005,0.402280395566,35.839046955
835,400350,526500,137850,0.432988473221,0.166358293374,35.879642009
836,400800,527100,138000,0.437019265161,0.226675771098,35.915339946
837,401250,527700,138150,0.461845064966,0.108435788579,35.951299905
838,401700,528300,138300,0.460753516151,0.111296431408,35.992199897
839,402150,528900,138450,0.428248914797,0.288483725997,36.028024911
840,402600,529800,138750,0.445475052399,0.0637152949669,36.074143886
841,403050,530400,138900,0.419423056884,0.274946564063,36.114922046
842,403500,531000,139050,0.448535629228,0.0624965630956,36.15419888
843,403950,531600,139200,0.429751746451,0.159980976182,36.196845054
844,404400,532200,139350,0.476790469437,0.245437607575,36.240043878
845,404850,532800,139500,0.460196941138,0.0100305372344,36.277746915
846,405300,533400,139650,0.465002379178,0.120617917182,36.316544055
847,405750,534000,139800,0.465212412496,0.189988420562,36.362194061
848,406200,534600,139950,0.447149826074,0.122345010814,36.403307914
849,406650,535200,140100,0.440687116102,0.064680812009,36.441704034
850,407100,536100,140400,0.459422963265,0.152926642976,36.497091054
851,407550,536700,140550,0.462305179374,0.055121581564,36.542196035
852,408000,537300,140700,0.471274104572,0.0905934610913,36.583745956
853,408450,537900,140850,0.445396903747,0.0987470288131,36.624388933
854,408900,538500,141000,0.487876286922,0.398585230489,36.664561986
855,409350,539100,141150,0.41217476875,0.298342257117,36.702718973
856,409800,539700,141300,0.480037478049,0.294693210328,36.753515958
857,410250,540300,141450,0.434876242028,0.23679149192,36.796468973
858,410700,540900,141600,0.49200122156,0.315005886047,36.840425014
859,411150,541500,141750,0.446970334503,0.0759481489043,36.88061499
860,411600,542400,142050,0.471058311856,0.186088350976,36.930455923
861,412050,543000,142200,0.474158119343,0.185477611714,36.970984935
862,412500,543600,142350,0.424541558172,0.24383712376,37.009841918
863,412950,544200,142500,0.466139134045,0.0899058289352,37.0552980
864,413400,544800,142650,0.459920405356,0.0391333165164,37.095237016
865,413850,545400,142800,0.451019104863,0.00667624373437,37.143522024
866,414300,546000,142950,0.418712527555,0.282545668523,37.195719003
867,414750,546600,143100,0.475976713726,0.156043183513,37.235061883
868,415200,547200,143250,0.462292939054,0.126303170704,37.284859895
869,415650,547800,143400,0.443021041678,0.121435232976,37.327845096
870,416100,548700,143700,0.458512818604,0.056287257082,37.383400917
871,416550,549300,143850,0.423819512887,0.448428910455,37.423606872
872,417000,549900,144000,0.448888480841,0.109150907544,37.462786912
873,417450,550500,144150,0.445921570754,0.0769782408508,37.506547927
874,417900,551100,144300,0.467687337194,0.181617026861,37.548170089
875,418350,551700,144450,0.481743278556,0.340206404964,37.593098878
876,418800,552300,144600,0.432679040568,0.292004591502,37.633248090
877,419250,552900,144750,0.438569900179,0.055540918282,37.673871040
878,419700,553500,144900,0.43016535335,0.240136540026,37.71493887
879,420150,554100,145050,0.467269100652,0.198116165913,37.755227088
880,420600,555000,145350,0.449069097362,0.0453418405796,37.816555023
881,421050,555600,145500,0.464075379625,0.145269762816,37.856875896
882,421500,556200,145650,0.487333961031,0.325231210434,37.903724908
883,421950,556800,145800,0.457418031033,0.115022751313,37.942728996
884,422400,557400,145950,0.457021794701,0.0333164140858,37.984034061
885,422850,558000,146100,0.456341228712,0.0279543035912,38.029953002
886,423300,558600,146250,0.431013273531,0.193960525844,38.06945586
887,423750,559200,146400,0.42825730758,0.158637278331,38.116937875
888,424200,559800,146550,0.473315047212,0.274351857066,38.153047084
889,424650,560400,146700,0.460786318541,0.0751908306011,38.201457977
890,425100,561300,147000,0.441919196127,0.108751815524,38.253366947
891,425550,561900,147150,0.453790778023,0.0585084602148,38.290848016
892,426000,562500,147300,0.443426334827,0.12550745774,38.332170963
893,426450,563100,147450,0.499944150814,0.470875172155,38.373406887
894,426900,563700,147600,0.441955966036,0.103337186043,38.4140670
895,427350,564300,147750,0.464799096523,0.12511384343,38.452823877
896,427800,564900,147900,0.45875409701,0.048666425067,38.497475862
897,428250,565500,148050,0.467761135859,0.0431174016462,38.536190986
898,428700,566100,148200,0.448356479333,0.0338116349992,38.572782993
899,429150,566700,148350,0.469468171389,0.107515559654,38.61000895
900,429600,567600,148650,0.47755997096,0.176902449333,38.667164087
901,430050,568200,148800,0.435459823955,0.263165782217,38.702852964
902,430500,568800,148950,0.46295700699,0.0470121174645,38.742551088
903,430950,569400,149100,0.478174083112,0.224923665668,38.779825925
904,431400,570000,149250,0.456980487892,0.0297237751394,38.822632074
905,431850,570600,149400,0.442264784881,0.110745006385,38.866837978
906,432300,571200,149550,0.468998633063,0.0129064444043,38.905467987
907,432750,571800,149700,0.456604352224,0.0770511861526,38.940752983
908,433200,572400,149850,0.455280045597,0.0397232460141,38.97997093
909,433650,573000,150000,0.468624012565,0.163150414048,39.026381015
910,434100,573900,150300,0.470315951986,0.220393835865,39.097195863
911,434550,574500,150450,0.450303803835,0.101446445403,39.134676933
912,435000,575100,150600,0.451484271481,0.157185349509,39.177587032
913,435450,575700,150750,0.432756750238,0.129151477396,39.219987869
914,435900,576300,150900,0.445569248822,0.136437409606,39.256726026
915,436350,576900,151050,0.406483560838,0.432381057076,39.298963069
916,436800,577500,151200,0.430017692497,0.233581716637,39.336052894
917,437250,578100,151350,0.447348377438,0.00577968195377,39.372072935
918,437700,578700,151500,0.44669326034,0.111287572001,39.407999038
919,438150,579300,151650,0.472491595491,0.164344780979,39.444462060
920,438600,580200,151950,0.485546419829,0.288564410657,39.492491006
921,439050,580800,152100,0.452736593568,0.0202140103386,39.536010980
922,439500,581400,152250,0.450810703434,0.00851991425068,39.572674989
923,439950,582000,152400,0.444959486674,0.0769430225114,39.611888885
924,440400,582600,152550,0.451616078826,0.171313246857,39.648390054
925,440850,583200,152700,0.425168088896,0.310892248632,39.692210912
926,441300,583800,152850,0.440167038185,0.159905558807,39.729693889
927,441750,584400,153000,0.456494500899,0.0303700021292,39.775701999
928,442200,585000,153150,0.469251777541,0.152823010665,39.813625097
929,442650,585600,153300,0.44392153336,0.141247260973,39.855917930
930,443100,586500,153600,0.461780526945,0.0233961285373,39.902667045
931,443550,587100,153750,0.481974436871,0.201948016271,39.939857006
932,444000,587700,153900,0.434926373513,0.204669484559,39.988990068
933,444450,588300,154050,0.437886809935,0.169179115224,40.025243043
934,444900,588900,154200,0.461134243538,0.17832792724,40.062983989
935,445350,589500,154350,0.453721299968,0.0399747682779,40.099092960
936,445800,590100,154500,0.430381534542,0.198820832874,40.147367000
937,446250,590700,154650,0.440202126969,0.0764454490128,40.184617996
938,446700,591300,154800,0.469000248034,0.298992925272,40.220263004
939,447150,591900,154950,0.460217666981,0.0868865908277,40.256274938
940,447600,592800,155250,0.417926418413,0.313154305487,40.310517072
941,450300,593400,155400,0.448446916868,0.0080656441905,40.423104047
942,450750,594000,155550,0.45125272002,0.0821794332478,40.459189891
943,451200,594600,155700,0.467362596174,0.161090333126,40.501471996
944,451650,595200,155850,0.437983373158,0.131904424131,40.538084983
945,452100,595800,156000,0.454689585404,0.0230884506031,40.576324939
946,452550,596400,156150,0.440817209245,0.161647297093,40.612752914
947,453000,597000,156300,0.426331606695,0.147077152096,40.654417991
948,453450,597600,156450,0.463632005368,0.123991745645,40.692214012
949,453900,598200,156600,0.441529200662,0.165737216719,40.73268389
950,454350,599100,156900,0.453584935359,0.057842034761,40.783353090
951,454800,599700,157050,0.464168383473,0.109645928293,40.820590019
952,455250,600300,157200,0.474388384473,0.308942890453,40.85885095
953,455700,600900,157350,0.481806682309,0.300531870033,40.895569086
954,456150,601500,157500,0.479486642566,0.146984766343,40.933922052
955,456600,602100,157650,0.455800848856,0.0823652869598,40.976394891
956,457050,602700,157800,0.447921551026,0.0570191015583,41.013141870
957,457500,603300,157950,0.436958907361,0.138860617322,41.049705028
958,457950,603900,158100,0.489185351197,0.367597232705,41.091693878
959,458400,604500,158250,0.465764590026,0.0321875485667,41.129364967
960,458850,605400,158550,0.452356739731,0.0794188328966,41.177217960
961,459300,606000,158700,0.442458557215,0.19400499509,41.213754892
962,459750,606600,158850,0.490526938322,0.37101248559,41.252886056
963,460200,607200,159000,0.439303322639,0.189432384977,41.293343067
964,460650,607800,159150,0.484980591212,0.264425867089,41.329158067
965,461100,608400,159300,0.448113550604,0.101780961294,41.366728067
966,461550,609000,159450,0.450268485222,0.0215856582136,41.402164936
967,462000,609600,159600,0.434530077631,0.198022559695,41.444993972
968,462450,610200,159750,0.462406053551,0.0427633283201,41.480489969
969,462900,610800,159900,0.456014053188,0.136419048748,41.517081975
970,463350,611700,160200,0.448897267148,0.116851924076,41.563689947
971,463800,612300,160350,0.453184648972,0.0653619540834,41.606481075
972,464250,612900,160500,0.435370925243,0.280470276773,41.642251968
973,464700,613500,160650,0.467898290219,0.242122648308,41.679976940
974,465150,614100,160800,0.44804815799,0.0175258926463,41.721672058
975,465600,614700,160950,0.448499788438,0.0961756531855,41.761106967
976,466050,615300,161100,0.445731044851,0.0135045446738,41.79750609
977,466500,615900,161250,0.462417443914,0.124167826201,41.833867073
978,466950,616500,161400,0.43340865146,0.285158931056,41.871356010
979,467400,617100,161550,0.431698752176,0.147763609909,41.908676862
980,467850,618000,161850,0.448025067635,0.0252992093654,41.962140083
981,468300,618600,162000,0.442015075055,0.136386188373,41.998343944
982,468750,619200,162150,0.462509907079,0.0182578354779,42.036643981
983,469200,619800,162300,0.443431436379,0.083613459852,42.078438997
984,469650,620400,162450,0.446225972312,0.0428236036446,42.117348909
985,470100,621000,162600,0.458002222319,0.0384497968635,42.153753995
986,470550,621600,162750,0.453748025763,0.0668588543766,42.190068960
987,471000,622200,162900,0.448055096381,0.0917723904301,42.225964069
988,471450,622800,163050,0.446243410992,0.0253103605949,42.271851062
989,471900,623400,163200,0.493980950271,0.441095764734,42.309022903
990,472350,624300,163500,0.445412777118,0.134976035634,42.355536937
991,472800,624900,163650,0.468113899891,0.172104716036,42.400711059
992,473250,625500,163800,0.47083984673,0.144183669484,42.436449050
993,473700,626100,163950,0.480821296057,0.278311470212,42.472121000
994,474150,626700,164100,0.432183440941,0.258948327068,42.50817990
995,474600,627300,164250,0.430898085536,0.247208942515,42.543158054
996,475050,627900,164400,0.434263908768,0.207467765873,42.582509994
997,475500,628500,164550,0.453282168217,0.014578565141,42.61975407
998,475950,629100,164700,0.439450875204,0.0962370177219,42.65498495
999,476400,629700,164850,0.473715816439,0.279252424956,42.690717935
1000,476850,630600,165150,0.447591530689,0.122071132013,42.744193077
