0,900,600,150,5.18668712479,4.06895696418,0.06283593177
1,2100,1200,300,0.783648373497,2.4767516284,0.1297888755
2,3300,1800,450,0.718738042586,1.85252983566,0.20054292678
3,4500,2400,600,0.541479020134,1.44199122146,0.2681519985
4,5700,3000,750,0.536525344566,1.20819808487,0.3339810371
5,6900,3600,900,0.485876789923,0.701187185397,0.40673899650
6,8100,4200,1050,0.478808096409,0.628314678562,0.47204399108
7,9300,4800,1200,0.489061667986,0.239664968317,0.54467582702
8,10350,5400,1350,0.457584719984,0.101387549497,0.60921788215
9,11550,6000,1500,0.439266461889,0.201955913691,0.68036794662
10,12750,6700,1700,0.450565648697,0.282903801338,0.75262784957
11,13650,7300,1850,0.460976828581,0.0457548958428,0.81336498260
12,14850,7900,2000,0.443781145522,0.126781939715,0.88618302345
13,16050,8500,2150,0.490074207018,0.425817019161,0.9628889560
14,17250,9100,2300,0.458235525204,0.818707192193,1.0295588970
15,18450,9700,2450,0.523888999304,0.984604630256,1.0942468643
16,19800,10300,2600,0.495460170641,0.698214351904,1.1600999832
17,21000,10900,2750,0.460087353299,0.170184083306,1.2250640392
18,22200,11500,2900,0.452249752532,0.0451098959451,1.2929248809
19,23400,12100,3050,0.472300099535,0.14400156898,1.3675668239
20,24600,12800,3250,0.420979156677,0.613341499988,1.4334449768
21,25050,13400,3400,0.54379691425,1.09504488457,1.4744019508
22,25500,14000,3550,0.490540479582,0.705224046871,1.5106158256
23,25950,14600,3700,0.469440028711,0.594543163919,1.5521910190
24,26400,15200,3850,0.444596761573,0.446003251039,1.5908188819
25,26850,15800,4000,0.507199077823,0.826353692831,1.6282260417
26,27300,16400,4150,0.470481816924,0.571904079774,1.6643998622
27,27750,17000,4300,0.443252798924,0.356280412163,1.7062368392
28,28200,17600,4450,0.469182879134,0.548706266053,1.7428448200
29,28650,18200,4600,0.469178044702,0.407738610895,1.7803280353
30,29100,18900,4800,0.445552877366,0.355583848329,1.8214228153
31,29550,19500,4950,0.495842487088,0.617236918485,1.8580148220
32,30000,20100,5100,0.518487254939,0.777540023276,1.899154901
33,30450,20700,5250,0.461218166398,0.36381768443,1.9357089996
34,30900,21300,5400,0.478452561786,0.476124972309,1.9755318164
35,31350,21900,5550,0.495147991428,0.621533621399,2.0130820274
36,31800,22500,5700,0.460076515915,0.348121880591,2.048959016
37,32250,23100,5850,0.434872479636,0.0961858731991,2.0848708152
38,32700,23700,6000,0.41120848693,0.116513870387,2.1197710037
39,33150,24300,6150,0.437027633032,0.130923394066,2.1556918621
40,33600,25000,6350,0.478843757311,0.520393185959,2.1953029632
41,34050,25600,6500,0.465822375612,0.337962930667,2.2398228645
42,34500,26200,6650,0.45748275782,0.218598344747,2.2791318893
43,34950,26800,6800,0.457395596235,0.176957920848,2.3195240497
44,35400,27400,6950,0.47742808852,0.303354518938,2.3595788478
45,35850,28000,7100,0.457874069414,0.128324961848,2.4077279567
46,36300,28600,7250,0.495775022035,0.501130743014,2.4542589187
47,36750,29200,7400,0.464940128973,0.262196494847,2.4993858337
48,37200,29800,7550,0.45317989653,0.129851507348,2.5379269123
49,37650,30400,7700,0.491071994582,0.460867511281,2.5772519111
50,38100,31100,7900,0.422590678988,0.103586089491,2.6222338676
51,38550,31700,8050,0.454519498212,0.13872615478,2.661170005
52,39000,32300,8200,0.474644861292,0.293813822337,2.6996250152
53,39450,32900,8350,0.446346994645,0.0356420356837,2.7393889427
54,39900,33500,8500,0.457890552486,0.123259002078,2.7801599502
55,40350,34100,8650,0.441239075087,0.0121998687375,2.8193838596
56,40800,34700,8800,0.461090381141,0.118741825581,2.8615229129
57,41250,35300,8950,0.428354206526,0.203320199845,2.9103798866
58,41700,35900,9100,0.446651385437,0.0281901161634,2.959789037
59,42150,36500,9250,0.473546429246,0.24674157792,3.0082309246
60,42600,37200,9450,0.453017565832,0.0731458552596,3.0667469501
61,43050,37800,9600,0.447233858353,0.0207147272358,3.1165769100
62,43500,38400,9750,0.481093662931,0.328017128435,3.1637258529
63,43950,39000,9900,0.423066477513,0.201322644667,3.2114219665
64,44400,39600,10050,0.446377487242,0.0644368434255,3.2513649463
65,44850,40200,10200,0.456687528591,0.134368057582,3.3050229549
66,45300,40800,10350,0.465292539801,0.132501425795,3.37084484
67,45750,41400,10500,0.443815974413,0.0396215219106,3.4223380088
68,46200,42000,10650,0.443784094103,0.0971142752757,3.4745228290
69,46650,42600,10800,0.443866307911,0.0230267511499,3.5280518531
70,47100,43300,11000,0.438230069162,0.0446265442036,3.5861568450
71,47550,43900,11150,0.470658968677,0.190606409281,3.6323268413
72,48000,44500,11300,0.450527110775,0.0144681379075,3.692509889
73,48450,45100,11450,0.468271124217,0.212693092303,3.7399878501
74,48900,45700,11600,0.444788697435,0.00722353573679,3.7793889045
75,49350,46300,11750,0.473220268546,0.253028238692,3.8302350044
76,49800,46900,11900,0.445716487672,0.132383021716,3.8704860210
77,50250,47500,12050,0.463735655848,0.0333999964546,3.9177389144
78,50700,48100,12200,0.447725850951,0.0912999343255,3.9590258598
79,51150,48700,12350,0.436174216297,0.109849910979,4.0170040130
80,51600,49400,12550,0.448322493014,0.0283117836397,4.0627648830
81,52050,50000,12700,0.474561249178,0.239387332133,4.1109490394
82,52500,50600,12850,0.467479158693,0.15481255818,4.1506600379
83,52950,51200,13000,0.438142740469,0.205509046653,4.1912229061
84,53400,51800,13150,0.472332188325,0.232778732882,4.2428269386
85,53850,52400,13300,0.430035766706,0.230117155219,4.2846980094
86,54300,53000,13450,0.470111101667,0.0204998957255,4.3231439590
87,54750,53600,13600,0.45245491669,0.0455987439749,4.362368822
88,55200,54200,13750,0.447169480282,0.00880995122148,4.4036269187
89,55650,54800,13900,0.492098056136,0.389517266781,4.4466068744
90,56100,55500,14100,0.444799523693,0.0718228977797,4.489864826
91,56550,56100,14250,0.434348189777,0.0981113290894,4.5295119285
92,57000,56700,14400,0.468823022614,0.161290856821,4.5720009803
93,57450,57300,14550,0.475813309471,0.301323092654,4.6115028858
94,57900,57900,14700,0.475591780974,0.146345946212,4.654021024
95,58350,58500,14850,0.480476623937,0.226932698579,4.6930739879
96,58800,59100,15000,0.4918127728,0.308415725584,4.7325959205
97,59250,59700,15150,0.46162762322,0.0886423268142,4.7714300155
98,59700,60300,15300,0.440394837891,0.166555905554,4.8091838359
99,60150,60900,15450,0.494615279577,0.439972984226,4.8487708568
100,60600,61600,15650,0.437505302612,0.137938765309,4.8906028270
101,61050,62200,15800,0.451043164106,0.0243974895038,4.9284489154
102,61500,62800,15950,0.490283373187,0.391122327432,4.9678039550
103,61950,63400,16100,0.478525018831,0.206389795931,5.0061450004
104,62400,64000,16250,0.480006139098,0.183378975737,5.0450530052
105,62850,64600,16400,0.458844589102,0.0445677292204,5.0830178260
106,63300,65200,16550,0.430727633278,0.25986960527,5.1211240291
107,63750,65800,16700,0.443710088602,0.1756222244,5.1592450141
108,64200,66400,16850,0.472333346147,0.128577985489,5.1973788738
109,64650,67000,17000,0.45254081023,0.154841179344,5.2354938983
110,65100,67700,17200,0.459744085986,0.0661421049677,5.2769298553
111,65550,68300,17350,0.481241883603,0.214656238625,5.314285039
112,66000,68900,17500,0.466759665153,0.0295373664388,5.3597879409
113,66450,69500,17650,0.436968819246,0.238591470127,5.4004738330
114,66900,70100,17800,0.435598106153,0.26362245119,5.443234920
115,67350,70700,17950,0.418198163624,0.344600659546,5.4857559204
116,67800,71300,18100,0.41322259931,0.325504371385,5.5291948318
117,68250,71900,18250,0.454694844204,0.038064723382,5.5751798152
118,68700,72500,18400,0.439714821475,0.219020544555,5.6250100135
119,69150,73100,18550,0.500655207109,0.493217498918,5.6713728904
120,69600,73800,18750,0.448056277064,0.129187625736,5.7220170497
121,70050,74400,18900,0.44479309754,0.12502458788,5.7659218311
122,70500,75000,19050,0.451944264943,0.0661677381276,5.808874845
123,70950,75600,19200,0.438130088009,0.1611238194,5.8480319976
124,71400,76200,19350,0.447744722778,0.141540930412,5.8913509845
125,71850,76800,19500,0.458977852534,0.0109398288247,5.9337069988
126,72300,77400,19650,0.463386959731,0.0965745343281,5.9811530113
127,72750,78000,19800,0.431600120282,0.232956017916,6.0202908515
128,73200,78600,19950,0.476531507753,0.133702784578,6.0730700492
129,73650,79200,20100,0.485845288483,0.372791237984,6.1353378295
130,74100,79900,20300,0.440528742727,0.0330671143651,6.1771249771
131,74550,80500,20450,0.458106865975,0.0841831660141,6.2253680229
132,75000,81100,20600,0.455541190632,0.141357851988,6.266222953
133,75450,81700,20750,0.456910075255,0.0246392534442,6.3248019218
134,75900,82300,20900,0.477071446167,0.180689890084,6.3797669410
135,76350,82900,21050,0.465800510629,0.0562853037613,6.419468879
136,76800,83500,21200,0.447681732506,0.146977268507,6.4571068286
137,77250,84100,21350,0.443075511038,0.073901665201,6.4947829246
138,77700,84700,21500,0.478682855077,0.222357644383,6.5329408645
139,78150,85300,21650,0.481958728595,0.241821988016,6.5705728530
140,78600,86000,21850,0.45468433359,0.0130592512335,6.6130678653
141,79050,86600,22000,0.420410986961,0.393934032101,6.6505570411
142,79500,87200,22150,0.464567784339,0.180266769493,6.6885619163
143,79950,87800,22300,0.463065905562,0.157414546448,6.7257640361
144,80400,88400,22450,0.449405723561,0.0508652846087,6.7678298950
145,80850,89000,22600,0.479740024399,0.143043582591,6.8085699081
146,81300,89600,22750,0.481483217442,0.217627342934,6.8492569923
147,81750,90200,22900,0.428722739867,0.288768325923,6.8896608352
148,82200,90800,23050,0.445298464224,0.127457181387,6.9314079284
149,82650,91400,23200,0.469924250542,0.0562161152762,6.9844369888
150,83100,92100,23400,0.473557887749,0.202102065454,7.042683839
151,83550,92700,23550,0.466576904006,0.033562981012,7.0999929904
152,84000,93300,23700,0.453505691461,0.081693513468,7.1519880294
153,84450,93900,23850,0.453943206715,0.0137428073902,7.2073419094
154,84900,94500,24000,0.434022202194,0.296159626885,7.2558219432
155,85350,95100,24150,0.44882826226,0.11204539116,7.3027999401
156,85800,95700,24300,0.458514959108,0.0396474633307,7.3550589084
157,86250,96300,24450,0.475226444523,0.250240162469,7.4062318801
158,86700,96900,24600,0.475615595986,0.0666241890921,7.4517500400
159,87150,97500,24750,0.439417127679,0.18657707844,7.500918865
160,87600,98200,24950,0.452136885969,0.068179671733,7.5451998710
161,88050,98800,25100,0.455585159159,0.0958662642098,7.5901679992
162,88500,99400,25250,0.436302704063,0.102089753779,7.6280848979
163,88950,100000,25400,0.435430230517,0.156584238843,7.6663329601
164,89400,100600,25550,0.430163440406,0.234379744684,7.7044909000
165,89850,101200,25700,0.45816046578,0.0424067718566,7.7424499988
166,90300,101800,25850,0.459589323648,0.0200038026691,7.7807078361
167,90750,102400,26000,0.457844782527,0.0547992425748,7.8195478916
168,91200,103000,26150,0.461179125369,0.0203918918495,7.8574888706
169,91650,103600,26300,0.478300957882,0.302363109943,7.8963680267
170,92100,104300,26500,0.479120990908,0.138263228147,7.9395859241
171,92550,104900,26650,0.425017787026,0.375987208602,7.9782650470
172,93000,105500,26800,0.462261184952,0.0684356656416,8.0173878669
173,93450,106100,26950,0.440302950089,0.278333922302,8.0560040473
174,93900,106700,27100,0.47802697541,0.199223369914,8.0958900451
175,94350,107300,27250,0.462932575905,0.0147609595116,8.1348228454
176,94800,107900,27400,0.456048591219,0.0529046679803,8.1739480495
177,95250,108500,27550,0.46572031483,0.130875169483,8.2128489017
178,95700,109100,27700,0.462397345677,0.129753125759,8.2552468776
179,96150,109700,27850,0.454745374553,0.0857380748828,8.2946310043
180,96600,110400,28050,0.468151800575,0.0648913127208,8.3394210338
181,97050,111000,28200,0.435588675861,0.143940438551,8.3776118755
182,97500,111600,28350,0.454953232691,0.0297618561252,8.4158239364
183,100200,112200,28500,0.454155657185,0.00852014781906,8.5372989177
184,100650,112800,28650,0.447670570727,0.0741915496886,8.5758118629
185,101100,113400,28800,0.446429464696,0.0940562876097,8.6139829158
186,101550,114000,28950,0.474212093989,0.207101506901,8.6508018970
187,102000,114600,29100,0.46562326808,0.109647945361,8.6882870197
188,102450,115200,29250,0.454502276827,0.0559846764371,8.7250750064
189,102900,115800,29400,0.464137139996,0.136626326303,8.7628610134
190,103350,116500,29600,0.412016506712,0.533352327672,8.8044788837
191,103800,117100,29750,0.449748945196,0.0990786855451,8.8424749374
192,104250,117700,29900,0.439181327581,0.0991128297426,8.881006956
193,104700,118300,30050,0.439570321685,0.0838276575396,8.9221918582
194,105150,118900,30200,0.474823055056,0.143472028219,8.9598479270
195,105600,119500,30350,0.447499050901,0.0189088818834,8.9974589347
196,106050,120100,30500,0.433547296852,0.184896488978,9.0358469486
197,106500,120700,30650,0.459058118272,0.157028460717,9.0733349323
198,106950,121300,30800,0.441242490903,0.0696279378757,9.1110308170
199,107400,121900,30950,0.468653840854,0.225641256924,9.1482429504
200,107850,122600,31150,0.436647560927,0.237838985483,9.1895058155
201,108300,123200,31300,0.435057688522,0.202392452757,9.2272679805
202,108750,123800,31450,0.442700031384,0.0357963455504,9.266196012
203,109200,124400,31600,0.462364544677,0.116476260874,9.3174169063
204,109650,125000,31750,0.471726574372,0.103571465428,9.3585278987
205,110100,125600,31900,0.479520109983,0.181027633728,9.4066438674
206,110550,126200,32050,0.464175704387,0.0860187389786,9.4482138156
207,111000,126800,32200,0.465640131179,0.125876261735,9.4933118820
208,111450,127400,32350,0.470387618007,0.235719034768,9.5319089889
209,111900,128000,32500,0.434589233662,0.201845881607,9.5747430324
210,112350,128700,32700,0.467093074968,0.132493671111,9.628288984
211,112800,129300,32850,0.46808710619,0.157518445837,9.6669950485
212,113250,129900,33000,0.455589647876,0.0565648837176,9.711242914
213,113700,130500,33150,0.463546655666,0.108196131203,9.7614820003
214,114150,131100,33300,0.445828751215,0.14107925621,9.8093099594
215,114600,131700,33450,0.442951539676,0.159954206728,9.8459358215
216,115050,132300,33600,0.435186722551,0.17346410734,9.8909618854
217,115500,132900,33750,0.456573067083,0.0355216721921,9.941680908
218,115950,133500,33900,0.454904927364,0.014965029997,9.9837210178
219,116400,134100,34050,0.451218331972,0.0844389690196,10.021322965
220,116850,134800,34250,0.451355213467,0.0684750331617,10.074916839
221,117300,135400,34400,0.443690589577,0.0708491046707,10.112046003
222,117750,136000,34550,0.483698269728,0.26110158851,10.155670881
223,118200,136600,34700,0.442914144496,0.129059573346,10.19205784
224,118650,137200,34850,0.443066235808,0.107720857172,10.233391046
225,119100,137800,35000,0.414615215102,0.295405517707,10.269759893
226,119550,138400,35150,0.472070342401,0.159043593997,10.311381816
227,120000,139000,35300,0.440526472193,0.0384529054268,10.354106903
228,120450,139600,35450,0.479621436016,0.263024851433,10.390110969
229,120900,140200,35600,0.446468936399,0.0719673581745,10.430992841
230,121350,140900,35800,0.448272730709,0.132628653017,10.481649875
231,121800,141500,35950,0.47412897789,0.218678731925,10.518869876
232,122250,142100,36100,0.449634111991,0.0429545415192,10.560802936
233,122700,142700,36250,0.450754204301,0.0284923545286,10.597291946
234,123150,143300,36400,0.457311285608,0.0049393282098,10.639055013
235,123600,143900,36550,0.437362361047,0.216320427075,10.675505876
236,124050,144500,36700,0.447828119303,0.0313254340992,10.711947917
237,124500,145100,36850,0.509040651635,0.484174901136,10.757885932
238,124950,145700,37000,0.459664921979,0.179287931923,10.794379949
239,125400,146300,37150,0.461423415765,0.084662314291,10.8308658
240,125850,147000,37350,0.45535045849,0.107977991375,10.878935813
241,126300,147600,37500,0.451526029101,0.0435413311182,10.914865970
242,126750,148200,37650,0.456694770052,0.0342058678316,10.951422929
243,127200,148800,37800,0.469845613079,0.0871307377715,10.987771987
244,127650,149400,37950,0.464654422635,0.0435909323037,11.03553390
245,128100,150000,38100,0.460133577595,0.0576978507438,11.076994895
246,128550,150600,38250,0.459395915508,0.0438982116003,11.119659900
247,129000,151200,38400,0.467377126036,0.0761648136874,11.156287908
248,129450,151800,38550,0.458459049271,0.048490403704,11.195647954
249,129900,152400,38700,0.442621022011,0.0381461265039,11.236253976
250,130350,153100,38900,0.432259883402,0.238654338366,11.280966043
251,130800,153700,39050,0.488350190747,0.329881628615,11.333612918
252,131250,154300,39200,0.438880781071,0.200756080971,11.374011993
253,131700,154900,39350,0.456366825471,0.0482557318287,11.415819883
254,132150,155500,39500,0.448108163757,0.189015898975,11.45260381
255,132600,156100,39650,0.456507745662,0.131493642309,11.494745969
256,133050,156700,39800,0.436180798304,0.158770454089,11.532311916
257,133500,157300,39950,0.431666342123,0.242268838019,11.575354814
258,133950,157900,40100,0.4416621377,0.0827595060519,11.613451957
259,134400,158500,40250,0.415399344606,0.323839834295,11.651010036
260,134850,159200,40450,0.468330547905,0.124255140782,11.697338819
261,135300,159800,40600,0.438466536648,0.0907526815834,11.735990047
262,135750,160400,40750,0.477978380636,0.188123935294,11.775140047
263,136200,161000,40900,0.459862147206,0.00557882087913,11.819926977
264,136650,161600,41050,0.42527622995,0.248811897002,11.858517885
265,137100,162200,41200,0.480435429353,0.267725002833,11.901119947
266,137550,162800,41350,0.485918221469,0.348860670966,11.94041800
267,138000,163400,41500,0.469555007215,0.100440918012,11.985747814
268,138450,164000,41650,0.470997452844,0.112861810157,12.02487683
269,138900,164600,41800,0.484789249909,0.254392463387,12.063640832
270,139350,165300,42000,0.455503825348,0.0515750180927,12.107002973
271,139800,165900,42150,0.477514821942,0.261598446719,12.145638942
272,140250,166500,42300,0.458427831999,0.076780747155,12.192476034
273,140700,167100,42450,0.471707198454,0.127383100187,12.231401920
274,141150,167700,42600,0.439657068676,0.276620530588,12.274547815
275,141600,168300,42750,0.437487327869,0.270604903661,12.313098907
276,142050,168900,42900,0.449885338619,0.132496701181,12.351743936
277,142500,169500,43050,0.430972525582,0.327351216634,12.394786834
278,142950,170100,43200,0.432790107005,0.0683604173237,12.437441825
279,143400,170700,43350,0.404471249808,0.375173452563,12.476394891
280,143850,171400,43550,0.473049790292,0.177294753026,12.52519583
281,144300,172000,43700,0.423393095224,0.28492722625,12.561305046
282,144750,172600,43850,0.420798704996,0.307500502777,12.597659826
283,145200,173200,44000,0.443700032924,0.00507798946816,12.640364885
284,145650,173800,44150,0.455811947057,0.0342788433068,12.68107104
285,146100,174400,44300,0.471111640259,0.201315363274,12.7178409
286,146550,175000,44450,0.44640013969,0.0984849803179,12.753937959
287,147000,175600,44600,0.439963230657,0.0764072435566,12.790531873
288,147450,176200,44750,0.441833643968,0.0810654948765,12.830829858
289,147900,176800,44900,0.442119826873,0.0529887682611,12.867298841
290,148350,177500,45100,0.485650782089,0.446742118592,12.912969827
291,148800,178100,45250,0.468290256596,0.110717694848,12.950217962
292,149250,178700,45400,0.473066298207,0.216136871827,12.988334894
293,149700,179300,45550,0.466381737686,0.199350909019,13.03085184
294,150150,179900,45700,0.44793955034,0.103835388427,13.067921876
295,150600,180500,45850,0.476478149152,0.203731032458,13.109256029
296,151050,181100,46000,0.427873400702,0.152691347118,13.146486997
297,151500,181700,46150,0.463229326549,0.0988810327618,13.191267013
298,151950,182300,46300,0.467932608174,0.0618484322795,13.230693817
299,152400,182900,46450,0.445171201101,0.117118234669,13.271708011
300,152850,183600,46650,0.468555364961,0.149995602784,13.313223838
301,153300,184200,46800,0.481656335044,0.191711741442,13.359287023
302,153750,184800,46950,0.450920097845,0.059597397371,13.396919965
303,154200,185400,47100,0.452123317842,0.0749644523344,13.440102815
304,154650,186000,47250,0.498994941839,0.409434230225,13.477977037
305,155100,186600,47400,0.466855544133,0.0424458652422,13.519928932
306,155550,187200,47550,0.464612491787,0.00637668598584,13.557113885
307,156000,187800,47700,0.472728630909,0.286770506508,13.594069957
308,156450,188400,47850,0.468028151804,0.147682229957,13.638150930
309,156900,189000,48000,0.456141547997,0.0423889122563,13.676861047
310,157350,189700,48200,0.457387238896,0.0317850685134,13.716552972
311,157800,190300,48350,0.442813644866,0.131042972403,13.753448963
312,158250,190900,48500,0.437807255377,0.181305073982,13.797047853
313,158700,191500,48650,0.473941046733,0.102899705863,13.833209991
314,159150,192100,48800,0.446791889294,0.0246872356311,13.875146865
315,159600,192700,48950,0.443895960228,0.153990516544,13.924281835
316,160050,193300,49100,0.46251562721,0.0695667863778,13.960907936
317,160500,193900,49250,0.434262803488,0.174777927205,14.001256942
318,160950,194500,49400,0.445972502742,0.0755876426726,14.045344829
319,161400,195100,49550,0.456542470306,0.0772278677628,14.082653045
320,161850,195800,49750,0.454989581759,0.0961598330862,14.12252283
321,162300,196400,49900,0.462961829641,0.166361873992,14.167603015
322,162750,197000,50050,0.473910330507,0.164146469284,14.210114955
323,163200,197600,50200,0.441514193391,0.22494347583,14.24676585
324,163650,198200,50350,0.460796652008,0.0440479094317,14.292439937
325,164100,198800,50500,0.443276121294,0.186792790705,14.337290048
326,164550,199400,50650,0.433272949955,0.257193356887,14.378295898
327,165000,200000,50800,0.459069088199,0.0604504800596,14.4157359
328,165450,200600,50950,0.43838987232,0.170459521009,14.462098836
329,165900,201200,51100,0.426184167434,0.238563919191,14.499697923
330,166350,201900,51300,0.483341417129,0.185760528922,14.54067897
331,166800,202500,51450,0.459557511232,0.0969042837197,14.585618019
332,167250,203100,51600,0.444580039894,0.219464944687,14.622262954
333,167700,203700,51750,0.465043717087,0.00800739906147,14.665278911
334,168150,204300,51900,0.447637102453,0.0695827109966,14.705116033
335,168600,204900,52050,0.4154620038,0.455925588242,14.742067813
336,169050,205500,52200,0.446502973378,0.053211755849,14.785861015
337,169500,206100,52350,0.470720365124,0.294889315968,14.828631877
338,169950,206700,52500,0.481060851643,0.29801399964,14.866888046
339,170400,207300,52650,0.477215678528,0.203112274937,14.905062913
340,170850,208000,52850,0.455909971273,0.0605647053865,14.95347189
341,171300,208600,53000,0.483231792648,0.345443089523,14.990159034
342,171750,209200,53150,0.429583436498,0.282451268971,15.028344869
343,172200,209800,53300,0.441956460734,0.102094627886,15.064597845
344,172650,210400,53450,0.458341709067,0.0779921114754,15.107280015
345,173100,211000,53600,0.447700557067,0.0917439704258,15.144084930
346,173550,211600,53750,0.436345754285,0.152444002321,15.180902957
347,174000,212200,53900,0.470091746738,0.165933572166,15.219241857
348,174450,212800,54050,0.458837852204,0.0706703067546,15.25645685
349,174900,213400,54200,0.462377374567,0.0354274757343,15.301358938
350,175350,214100,54400,0.452893105076,0.0927535795382,15.341363906
351,175800,214700,54550,0.45186486721,0.072300137282,15.37793397
352,176250,215300,54700,0.450958129099,0.069549884735,15.418376922
353,176700,215900,54850,0.439834782112,0.131678318241,15.455826997
354,177150,216500,55000,0.45103692697,0.0613448911652,15.492450952
355,177600,217100,55150,0.461333370196,0.0558963797075,15.528574943
356,178050,217700,55300,0.429678148314,0.147190173523,15.564648866
357,178500,218300,55450,0.454110556044,0.0434960976701,15.604660987
358,178950,218900,55600,0.436748635351,0.207219957908,15.641844987
359,179400,219500,55750,0.442513580439,0.0626784682368,15.67818093
360,179850,220200,55950,0.451973910936,0.0165106413593,15.721304893
361,182550,220800,56100,0.455593448463,0.00404580222618,15.843951940
362,183000,221400,56250,0.425572309496,0.229614652497,15.881052970
363,183450,222000,56400,0.457972313746,0.0238997836553,15.91771984
364,183900,222600,56550,0.457600905432,0.0521459962871,15.961174964
365,184350,223200,56700,0.457570106824,0.0556118455051,15.999231815
366,184800,223800,56850,0.442302230959,0.0743818962126,16.039763927
367,185250,224400,57000,0.422577236637,0.292155829105,16.077636957
368,185700,225000,57150,0.453402238555,0.0410448681334,16.121865987
369,186150,225600,57300,0.468903608976,0.160829858187,16.160464048
370,186600,226300,57500,0.497455573961,0.411442398668,16.203914880
371,187050,226900,57650,0.448353477851,0.0145155621862,16.248055934
372,187500,227500,57800,0.451768495232,0.0278538587679,16.287096023
373,187950,228100,57950,0.449070483905,0.0744805061983,16.330684900
374,188400,228700,58100,0.473343108505,0.126699100951,16.366020917
375,188850,229300,58250,0.443279787761,0.132140510858,16.406392812
376,189300,229900,58400,0.46631200568,0.191761504726,16.442265033
377,189750,230500,58550,0.456857126107,0.0277277347979,16.479768037
378,190200,231100,58700,0.451873316517,0.149369319075,16.516049861
379,190650,231700,58850,0.446386916684,0.148702101507,16.551972866
380,191100,232400,59050,0.447100470582,0.0901454741662,16.595902919
381,191550,233000,59200,0.470860844726,0.174008931319,16.632580041
382,192000,233600,59350,0.451408906578,0.0369202264438,16.67001700
383,192450,234200,59500,0.449974548015,0.0245039429918,16.70586299
384,192900,234800,59650,0.461346781786,0.103590341725,16.748713016
385,193350,235400,59800,0.45760723162,0.10188081461,16.788548946
386,193800,236000,59950,0.472727833595,0.143629457411,16.825400829
387,194250,236600,60100,0.428303501825,0.292100189251,16.868176937
388,194700,237200,60250,0.454728139377,0.0410246852422,16.908334970
389,195150,237800,60400,0.457439514946,0.0154460371476,16.946108818
390,195600,238500,60600,0.469206141522,0.0889634623206,16.989200830
391,196050,239100,60750,0.472542655604,0.20468347633,17.033563852
392,196500,239700,60900,0.478756552651,0.18233400315,17.072623014
393,196950,240300,61050,0.476026984612,0.244471928044,17.117301940
394,197400,240900,61200,0.427600112109,0.246866455252,17.161833047
395,197850,241500,61350,0.473393136166,0.176278116671,17.200223922
396,198300,242100,61500,0.436448215017,0.152401961085,17.240880012
397,198750,242700,61650,0.466340378488,0.134747440113,17.279728889
398,199200,243300,61800,0.435331374924,0.225712122298,17.326867818
399,199650,243900,61950,0.477088609727,0.175334615271,17.372612953
400,200100,244600,62150,0.473922243327,0.0740840079395,17.423430919
401,200550,245200,62300,0.455267326077,0.0338329815909,17.477493047
402,201000,245800,62450,0.449618332321,0.136185457117,17.524768829
403,201450,246400,62600,0.447291166857,0.0149007080342,17.574908018
404,201900,247000,62750,0.446929894671,0.117924804486,17.624621868
405,202350,247600,62900,0.466179725382,0.0754913053147,17.668045043
406,202800,248200,63050,0.429588184253,0.123948688315,17.710763931
407,203250,248800,63200,0.455842234662,0.0134376105946,17.752825975
408,203700,249400,63350,0.451337900364,0.0182783638323,17.790416955
409,204150,250000,63500,0.464672293625,0.0148974139865,17.828317880
410,204600,250700,63700,0.442583659235,0.216348128296,17.874233007
411,205050,251300,63850,0.449645288639,0.0353204175055,17.911805868
412,205500,251900,64000,0.469593233671,0.133401247814,17.950464963
413,205950,252500,64150,0.462374954084,0.0821947604384,17.988843917
414,206400,253100,64300,0.437687044365,0.28129418634,18.026536941
415,206850,253700,64450,0.460173629153,0.031429129144,18.069336891
416,207300,254300,64600,0.461871853977,0.0379074637595,18.108000993
417,207750,254900,64750,0.421791170452,0.296217452051,18.14580202
418,208200,255500,64900,0.464869490719,0.00922142984075,18.188254833
419,208650,256100,65050,0.468537431561,0.183352964928,18.226382970
420,209100,256800,65250,0.462371994159,0.0662184409217,18.269183874
421,209550,257400,65400,0.433316375688,0.168993220812,18.307452917
422,210000,258000,65550,0.440350815303,0.161589843848,18.347533941
423,210450,258600,65700,0.444370350399,0.03551174999,18.391661882
424,210900,259200,65850,0.422335938715,0.276894980412,18.431246042
425,211350,259800,66000,0.438079754264,0.199423015977,18.470835924
426,211800,260400,66150,0.445705898005,0.118134058289,18.516033887
427,212250,261000,66300,0.450635565357,0.0121754725888,18.555940866
428,212700,261600,66450,0.468001093935,0.132784663604,18.596400022
429,213150,262200,66600,0.451103681776,0.0338707530198,18.634903907
430,213600,262900,66800,0.46543045071,0.131683059821,18.683751821
431,214050,263500,66950,0.436490253853,0.103355324372,18.721060037
432,214500,264100,67100,0.438128165467,0.0804692265166,18.762477874
433,214950,264700,67250,0.469716733424,0.303319493594,18.808431863
434,215400,265300,67400,0.463589412731,0.0656912759773,18.855847835
435,215850,265900,67550,0.458578309595,0.0323866422971,18.90674495
436,216300,266500,67700,0.44170702635,0.154486832244,18.949321031
437,216750,267100,67850,0.48027351941,0.253508621271,18.992782831
438,217200,267700,68000,0.446137999586,0.0105737305491,19.037658929
439,217650,268300,68150,0.44771805454,0.118476676226,19.0809638
440,218100,269000,68350,0.459116178708,0.0498445440766,19.129705905
441,218550,269600,68500,0.454662565487,0.0281918370564,19.169708013
442,219000,270200,68650,0.450489188503,0.0387357149108,19.207345962
443,219450,270800,68800,0.440801758108,0.100908000931,19.244066953
444,219900,271400,68950,0.443758149584,0.0259278879971,19.283385038
445,220350,272000,69100,0.461248081541,0.230380059604,19.322716951
446,220800,272600,69250,0.448545695782,0.123876639389,19.362879037
447,221250,273200,69400,0.461350285777,0.16957826287,19.400534868
448,221700,273800,69550,0.448328157175,0.0114090752388,19.440028905
449,222150,274400,69700,0.426383667514,0.337496002334,19.478670835
450,222600,275100,69900,0.447538414282,0.0525769103117,19.523120880
451,223050,275700,70050,0.494240944155,0.251132466539,19.563426971
452,223500,276300,70200,0.461982751854,0.245441894402,19.602077007
453,223950,276900,70350,0.458417160986,0.191596094846,19.64058685
454,226650,277500,70500,0.452988191994,0.0120458222013,19.768373966
455,227100,278100,70650,0.442332527382,0.203134356016,19.816543817
456,227550,278700,70800,0.423167195926,0.116372763224,19.862875938
457,228000,279300,70950,0.449532203997,0.0929488957167,19.912976026
458,228450,279900,71100,0.427129830123,0.211345594444,19.96369600
459,228900,280500,71250,0.467769752702,0.216112844731,20.012704849
460,229350,281200,71450,0.48479552924,0.266794609734,20.061177015
461,229800,281800,71600,0.444139638325,0.0369912705568,20.104583978
462,230250,282400,71750,0.456360100776,0.0881370006721,20.148727893
463,230700,283000,71900,0.466399648308,0.037006290081,20.187881946
464,231150,283600,72050,0.463595890641,0.0371923164722,20.230581045
465,231600,284200,72200,0.46210361165,0.0263948094281,20.277868986
466,232050,284800,72350,0.442053802273,0.0246246783166,20.326699972
467,232500,285400,72500,0.436094098603,0.0888596747574,20.374234914
468,232950,286000,72650,0.441167259628,0.132564710394,20.419528961
469,233400,286600,72800,0.433135036784,0.146780560528,20.462234973
470,233850,287300,73000,0.463405819893,0.121921815691,20.507844924
471,234300,287900,73150,0.433580212043,0.133106478629,20.549607992
472,234750,288500,73300,0.445930714142,0.0255251856595,20.592753887
473,235200,289100,73450,0.433990996945,0.15792145216,20.631148815
474,235650,289700,73600,0.461436940118,0.0386723692704,20.669155836
475,236100,290300,73750,0.478179632578,0.230568281391,20.709342002
476,236550,290900,73900,0.423922540227,0.324202575166,20.747244834
477,237000,291500,74050,0.469089431797,0.144022181725,20.784365892
478,237450,292100,74200,0.453605131388,0.0621306564218,20.822969913
479,237900,292700,74350,0.479665027219,0.226804636346,20.86159300
480,238350,293400,74550,0.440627187432,0.185076358806,20.901834964
481,238800,294000,74700,0.479396665051,0.290050685769,20.941334962
482,239250,294600,74850,0.449060796475,0.0815275760416,20.978824853
483,239700,295200,75000,0.454589060535,0.0519357545061,21.01628398
484,240150,295800,75150,0.437528545997,0.185856401985,21.055481910
485,240600,296400,75300,0.455614986149,0.0810324767587,21.092258930
486,241050,297000,75450,0.461461997039,0.0709344913304,21.130750894
487,241500,297600,75600,0.464309957684,0.153998294696,21.169553995
488,241950,298200,75750,0.451656087428,0.0443969923389,21.207422971
489,242400,298800,75900,0.460144369152,0.124276491995,21.243947029
490,242850,299500,76100,0.459340668483,0.120945932537,21.287092924
491,243300,300100,76250,0.416788499832,0.41287226934,21.325763940
492,243750,300700,76400,0.434041871217,0.172506188544,21.364774942
493,244200,301300,76550,0.437602333066,0.1934498378,21.40616798
494,244650,301900,76700,0.453848091701,0.10448081715,21.447180032
495,245100,302500,76850,0.471015162413,0.172989590351,21.491267919
496,245550,303100,77000,0.491475277418,0.457240501082,21.534533023
497,246000,303700,77150,0.429604939742,0.363566171384,21.583451986
498,246450,304300,77300,0.417563115413,0.319411718168,21.628779888
499,246900,304900,77450,0.453633454669,0.0319236569494,21.673810005
500,247350,305600,77650,0.469282363938,0.187285517765,21.732332944
501,247800,306200,77800,0.454422774345,0.0818306792146,21.772778034
502,248250,306800,77950,0.408501045265,0.315986024095,21.814157962
503,248700,307400,78100,0.458340422234,0.0518823068114,21.859330892
504,251400,308000,78250,0.447483083738,0.0048858032688,21.9818859
505,251850,308600,78400,0.46031614256,0.0114212069615,22.026005029
506,252300,309200,78550,0.439508503596,0.081584955753,22.065949916
507,252750,309800,78700,0.457046927389,0.0811414942721,22.104975938
508,253200,310400,78850,0.465950316576,0.20618837068,22.151413917
509,253650,311000,79000,0.459990003517,0.0580467456927,22.191057920
510,254100,311700,79200,0.438966865598,0.133189229579,22.234385013
511,254550,312300,79350,0.457519283617,0.0355085354043,22.2751109
512,255000,312900,79500,0.434027211545,0.0992703817175,22.319460868
513,257700,313500,79650,0.449961875441,0.00702654188575,22.449208021
514,258150,314100,79800,0.474651875511,0.222534242919,22.49076294
515,258600,314700,79950,0.454431489672,0.0168412965039,22.529219865
516,259050,315300,80100,0.455903689843,0.0233918961135,22.570206880
517,259500,315900,80250,0.430702285354,0.25501639894,22.610836029
518,259950,316500,80400,0.392262960263,0.588083231123,22.647047042
519,260400,317100,80550,0.463558075542,0.198994445793,22.68467998
520,260850,317800,80750,0.447482497564,0.00538997701193,22.770117044
521,261300,318400,80900,0.450562453807,0.0746340039199,22.871778011
522,261750,319000,81050,0.454452301565,0.0179120953613,22.936789035
523,262200,319600,81200,0.467514509201,0.16442970154,22.983199834
524,262650,320200,81350,0.431890116231,0.212714161694,23.027379989
525,263100,320800,81500,0.444945200273,0.0478023085639,23.068114042
526,263550,321400,81650,0.460985317424,0.119303449078,23.109220981
527,264000,322000,81800,0.474296079811,0.108819686504,23.153837919
528,264450,322600,81950,0.481786719953,0.329522708966,23.192183971
529,264900,323200,82100,0.469465764037,0.190365625896,23.233316898
530,265350,323900,82300,0.468526021376,0.0903140261857,23.278820037
531,265800,324500,82450,0.497631368863,0.44302956645,23.318544864
532,266250,325100,82600,0.470943674308,0.213711272806,23.357686996
533,266700,325700,82750,0.440484914062,0.118504564194,23.396579027
534,267150,326300,82900,0.436911287795,0.138407751476,23.436782836
535,267600,326900,83050,0.474047990923,0.204684109448,23.476461887
536,268050,327500,83200,0.462382151158,0.0975615345221,23.51703190
537,268500,328100,83350,0.465873508626,0.17379913732,23.558614015
538,268950,328700,83500,0.459693620038,0.013736999276,23.597916841
539,269400,329300,83650,0.438861615799,0.0957553720053,23.636576890
540,269850,330000,83850,0.434863339791,0.240177959903,23.681033849
541,270300,330600,84000,0.458349583305,0.017624929844,23.721274852
542,270750,331200,84150,0.460533333618,0.0527408950365,23.766374826
543,271200,331800,84300,0.477159407384,0.114728652169,23.810940980
544,271650,332400,84450,0.429305697783,0.342449583578,23.849086046
545,272100,333000,84600,0.433242437055,0.112531597247,23.889436006
546,272550,333600,84750,0.461325226841,0.135323283167,23.929811000
547,273000,334200,84900,0.435744456541,0.140939427671,23.969420909
548,273450,334800,85050,0.438036953118,0.0382854262876,24.008515834
549,273900,335400,85200,0.46222146358,0.0556686473866,24.049872875
550,274350,336100,85400,0.460717072521,0.055308010875,24.092844963
551,274800,336700,85550,0.478031379338,0.192221935955,24.132014036
552,275250,337300,85700,0.46061541481,0.0944438485184,24.172902822
553,275700,337900,85850,0.464644821276,0.101204042733,24.2130210
554,276150,338500,86000,0.442103424971,0.209889685196,24.254412889
555,276600,339100,86150,0.470921439412,0.136242727748,24.294231891
556,277050,339700,86300,0.447274350313,0.0988667041234,24.337375879
557,277500,340300,86450,0.467439513788,0.193438248847,24.378058910
558,277950,340900,86600,0.456805591832,0.0395396729585,24.419159889
559,278400,341500,86750,0.442208242501,0.133591624651,24.463943004
560,278850,342200,86950,0.477941026301,0.109281051053,24.513337850
561,279300,342800,87100,0.443149663464,0.14662633173,24.558064937
562,279750,343400,87250,0.446479662669,0.0145037520884,24.608099937
563,280200,344000,87400,0.435765202334,0.269208042935,24.645109891
564,280650,344600,87550,0.450223332464,0.0131683100372,24.686944961
565,281100,345200,87700,0.466225971242,0.0309252661927,24.726734876
566,281550,345800,87850,0.479122558835,0.154353457856,24.765254020
567,282000,346400,88000,0.440555022143,0.081232325481,24.80417203
568,282450,347000,88150,0.432417030066,0.147761462195,24.842958927
569,282900,347600,88300,0.477821978876,0.288409161059,24.88452696
570,283350,348300,88500,0.46837778667,0.15076225373,24.932471990
571,283800,348900,88650,0.446200933234,0.00547303727527,24.973662853
572,284250,349500,88800,0.436603824966,0.209764261675,25.015630006
573,284700,350100,88950,0.460391369304,0.130915522091,25.057878971
574,285150,350700,89100,0.474178622774,0.157722439053,25.098101854
575,285600,351300,89250,0.465457383306,0.0990244724099,25.140010833
576,286050,351900,89400,0.449165789096,0.140723923943,25.183781862
577,286500,352500,89550,0.475448042024,0.14708412509,25.225795984
578,286950,353100,89700,0.451760864976,0.0706858510173,25.26550197
579,287400,353700,89850,0.468418773399,0.0894143825129,25.303364992
580,287850,354400,90050,0.450904640807,0.186085319526,25.344355821
581,288300,355000,90200,0.446287720126,0.0876937066244,25.382583856
582,288750,355600,90350,0.442304263896,0.188135844085,25.420332908
583,289200,356200,90500,0.510974503395,0.485337274788,25.460775852
584,289650,356800,90650,0.430316274085,0.355696573868,25.500416040
585,290100,357400,90800,0.451719983439,0.0231410026993,25.543550968
586,290550,358000,90950,0.450996705924,0.0526111907471,25.583994865
587,291000,358600,91100,0.458806009464,0.0452689759342,25.624830961
588,291450,359200,91250,0.464736891601,0.0854828305288,25.664175033
589,294150,359800,91400,0.458733459379,0.0125120953133,25.793604850
590,294600,360500,91600,0.446212484126,0.0785190620126,25.840767860
591,295050,361100,91750,0.429942564727,0.276627681217,25.877693891
592,295500,361700,91900,0.459945975507,0.0684300073236,25.913939952
593,295950,362300,92050,0.448924117554,0.0179622595754,25.949950933
594,296400,362900,92200,0.439240082846,0.217313870239,25.986361026
595,296850,363500,92350,0.445095132209,0.0223107890222,26.022469997
596,297300,364100,92500,0.472216168866,0.036998379435,26.058776855
597,297750,364700,92650,0.428679711346,0.234540244423,26.095036029
598,298200,365300,92800,0.444537617584,0.130088875438,26.132262945
599,298650,365900,92950,0.443001813865,0.158814783164,26.170701026
600,299100,366600,93150,0.439125437403,0.0134515465092,26.214192867
601,299550,367200,93300,0.436416797533,0.100164881741,26.253916978
602,300000,367800,93450,0.448247135046,0.0906211403176,26.294966936
603,300450,368400,93600,0.461874872512,0.0209494254711,26.339465856
604,300900,369000,93750,0.459686060064,0.158214982464,26.377914905
605,301350,369600,93900,0.456869827107,0.0139078108081,26.416266918
606,301800,370200,94050,0.485770933625,0.295952092653,26.463781833
607,302250,370800,94200,0.440798311779,0.0488815527295,26.505107879
608,302700,371400,94350,0.458097045365,0.0190860074791,26.542865037
609,303150,372000,94500,0.432129725069,0.274870508557,26.584383010
610,303600,372700,94700,0.456014190792,0.0301493626581,26.631026983
611,304050,373300,94850,0.45293667887,0.0607645200071,26.674463033
612,304500,373900,95000,0.44296292635,0.0882675773446,26.716811895
613,304950,374500,95150,0.445827824768,0.0883040993571,26.762961864
614,305400,375100,95300,0.450042511738,0.0180728117657,26.802057981
615,305850,375700,95450,0.424978754088,0.322000619957,26.842663049
616,306300,376300,95600,0.417349307135,0.232697337048,26.881948947
617,306750,376900,95750,0.445769442567,0.00882477509761,26.922583818
618,307200,377500,95900,0.477829477673,0.205053598403,26.964361906
619,307650,378100,96050,0.452867141177,0.0214346203932,27.003410816
620,308100,378800,96250,0.44010735511,0.0530531436576,27.047569990
621,308550,379400,96400,0.480066262527,0.203329036307,27.087108850
622,309000,380000,96550,0.45982299622,0.0680395519473,27.125885963
623,309450,380600,96700,0.464302502548,0.114289862752,27.164063930
624,309900,381200,96850,0.470922472549,0.170123778418,27.202903032
625,310350,381800,97000,0.439263821941,0.126342354963,27.240782022
626,310800,382400,97150,0.447370288354,0.0302295173621,27.281090974
627,311250,383000,97300,0.45215364422,0.0524029391883,27.318424940
628,311700,383600,97450,0.46083064186,0.0639738034767,27.356559038
629,312150,384200,97600,0.44857376743,0.0281872193898,27.393894910
630,312600,384900,97800,0.45244359381,0.0206623996462,27.436568975
631,313050,385500,97950,0.457793555889,0.0577302603605,27.474927902
632,313500,386100,98100,0.466457931935,0.161110175405,27.513077020
633,313950,386700,98250,0.475178990849,0.178238371715,27.551791906
634,314400,387300,98400,0.441571536324,0.132385788998,27.590795993
635,314850,387900,98550,0.463321302196,0.108712517692,27.629108905
636,315300,388500,98700,0.466846369775,0.0979881354396,27.669610977
637,315750,389100,98850,0.429655566375,0.218736793856,27.709172964
638,316200,389700,99000,0.437543795202,0.0955713930112,27.750787973
639,316650,390300,99150,0.458182138917,0.136777805594,27.797518014
640,317100,391000,99350,0.480956166736,0.301400361776,27.843279838
641,317550,391600,99500,0.44087243493,0.245104074045,27.886584043
642,318000,392200,99650,0.456381234914,0.0717066812636,27.926932811
643,318450,392800,99800,0.436016895002,0.0958898668116,27.969316959
644,318900,393400,99950,0.459516036681,0.127034044781,28.00922393
645,319350,394000,100100,0.453094832469,0.0650881921499,28.048068046
646,319800,394600,100250,0.454370744767,0.0710807804092,28.090642929
647,320250,395200,100400,0.444801661502,0.118585755868,28.132374048
648,320700,395800,100550,0.434979314145,0.128560348221,28.171166896
649,321150,396400,100700,0.450893927975,0.0399503347783,28.211133003
650,321600,397100,100900,0.456290199177,0.0767309517654,28.252830028
651,322050,397700,101050,0.435089645304,0.19003929338,28.291636943
652,322500,398300,101200,0.463126157689,0.140583979763,28.330332040
653,322950,398900,101350,0.423884995481,0.241653125545,28.37640690
654,323400,399500,101500,0.456842421598,0.0406078783115,28.422598838
655,323850,400100,101650,0.433585112736,0.157732682254,28.467764854
656,324300,400700,101800,0.446290284219,0.0920832912407,28.522740840
657,324750,401300,101950,0.412885319627,0.347601553605,28.57069182
658,325200,401900,102100,0.442590251922,0.135663757791,28.615960836
659,325650,402500,102250,0.450567510277,0.0516101381813,28.666100978
660,326100,403200,102450,0.436257376309,0.0515768255005,28.715308904
661,326550,403800,102600,0.453696487746,0.0659765984744,28.76277303
662,327000,404400,102750,0.439781655582,0.0694488294068,28.808593988
663,327450,405000,102900,0.474953035393,0.272115360305,28.859158992
664,327900,405600,103050,0.46625228008,0.0797969081623,28.902884006
665,328350,406200,103200,0.504957501023,0.564483230639,28.947377920
666,328800,406800,103350,0.435503888774,0.128703354393,28.993059873
667,329250,407400,103500,0.489856347169,0.247770445422,29.046169996
668,329700,408000,103650,0.436595363171,0.251993914485,29.094429016
669,330150,408600,103800,0.45322640032,0.0890877866658,29.138545036
670,330600,409300,104000,0.451689317282,0.0443958028025,29.19032287
671,331050,409900,104150,0.47210205252,0.188942097028,29.247196912
672,331500,410500,104300,0.456258320742,0.0795397354088,29.290714979
673,331950,411100,104450,0.438989563352,0.104535938592,29.336252927
674,332400,411700,104600,0.45546260049,0.0573590477964,29.379592895
675,332850,412300,104750,0.466118199912,0.214241165069,29.417462825
676,333300,412900,104900,0.468594740298,0.24012787674,29.455891847
677,336000,413500,105050,0.451416188863,0.00620769939259,29.579445838
678,336450,414100,105200,0.452237404908,0.0948741190274,29.617722034
679,336900,414700,105350,0.472369325975,0.13340509379,29.657873868
680,337350,415400,105550,0.455006387312,0.00498556875343,29.700300931
681,337800,416000,105700,0.43950348792,0.216641239867,29.738219022
682,338250,416600,105850,0.455628226942,0.0710204560152,29.777508020
683,338700,417200,106000,0.456705143875,0.0468278797934,29.817255973
684,339150,417800,106150,0.425381149699,0.346505127854,29.854457855
685,339600,418400,106300,0.483398457982,0.28373646282,29.893105983
686,340050,419000,106450,0.463018851927,0.0613972921164,29.933423042
687,340500,419600,106600,0.4388811516,0.12608785737,29.973052978
688,340950,420200,106750,0.441766265752,0.207147628027,30.014981031
689,341400,420800,106900,0.453803239634,0.0985836959618,30.052238941
690,341850,421500,107100,0.436805386493,0.138161386438,30.095067977
691,342300,422100,107250,0.440573146289,0.190378215745,30.134090900
692,342750,422700,107400,0.448794998889,0.0572152293033,30.171864986
693,343200,423300,107550,0.458810188663,0.0208679289137,30.213435888
694,343650,423900,107700,0.452984443486,0.110198944654,30.257750034
695,344100,424500,107850,0.486508290128,0.287395818353,30.293727874
696,344550,425100,108000,0.447779796319,0.125079927905,30.367897033
697,345000,425700,108150,0.466374249043,0.141594465156,30.475364923
698,345450,426300,108300,0.411619971289,0.376094629636,30.551687002
699,345900,426900,108450,0.469299572045,0.0954594061042,30.616616964
700,346350,427600,108650,0.452902343921,0.117393716604,30.669615030
701,346800,428200,108800,0.477419736833,0.252670987999,30.709908008
702,347250,428800,108950,0.460586220904,0.191272170256,30.755487918
703,347700,429400,109100,0.454660295478,0.0545403988776,30.797391891
704,348150,430000,109250,0.458980045368,0.00823924539719,30.840054035
705,348600,430600,109400,0.464961001483,0.0807012375094,30.883364915
706,349050,431200,109550,0.449143536819,0.0104313543281,30.920526981
707,349500,431800,109700,0.453606630252,0.0333916690581,30.965005874
708,349950,432400,109850,0.437324704677,0.120580278976,31.013506889
709,350400,433000,110000,0.464702057218,0.11117190113,31.058629035
710,350850,433700,110200,0.452457402446,0.0187495486699,31.105621814
711,351300,434300,110350,0.48240306478,0.156190346211,31.151109933
712,351750,434900,110500,0.454472340574,0.0346620858987,31.196249961
713,352200,435500,110650,0.45898360951,0.156112554722,31.248627901
714,352650,436100,110800,0.434162265983,0.19801333461,31.299777984
715,353100,436700,110950,0.448835903107,0.0902031768354,31.388921022
716,353550,437300,111100,0.445040802652,0.110213353198,31.473433017
717,354000,437900,111250,0.48237476509,0.288522796199,31.524256944
718,354450,438500,111400,0.412160382773,0.366646106103,31.578145980
719,354900,439100,111550,0.45202508669,0.00851810094845,31.621836900
720,355350,439800,111750,0.468044138042,0.159388317248,31.675783872
721,355800,440400,111900,0.458867139273,0.103741920972,31.719455003
722,356250,441000,112050,0.451870719239,0.0111035462754,31.761814832
723,356700,441600,112200,0.449850716057,0.0814585650323,31.805269002
724,357150,442200,112350,0.444805022941,0.142023504604,31.846391916
725,357600,442800,112500,0.441093255373,0.0885092522273,31.8940789
726,358050,443400,112650,0.430920782489,0.199833050595,31.931125879
727,358500,444000,112800,0.448515620669,0.0351994880271,31.974982976
728,358950,444600,112950,0.475625327803,0.172556151772,32.02045798
729,359400,445200,113100,0.432000476862,0.240032792093,32.067674875
730,359850,445900,113300,0.452101837496,0.00541564968608,32.116125822
731,360300,446500,113450,0.457479184087,0.0624806199984,32.163213968
732,360750,447100,113600,0.472132682925,0.217281890061,32.20777797
733,363450,447700,113750,0.453544068757,0.0103603420741,32.364007949
734,363900,448300,113900,0.438337574695,0.112919913877,32.407835960
735,364350,448900,114050,0.456686426626,0.10100766102,32.455612897
736,364800,449500,114200,0.473835288186,0.207377511493,32.50034403
737,365250,450100,114350,0.448631145781,0.164647094743,32.541354894
738,365700,450700,114500,0.460675102031,0.0868326630751,32.583412885
739,366150,451300,114650,0.469424772708,0.129710278688,32.624336957
740,366600,452000,114850,0.451605113666,0.026352433449,32.670804977
741,367050,452600,115000,0.439823774925,0.0548997639681,32.711053848
742,367500,453200,115150,0.465280758728,0.0444357594917,32.750047922
743,367950,453800,115300,0.449111586917,0.0133515778263,32.791882038
744,368400,454400,115450,0.444099750059,0.127097364065,32.832948923
745,368850,455000,115600,0.460698687074,0.0104380171043,32.883303880
746,369300,455600,115750,0.444414166607,0.0881663394172,32.92483401
747,369750,456200,115900,0.457591739578,0.0561841757261,32.961148977
748,370200,456800,116050,0.464223572677,0.114101164931,32.998133897
749,370650,457400,116200,0.486143744545,0.394392933515,33.03500986
750,371100,458100,116400,0.461613984967,0.0494919768305,33.075942993
751,371550,458700,116550,0.441435143663,0.0423956885765,33.112800836
752,372000,459300,116700,0.460851197074,0.125499069149,33.150863885
753,372450,459900,116850,0.438143641596,0.173423460018,33.189873933
754,372900,460500,117000,0.443643734175,0.0840062100601,33.226204872
755,373350,461100,117150,0.464302624212,0.0594839048351,33.26288700
756,373800,461700,117300,0.469121111608,0.113412238619,33.299974918
757,374250,462300,117450,0.442609369884,0.229878649653,33.336220979
758,374700,462900,117600,0.439446069934,0.127637174704,33.373260974
759,375150,463500,117750,0.438004081988,0.0982156967508,33.409559011
760,375600,464200,117950,0.440831569594,0.12647179848,33.450253963
761,376050,464800,118100,0.451841644369,0.0603091284024,33.486953973
762,376500,465400,118250,0.444962035505,0.0236417066238,33.52315497
763,376950,466000,118400,0.463181134734,0.0693073542661,33.559377908
764,377400,466600,118550,0.467055727537,0.174506279656,33.595384836
765,377850,467200,118700,0.461477862423,0.0441976874846,33.631875991
766,378300,467800,118850,0.412653840238,0.455596146216,33.667409896
767,378750,468400,119000,0.447527924088,0.151509210427,33.703269958
768,379200,469000,119150,0.464844186742,0.136602971136,33.739226818
769,379650,469600,119300,0.487285508444,0.220655770804,33.775609016
770,380100,470300,119500,0.468449499603,0.16336819404,33.815290927
771,380550,470900,119650,0.458748698361,0.0627958509149,33.85150098
772,381000,471500,119800,0.48247959109,0.227781215805,33.888429880
773,381450,472100,119950,0.455826617307,0.0127313708805,33.923535823
774,381900,472700,120100,0.444245597226,0.0528782960314,33.959645986
775,382350,473300,120250,0.479027199721,0.336181847279,33.99562382
776,382800,473900,120400,0.464206427393,0.00828781125539,34.03137302
777,383250,474500,120550,0.44321968014,0.260581227185,34.067301034
778,383700,475100,120700,0.457333415668,0.0733380382861,34.102963924
779,384150,475700,120850,0.466936107983,0.0838521192468,34.139246940
780,384600,476400,121050,0.474046911873,0.0717152984493,34.179148912
781,385050,477000,121200,0.443921278358,0.220521013014,34.214725017
782,385500,477600,121350,0.438566718553,0.138105619075,34.250692844
783,385950,478200,121500,0.447702789195,0.164408660805,34.287123918
784,386400,478800,121650,0.451228453871,0.00999990293548,34.323258876
785,386850,479400,121800,0.482790315944,0.255317259919,34.360432863
786,387300,480000,121950,0.461270045684,0.118359577737,34.397183895
787,387750,480600,122100,0.476629706883,0.104173622514,34.434800863
788,388200,481200,122250,0.431459930902,0.302911054551,34.471935033
789,388650,481800,122400,0.454534941645,0.0328162002368,34.508679866
790,389100,482500,122600,0.454472067723,0.0518519089426,34.549765825
791,389550,483100,122750,0.425561996009,0.213644932198,34.586652040
792,390000,483700,122900,0.478785637365,0.235796050185,34.623994827
793,390450,484300,123050,0.430700864267,0.281346895274,34.661041021
794,390900,484900,123200,0.468496245465,0.114876498281,34.69880294
795,391350,485500,123350,0.473921204494,0.282909476745,34.735046863
796,391800,486100,123500,0.445177607358,0.105772542753,34.770778894
797,392250,486700,123650,0.430369589673,0.176637926008,34.806752920
798,392700,487300,123800,0.455538147549,0.0109424775946,34.841564893
799,393150,487900,123950,0.456307714381,0.00880587410526,34.882585048
800,393600,488600,124150,0.467238621887,0.101256243272,34.926460981
801,394050,489200,124300,0.466628870969,0.13125347686,34.968329906
802,394500,489800,124450,0.471405692107,0.264282440225,35.007215976
803,394950,490400,124600,0.466723715914,0.154960482826,35.044134855
804,395400,491000,124750,0.482205604016,0.172408292697,35.081984043
805,395850,491600,124900,0.465133227899,0.0988634862218,35.119045972
806,396300,492200,125050,0.445633961349,0.122490032853,35.157033920
807,396750,492800,125200,0.462132845622,0.0709665162668,35.197026014
808,397200,493400,125350,0.460087485676,0.0421398658181,35.235720872
809,397650,494000,125500,0.455561978473,0.0571224396809,35.273814916
810,398100,494700,125700,0.427577931355,0.36642215858,35.313187837
811,398550,495300,125850,0.445056648072,0.223387048965,35.350448846
812,399000,495900,126000,0.431728533301,0.268729742957,35.395426034
813,399450,496500,126150,0.464583018155,0.113283787567,35.437970876
814,399900,497100,126300,0.471748477723,0.0528150115785,35.480373859
815,400350,497700,126450,0.432998488688,0.19777429231,35.518683910
816,400800,498300,126600,0.435453887129,0.261639161372,35.553819894
817,401250,498900,126750,0.454811698794,0.124786909966,35.589628934
818,401700,499500,126900,0.465366691272,0.131561905817,35.630995035
819,402150,500100,127050,0.438672220639,0.220863918841,35.666219949
820,402600,500800,127250,0.438703683213,0.218020412576,35.707662820
821,403050,501400,127400,0.456602254209,0.0369694816392,35.744177818
822,403500,502000,127550,0.463350635941,0.134722914235,35.785673856
823,403950,502600,127700,0.448161354898,0.0132893656952,35.822248935
824,404400,503200,127850,0.439036815757,0.198295303706,35.858578920
825,404850,503800,128000,0.454053845069,0.00448890969815,35.897423982
826,405300,504400,128150,0.439286304085,0.0467802502714,35.934274911
827,405750,505000,128300,0.457134240123,0.0651537832703,35.971150875
828,406200,505600,128450,0.423750932811,0.280776783049,36.006798982
829,406650,506200,128600,0.452578761656,0.0751507170653,36.041980028
830,407100,506900,128800,0.439386131213,0.1192877036,36.085237026
831,407550,507500,128950,0.502165227782,0.513271828098,36.126071929
832,408000,508100,129100,0.445641414614,0.0271897473777,36.165967941
833,408450,508700,129250,0.464496324989,0.0619543722863,36.209347963
834,408900,509300,129400,0.435660174032,0.160042143,36.252251863
835,409350,509900,129550,0.442160798429,0.064498112611,36.303333044
836,409800,510500,129700,0.436739361128,0.163582229643,36.366039037
837,410250,511100,129850,0.459867359951,0.0501104635763,36.406352043
838,410700,511700,130000,0.445447244352,0.0661282951387,36.448714971
839,411150,512300,130150,0.425840945464,0.173300019135,36.489797830
840,411600,513000,130350,0.459674988192,0.0465135130399,36.537312984
841,412050,513600,130500,0.461455391988,0.0120560853004,36.574940919
842,412500,514200,130650,0.468024329005,0.15358306829,36.618870973
843,412950,514800,130800,0.440844965861,0.159816076583,36.656433820
844,413400,515400,130950,0.438835898056,0.0320262235424,36.69763302
845,413850,516000,131100,0.472019080363,0.10868002395,36.736629962
846,414300,516600,131250,0.449704637512,0.00778527315936,36.776105880
847,414750,517200,131400,0.474850667068,0.226050296973,36.817293882
848,415200,517800,131550,0.441503042165,0.0738535962843,36.853364944
849,415650,518400,131700,0.468382666219,0.187844739036,36.894759893
850,416100,519100,131900,0.414855379425,0.239562551692,36.93424081
851,416550,519700,132050,0.444767991283,0.028411271501,36.976164817
852,417000,520300,132200,0.482646427749,0.197700025068,37.018806934
853,417450,520900,132350,0.485207187012,0.259501407844,37.056398868
854,417900,521500,132500,0.459928289241,0.0163356042714,37.095176935
855,418350,522100,132650,0.429699065442,0.235349422193,37.139030933
856,418800,522700,132800,0.46952971322,0.301881521154,37.177105903
857,419250,523300,132950,0.44381000774,0.0791651168464,37.221436977
858,419700,523900,133100,0.480032919145,0.27466922284,37.259330034
859,420150,524500,133250,0.435647281054,0.353610294131,37.302229881
860,420600,525200,133450,0.456638038734,0.0535567207329,37.346740961
861,421050,525800,133600,0.414794941896,0.39853896945,37.388785839
862,421500,526400,133750,0.451320589939,0.0422577182879,37.431663036
863,421950,527000,133900,0.464110859197,0.0233030713923,37.47454786
864,422400,527600,134050,0.44244964106,0.113260734722,37.511940002
865,422850,528200,134200,0.424988357323,0.20533768581,37.551374912
866,423300,528800,134350,0.45976740421,0.155169005483,37.591024875
867,423750,529400,134500,0.463399155632,0.142591037047,37.633652925
868,424200,530000,134650,0.474065531096,0.334917514919,37.674644947
869,424650,530600,134800,0.442678108133,0.158452044276,37.711338996
870,425100,531300,135000,0.434534632928,0.0482609580368,37.752452850
871,425550,531900,135150,0.430000917775,0.200440526292,37.796594858
872,426000,532500,135300,0.459692912756,0.0767573169515,37.834226846
873,426450,533100,135450,0.44777319912,0.020962741199,37.871057033
874,426900,533700,135600,0.45319911577,0.0719264691012,37.918900966
875,427350,534300,135750,0.461319289225,0.209910400856,37.962122917
876,427800,534900,135900,0.43324568545,0.22486433256,38.003132820
877,428250,535500,136050,0.466531634448,0.233016214617,38.046808958
878,428700,536100,136200,0.443261212774,0.0427988742412,38.084697008
879,429150,536700,136350,0.468972569075,0.108948210198,38.131503820
880,429600,537400,136550,0.410303144085,0.350828086965,38.175226926
881,430050,538000,136700,0.491431839789,0.418809750678,38.219347953
882,430500,538600,136850,0.456212636644,0.0219840161043,38.26323103
883,430950,539200,137000,0.447930254341,0.0563475441806,38.299554824
884,431400,539800,137150,0.474291206947,0.260047550127,38.341086864
885,431850,540400,137300,0.455264898666,0.0923617835521,38.382120847
886,432300,541000,137450,0.431173810675,0.307530430857,38.418190956
887,432750,541600,137600,0.467735617339,0.176584992106,38.461539983
888,433200,542200,137750,0.455343821683,0.0325106041597,38.50561499
889,433650,542800,137900,0.468121756324,0.194910234227,38.545779943
890,434100,543500,138100,0.477190263753,0.291558420435,38.587296009
891,434550,544100,138250,0.448531352879,0.0718379750835,38.634690046
892,435000,544700,138400,0.475079448585,0.0609330528543,38.672091007
893,435450,545300,138550,0.445583355472,0.0303729357859,38.715997934
894,435900,545900,138700,0.431980431707,0.268091239687,38.754068851
895,436350,546500,138850,0.42223681353,0.22157254325,38.800886869
896,436800,547100,139000,0.408342360732,0.479742513741,38.849443912
897,437250,547700,139150,0.472886018023,0.228861137927,38.892254829
898,437700,548300,139300,0.47874782398,0.178527723834,38.933166027
899,438150,548900,139450,0.456572456352,0.0125644110999,38.978798866
900,438600,549600,139650,0.444217266411,0.0331725628747,39.024390935
901,439050,550200,139800,0.466156433639,0.219166535104,39.062968969
902,439500,550800,139950,0.464258606009,0.0339209863547,39.104804992
903,439950,551400,140100,0.45095506384,0.0773908277827,39.146576881
904,440400,552000,140250,0.46825905767,0.105777082315,39.182855844
905,440850,552600,140400,0.410699754203,0.49684370124,39.218230009
906,441300,553200,140550,0.471210236968,0.23618567699,39.259337902
907,441750,553800,140700,0.477213874691,0.0367821915046,39.300271034
908,442200,554400,140850,0.443373298818,0.23101007141,39.336601018
909,442650,555000,141000,0.463878904354,0.103199934893,39.372819900
910,443100,555700,141200,0.451397824708,0.0498749519979,39.421278953
911,443550,556300,141350,0.432763446182,0.212484336624,39.458227872
912,444000,556900,141500,0.470893166733,0.150767648936,39.495751857
913,444450,557500,141650,0.447306278868,0.0469613542217,39.537989854
914,444900,558100,141800,0.485035675758,0.281726255266,39.578977823
915,445350,558700,141950,0.468885134428,0.134925963525,39.62210702
916,445800,559300,142100,0.436246597223,0.180728971716,39.662503957
917,446250,559900,142250,0.446288120553,0.097216625805,39.701745986
918,446700,560500,142400,0.465400378427,0.110497220666,39.740576982
919,447150,561100,142550,0.423700333608,0.257652497415,39.783334970
920,447600,561800,142750,0.464890169033,0.104245984174,39.82633590
921,448050,562400,142900,0.45344581327,0.0814633973192,39.863289833
922,448500,563000,143050,0.456363025407,0.0900444709773,39.903723955
923,448950,563600,143200,0.467959357394,0.112657522687,39.939594984
924,449400,564200,143350,0.464004002061,0.039187919617,39.976114988
925,449850,564800,143500,0.432912562286,0.170254175021,40.016464948
926,450300,565400,143650,0.482159891643,0.270488742846,40.052968025
927,450750,566000,143800,0.459423473762,0.00785306709294,40.093580007
928,451200,566600,143950,0.457211865238,0.0532633912465,40.129989862
929,451650,567200,144100,0.465479174665,0.214254275451,40.166916847
930,452100,567900,144300,0.475455328945,0.264373149366,40.206676006
931,452550,568500,144450,0.451603214619,0.0782770849809,40.248468875
932,453000,569100,144600,0.443891011824,0.0592221354177,40.292726039
933,453450,569700,144750,0.469729370139,0.174409684308,40.332973957
934,453900,570300,144900,0.465203262802,0.091473068605,40.371731042
935,454350,570900,145050,0.460135239281,0.00439204589594,40.411093950
936,454800,571500,145200,0.432980583328,0.269049287783,40.449986934
937,455250,572100,145350,0.452442082205,0.0594269330196,40.495509862
938,455700,572700,145500,0.426048551004,0.195824344566,40.531939983
939,456150,573300,145650,0.472867971264,0.0524744198592,40.570688962
940,456600,574000,145850,0.439433863271,0.17156869047,40.612339019
941,457050,574600,146000,0.438989436968,0.195412378133,40.649368047
942,457500,575200,146150,0.454939908564,0.0274684657358,40.691016912
943,457950,575800,146300,0.455685093526,0.0483666479054,40.734014987
944,458400,576400,146450,0.486117827666,0.365575742176,40.776962041
945,458850,577000,146600,0.440062143683,0.210462446241,40.820261955
946,459300,577600,146750,0.449380161564,0.127819619909,40.863415956
947,459750,578200,146900,0.48444362715,0.272254279282,40.904218912
948,460200,578800,147050,0.492542091914,0.407240259921,40.944371938
949,460650,579400,147200,0.462941039782,0.00777232778466,40.984794855
950,461100,580100,147400,0.435542457783,0.258511011202,41.028199911
951,461550,580700,147550,0.428695686365,0.205696226694,41.068902969
952,462000,581300,147700,0.467341562479,0.102807710682,41.109032869
953,462450,581900,147850,0.478874947195,0.197008302051,41.14924287
954,462900,582500,148000,0.45831661561,0.0787448071147,41.190409898
955,463350,583100,148150,0.457042448114,0.0267504489734,41.230062961
956,463800,583700,148300,0.454240122505,0.00763833522008,41.268679857
957,464250,584300,148450,0.441233584383,0.141888484318,41.334254980
958,464700,584900,148600,0.467741942977,0.0570449376402,41.388381004
959,465150,585500,148750,0.457363663932,0.0212554033186,41.430447816
960,465600,586200,148950,0.4677103599,0.0265808782742,41.476192951
961,466050,586800,149100,0.418954122165,0.273297754459,41.516083955
962,466500,587400,149250,0.424205520771,0.310780489621,41.554647922
963,466950,588000,149400,0.453354482268,0.0743745422503,41.595412015
964,467400,588600,149550,0.463225234463,0.22825111862,41.635390043
965,467850,589200,149700,0.465806632439,0.0502534677413,41.675302982
966,468300,589800,149850,0.462209248833,0.0149079121727,41.718255996
967,468750,590400,150000,0.439816122451,0.112959577564,41.758132934
968,469200,591000,150150,0.464458371641,0.0378439487485,41.798872947
969,469650,591600,150300,0.465813537389,0.0341710992739,41.838932037
970,470100,592300,150500,0.470256667147,0.211984731993,41.883514881
971,470550,592900,150650,0.473130790057,0.151974751389,41.921913862
972,471000,593500,150800,0.448747545987,0.126456153132,41.960856914
973,471450,594100,150950,0.453543828694,0.00791142423297,41.999054908
974,471900,594700,151100,0.466416194771,0.126471870001,42.042405843
975,472350,595300,151250,0.475473257642,0.268903912896,42.089663028
976,472800,595900,151400,0.467426986005,0.110746920927,42.129842042
977,473250,596500,151550,0.459092321052,0.0407337598398,42.170670032
978,473700,597100,151700,0.452247728877,0.0733314241844,42.212643861
979,474150,597700,151850,0.466782485553,0.146074733648,42.255821943
980,474600,598400,152050,0.462760922616,0.0983779553739,42.310250043
981,475050,599000,152200,0.447797940727,0.056179512261,42.350698947
982,475500,599600,152350,0.437331712226,0.264787104411,42.395025968
983,475950,600200,152500,0.459988723829,0.0471872751593,42.432180881
984,476400,600800,152650,0.416090533782,0.350206570007,42.469034910
985,476850,601400,152800,0.477348932601,0.226997435833,42.507176876
986,477300,602000,152950,0.468835288319,0.165207410502,42.54910492
987,477750,602600,153100,0.423031220437,0.30757942188,42.585783004
988,478200,603200,153250,0.445256994852,0.119718098775,42.622956991
989,478650,603800,153400,0.458544143164,0.0369847248423,42.659409999
990,479100,604500,153600,0.4439797838,0.219749980509,42.705638885
991,479550,605100,153750,0.447797802568,0.0454907333193,42.742697000
992,480000,605700,153900,0.45136435228,0.0841599737428,42.779995918
993,480450,606300,154050,0.436553521819,0.178987556999,42.817308902
994,480900,606900,154200,0.450706519366,0.0218878525378,42.854030847
995,481350,607500,154350,0.45665047359,0.0247875028607,42.891382932
996,481800,608100,154500,0.500241082137,0.518501179164,42.92961287
997,482250,608700,154650,0.435834519776,0.168349154734,42.968283891
998,482700,609300,154800,0.433478143988,0.272497084983,43.005090951
999,483150,609900,154950,0.481892066552,0.302026618148,43.04324102
1000,483600,610600,155150,0.452595414577,0.102443648591,43.085345983
