1.0,1.0,1.0,1.0
-0.0771188039085,-0.0399126034946,0.00450184891287,0.0321252961733
0.187136142545,0.0571346129443,0.255476325806,0.118878527359
-0.0426083622083,-0.0971870290574,0.173369199564,0.0977474242704
0.114984509669,-0.0347071577989,0.314384975564,0.144011966844
-0.0345421513211,-0.131630578568,0.254231904465,0.127657041988
0.0403910150808,-0.104496484365,0.325507878796,0.151573556118
-0.0377853678557,-0.156047819387,0.297146164457,0.143530327056
-0.0183325532267,-0.15657614581,0.327378667781,0.154000819157
-0.00954942377906,-0.161092491272,0.356233360879,0.16258668196
0.0159945929532,-0.147404609578,0.368499933021,0.164917546572
-0.017734729398,-0.166782262172,0.348495247955,0.158544106453
-0.0175802106038,-0.182994809341,0.37136710959,0.164181918098
-0.00086100814665,-0.174330537219,0.377376513347,0.165489232109
-0.0527614656611,-0.204676455099,0.349998376073,0.157573017326
0.0468434462523,-0.150702245353,0.406901716919,0.174659550692
-0.073341644834,-0.216795664482,0.340342957925,0.15403777945
-0.0319245827421,-0.194958822907,0.366962054872,0.162679937137
-0.0113917579946,-0.182599854387,0.378021158418,0.165912660851
-0.0145381815513,-0.184243123277,0.372104455943,0.164473022016
-0.0315658170466,-0.193989386587,0.361468531908,0.161608038102
0.0424808814812,-0.149588934014,0.401191593613,0.17393836539
0.0380061859403,-0.153597164931,0.400963427821,0.17372901713
0.0354940228321,-0.154918670294,0.399251032076,0.173113523661
0.0334762350474,-0.156212239476,0.39782274915,0.172493895563
0.0322036344465,-0.156226036597,0.395664082531,0.171664266825
0.0289483981938,-0.159084663361,0.395172928395,0.171398590278
0.0268958646858,-0.16014627699,0.39380721829,0.170875742448
0.0258224315983,-0.160233299777,0.392217803319,0.170280320412
0.0238110243711,-0.16127365164,0.390999842118,0.169762032247
0.0224434861967,-0.161607810196,0.389563449381,0.169213425139
0.0213388660602,-0.16166076378,0.388006007838,0.168608706014
0.0187993878833,-0.162747731986,0.386154377419,0.168059480883
0.0153760968502,-0.164917194196,0.384960023622,0.167678764852
0.0139761666989,-0.165286112879,0.383467518674,0.167197151501
0.0120175428918,-0.16618836279,0.382098798484,0.166789557274
0.00932287005463,-0.167839240459,0.380981607851,0.166487936407
0.00793168870886,-0.168280194517,0.379718970262,0.166075207361
0.00781099213791,-0.16771486967,0.378409832399,0.16561834863
0.00853355055604,-0.166299742279,0.377043940922,0.165158543927
0.00820365850921,-0.165791574825,0.375683402707,0.164711776525
0.00591717033265,-0.167454943724,0.375077915619,0.164519197481
0.00463990159197,-0.168393952567,0.374601914624,0.164336208068
0.00387787321654,-0.168667673336,0.373874896506,0.164070217753
0.0033275728143,-0.168625059648,0.372930921783,0.163763391616
0.00213611107263,-0.169516662046,0.372628570393,0.163622504292
0.00175573662401,-0.169536939054,0.371973989496,0.163369975822
-0.000255693171724,-0.171136727766,0.371656141893,0.163255926808
-0.00124967994659,-0.171778587237,0.371206795864,0.163093480263
-0.00168547735267,-0.171752019763,0.370573291048,0.16287811237
-0.00349784281987,-0.173271821089,0.370267548324,0.162760739307
-0.00298790880619,-0.172470675525,0.369689368882,0.162584163444
-0.00350878435741,-0.173015244622,0.369612893523,0.162566933136
-0.0048111634922,-0.174228697239,0.36978284438,0.162635658015
-0.00491076895533,-0.174204145814,0.369581251753,0.162591655938
-0.00541882191461,-0.174588052409,0.369497906277,0.162554265557
-0.00541256109145,-0.174503429992,0.369326685991,0.162519634871
-0.00589083963388,-0.174785629458,0.369163064144,0.162452510897
-0.00485532419151,-0.173409626638,0.368393920552,0.162177124438
-0.00494032357158,-0.173378006338,0.368235974333,0.1621352946
-0.0060104332661,-0.174379320578,0.368324494633,0.162188492138
-0.0062719252466,-0.174512910088,0.368135535868,0.162146565268
-0.00610629588516,-0.17425347616,0.367809630705,0.162044160481
-0.00765865568774,-0.176128957244,0.368525424276,0.162302472902
-0.00659611926952,-0.174675300608,0.367711092103,0.162041573741
-0.0068584085846,-0.174906208192,0.367696809215,0.162047885262
-0.00746494943595,-0.175495959877,0.367825258084,0.162102567442
-0.00808464804886,-0.176192841205,0.368066202587,0.16217308384
-0.00783519310581,-0.175821135006,0.367781943549,0.162080970197
-0.00729348247961,-0.175094802895,0.367329337887,0.161929222654
-0.00713833970852,-0.174921045448,0.367157639677,0.16187778385
-0.00688220292811,-0.174498791258,0.366870352359,0.16179295079
-0.00755195069799,-0.174924041373,0.366512379086,0.161734333833
-0.00749472273726,-0.174892882813,0.36650019767,0.161745123732
-0.00825345913944,-0.17536810948,0.366122775264,0.161686521064
-0.00827460177889,-0.175355275134,0.366099672729,0.161691347098
-0.00917234385016,-0.175972737057,0.365709741714,0.161608962178
-0.00869022330496,-0.175655833991,0.365900564645,0.161623895694
-0.00877830435828,-0.175744089799,0.365824780223,0.161578152578
-0.00843486653636,-0.175543744335,0.365939051671,0.161625424725
-0.00803977059219,-0.175275272013,0.366094347563,0.161662572275
-0.00792295943356,-0.175236867298,0.36613158594,0.161657107511
-0.00863569316593,-0.175444389055,0.365469499578,0.161553524239
-0.00908140844079,-0.175620049805,0.365080714198,0.161493452357
-0.00850816814596,-0.175336931447,0.365531161194,0.161581646258
-0.00918231483786,-0.175587423756,0.36492516921,0.161497611406
-0.00852992437995,-0.175298195941,0.365465736743,0.161594499153
-0.00851861393326,-0.175247711076,0.365335511297,0.161537781549
-0.00863762059871,-0.175299161796,0.365178926206,0.161519128025
-0.00863847386181,-0.175338287722,0.365201229583,0.161526013952
-0.00971019729421,-0.175850316618,0.364223839765,0.161341023575
-0.00949456302292,-0.175786279523,0.364415166905,0.161357019899
-0.00923216727397,-0.175663270444,0.364713814572,0.161395391486
-0.00966868348239,-0.175859359647,0.364230758851,0.161325055835
-0.0104949055891,-0.176259838495,0.363447418332,0.161242088541
-0.0109117173665,-0.176438000892,0.363080549939,0.161208936016
-0.0115333601674,-0.176725738224,0.362445602335,0.161141893371
-0.0124003366439,-0.177074749918,0.361548854511,0.161049225072
-0.0126412250579,-0.177200108202,0.36132204213,0.161042490999
-0.0121480109687,-0.177068781158,0.361860918423,0.161097833139
-0.0134067036099,-0.17756992324,0.360662870977,0.161007169062
-0.0129947004059,-0.177537546877,0.361256118496,0.161085151578
-0.0130592272198,-0.177627466061,0.361283208216,0.16111905455
-0.014347022665,-0.178422203191,0.360482234791,0.161095714037
-0.0150204603265,-0.178866528334,0.36008291146,0.161092678454
-0.0156386074546,-0.179239360383,0.359747819896,0.161097941961
-0.0157961450534,-0.179349488108,0.359790023194,0.16113254459
-0.0149313147401,-0.178932399927,0.360452272373,0.161194755383
-0.0143784375608,-0.178613497903,0.360918406128,0.161256392403
-0.014828955461,-0.178872581312,0.360752559317,0.161257153481
-0.0143199593834,-0.178615803549,0.36116171087,0.161278558379
-0.0145354861752,-0.178783695163,0.361086971208,0.161289665588
-0.0152977650676,-0.179401472646,0.360883469783,0.161368268752
-0.0153968343383,-0.179520951286,0.360902552186,0.161377367458
-0.014615898599,-0.178917263965,0.361299069596,0.161349819111
-0.0137050719966,-0.178257097067,0.361667783033,0.161304288131
-0.0125287449487,-0.177380714426,0.362153374586,0.161262098243
-0.0114064993062,-0.176536033238,0.362593127341,0.161193797363
-0.0112775866506,-0.176460869694,0.362650839009,0.161209961105
-0.0105045507293,-0.175900354533,0.362925948572,0.161153221395
-0.0122550136423,-0.177204300328,0.362341018357,0.161323807497
-0.0118121433197,-0.17689544775,0.362541650507,0.161300211207
-0.0114072094288,-0.176592897734,0.362796518579,0.161308280999
-0.0111710774114,-0.176457015128,0.362912994348,0.161301404324
-0.0106297543923,-0.176082073412,0.363227483716,0.161290271503
-0.0101438872822,-0.175729192816,0.363443310816,0.161285483621
-0.0101718294987,-0.175734477356,0.363398428923,0.161307949931
-0.0104966445775,-0.176014791195,0.363287130778,0.161323880292
-0.00972684212317,-0.175449530522,0.363740791745,0.161312256993
-0.0101681418948,-0.175791670234,0.363501091484,0.161321325718
-0.0114216059354,-0.176745809307,0.362900701126,0.161329835494
-0.0113308150092,-0.176672686704,0.36299084283,0.161355175021
-0.0116324503194,-0.17698765822,0.362903670325,0.161388167707
-0.0121812442581,-0.177467842728,0.362781856777,0.161440866192
-0.0120830742894,-0.177439077898,0.362832323216,0.161435129266
-0.0127764055482,-0.178032800624,0.362662888931,0.161456716346
-0.0129829177835,-0.178237935823,0.362617770371,0.161457996651
-0.0124254171006,-0.177824717018,0.362835382105,0.161434744744
-0.0121584517612,-0.177650209296,0.36298034522,0.161445997886
-0.0130425243091,-0.178265386304,0.362716784653,0.161490233408
-0.0139662835396,-0.178992725216,0.362411671606,0.161528184496
-0.0140133592539,-0.179018217945,0.362476877297,0.161552476851
-0.0125185927655,-0.177637058683,0.362652068435,0.161397110046
-0.0132245177281,-0.178326203912,0.362619342517,0.161494343585
-0.0138213023943,-0.17890789995,0.362560709021,0.161560559694
-0.0136249724321,-0.178752787698,0.362589403605,0.1615364429
-0.0141727015208,-0.17927390341,0.362541722243,0.161593280007
-0.0150182940855,-0.180090147734,0.36247780908,0.161725589116
-0.0139527301716,-0.179061708078,0.362637618833,0.161616910975
-0.0134939822808,-0.178657793186,0.362730664656,0.161597073186
-0.013715499377,-0.178860225547,0.362717860456,0.161623887411
-0.0144874432554,-0.179626370185,0.362651221032,0.16172912631
-0.0143607774788,-0.179533799793,0.36267998471,0.161686750863
-0.0140477101805,-0.17921355233,0.362692627593,0.161650851725
-0.0140409853105,-0.179257349075,0.362733912238,0.161644001312
-0.012822887948,-0.178198499542,0.362756485783,0.161456164076
-0.0123760749449,-0.177804937576,0.362774589928,0.161405105943
-0.0125369856573,-0.177980312663,0.362774725982,0.161458303024
-0.0135525246803,-0.17890878942,0.362741698051,0.161644561972
-0.0138243552665,-0.17917533602,0.362746204552,0.161686157668
-0.0130948993843,-0.178494652473,0.362794047304,0.161575266625
-0.0128542829679,-0.178254764383,0.362832290136,0.161554781731
-0.0124689493903,-0.178029846423,0.362915498831,0.161553925763
-0.0120599804183,-0.177812914754,0.36302747472,0.16154413224
-0.0114371215858,-0.177457457679,0.363198560848,0.161504164581
-0.0104734615096,-0.176896773245,0.363389541886,0.161450865935
-0.010654250809,-0.177034124325,0.363396763867,0.16148031219
-0.0105742012082,-0.176979535235,0.363408443535,0.161478655989
-0.0107876530717,-0.177123324943,0.363361119743,0.161487607631
-0.0108853968001,-0.177160027443,0.363352924033,0.16150622016
-0.0121631445721,-0.17790129508,0.363156606865,0.161605697036
-0.0127538337886,-0.178242320144,0.36307431149,0.161660090377
-0.0112423045713,-0.177200539683,0.363307453614,0.161549959507
-0.0115192938557,-0.177324523342,0.363226376843,0.161579579822
-0.0103923169687,-0.176536832675,0.363371048964,0.161509531657
-0.0111852546094,-0.177113813535,0.363265996522,0.161545618808
-0.0112496615052,-0.177165331445,0.363272306131,0.161558160733
-0.0114446760779,-0.177353762395,0.363252865527,0.161576770306
-0.0119645273169,-0.177727594536,0.3631773697,0.161602700383
-0.012488901064,-0.178133938326,0.363134037083,0.161652606615
-0.0121666531037,-0.177888039071,0.363194896907,0.161657369533
-0.0124448014498,-0.178060442814,0.363173972333,0.16167532792
-0.0115701955002,-0.178057045685,0.363137002529,0.161382798738
-0.0116283303403,-0.178153858801,0.363139306621,0.161402907059
-0.0116283296402,-0.178153858889,0.363139306457,0.161402907181
-0.0111786639015,-0.178134281607,0.3630898335,0.161280341083
-0.0106212752189,-0.178111904872,0.3630658696,0.161081369848
-0.0118744056354,-0.178245272569,0.36322609481,0.161516544391
-0.0125524284961,-0.178279627918,0.363289577859,0.161750279026
-0.0130040702229,-0.178260659244,0.363377313363,0.161922299846
-0.0138343663729,-0.17836901818,0.363493261339,0.162237312036
-0.0105861219485,-0.178180136217,0.363198108071,0.161136017189
-0.010389540309,-0.177536704273,0.363219601781,0.161223647086
-0.0101715455764,-0.176969169788,0.363250984969,0.161303782918
-0.00999462170548,-0.176502084866,0.36330189604,0.161342658308
-0.0104540197191,-0.177186227187,0.36333303731,0.161350000774
-0.0104636439649,-0.17703200745,0.363371862607,0.161374885596
-0.00988465295999,-0.176167779606,0.363358246153,0.161360925626
-0.0104732091912,-0.176879520726,0.363450157842,0.161486786929
-0.0103607279341,-0.176442684182,0.363488011428,0.161587624791
-0.0110829528602,-0.177508960873,0.363515664843,0.16164728008
-0.0102406590703,-0.176548632998,0.363462593758,0.161563009641
-0.00944214065751,-0.175762042442,0.363473900045,0.161504180791
-0.00927145820251,-0.175759030954,0.363508009992,0.161461768844
-0.0097497724797,-0.176238033651,0.363533907838,0.161510300083
-0.0101001671996,-0.176702043096,0.363504432643,0.161502788558
-0.0107951840319,-0.17734601766,0.363438208065,0.161569358164
-0.0111856688646,-0.177634016658,0.363458806954,0.161630574182
-0.0116237619286,-0.178225773609,0.363441229499,0.161649810407
-0.01257434684,-0.179099151377,0.363422549848,0.161740650047
-0.0117972417262,-0.178396569515,0.363491315131,0.161692089489
-0.0123056851347,-0.178885752879,0.363455371639,0.161728259307
-0.0130519797502,-0.179652798882,0.363686891281,0.161967357945
-0.0132937033603,-0.179979542534,0.363763971839,0.162050390628
-0.0137808573893,-0.18056601029,0.363911657339,0.162232920481
-0.0130619418122,-0.180073778765,0.363741706406,0.161990218977
-0.012382375541,-0.17936575222,0.363611820239,0.161771657698
-0.0116245417878,-0.178649074106,0.363473649207,0.161523413676
-0.0114572353494,-0.178618940522,0.363464757428,0.161488217789
-0.0116340376095,-0.178477245716,0.363499610628,0.161606129572
-0.0112397493776,-0.178201366781,0.363441276255,0.161466536653
-0.0108947224701,-0.177957702959,0.363374417207,0.161318426314
-0.010655123164,-0.177610601002,0.363360429363,0.161308504999
-0.0118707057664,-0.178790162214,0.363641890634,0.161592673212
-0.0114317040316,-0.178067238952,0.363568964285,0.161604200766
-0.010981624157,-0.177471703688,0.363444728385,0.161545532188
-0.0098289982926,-0.175949092218,0.363231872761,0.161406686847
-0.010523955484,-0.176717455032,0.363377958556,0.161564179387
-0.0104627418578,-0.176440601591,0.363381394173,0.161629553434
-0.0117034836627,-0.177581298319,0.363653649639,0.161945985477
-0.0113031426336,-0.177442744955,0.36358467671,0.161829742188
-0.0107225658349,-0.17679944313,0.363456323412,0.161710712202
-0.011527083865,-0.177891592874,0.363590042521,0.161835996607
-0.0113737599602,-0.17775823963,0.363602908111,0.161820968814
-0.011279620553,-0.177633492921,0.363605961775,0.161804874726
-0.0113019882951,-0.177597324153,0.363612453277,0.161813791561
-0.0105365723038,-0.176549160484,0.363520018261,0.161726198184
-0.0103979557111,-0.176445542392,0.363501356615,0.161688746525
-0.0121500889778,-0.178832013316,0.363765867401,0.161910372425
-0.0128107041703,-0.179811603104,0.363928810143,0.16199018199
-0.0131323602542,-0.180219700157,0.363978288731,0.162062231876
-0.0127280426078,-0.17975674405,0.363941364012,0.161997844335
-0.0125585778426,-0.179563392807,0.363897995317,0.16195576684
-0.0127004461217,-0.179850861306,0.364008981831,0.161992674649
-0.0130480509516,-0.180265325785,0.364101238771,0.162110300235
-0.0132401198139,-0.180442063485,0.364156780747,0.162185244314
-0.0134819054157,-0.180847055137,0.364277773545,0.162272905318
-0.0133093418849,-0.180652945501,0.364231088996,0.162233334877
-0.0136418096628,-0.181076148183,0.364356064114,0.162359636475
-0.0138627651238,-0.181357504125,0.364443020332,0.162464058943
-0.0138026658591,-0.181212608941,0.364476150491,0.162491316467
-0.0128425988796,-0.180035537759,0.364189116185,0.162204307531
-0.0141753253603,-0.181933330173,0.364717848631,0.16257850731
-0.0134085345179,-0.180821574844,0.364458029929,0.162384212584
-0.0132390578238,-0.180685608441,0.364445959282,0.162325858216
-0.0124956003807,-0.179635873388,0.364177088403,0.162125727892
-0.0130700671424,-0.180468256643,0.364450283904,0.162350064605
-0.0124519991302,-0.179551518183,0.364214062539,0.162209831024
-0.0114757264884,-0.178177293066,0.363832155543,0.161945008338
-0.0111591585775,-0.177704553376,0.363715709502,0.161879263414
-0.00987284785234,-0.175829823886,0.363216984584,0.161530894315
-0.0103614691197,-0.176549466856,0.363406387403,0.161649306542
-0.0100485812108,-0.17608800852,0.363387834737,0.161629502552
-0.0107877227141,-0.177190028409,0.363575134351,0.161716758553
-0.0107904320294,-0.177159178095,0.363572972071,0.161734073508
-0.00980300462133,-0.175891929012,0.363391441707,0.161601901543
-0.0109051694849,-0.177361617232,0.363664828399,0.161782031041
-0.0123277949318,-0.17932687422,0.364025133952,0.162007767187
-0.0127455354629,-0.179887618602,0.36413416842,0.16208400276
-0.0132456119219,-0.180486443263,0.364284179732,0.162184337442
-0.0143081922427,-0.181925058191,0.364572609986,0.162379755539
-0.0141292498661,-0.181642269714,0.364549857005,0.162376081152
-0.0151584726276,-0.183332262078,0.365105077283,0.162934267591
-0.0154327715177,-0.18379706548,0.365232482656,0.163062429115
-0.0159258202021,-0.184605684342,0.365490828795,0.163321185438
-0.0148767347549,-0.182917710731,0.364977253553,0.162790001865
-0.0138478756916,-0.181317570784,0.364491590328,0.16227931577
-0.0133389202568,-0.180619898522,0.364269492332,0.162067028784
-0.0121429584674,-0.178804359141,0.363776847568,0.161505563636
-0.0119496153374,-0.178548237302,0.363778910211,0.161434077928
-0.0105859352677,-0.176382797871,0.363180839672,0.160798685265
-0.0112816044408,-0.177515830153,0.363551816537,0.161169738521
-0.0101578861238,-0.175914604409,0.363138544838,0.161031628039
-0.00892754117106,-0.174260254362,0.362709985804,0.160840383402
-0.00894214590417,-0.17424852695,0.362723833195,0.160854696275
-0.00907054240887,-0.174465382139,0.362776321348,0.16087553647
-0.00989512310716,-0.175588098867,0.36309892928,0.161002584651
-0.00951400843282,-0.175145710797,0.363008327976,0.160976868226
-0.0092070494451,-0.174756858096,0.36290981227,0.160926618051
-0.00892252731847,-0.174202524668,0.362785725219,0.160868311621
-0.00873159989151,-0.173930403861,0.362741102909,0.160851332856
-0.0105699532687,-0.176455769153,0.363475707984,0.16117646242
-0.0109613873327,-0.177044398906,0.363581946389,0.161293720307
-0.0118048019368,-0.178240737322,0.36390405776,0.16157573177
-0.0125735675726,-0.179366407102,0.364213349215,0.161789366979
-0.0121920588115,-0.178847136929,0.364111448274,0.161681761666
-0.0129746561665,-0.179727973962,0.364303570243,0.161851456661
-0.0124379074045,-0.179100281442,0.364235060351,0.161755569305
-0.0128225765228,-0.179654952999,0.364390810305,0.161862651138
-0.0130682570477,-0.17998505987,0.364486623437,0.161929802143
-0.0126367613314,-0.179400921954,0.36437179937,0.161804855379
-0.0132139411788,-0.180259366041,0.36460102039,0.161992801236
-0.0140077944029,-0.181276435426,0.364930255409,0.162171890978
-0.0137855049433,-0.180933080677,0.364835736328,0.162144388456
-0.0135100141058,-0.180529542501,0.364736924519,0.162107803793
-0.0151333738177,-0.182632557729,0.365305763896,0.162533489106
-0.015323612163,-0.182973007745,0.365442927535,0.162628104338
-0.0153334796538,-0.182989945837,0.365432648072,0.162653571453
-0.0164714849181,-0.184481325186,0.365845552077,0.162932351875
-0.0158651096667,-0.183686222734,0.36560408183,0.162754426554
-0.0157038561935,-0.183448908298,0.365540327489,0.162724125375
-0.0158458282568,-0.183542587496,0.36558524143,0.162744248751
-0.0153223354773,-0.182860909027,0.365412183826,0.162632189387
-0.0145623603096,-0.181986664772,0.365171599638,0.162453152507
-0.0149936863847,-0.182593679726,0.365359488598,0.162595126515
-0.0151392479119,-0.182825703472,0.365506821137,0.162684837816
-0.0145022695793,-0.182065067741,0.36529715879,0.162558707263
-0.014820756992,-0.182606059714,0.365533962877,0.162676656283
-0.0140855085369,-0.181774986483,0.365308273301,0.162488155044
-0.0137730013937,-0.181244596303,0.365130390729,0.162358718442
-0.0134581910576,-0.180841443587,0.365031168657,0.162239324123
-0.0139369546661,-0.181479345513,0.365332538605,0.162439839639
-0.0146143003171,-0.182198355956,0.365466184643,0.162520805045
-0.0152541693921,-0.182932108011,0.365574460812,0.162602365712
-0.0143594545161,-0.182020671123,0.365447561613,0.162530469934
-0.0145474440304,-0.182249987409,0.365514809906,0.162573363931
-0.0138252682365,-0.181442722255,0.365401756011,0.162528943088
-0.0128449055864,-0.180358036052,0.365284758829,0.162454869916
-0.013084779849,-0.180605571668,0.365317565655,0.162481186148
-0.0124211714747,-0.179893304237,0.365234500975,0.162403431992
-0.0114908366547,-0.178949365159,0.36513884548,0.162323815864
-0.0122089978411,-0.179722346326,0.365226317737,0.162389253274
-0.0126055590668,-0.18013239079,0.365280297512,0.162416846964
-0.0117506375321,-0.17932383702,0.365308823112,0.162336895329
-0.0117385345058,-0.179369122635,0.365338995843,0.162330709833
-0.0114699049273,-0.179122077725,0.365350603311,0.162330410962
-0.00970309191451,-0.177279215629,0.365312953408,0.162200063545
-0.00950301417195,-0.17701452906,0.365283729426,0.16217872806
-0.0106630716353,-0.178202541235,0.365332688562,0.16226010672
-0.0118486996287,-0.17934795868,0.365363658547,0.16235707229
-0.0126281766054,-0.180149641697,0.36535647386,0.162415742002
-0.0128687306135,-0.180301201183,0.365319065772,0.162434856761
-0.0142544897261,-0.181740374302,0.365485196574,0.162618597442
-0.0131563590639,-0.180577375039,0.365405237245,0.162480120502
-0.012763631694,-0.18023672,0.36542335891,0.162456146228
-0.0130646337978,-0.180546181468,0.365441014661,0.162474534
-0.0126870598269,-0.180263202287,0.365437716525,0.162430648115
-0.0121193754361,-0.179678581404,0.365447611134,0.162386049065
-0.0127622119915,-0.180338085582,0.365477730944,0.162462051474
-0.0130248674888,-0.180584699469,0.365463024139,0.162464780208
-0.0131453873139,-0.180684804479,0.365433869628,0.162446845748
-0.0127975757714,-0.18028012623,0.365407674487,0.162408724789
-0.0130753810934,-0.180571990976,0.365416284355,0.16246999105
-0.0128107167972,-0.180270003819,0.365391105118,0.162438426879
-0.012277788922,-0.179728986871,0.365321720068,0.162381200986
-0.0120600649344,-0.179512295656,0.365346828909,0.1623748738
-0.0122856044315,-0.179693248339,0.365347626763,0.162388129503
-0.0116873336005,-0.179119931717,0.365278809637,0.162351367954
-0.0114963399491,-0.178901289768,0.365204665391,0.162328031647
-0.0106492237555,-0.178051998413,0.365090532829,0.16221862808
-0.0104253240887,-0.177810483805,0.36509457023,0.162229694941
-0.0103807736038,-0.177760546945,0.365118791595,0.162238399387
-0.0103807732749,-0.177760546419,0.365118791299,0.16223839927
-0.00935979582703,-0.176607480807,0.36484204204,0.162110803596
-0.0094545694496,-0.176723023032,0.364859134293,0.162118622485
-0.00968014065026,-0.176992888908,0.364913658313,0.162161378509
-0.00991527617744,-0.177277167697,0.364973067926,0.162182279954
-0.00957822132956,-0.176883375026,0.364875556593,0.162121645059
-0.00828295007945,-0.175392333912,0.36452877714,0.161931539236
-0.00809161125939,-0.175128158949,0.364446627942,0.161903038042
-0.00881628874293,-0.175910121186,0.364643810769,0.16198912194
-0.0106499510244,-0.177846637058,0.36509063682,0.162250701413
-0.0106227003911,-0.177738260339,0.365061908854,0.162259835333
-0.0107399602865,-0.177846079424,0.365090615602,0.162260760394
-0.0104112225158,-0.177509052073,0.365004767244,0.162179696693
-0.0109023629769,-0.178065423222,0.365090184553,0.162235268099
-0.0103488120791,-0.17743006904,0.364934636789,0.162178887045
-0.0111181396352,-0.178271434399,0.365088869945,0.162271383084
-0.0112218002933,-0.178426994474,0.365119182555,0.16228130113
-0.0118377399222,-0.179097993949,0.365263166791,0.162353950802
-0.0112294052519,-0.178431752239,0.365121966426,0.162293544224
-0.0108307822154,-0.178048963535,0.365015187163,0.162235379096
-0.0115316521215,-0.178601466849,0.365060231977,0.162283982798
-0.011683778416,-0.178763269707,0.36509670062,0.162293090733
-0.0115781454536,-0.17867986559,0.365078588436,0.162288430912
-0.012008603434,-0.179095161578,0.365160331718,0.162322497613
-0.0123989667633,-0.179572589605,0.365248167835,0.162342872211
-0.0129958394288,-0.180131386488,0.36535725809,0.162376907686
-0.0118060966454,-0.179042305076,0.365201254521,0.162268651176
-0.0116365622885,-0.178867603217,0.365171599368,0.162227533885
-0.011705522293,-0.178960938388,0.365208238322,0.162257139783
-0.0120489312324,-0.179244677581,0.365212735583,0.162288826672
-0.012901025868,-0.18015443095,0.365380877922,0.162357292254
-0.0136312417993,-0.180934470465,0.365492226207,0.162395545045
-0.0146718635525,-0.181933644335,0.365678478301,0.162498776423
-0.01365222329,-0.180910971079,0.365511233918,0.162431170788
-0.0143872861441,-0.181660008372,0.365639673547,0.16250184832
-0.0137591992572,-0.181011410422,0.365531442181,0.162458925604
-0.0143188016035,-0.181548045809,0.365615527746,0.162504346395
-0.0134069499584,-0.180667875451,0.365508599207,0.162436518268
-0.0140986320517,-0.181429446876,0.365612524868,0.162462638607
-0.014410269115,-0.181713865666,0.365661629102,0.162480932594
-0.014568146481,-0.181885973931,0.365715353394,0.162512307097
-0.0139801320622,-0.181288635058,0.365573037847,0.162449868735
-0.0140048388334,-0.181416439015,0.365617118246,0.162470144463
-0.0135136969137,-0.180849701419,0.36548890301,0.162436481587
-0.0138378373449,-0.181286467658,0.365607293731,0.162481192728
-0.0133374742947,-0.180676030007,0.365482612399,0.162447745976
-0.0133958092368,-0.180763564068,0.365521708795,0.162436881265
-0.0133041796993,-0.180655223295,0.365477333324,0.162422557598
-0.013325913666,-0.180702584707,0.365450611156,0.16242815391
-0.0124038495838,-0.179621154786,0.365191097683,0.162317333908
-0.0122470549144,-0.179517134863,0.365173592908,0.162324705738
-0.012831437122,-0.180021058134,0.365268090815,0.162370046869
-0.013194823289,-0.180401579038,0.365375974465,0.162389619737
-0.0119471107232,-0.17930729744,0.365135603978,0.162321174215
-0.0120963679366,-0.179376212843,0.365156197276,0.162306368778
-0.0122978712467,-0.179525834914,0.365223350204,0.162352690286
-0.0109772424081,-0.178448699099,0.365000899432,0.162298542562
-0.0109299775559,-0.178403377177,0.364981390836,0.162282230437
-0.0117626032292,-0.179096017337,0.365142466054,0.162343963377
-0.012052275006,-0.179304846021,0.365172840602,0.162344159539
-0.0113437140856,-0.178627379773,0.365017685285,0.162285386707
-0.0106823089203,-0.177946936144,0.364876357209,0.162221884373
-0.0105233384064,-0.177749732999,0.364813938635,0.162178360608
-0.0093439117182,-0.176593962011,0.364518680518,0.162087958274
-0.00846737208294,-0.175744689313,0.364276163491,0.161990708291
-0.00795621796428,-0.175283946381,0.364161770627,0.161917716478
-0.00789234436111,-0.175272092039,0.364120094602,0.161922817971
-0.00846674207072,-0.175909264524,0.364301959846,0.161986162319
-0.00830782131296,-0.175713190954,0.364228608192,0.161951507458
-0.00884736280951,-0.176313120627,0.364367312251,0.161991339062
-0.0083761072137,-0.17590491457,0.36425151903,0.161937552834
-0.00795829899519,-0.175510044421,0.364075535465,0.161890192275
-0.00936909796816,-0.177060088735,0.364572550749,0.162087135285
-0.00967818572266,-0.177425755055,0.364700006887,0.162123954631
-0.00982386638869,-0.177581729946,0.364741465548,0.162154162921
-0.00909504111793,-0.176859156733,0.364502145201,0.16206595455
-0.0102497991709,-0.178051082537,0.364853800521,0.16220975045
-0.0102381481601,-0.178057510406,0.364822455768,0.162181304974
-0.00964953404954,-0.177491754955,0.364602229277,0.162109480743
-0.00989086960628,-0.177700999558,0.364673920806,0.162150207207
-0.00997036486697,-0.177865796723,0.364703644942,0.162148060627
-0.0100725754208,-0.178163226338,0.364752958283,0.162171026414
-0.00981955941052,-0.177645333968,0.364725211466,0.162161432548
-0.00977812908464,-0.177477952407,0.364733733256,0.162169225118
-0.0104663516782,-0.178971036067,0.365041855177,0.162306837926
-0.0101275677338,-0.178079127326,0.36488258471,0.162260524622
-0.0106489469233,-0.179153406027,0.365127653999,0.162348796831
-0.0106793040439,-0.179191400383,0.365200735887,0.162370100833
-0.00970764794109,-0.177132091087,0.364839396606,0.162220700833
-0.00957948813205,-0.176855253419,0.364832549156,0.162197750078
-0.0106002213247,-0.178157184436,0.365260183856,0.162411095155
-0.0116560726909,-0.179574711244,0.365779092112,0.162672652559
-0.0124996130378,-0.180563496681,0.366156656685,0.162898751185
-0.0124996122626,-0.180563497041,0.366156656658,0.162898750875
-0.011614079923,-0.179406296286,0.365718204275,0.162686857949
-0.0111415806603,-0.178780967139,0.365513845538,0.162584542506
-0.0107208422198,-0.178305925471,0.365322944085,0.162461563663
-0.00977356791606,-0.177099340136,0.364837324707,0.162236250725
-0.0106981609672,-0.178191140077,0.365239843952,0.162442910416
-0.0118063843678,-0.179719039349,0.3657694585,0.162683275761
-0.0116173462643,-0.179582590323,0.365683664917,0.162631516848
-0.0120647077562,-0.179981856137,0.365921439107,0.162757092798
-0.012211838455,-0.179983272878,0.365909223137,0.162807094949
-0.0119773254347,-0.179812056483,0.365778352143,0.162690125701
-0.012118369077,-0.179946099099,0.36587112587,0.162713175735
-0.0119284143211,-0.179806240803,0.365720886625,0.162665154635
-0.0113711930094,-0.179467584292,0.365414023536,0.162501572284
-0.0106727944192,-0.178886617473,0.365045240444,0.162299303174
-0.00990148579606,-0.178159197985,0.364594243505,0.162076899536
-0.0105704014487,-0.178728673947,0.36498526685,0.162247626206
-0.0102318941279,-0.177933986076,0.365007121516,0.162314550638
-0.0101580670521,-0.177806804819,0.365009573534,0.162311517142
-0.00971962513721,-0.176993924627,0.365029650461,0.162370684094
-0.0098046443274,-0.17722982396,0.365002040961,0.162361084132
-0.0105044690509,-0.178364482604,0.365036037543,0.162346217695
-0.00961366110547,-0.17656412538,0.365052730631,0.162429784875
-0.010054652453,-0.177245760831,0.365067786407,0.162435431604
-0.00988177165217,-0.17692866383,0.365079307822,0.162444260699
-0.0105558172801,-0.178067630004,0.365096276048,0.162433948686
-0.0100400020832,-0.176971560831,0.365065598271,0.162485300298
-0.011189102127,-0.178425436047,0.365426312275,0.162640451661
-0.0115892389729,-0.178734818406,0.365582628707,0.162722279625
-0.0117546271808,-0.17908818162,0.365646660361,0.162738100552
-0.0109975077917,-0.178151151651,0.365380945354,0.162640068775
-0.0106773202792,-0.177657048665,0.365232014434,0.162588700024
-0.0109277909006,-0.178063909028,0.36530387068,0.162632833732
-0.0115530994503,-0.178940797198,0.36558065232,0.162710326866
-0.0114110214793,-0.178824694,0.365624681169,0.162691360966
-0.0118900905907,-0.179415128481,0.365743509288,0.162750239597
-0.0123992930132,-0.179952027753,0.365898679096,0.162823051471
-0.0104656947242,-0.178212070986,0.365247604816,0.162430753996
-0.00968088319209,-0.177430786354,0.364984601703,0.16224578477
-0.00876085698912,-0.176546451509,0.364619238313,0.162065333565
-0.0092655115072,-0.177039659069,0.3648380224,0.162160503766
-0.0100459540968,-0.17777976633,0.365075844938,0.162320487196
-0.0121745851959,-0.179743225295,0.365790038996,0.162782355422
-0.0104827051533,-0.178165768523,0.365210629227,0.162426588048
-0.00893734352494,-0.176783974488,0.364627643419,0.162086201116
-0.00908150481536,-0.176885499897,0.364650985377,0.162130449564
-0.00987842057397,-0.177710125671,0.364866078595,0.162263858636
-0.00934655155801,-0.177329519111,0.364579383112,0.162044937646
-0.00760721734564,-0.176062529793,0.363914675575,0.161568549678
-0.00787519065365,-0.176197680051,0.363975819893,0.161612227536
-0.00787519005624,-0.176197679455,0.363975819254,0.161612227254
-0.00792333798728,-0.176197733014,0.363971717999,0.161605180487
-0.00754214265349,-0.175852209137,0.363871967439,0.161509687979
-0.00793145427839,-0.176105694858,0.363936617346,0.161602802153
-0.00911431089647,-0.176900565731,0.364408068159,0.161946796601
-0.00944729712278,-0.177145358718,0.364568532598,0.162008735942
-0.00871822283438,-0.176626907028,0.364293992006,0.161831678328
-0.00889101411803,-0.176732478834,0.364360225397,0.16188615916
-0.00838756529042,-0.176264484158,0.364065002989,0.161739836334
-0.00838756450127,-0.176264484648,0.364065002728,0.161739836165
-0.00953004918094,-0.177070981668,0.364592332808,0.162121928664
-0.00947552808252,-0.176981688895,0.364544367425,0.1621377657
-0.00937501060886,-0.176836879284,0.364463840085,0.162121125061
-0.0080955158563,-0.175731049615,0.363798903623,0.161676894219
-0.00497394079798,-0.173375626191,0.362224659207,0.160584657128
-0.00606979661003,-0.174199337752,0.362789156698,0.161009244469
-0.00605589044971,-0.174171150986,0.362783105196,0.161003494916
-0.0063693908893,-0.17465666025,0.363018790486,0.161076076927
-0.00642395566531,-0.17466718835,0.362999802084,0.161108034829
-0.0071856615363,-0.175911976365,0.363666542913,0.161341931803
-0.00623781371086,-0.174418024941,0.362907399618,0.161039393649
-0.00603407397246,-0.174068484176,0.362734478864,0.160988844312
-0.00664567527527,-0.175162506307,0.363372831175,0.161207781771
-0.00710641162508,-0.175749180157,0.363650145274,0.161344472701
-0.00858183019494,-0.178033594409,0.364822166668,0.161802865333
-0.00944016280904,-0.179303871416,0.365486202027,0.162051357134
-0.00977174662808,-0.179751027144,0.365659843263,0.16210073361
-0.0122467470352,-0.181339752632,0.366933592739,0.162992579513
-0.0136909473531,-0.181676280292,0.367450288681,0.163542480296
-0.0130042410676,-0.181332187477,0.367155773529,0.16327432636
-0.0121806678244,-0.180810497259,0.366699980778,0.162951065208
-0.0134669591589,-0.18125931438,0.367200929652,0.163433364493
-0.0140183378797,-0.181733054323,0.367577788809,0.163646268615
-0.0150830787789,-0.182226886256,0.368065527481,0.16403882258
-0.0150192052035,-0.18205847362,0.36795410056,0.163944170087
-0.0145546403589,-0.181573029667,0.367631652633,0.163790557869
-0.0128738961728,-0.181233238922,0.367021375086,0.163157930594
-0.0131251569236,-0.180763001648,0.366871663751,0.163263362311
-0.0134846754522,-0.180812731074,0.366960320801,0.163380024057
-0.0140178182815,-0.181440712117,0.367273802122,0.163546741664
-0.0122011564953,-0.179529086896,0.366122867068,0.162944201024
-0.0115752424503,-0.179119014307,0.365858944024,0.162748827758
-0.012380927651,-0.179840483762,0.366368796933,0.163024606716
-0.0116743938299,-0.17897262615,0.365867619409,0.162815865858
-0.0117341138414,-0.178384844585,0.365678586736,0.162911895307
-0.012017569534,-0.178543639032,0.365752243146,0.163014271281
-0.0120989179698,-0.179204640848,0.366012511102,0.162983767458
-0.0131646265762,-0.180067345888,0.366609076388,0.163275945699
-0.0137307193185,-0.180310959352,0.36680123154,0.163457884151
-0.0143435558976,-0.18068001713,0.367094506827,0.163665104543
-0.0132728215879,-0.179677494193,0.366512978836,0.163351303302
-0.0140069720689,-0.180232599888,0.36685853312,0.163573286322
-0.0133595211307,-0.180003222712,0.366599568513,0.163398765812
-0.0143719336592,-0.180638939536,0.366946939409,0.163682012379
-0.0145533735994,-0.18090382219,0.36710204969,0.163713753607
-0.0138241338078,-0.180328356563,0.366725689279,0.163499518831
-0.0144121701208,-0.180667674396,0.366923302827,0.163668870797
-0.013668310716,-0.18000236737,0.366530527259,0.16343258994
-0.0135845227749,-0.180331940502,0.366732139682,0.163405218754
-0.0123335463841,-0.179144988674,0.366130431006,0.163078762629
-0.0125138106548,-0.178969245231,0.366122340635,0.163132076034
-0.0122399715827,-0.178863340725,0.365934404171,0.163022114635
-0.0128889002842,-0.17971723637,0.366330059897,0.163224502606
-0.0124840156451,-0.179361639871,0.366132192731,0.163090005691
-0.0118544038462,-0.178641787873,0.365790306261,0.162971038227
-0.0132960530706,-0.179816699888,0.366448029528,0.163397419944
-0.014147139266,-0.18017720603,0.366707630752,0.163626113736
-0.0142222564919,-0.180066621638,0.366696371274,0.163687709237
-0.0133464638598,-0.178894294649,0.366166297363,0.163523514091
-0.0139551826515,-0.179528126677,0.366488140652,0.163676109638
-0.0147488574832,-0.180059498951,0.366794471109,0.163879973428
-0.0152732539332,-0.180459778753,0.367055430807,0.164011465792
-0.0144122247123,-0.180041137007,0.366683502769,0.163720100965
-0.0149875062061,-0.180826658168,0.366982063801,0.163859974338
-0.0154563836192,-0.180969876983,0.367160605336,0.164030403153
-0.0159512333985,-0.181086569776,0.367262792378,0.164179066849
-0.0149566504767,-0.180331494017,0.366780858726,0.163875262248
-0.0143947102005,-0.180149516597,0.366618960503,0.163672609621
-0.0133317102083,-0.179513828839,0.366208523581,0.163288551564
-0.016129352523,-0.180975898462,0.367208882892,0.164217069954
-0.014027778232,-0.179819258474,0.366376720454,0.163479323712
-0.0140688655342,-0.179759643018,0.366268172202,0.163460512092
-0.0137406544838,-0.17964167449,0.366177683952,0.163329977494
-0.013979300912,-0.179724293096,0.366195775546,0.163451564034
-0.0145329485921,-0.179953620617,0.366403564947,0.163643591378
-0.0145329473546,-0.179953620621,0.366403564878,0.163643590898
-0.0140552548898,-0.179740964453,0.366240124341,0.163479402647
-0.0121514647303,-0.178863245113,0.365248676435,0.162557088842
-0.0126252321448,-0.179163137148,0.365590366003,0.162772129887
-0.0125065782761,-0.179154779221,0.365575437225,0.162723380204
-0.0111504669706,-0.178608728232,0.365062474314,0.162124418401
-0.0112520034052,-0.178866293669,0.365284487672,0.162210268047
-0.0114847439787,-0.178808169245,0.365261220869,0.162242454846
-0.00999968758984,-0.178147290963,0.364598375178,0.16161552605
-0.00923864495135,-0.17765738089,0.364176954375,0.161279227776
-0.00821689291107,-0.177170521645,0.363693984949,0.160798026093
-0.00824651632997,-0.17734372603,0.363901083246,0.160919566967
-0.00761514346176,-0.177122857973,0.3637008565,0.160676527114
-0.00703826946247,-0.176842657434,0.363450989596,0.160427579755
-0.00686939275728,-0.176790690326,0.363364529182,0.16035338202
-0.00783253813156,-0.177282976256,0.363751411165,0.16077967478
-0.00793602015166,-0.177319591381,0.363791915163,0.160851280684
-0.00970689880728,-0.178224591926,0.36450066538,0.161567685909
-0.00947907560282,-0.178109172144,0.364465095033,0.161513584567
-0.00961592658972,-0.178185730651,0.364546598203,0.161584599467
-0.00799963353504,-0.177404990097,0.363973752348,0.160938969711
-0.00812997644375,-0.177485734603,0.363995007544,0.160968061079
-0.00856026475326,-0.177736457479,0.364286791512,0.161190239551
-0.00807660300742,-0.177522163847,0.364117273385,0.161046738861
-0.00757387715599,-0.177246897268,0.363885829575,0.160844976298
-0.0077311926857,-0.17728980701,0.363966884851,0.160944514186
-0.00584942740165,-0.176548440718,0.363348563737,0.160251172494
-0.004486031681,-0.175926803891,0.362804718144,0.159741122464
-0.00455761266353,-0.175999450544,0.362901531745,0.15980299501
-0.00571597065655,-0.176532106309,0.363332321054,0.160215221606
-0.0059059530001,-0.176640203207,0.363489750656,0.16033763709
-0.00563535444482,-0.176485634016,0.363393361818,0.160227164577
-0.00676230318027,-0.177025842371,0.36366730829,0.160532681592
-0.00712880425358,-0.177181652735,0.36373179084,0.160611627046
-0.00777596681563,-0.177487273037,0.36390213318,0.160787255552
-0.00880586476516,-0.177903870305,0.364168462378,0.161117915019
-0.00808131761814,-0.177617715043,0.364004935128,0.160957925701
-0.00788262830297,-0.177568392045,0.363940649616,0.160931726748
-0.00820298632908,-0.177701529493,0.364033156029,0.16102812552
-0.0085814717458,-0.177980842274,0.364248102266,0.161186728526
-0.00880355720953,-0.178005740867,0.364319700817,0.161266644219
-0.00872126005502,-0.17790171661,0.364262118075,0.161233595102
-0.00842240399866,-0.177770596285,0.364229726924,0.161159966644
-0.00930600689247,-0.178274871163,0.364498396831,0.161422609617
-0.0103405328277,-0.178835215671,0.364858335233,0.161763464592
-0.00959762958184,-0.178390405254,0.364599194734,0.161504193301
-0.0101902877876,-0.178717125202,0.364749197349,0.161723136446
-0.0108134893363,-0.178976790659,0.364971385896,0.161943218263
-0.00959202259358,-0.178281406584,0.364577312401,0.161555899478
-0.00910976657056,-0.178021620159,0.364499701588,0.161440204596
-0.00997120094721,-0.178489372632,0.364897981686,0.16173657349
-0.01167178701,-0.179398462085,0.365418182279,0.162265024158
-0.0102854478236,-0.178653427402,0.364922276528,0.161804917834
-0.0106859230876,-0.178894973699,0.365075715415,0.161948723765
-0.010196179654,-0.178608484791,0.364931420148,0.161814766323
-0.0109121389368,-0.179018917141,0.365192139948,0.162084797635
-0.0113051316328,-0.179181857874,0.365326752843,0.162220430606
-0.0117483676873,-0.179371635311,0.365485332497,0.162410224144
-0.011082940831,-0.179038178575,0.365272261602,0.162183219427
-0.0103971953772,-0.178622112255,0.365032570605,0.161969536283
-0.0101472366013,-0.178464342461,0.364907774145,0.161854607297
-0.00963691177368,-0.178209421466,0.364670265534,0.161632149363
-0.00845167510633,-0.177688245205,0.364164605328,0.161158823021
-0.0092276316738,-0.178092900255,0.364446187157,0.161473597013
-0.00786686544823,-0.177454838292,0.363961711079,0.160960379409
-0.00816215900269,-0.177546580075,0.364094767672,0.161096672322
-0.0072697650187,-0.177102436017,0.363740818101,0.160789452159
-0.00673154907773,-0.176814289903,0.363522634089,0.160532325069
-0.00460290044893,-0.175830023864,0.362619964418,0.159673619795
-0.00381641902285,-0.175410395709,0.362284727338,0.159360023107
-0.00421855204287,-0.175514197485,0.362478871047,0.159537964069
-0.00457359667087,-0.175604833181,0.362607264601,0.159716638467
-0.00496056588669,-0.175748928587,0.362732516801,0.159845945739
-0.00461304702009,-0.175555468656,0.362635375689,0.159735513636
-0.00625669011898,-0.176424139483,0.363308529106,0.160335941347
-0.0067140595637,-0.176700210509,0.363487402146,0.160524276855
-0.0101162592657,-0.178562532942,0.364919923005,0.161743664902
-0.00938835564906,-0.178136073698,0.364643304404,0.16146544184
-0.0108284808145,-0.178888391725,0.36518656788,0.161981378789
-0.00940366612296,-0.178063982632,0.364635916879,0.161477180698
-0.0099717790385,-0.178361553823,0.364883423212,0.16170680797
-0.0097857586426,-0.178199383857,0.364823324573,0.161664046766
-0.0109679234643,-0.178789911521,0.365324674082,0.162048297059
-0.0114904281586,-0.179071818041,0.365561667539,0.16226929185
-0.0107720859412,-0.178710451178,0.365199044977,0.162041073699
-0.0111050306571,-0.178878961043,0.36530594402,0.162199021994
-0.0125014989092,-0.17959775137,0.365940206339,0.162697876029
-0.014088488953,-0.180382926819,0.366650858183,0.163281844612
-0.0140884880948,-0.18038292614,0.366650857337,0.163281844026
-0.0134387878181,-0.180036011463,0.366319540503,0.163055180085
-0.0142174764641,-0.180499330605,0.366654432044,0.163309734377
-0.0142277843433,-0.180499772026,0.366652774216,0.163292638395
-0.0128461913981,-0.179693542745,0.366017778013,0.162760788249
-0.0133770348722,-0.179919705928,0.366277883128,0.162976442636
-0.0136801046877,-0.180097393582,0.366420144507,0.16309736558
-0.0115161345122,-0.178872404039,0.365470097738,0.162320271228
-0.0132981728927,-0.179919398213,0.366269713939,0.163004999566
-0.0136592164738,-0.180157561211,0.366432450747,0.163131116908
-0.0128980147204,-0.179690871631,0.366099825553,0.162853725397
-0.0115547723851,-0.17900787265,0.365522227005,0.162348182755
-0.0121680357514,-0.179324904569,0.365771939608,0.162564543041
-0.0112351084395,-0.178899559482,0.36536240851,0.162224403821
-0.01048217124,-0.177811957919,0.364844083816,0.162024187669
-0.0103517692396,-0.177390985587,0.364760123456,0.162071745369
-0.0102260744492,-0.17716227012,0.364578327911,0.162035187237
-0.00977753426991,-0.176433370533,0.364221154491,0.161891896377
-0.0107872222128,-0.17830251317,0.364930505036,0.162122376498
-0.0103101474908,-0.177567945416,0.364608655645,0.161986068147
-0.0108420171634,-0.178476556129,0.365002638247,0.162104345149
-0.00951350589491,-0.176162463306,0.364110173686,0.161861475122
-0.00988861164822,-0.176582629573,0.364318487218,0.161943213802
-0.0103982219327,-0.177329204454,0.36473067842,0.162110009724
-0.0115298513073,-0.17859008199,0.365326245923,0.162395033299
-0.012497816032,-0.179444123708,0.365823562055,0.162730082226
-0.0127714432006,-0.179610496544,0.365933354019,0.162786634083
-0.0127862018246,-0.17954093061,0.365903766328,0.162822463733
-0.0131131724428,-0.179959485229,0.366068196243,0.162892025956
-0.0132017517311,-0.179950907455,0.36611436881,0.162946348949
-0.0133551536651,-0.180155555339,0.366216335695,0.162999262969
-0.0128079582151,-0.179668467921,0.365978261795,0.162892671352
-0.0133484777953,-0.180154903618,0.366248712811,0.163036162311
-0.0134925155254,-0.180195548203,0.366335552726,0.163094499532
-0.0142776508315,-0.180824254247,0.36667699903,0.163306292804
-0.014156520982,-0.180667326913,0.366642687035,0.163301452967
-0.0148595139683,-0.181346270173,0.366922238955,0.163471362113
-0.0139218699409,-0.180375717884,0.366456924325,0.163228554743
-0.0133795431573,-0.179991477674,0.366154493466,0.1630379006
-0.0128091659909,-0.179579037212,0.365924739509,0.162840583182
-0.0142279860703,-0.180836111533,0.36656203071,0.163247590976
-0.0124347091165,-0.179283303548,0.365788324838,0.162732911433
-0.012472697985,-0.179254751405,0.365842358368,0.162744228877
-0.0132675987974,-0.179981404342,0.366215646955,0.16300255853
-0.0137766046078,-0.180346782241,0.366417640977,0.163141665268
-0.0138093582449,-0.180454374936,0.366472441554,0.163182082059
-0.0135027436549,-0.180123063849,0.366374965757,0.163133583227
-0.0126761649149,-0.179556950473,0.365931830627,0.162831184196
-0.0122451363382,-0.17919515074,0.365732638566,0.162708169768
-0.0112705790385,-0.178492532175,0.365349824661,0.162445127082
-0.0111482301443,-0.178281028746,0.365271865992,0.162421119127
-0.0120423382651,-0.178845779225,0.36562522766,0.162693485963
-0.0108617730853,-0.177961308322,0.365136878125,0.16235078144
-0.0108926219306,-0.177936587874,0.365141518553,0.162348704177
-0.0111436146403,-0.178157153406,0.365192507678,0.162401233769
-0.0121707322642,-0.17905695358,0.36561017094,0.162647455001
-0.0121707313853,-0.179056954108,0.365610170884,0.162647455133
-0.0116794220248,-0.178668887008,0.365487482601,0.162556362176
-0.012192096418,-0.179106186995,0.365718087273,0.162714136063
-0.0132273993215,-0.180033178974,0.366202527076,0.163022776947
-0.0123984548729,-0.179329509094,0.365838256911,0.16277424012
-0.012813526025,-0.17968423188,0.365996706059,0.162896103656
-0.0134452726969,-0.180150019801,0.366210011547,0.163037981002
-0.013564257485,-0.180116018024,0.36616231284,0.163040336064
-0.0133431863641,-0.179847057009,0.366085667619,0.163007605715
-0.0131094475492,-0.179679423305,0.366001357635,0.162944571292
-0.0131363873078,-0.179766994709,0.366019713684,0.162967060361
-0.0125405790202,-0.179260071561,0.365855905059,0.162811399569
-0.0125071975725,-0.179289592152,0.36586898213,0.162795752354
-0.012113830089,-0.178971556899,0.3657960585,0.162701232464
-0.0124038875846,-0.179150624422,0.365889126487,0.162753182584
-0.0129322073131,-0.179559165097,0.366013663166,0.162853862568
-0.0148024025367,-0.181135417384,0.366577652602,0.163258115234
-0.0150269831978,-0.181396507999,0.366676454156,0.163321325214
-0.0148351011505,-0.181350490238,0.366673309792,0.163306482816
-0.0156050937355,-0.181883365976,0.367054823371,0.163525525804
-0.0146089455261,-0.181130530677,0.366572750751,0.163273661617
-0.0141300793042,-0.180792072646,0.366361147641,0.163149565872
-0.0144459497975,-0.181025819642,0.366482433845,0.163239786972
-0.0150996990694,-0.181488060077,0.366781865673,0.163399966905
-0.0137310992989,-0.180493059092,0.366107990919,0.163024242359
-0.012986137183,-0.179957381717,0.365755032167,0.16283265342
-0.0124601492148,-0.179608275348,0.365561966753,0.162719810519
-0.0117154168485,-0.179133194232,0.365240497945,0.162527389183
-0.0113942692628,-0.178816383802,0.365097315531,0.162396263851
-0.0115363266021,-0.179008220062,0.36520760746,0.162448747924
-0.0118766535563,-0.179395486458,0.3653581461,0.162526617914
-0.0127967940395,-0.180350977841,0.365795203877,0.162804154908
-0.0130360907077,-0.180636619649,0.365930341766,0.162878592136
-0.0108693190764,-0.178240570301,0.36512179224,0.162293901719
-0.0100999578404,-0.177411898989,0.364783492139,0.162062247191
-0.0107836812612,-0.178132871373,0.365081634856,0.162223461869
-0.0117903573915,-0.179237814734,0.365404889559,0.1624736145
-0.0125859697651,-0.180132886739,0.365729924231,0.162695172929
-0.0129485420232,-0.180303890703,0.365866281448,0.162806866605
-0.0141263206736,-0.181092791883,0.366325018829,0.163089792843
-0.0141582163894,-0.181178108861,0.366361480657,0.163094392461
-0.0138858580521,-0.18102323688,0.366272747269,0.16302894658
-0.0155474690942,-0.182170501103,0.366849239377,0.163440700616
-0.0155270476386,-0.18214871605,0.366796786902,0.163404400902
-0.0142028145213,-0.18125474166,0.366305268843,0.1630809052
-0.0145223601752,-0.181494205963,0.366377514953,0.163163599539
-0.0149627724384,-0.181790414355,0.366556404489,0.16327276403
-0.0153057763648,-0.181995472463,0.366642218267,0.163362575233
-0.0141065436259,-0.181015313952,0.366149751512,0.163038917315
-0.0133667002847,-0.180396252474,0.365841324281,0.162863727275
-0.0124479963284,-0.179572713326,0.365419247436,0.162585319561
-0.0124992495479,-0.179631906584,0.365501337693,0.162598759806
-0.0138450951499,-0.180806414543,0.366055208068,0.162939072128
-0.014522222013,-0.181342784939,0.366346796484,0.163153790514
-0.0150215565636,-0.181800728521,0.366522907979,0.163260546385
-0.0133736758584,-0.180396762291,0.365816914216,0.162827645297
-0.013184871386,-0.18020799713,0.365722915451,0.162742631785
-0.0129101546186,-0.179911159937,0.365582024886,0.162668023723
-0.0119064717694,-0.178957813767,0.365131226176,0.162396681408
-0.0130826020828,-0.180019559685,0.365705279554,0.162734435518
-0.0116933562861,-0.178728282134,0.365035608377,0.162307905601
-0.0123009086081,-0.17928911102,0.365368372625,0.162501354446
-0.0137314704445,-0.180621047318,0.366095827169,0.16293903701
-0.0133043990921,-0.180082596884,0.365913624651,0.162835701105
-0.0124507762747,-0.179271883823,0.365506233151,0.162597243352
-0.0123650011393,-0.17923968531,0.36540035267,0.162584282957
-0.0122835740899,-0.179177807161,0.365296289536,0.162542550817
-0.0127591572165,-0.179604075805,0.365491385451,0.162693640037
-0.0133811945557,-0.180265308657,0.365775389527,0.162880410951
-0.0145793319329,-0.181594854158,0.366308062012,0.163190740895
-0.0152845893268,-0.182329832189,0.366594413997,0.163396868201
-0.0160831841718,-0.183181684629,0.366949607482,0.163610364484
-0.0165009970309,-0.183642701372,0.367098592092,0.163726968624
-0.0159338361076,-0.18311965228,0.366884486191,0.163570818782
-0.0162576614342,-0.183536665932,0.367054668121,0.163669900058
-0.0164473827182,-0.183652949148,0.367101765599,0.163711881871
-0.0161479591153,-0.183271044017,0.366902190694,0.163613403339
-0.0144875348804,-0.18150638666,0.366200065068,0.163187933996
-0.013612148768,-0.180613574566,0.365946117515,0.162979464659
-0.0125733841224,-0.179558593992,0.365663913609,0.162747257012
-0.013003214558,-0.180056118942,0.365806625594,0.162825698616
-0.0131803873411,-0.180254497938,0.365835382756,0.162832027751
-0.0124160765288,-0.179492849703,0.365630508775,0.162674013809
-0.0114250394174,-0.178394014871,0.365345239075,0.162455701418
-0.0118928032699,-0.17887809239,0.365461968925,0.162537960684
-0.012393556188,-0.179433409131,0.365607208275,0.162656375847
-0.0115668145358,-0.1785132197,0.36537772802,0.16248939447
-0.0107201560264,-0.177626409817,0.365133545153,0.162284822366
-0.0105152566974,-0.177440587357,0.365041705614,0.162210001477
-0.0112099691462,-0.178271338769,0.365394709961,0.162421947056
-0.0112879100353,-0.178286740316,0.365433150104,0.162449168248
-0.0103119322783,-0.177255936064,0.36505333472,0.162168143277
-0.0103151596358,-0.177230652105,0.365038689215,0.162159375171
-0.0101141198249,-0.176976150645,0.364955779192,0.162145790908
-0.0104004510529,-0.177253824872,0.365017308632,0.162226516408
-0.0090957689468,-0.175839480347,0.364571811457,0.1618957633
-0.00949633574746,-0.176222069606,0.364749299186,0.162012106092
-0.00892845467113,-0.175584368054,0.364525290667,0.161874489418
-0.0112870580396,-0.178167381336,0.365329776969,0.162480647202
-0.0111558193759,-0.178043246271,0.365276161183,0.162465296343
-0.0114071676974,-0.178310900607,0.365312324304,0.162523160082
-0.0106729764386,-0.177484285638,0.365054343676,0.162327801063
-0.0103843968664,-0.177193114645,0.364980587345,0.162250685405
-0.0095951265763,-0.176365786623,0.364677004543,0.162037346512
-0.00980460165462,-0.176530371113,0.364693381659,0.16208249759
-0.0101019257074,-0.176868398876,0.364783768343,0.162183484365
-0.00936554163236,-0.176116613361,0.364638332061,0.162019242243
-0.00953896966987,-0.17628170744,0.364629536025,0.162064709597
-0.00951248741193,-0.176230826227,0.364531929964,0.162040557972
-0.0101749300463,-0.176728936526,0.364483413569,0.162387829936
-0.00943231180755,-0.176236400445,0.364506420384,0.161992494479
-0.00930079439549,-0.17610364815,0.364473272003,0.161938288596
-0.00975717707302,-0.176424791185,0.364401141679,0.162170626329
-0.00974133391351,-0.176470377627,0.364434901736,0.16217259967
-0.0107110619496,-0.177198251623,0.364385758039,0.162648815879
-0.0103908208335,-0.17695436708,0.36440309738,0.162480594803
-0.0112249100341,-0.177502734798,0.364314060974,0.162911944867
-0.0101838642405,-0.176782546537,0.364433252488,0.162372296361
-0.0100508470363,-0.176701296278,0.36434990323,0.162410819116
-0.0108573369829,-0.17742020482,0.364757149855,0.162427916699
-0.0118434254017,-0.178384285657,0.365196214904,0.162452317938
-0.011905030854,-0.178367498733,0.365146578464,0.162489987587
-0.0109728549194,-0.177558875175,0.364725722251,0.162534837239
-0.0121563571559,-0.178806800854,0.365446778656,0.16244525926
-0.0119028290039,-0.17850034667,0.365346678272,0.162511409259
-0.0129700193983,-0.179551246486,0.365881805513,0.162517153863
-0.0115581782531,-0.178037951619,0.364968562468,0.162569125229
-0.0117594221271,-0.178399860039,0.365224965552,0.162528287705
-0.0100397728078,-0.176949845093,0.364911533017,0.162185596744
-0.00983635408589,-0.176886127151,0.364930420034,0.162114503901
-0.00970254262414,-0.176692563146,0.36474108186,0.162130782928
-0.00917756318243,-0.176214536238,0.364518683622,0.162073427259
-0.00825827082021,-0.175329784232,0.364143835242,0.161977677304
-0.00894364158227,-0.175866734059,0.364276436562,0.162095859317
-0.00957840776933,-0.176435103098,0.364450136376,0.162232123187
-0.011094678564,-0.17787233743,0.365076298954,0.162396343732
-0.0104101546652,-0.1771874422,0.364817200875,0.162327988494
-0.0102345673014,-0.177104575247,0.364905300706,0.162276941915
-0.00921805643893,-0.176157604771,0.36445554518,0.162127464812
-0.00953919436132,-0.176453678284,0.364495063254,0.162177278733
-0.00943546123148,-0.176279268536,0.364368615696,0.162183483964
-0.00905959826891,-0.175957840135,0.364213798798,0.162118801335
-0.0101020180002,-0.17687445654,0.364606658983,0.162257880058
-0.00898094903676,-0.175747839714,0.364024075202,0.162169139961
-0.0101611326152,-0.177024819494,0.36476033364,0.16223331022
-0.00990384066713,-0.176845959488,0.364617397651,0.162202472774
-0.0104552876852,-0.177422963439,0.364920539538,0.162270294931
-0.008683574763,-0.17580994272,0.364137790646,0.162072752253
-0.0108764636063,-0.177762650881,0.365533817397,0.162472543437
-0.0109379688416,-0.177752380775,0.365448007945,0.162491323881
-0.0112649457206,-0.177999119751,0.36563994825,0.162606901681
-0.0126229819667,-0.179158167131,0.366474602318,0.162818203042
-0.0121404875907,-0.178585836303,0.366019169325,0.162789049495
-0.0105408132516,-0.177042683952,0.364876734208,0.162581617631
-0.0114908358763,-0.177760411676,0.365407143678,0.162764411085
-0.0112528450628,-0.177593332619,0.365125427099,0.162836917824
-0.012258956448,-0.178583319383,0.36583352534,0.163002490856
-0.0137600481396,-0.17996981567,0.366828715951,0.163204433713
-0.0141275969063,-0.180196753225,0.36689289977,0.163346319828
-0.0143926959636,-0.180361130121,0.366891457319,0.163412747963
-0.0142559100606,-0.180212650774,0.366823169645,0.163366912137
-0.0128782304094,-0.179226606076,0.366330483201,0.162983984342
-0.0117886112881,-0.178460329653,0.366038121597,0.162675550737
-0.00934158446397,-0.176654553873,0.365144067496,0.161986052994
-0.0104922538341,-0.17755964709,0.365647784771,0.16224192494
-0.0113061272946,-0.177989411983,0.365610086961,0.162479894578
-0.0113241440199,-0.177938328812,0.365466968701,0.162514841892
-0.0115085302274,-0.178109321358,0.365610573526,0.1625479588
-0.0124980701862,-0.17907433369,0.366121435831,0.162584737487
-0.0126526342428,-0.179269081096,0.366242644368,0.162574334414
-0.012225004138,-0.178813989124,0.36584757665,0.162614659962
-0.0127136372498,-0.179264646563,0.366096156946,0.1626402789
-0.0104370842737,-0.177057518801,0.364861428143,0.162606599736
-0.0114983076908,-0.178113463728,0.365419939833,0.16263581859
-0.0116285098089,-0.178209073178,0.365420300526,0.162620616081
-0.0105230890958,-0.177088596626,0.364715180899,0.16260055524
-0.0110177128852,-0.17765676437,0.365088178913,0.162591628062
-0.0112663225169,-0.177923159487,0.365273178761,0.162593274242
-0.010054877039,-0.176892357689,0.364419997549,0.162227143006
-0.0108037393172,-0.177507728988,0.364830490705,0.162386241065
-0.0105281792435,-0.177210276584,0.36457817165,0.16229922562
-0.0121447333877,-0.178600702844,0.365765867255,0.162717496139
-0.013080522071,-0.179330530176,0.366568986227,0.162996373794
-0.0119781241279,-0.178297331057,0.365627911611,0.162682293415
-0.0114265640516,-0.177927474239,0.3653261258,0.16249048073
-0.0120272589382,-0.178328018981,0.3656369721,0.162660723229
-0.0105497916219,-0.1771277484,0.364594434015,0.162311260456
-0.0111668305154,-0.177549849407,0.364998349619,0.162442202235
-0.0115235534469,-0.178052059411,0.365306886144,0.162484780155
-0.0118707708105,-0.178502205577,0.365427562079,0.16258726483
-0.0123135794997,-0.179074018503,0.365615337831,0.162691027728
-0.0124662848394,-0.179222855653,0.365636000545,0.162726237764
-0.0118034632625,-0.178579041998,0.365543711894,0.162584032936
-0.0128866776462,-0.179864016866,0.365930262536,0.162881889637
-0.0128518507568,-0.179911306617,0.365944108589,0.162859553905
-0.0125884210795,-0.179662274478,0.365771434465,0.162793207134
-0.0133945967737,-0.180657662673,0.365987051074,0.162974209138
-0.014451639583,-0.18185145901,0.366299316991,0.163282727995
-0.0141758323045,-0.181486143551,0.366238925233,0.163228390191
-0.0139678549659,-0.181185586938,0.366170746152,0.163218765929
-0.0146562235073,-0.18212347657,0.366492246649,0.163355913931
-0.0150271513262,-0.182528327331,0.366631586588,0.163442645696
-0.0150442872471,-0.182530607254,0.366637687545,0.163437386011
-0.0140190188132,-0.181276485445,0.366304229594,0.163226465075
-0.0138089273995,-0.18102660052,0.366265870042,0.16319921166
-0.0131183789867,-0.180087368635,0.366082744277,0.163121233316
-0.0132641864294,-0.180349445252,0.366075102298,0.163137149042
-0.0127182823614,-0.17957065383,0.366029497633,0.163092746316
-0.0118579445099,-0.178564222975,0.365672457506,0.162796684893
-0.011981840379,-0.178679121624,0.365726142619,0.162819961541
-0.0121537613597,-0.178927932777,0.365751275183,0.162886660711
-0.0137119069895,-0.180683715252,0.366307986311,0.16335644796
-0.0127543825418,-0.179627132384,0.365884023832,0.163038275545
-0.0122355788014,-0.178980137784,0.365728732317,0.162848872502
-0.0134153162676,-0.180339123983,0.366175709695,0.163249730969
-0.0151453514546,-0.182355138954,0.366795125447,0.163814602926
-0.0151313529519,-0.18239581213,0.366778337717,0.1637947411
-0.0140126682428,-0.181092789622,0.366338162599,0.163433535106
-0.0132125693097,-0.180015723218,0.366042051731,0.163345184056
-0.0135984111129,-0.180617343303,0.366195355108,0.16339352724
-0.0143672903684,-0.18162031202,0.366459894179,0.16352166401
-0.0146743590629,-0.182048371268,0.366581661242,0.163558274083
-0.0145726257652,-0.181865226803,0.36652187642,0.163548411358
-0.0145965803226,-0.181937010703,0.366553883901,0.163577635045
-0.0140324053061,-0.181136122691,0.366307294948,0.163478857673
-0.0142379815155,-0.18141585085,0.366346697389,0.163517946001
-0.0141798379678,-0.181241959644,0.366294141596,0.163534851418
-0.0140315865995,-0.181027094238,0.366138138939,0.163475373875
-0.0129093090662,-0.179793865203,0.365833490401,0.163122790506
-0.0116494271918,-0.178291026896,0.36545773891,0.162712547455
-0.011952774422,-0.178678950778,0.365576576689,0.162800516792
-0.0128918300832,-0.179820778423,0.36588942209,0.163126583748
-0.0130608462252,-0.180031519422,0.365889372787,0.163155965777
-0.0130072348302,-0.179935711112,0.365868992784,0.163124635491
-0.0125574416353,-0.179363230823,0.365713041895,0.163002449452
-0.012707477056,-0.179405778937,0.365687963909,0.163054237924
-0.0128431565487,-0.179591852837,0.365755967905,0.163075589603
-0.0137156328636,-0.180678473393,0.366072481549,0.163364701896
-0.0142659121693,-0.181267894474,0.36615428164,0.163511903365
-0.0137597339017,-0.180730255307,0.365984065943,0.163419104211
-0.0137381318114,-0.180713500914,0.365944960435,0.163441367661
-0.0142010769339,-0.181283696359,0.366072394371,0.163541245783
-0.0152444826902,-0.182437607281,0.36636776289,0.163802579935
-0.0156808945226,-0.182890676416,0.366473482812,0.163947712422
-0.0155077166757,-0.182725095985,0.36642411973,0.163870765421
-0.0152313968177,-0.182319591467,0.36630254079,0.163790110183
-0.0158050655162,-0.1829733748,0.366480581005,0.16394985854
-0.0161881442327,-0.183414911374,0.366595507203,0.164061094149
-0.0159785745776,-0.183220193438,0.366598677546,0.163992564791
-0.014936379036,-0.182066011115,0.366397011568,0.163731289074
-0.0151103300907,-0.18222292918,0.366397173156,0.163762407152
-0.0137426182212,-0.180696865335,0.366155454296,0.163393199091
-0.014650943807,-0.181661043695,0.366322988073,0.163648046591
-0.0152758579539,-0.182440786014,0.366444396849,0.163822547777
-0.0140482278542,-0.181111311307,0.366216114515,0.163459597073
-0.0135669453372,-0.180655291536,0.366151924247,0.163324214492
-0.0137320033064,-0.18084481228,0.366214038106,0.163388916707
-0.0128271833886,-0.179922239089,0.36602802666,0.163122811752
-0.0126351376759,-0.179744373523,0.366011491367,0.163070446806
-0.0123181300491,-0.179316256423,0.365968787227,0.162982635135
-0.011583022629,-0.178572734645,0.36592873678,0.162747053869
-0.0116524468906,-0.17861250184,0.365885318489,0.162781420974
-0.0117279636467,-0.178712940858,0.365870738769,0.162792568238
-0.0138568297176,-0.180962070737,0.366048225178,0.163458129389
-0.0131872745452,-0.180265257783,0.36603422122,0.163250038908
-0.0120723612989,-0.179132958327,0.365971627048,0.162904163329
-0.0133033238795,-0.180421372361,0.366070535039,0.163258111657
-0.0128662455786,-0.180041084093,0.366049668577,0.163118165575
