1.0,1.0,1.0,1.0
-0.0789945376311,-0.0430379797644,0.00420997103523,0.0319585842451
0.316974770775,0.121911221705,0.345595757719,0.147240584587
0.0208393565551,-0.0667811415264,0.223285133608,0.114579185172
-0.0473400606803,-0.271032904264,0.478176107601,0.213740179723
-0.0342621045713,-0.206620775412,0.373166027613,0.166483119039
-0.0239128480207,-0.199928195028,0.37871554846,0.168409385749
0.00782580754159,-0.178524996824,0.391271507116,0.171444596957
-0.0437080601203,-0.205907001286,0.3593149269,0.161719710991
-0.0296728899962,-0.198484848557,0.367851065185,0.164535398747
0.00632746171551,-0.176949482189,0.385941871371,0.169683111814
-0.0204468119368,-0.190598210537,0.365645897037,0.162510238984
-0.0284303117106,-0.193460758084,0.363314749952,0.162785241166
0.022888550161,-0.16310147204,0.389921240037,0.17158534125
-0.0371529138238,-0.196593861672,0.35293730722,0.159285778644
-0.0248459481364,-0.19095839083,0.361669926491,0.16198729813
0.0019238822151,-0.17553799613,0.375883579906,0.165948707387
-0.0320547290892,-0.194550811218,0.357172723627,0.159102006001
0.020169061911,-0.164818990073,0.386998400147,0.167534579118
-0.016182015453,-0.18384304145,0.361832234152,0.15871194855
0.0035545485445,-0.173071039726,0.371778100111,0.162390624908
-0.0116518556405,-0.179609626227,0.361322779582,0.159669026436
-0.0102376257505,-0.178059520818,0.360876479843,0.159594751467
-0.00956839596388,-0.177397302806,0.360748092196,0.15955508482
-0.0106056843301,-0.178652351504,0.361391326332,0.159755315491
-0.0110136465713,-0.179105305488,0.361662521878,0.159864441159
-0.0101642542883,-0.178244841051,0.36144953284,0.159850108378
-0.00789209822561,-0.175645480674,0.360638171303,0.159696082036
-0.00711118171955,-0.174796504162,0.360506871959,0.159681274872
-0.0080160238562,-0.175905458129,0.361002038746,0.159826723004
-0.0086598631859,-0.176803515002,0.361441201146,0.15996974645
-0.0107421827476,-0.179187707882,0.362366264938,0.160206765773
-0.0104128554293,-0.178593762811,0.362246985778,0.160275083103
-0.0101941344306,-0.178481178521,0.362497522739,0.160327913158
-0.0109952343619,-0.179391115285,0.36289031342,0.160512467391
-0.0112832294502,-0.179723040102,0.36308272024,0.160620323242
-0.0119602983318,-0.180322283178,0.363465530273,0.160823449668
-0.0118460279089,-0.179960177376,0.363498832834,0.160891127855
-0.0119420249314,-0.180266824635,0.36379460283,0.160986651275
-0.012978792136,-0.1815230852,0.364481200119,0.161236373885
-0.0132121606949,-0.18161240957,0.364578125733,0.161262484489
-0.0126823492652,-0.18110542964,0.364540007811,0.161273024658
-0.0115179020542,-0.180230247221,0.364265165912,0.161126003871
-0.0112209573234,-0.18001340368,0.364212017985,0.161143589899
-0.0120646139103,-0.180774791102,0.364642940038,0.161312392636
-0.011883380025,-0.180625627655,0.364738239594,0.161335228573
-0.0112519620719,-0.180071422731,0.364549141255,0.161290089118
-0.011371365255,-0.180243743783,0.364690975429,0.161328128292
-0.0110632886774,-0.179997367084,0.364654823211,0.161348934383
-0.00996285365045,-0.179004201924,0.364163416028,0.161120930533
-0.00958663174989,-0.178581520059,0.364083222098,0.161114216057
-0.00999630457039,-0.178979993169,0.364200243935,0.161159615492
-0.00870404446689,-0.17760184754,0.363524673905,0.160861241442
-0.00890960769973,-0.177797097336,0.363652743966,0.160936466358
-0.0091304640731,-0.178029305759,0.363713803135,0.160951177577
-0.0101490223981,-0.179189666887,0.364327727906,0.161227275342
-0.0116410676275,-0.180706552725,0.364979983758,0.16152888636
-0.0132470437027,-0.182384059869,0.36590185386,0.161968404976
-0.0136537298259,-0.182827409453,0.366148485005,0.162109702246
-0.0133865136783,-0.182584213451,0.366061411967,0.162046050002
-0.0135106389309,-0.182767703463,0.366199059478,0.162103339072
-0.0144384493491,-0.183724901559,0.366698855369,0.162324497912
-0.0144702161208,-0.18376589606,0.366713937659,0.162359283165
-0.0155881837726,-0.184893136634,0.367056996228,0.162681166154
-0.0150056086716,-0.184162707884,0.366694924926,0.162490178663
-0.0139951353915,-0.183154593076,0.366298964004,0.162209428816
-0.0128071957075,-0.181785136436,0.365697826312,0.161877751579
-0.0115710512555,-0.180486637395,0.365161099063,0.161541064764
-0.0126086895456,-0.181590420915,0.365760052648,0.16188185254
-0.0120657049657,-0.181145826607,0.365670328134,0.161801865845
-0.012675036588,-0.181784814674,0.365874591646,0.16193975319
-0.012702919044,-0.181852553138,0.365891258742,0.16196556
-0.0131691049591,-0.182305065097,0.366196473791,0.162134078239
-0.014418264374,-0.183481213565,0.366667702002,0.162427890211
-0.0146153923873,-0.183613553239,0.366721763793,0.162437256515
-0.0152311946593,-0.18409606304,0.366858765491,0.162540508561
-0.0155075990797,-0.184358923608,0.367004390219,0.162616104482
-0.013918990039,-0.182864278154,0.366305295286,0.162277866644
-0.0143476597307,-0.183335829214,0.366568996113,0.162396522334
-0.0125467091365,-0.181517152697,0.36563299124,0.161946646862
-0.0122165782602,-0.181211366083,0.365547798417,0.161887995126
-0.0118833905188,-0.180798468225,0.365391681429,0.161845768392
-0.0118158021209,-0.180850005811,0.365531558856,0.161857511622
-0.0110102750416,-0.180304995114,0.365161390996,0.161540536406
-0.00872811173941,-0.17871488803,0.364223255796,0.160703486984
-0.00864260323509,-0.178668656553,0.364268429236,0.160711661852
-0.00848881839948,-0.178464329397,0.364118537155,0.160623868467
-0.00836010617558,-0.178353339879,0.364050879794,0.1605743223
-0.00860361049763,-0.178472238017,0.364035670507,0.160600953181
-0.00845191509212,-0.178329835326,0.363982363519,0.160558813876
-0.00872899871522,-0.178542965209,0.364319601793,0.160715644248
-0.00908782497084,-0.178788295429,0.364490510734,0.160878152766
-0.00881127952851,-0.178591215721,0.364437676842,0.160832017479
-0.00916521538839,-0.17890716955,0.364670630008,0.160981637941
-0.0084064526229,-0.178190111104,0.364392422651,0.160786931256
-0.00785652102456,-0.177631131933,0.364161453343,0.160679982437
-0.00642118949832,-0.176393123353,0.363484867095,0.160205106857
-0.00707274738434,-0.176875412079,0.363710659956,0.160414612352
-0.00841686958735,-0.177823962886,0.364044418864,0.160758303658
-0.0096933790499,-0.178857122154,0.364562858979,0.161129458681
-0.0116741047937,-0.180474603011,0.3652875851,0.161695632307
-0.0107300830551,-0.179636367586,0.36487194214,0.161439817024
-0.0104387660625,-0.179012010934,0.364746932268,0.161428336961
-0.0100598611251,-0.17838313896,0.364592975945,0.161336011603
-0.00898848872391,-0.176759045673,0.364162034765,0.161189612965
-0.0104017797645,-0.179093308891,0.364843535498,0.161416312459
-0.0102648717949,-0.178924732735,0.3648177786,0.161361759543
-0.0101759383561,-0.178801688196,0.364874086548,0.161401945711
-0.00921585272694,-0.177056521897,0.364396974073,0.161252862157
-0.00939136881088,-0.177235030944,0.364465956468,0.161305770332
-0.01019202474,-0.178444624674,0.36473256636,0.161395574964
-0.0111010099349,-0.1798429721,0.365053463572,0.161523829378
-0.00912656572421,-0.179340441731,0.364544854007,0.160859513476
-0.0099118826468,-0.179552887248,0.364787595886,0.16115342755
-0.00857070601799,-0.179253109665,0.364408496417,0.160656045532
-0.00928128247641,-0.179470734626,0.364609788653,0.160936851671
-0.00828902327958,-0.179169258208,0.364351691007,0.160618891778
-0.00773913226699,-0.178786912602,0.364167350339,0.160480453533
-0.00681946452372,-0.178437397457,0.363841334317,0.160150788226
-0.00640081239295,-0.178199791318,0.363731011769,0.160046884944
-0.00519725134501,-0.177898723371,0.363395634493,0.159617669069
-0.00589334671932,-0.178241449171,0.363636778238,0.159851811409
-0.00573427076351,-0.1782066482,0.363594345053,0.159832255094
-0.00505670503316,-0.177913975641,0.363421736461,0.159662573394
-0.00502667851506,-0.177796546884,0.363345546232,0.159633638933
-0.00483290706752,-0.177652385092,0.363262731547,0.159557286231
-0.00535494614016,-0.177698034636,0.363294618184,0.159714808297
-0.00284586716001,-0.177362794605,0.362655688885,0.158870914543
-0.00344757361664,-0.177299343267,0.362752799188,0.159124764328
-0.00263534120101,-0.177251955388,0.362643019061,0.158880729079
-0.00446088855831,-0.177313602913,0.363054218073,0.15951707211
-0.00477275746309,-0.17730891993,0.363082199513,0.159625048688
-0.00540703179393,-0.177506731042,0.363321285148,0.159846035285
-0.00841235449337,-0.178982063261,0.364380333823,0.160750527805
-0.00893307035512,-0.179075207789,0.364522315584,0.160899022184
-0.0104038220761,-0.179916748587,0.36506902555,0.161327652438
-0.00959767999576,-0.17933928395,0.364736780072,0.161130710974
-0.0103546145965,-0.179750583107,0.36501314873,0.161351340513
-0.00913445579699,-0.178914011801,0.364529698625,0.161003003348
-0.00927080063844,-0.179063597628,0.364562212062,0.160995683074
-0.010844373196,-0.179741523058,0.3650985549,0.16149042024
-0.00993439175868,-0.179079364125,0.364780932958,0.161298366391
-0.0106255680573,-0.179679776465,0.36505541126,0.161507992773
-0.00752429970041,-0.178240766492,0.364028992903,0.16056340842
-0.00834279175968,-0.178672127122,0.36434008087,0.160804385567
-0.00747195161697,-0.17831317053,0.3640820321,0.160550723233
-0.00878197525237,-0.178827025006,0.364516290549,0.160972555019
-0.00822341630212,-0.178361571433,0.364324735703,0.160822348795
-0.0100120337174,-0.179173292097,0.36497741224,0.161362954217
-0.0110914635204,-0.179815287483,0.365352767273,0.161685952277
-0.0114377481674,-0.180060229386,0.365499870562,0.161779396755
-0.0108845917793,-0.17976128218,0.36528542166,0.161613627271
-0.0106031328488,-0.179429276392,0.36528193206,0.161596055651
-0.00975307660237,-0.178977374871,0.365224102449,0.16134404509
-0.009975740702,-0.178891261658,0.365373443155,0.161498843449
-0.0105150573224,-0.179203863174,0.365480421223,0.161644604134
-0.00998895238662,-0.178810269116,0.365399831974,0.16155898634
-0.00960381116202,-0.178685310779,0.365255074678,0.161343318631
-0.00837188019047,-0.178051467587,0.365121964273,0.160963994611
-0.0091662517041,-0.178447793223,0.365300703283,0.161216277705
-0.0108321304099,-0.179206902553,0.365818143856,0.161901842274
-0.0108008276762,-0.17933503391,0.365731987652,0.16185252505
-0.0105428194148,-0.178855370716,0.365595152617,0.16182717946
-0.00982186301054,-0.177961257172,0.36538806281,0.161811416748
-0.0106380940241,-0.178595617302,0.365545357899,0.161915807619
-0.0110654920671,-0.179013852535,0.365696014435,0.161767803504
-0.010689380039,-0.178120880609,0.365614222966,0.161926465512
-0.0100184320966,-0.177603892066,0.365536959918,0.161709547166
-0.010035096262,-0.177711784764,0.365566904933,0.161888626714
-0.0134076497295,-0.180998339717,0.366555624338,0.162376845859
-0.0156337471803,-0.183194299403,0.367130391988,0.162512700589
-0.0142198990255,-0.181837807063,0.366838322471,0.162222383783
-0.013325182826,-0.181362408358,0.366621099782,0.16201746859
-0.0141022129352,-0.181761806678,0.366759474473,0.162207524684
-0.0136614497079,-0.181687075406,0.366518955249,0.162078330798
-0.0127815936756,-0.18129209619,0.366224647422,0.161864992763
-0.0107128897533,-0.180340919649,0.365729774953,0.161335461114
-0.012621320614,-0.181249416574,0.366179920659,0.161830070525
-0.0110569320082,-0.180355971301,0.365962842348,0.161515923869
-0.012547572429,-0.180947871863,0.366458394671,0.161940304403
-0.0129629813367,-0.181078510292,0.366572511832,0.162051880107
-0.0138014511741,-0.181266395036,0.366828727837,0.162330184138
-0.0144478458076,-0.182508002304,0.366970346525,0.16221753765
-0.0142862537615,-0.182453005495,0.366836499408,0.162144924964
-0.0146660514751,-0.182500602684,0.367123179354,0.162310494798
-0.013544174931,-0.180975908503,0.366608558138,0.162355681323
-0.0142550859648,-0.181533611105,0.367061449983,0.162514850708
-0.0116774832552,-0.179014410206,0.365543346744,0.162160361013
-0.0121512463352,-0.179471290998,0.365844717973,0.162276767207
-0.0124691972832,-0.179917039167,0.366015839398,0.162296844421
-0.0119769335891,-0.179525173384,0.365703626483,0.16219131888
-0.0110913800944,-0.178825702944,0.365163460292,0.162025623551
-0.0114272506827,-0.179153448051,0.365220685068,0.162121236853
-0.0112235141177,-0.17868824398,0.364863749601,0.162019321814
-0.0104308617003,-0.177501597202,0.364420473628,0.16173176586
-0.0113067965551,-0.178199397748,0.364907703634,0.161766926157
-0.0105723714348,-0.177318906519,0.364486560868,0.161537242142
-0.0110653934474,-0.177542925293,0.364577809444,0.161873165314
-0.0134595482365,-0.179102638203,0.365589213529,0.162728557535
-0.0141498475851,-0.179956357161,0.365937594056,0.163112078322
-0.0151198942252,-0.180923230792,0.366503237466,0.163395535667
-0.0141667941295,-0.180338700202,0.366148822838,0.162967409168
-0.0150140141933,-0.181206228272,0.366338000663,0.163225320071
-0.0152253165661,-0.181423950306,0.366396108792,0.163352285676
-0.0152102676083,-0.181460115262,0.366544335126,0.16335400744
-0.0152398103136,-0.181158385288,0.366493929229,0.163435576007
-0.014798203671,-0.180869912947,0.366423370066,0.163227638985
-0.0145254861891,-0.180841957492,0.366509031761,0.163049967593
-0.0146640278393,-0.180950659615,0.3663157636,0.163095891197
-0.0137694459898,-0.180382834815,0.366120652235,0.162708072376
-0.0143968448179,-0.181575876622,0.366335529929,0.162755596413
-0.0145445422921,-0.181333373104,0.366277662291,0.162942366255
-0.0156155451183,-0.182160423214,0.366646621171,0.163308352655
-0.0151483535839,-0.181211343311,0.366295185984,0.163313918405
-0.0155502351388,-0.182094277452,0.366622346586,0.163283225318
-0.015086611976,-0.181554666582,0.36644909405,0.163148590009
-0.0155114605714,-0.181628958928,0.366524080075,0.163376923623
-0.0155390161004,-0.181998429683,0.366655199031,0.16330744537
-0.0146023850567,-0.18059141189,0.366114375421,0.163170749007
-0.0155017130471,-0.181060333058,0.366408381515,0.163550323344
-0.0150666477431,-0.180554899939,0.366272313028,0.163463365131
-0.0156988319085,-0.181691809209,0.366723679994,0.163481525647
-0.0151208794738,-0.18121665006,0.366589549945,0.163319305187
-0.0157965037026,-0.182006573959,0.366822347939,0.163461543157
-0.0155353913666,-0.181503791485,0.366672340347,0.16347825839
-0.0141562353771,-0.180290585619,0.366299644343,0.163104432919
-0.0147424743107,-0.181193994264,0.366567697458,0.163136453278
-0.0150341000479,-0.180861005257,0.366485375963,0.163424001313
-0.0145112461296,-0.180375334367,0.366285650524,0.163297432845
-0.0142166999241,-0.180134451824,0.366210249032,0.16320946121
-0.014077016609,-0.179292625793,0.366004897566,0.163385880817
-0.0143170710799,-0.179628112287,0.366139939331,0.163438402326
-0.013349775509,-0.178600069117,0.366000101478,0.163232782803
-0.0124033238163,-0.177793851248,0.365910853356,0.163006293511
-0.0122236218187,-0.177381699072,0.365771147488,0.163028496519
-0.0119710491408,-0.177186307305,0.365740849487,0.16297039824
-0.0114180432568,-0.176636496282,0.365638092288,0.162864855603
-0.0116495629792,-0.176945139129,0.365717664262,0.162919181906
-0.0117551942621,-0.177277015902,0.365733623354,0.162821612948
-0.0123565254601,-0.178232497653,0.365884437133,0.162816451893
-0.0115544205783,-0.177856089988,0.365832950788,0.162504830038
-0.0114083236713,-0.178005544326,0.365933998397,0.162400673855
-0.010964286896,-0.177396852508,0.36578279323,0.162367568039
-0.0093620543538,-0.175538918365,0.365338543476,0.162075427149
-0.00912063961856,-0.175433530356,0.36536347988,0.162012177734
-0.00964902283275,-0.175990257348,0.365451822287,0.162113850031
-0.00986969266992,-0.176265151147,0.365536652809,0.16217849625
-0.0111091787754,-0.177576930841,0.365856192817,0.162432446272
-0.0108833154129,-0.177252768503,0.365789226632,0.162391327949
-0.010641527034,-0.176898086413,0.365606902162,0.162316381409
-0.0116020835681,-0.177855809284,0.365756235898,0.162517389062
-0.0115102104748,-0.177637113311,0.365666832767,0.162514001575
-0.0110117536261,-0.17732252413,0.365539574523,0.162320284652
-0.0106806007606,-0.177224019885,0.365516137106,0.162199804502
-0.00966381391803,-0.176683257851,0.365308241446,0.161813937577
-0.00926429471309,-0.176341871222,0.365219754377,0.161676767723
-0.00941101006898,-0.176409767218,0.365265826739,0.161755564262
-0.0088236018376,-0.176096861678,0.365126072247,0.161505309777
-0.0103821460733,-0.177027998715,0.365416865657,0.162079835433
-0.0106921039022,-0.177206383602,0.365422070529,0.162185696764
-0.0122505115051,-0.178163852678,0.365809168535,0.162790407444
-0.0114631358837,-0.177712268018,0.36564694214,0.162491123248
-0.0110357465918,-0.176720463075,0.365745791419,0.162569757777
-0.0118760907321,-0.177820398666,0.365780822065,0.162695917756
-0.0120522440592,-0.177964680599,0.365811281117,0.16271243592
-0.012465597208,-0.178993013012,0.365629258615,0.162573888894
-0.0129463279387,-0.179549495259,0.365771860941,0.162706661108
-0.0125613681588,-0.179260163952,0.365735857471,0.162618480121
-0.0124598380736,-0.178913691962,0.365779482012,0.162695819609
-0.011944173576,-0.178289583207,0.365739990273,0.162602723477
-0.0123108634165,-0.178700489307,0.365734551895,0.162657871746
-0.0117029094638,-0.177982184174,0.365783971901,0.162602050321
-0.0121299244938,-0.178405051484,0.365837488645,0.162707579859
-0.0135638130758,-0.179392130888,0.366225839531,0.163242448072
-0.012440339952,-0.178436668218,0.365981492631,0.162886368448
-0.0115459003313,-0.177629354833,0.365795842406,0.162629372704
-0.0108397848534,-0.177396642336,0.36559423464,0.162300402614
-0.0111781748982,-0.177524721692,0.365705350191,0.162429771447
-0.0126255440958,-0.178959565855,0.36601613161,0.162810418152
-0.0135260294423,-0.179748646428,0.366221646105,0.163068660971
-0.0151750628223,-0.180953075317,0.366607073897,0.163648867046
-0.0152728463209,-0.18105222221,0.366587572669,0.163641351688
-0.0152458640489,-0.181461566445,0.366469596568,0.163463234667
-0.0150551065858,-0.181170719506,0.36647705587,0.163474115916
-0.014271466003,-0.180417450822,0.366228997788,0.163223192263
-0.015572051734,-0.18162622513,0.366710382071,0.163651226772
-0.0145196913043,-0.180784081652,0.366307026104,0.163259331835
-0.0153835973774,-0.181651648938,0.36660763143,0.163508646452
-0.0154780948021,-0.181925134265,0.366633657151,0.163516710143
-0.0154780935478,-0.181925134544,0.366633656447,0.163516709392
-0.0154129644437,-0.18159994844,0.366639162887,0.163596443122
-0.0151738269367,-0.181273768399,0.36655631097,0.163555192102
-0.0141398669469,-0.180445539695,0.366183743228,0.163168886726
-0.0144866901055,-0.180810262342,0.366248485348,0.163269235389
-0.0142591523957,-0.180679752477,0.366203740058,0.163177058386
-0.0146699008168,-0.180980009769,0.366378556172,0.163382235948
-0.0143852504253,-0.180459646793,0.366374745242,0.163397499833
-0.0146282932493,-0.180592066513,0.366518904116,0.163531793887
-0.0149537429209,-0.181226448097,0.366495738812,0.163451681689
-0.0145474924938,-0.180748852093,0.36637297384,0.163358012256
-0.0146935952692,-0.180964960791,0.366380937511,0.163353470113
-0.0144799868669,-0.180617139449,0.366382710669,0.16337914562
-0.0133042558451,-0.179687368259,0.365994776603,0.163038751544
-0.0124686219362,-0.178686942655,0.365852788632,0.162975075479
-0.0122962401292,-0.178512224218,0.365800737153,0.162938487515
-0.0117055851658,-0.178001139618,0.365651406344,0.162783115927
-0.0110759475135,-0.177455832943,0.365473045319,0.162604097045
-0.011219964457,-0.177735796177,0.365497443198,0.16260966024
-0.0106363630396,-0.176994336155,0.365395590857,0.162561387315
-0.0110768857761,-0.177737945337,0.365464386173,0.16253165274
-0.0113685239976,-0.177732331003,0.365549311663,0.162684556204
-0.0126108872937,-0.178695683016,0.365972917322,0.16302935595
-0.0126219796921,-0.17874053455,0.36598811344,0.163055772556
-0.0112694882129,-0.177459504008,0.365548561106,0.162700108094
-0.0109423825552,-0.177107956332,0.365456940056,0.162601215317
-0.0111066126355,-0.177260597338,0.365442450751,0.162626752882
-0.0114252766526,-0.177641437563,0.365562985693,0.162686425308
-0.0119606154968,-0.178151005507,0.365766470993,0.162797936576
-0.0123561205717,-0.17854280679,0.365889281847,0.162889172423
-0.012139039342,-0.178326353271,0.365787317302,0.16282185235
-0.0113023595862,-0.177561413019,0.365565274054,0.162628131009
-0.0105537162791,-0.176871474321,0.365349132244,0.162473163706
-0.0102771264754,-0.176407445759,0.365281334247,0.162416056001
-0.0106598254609,-0.177005634461,0.365311124138,0.162492009088
-0.0102530573381,-0.176401559637,0.365183681041,0.162380403406
-0.0103604416731,-0.176553815086,0.365185762428,0.162399485302
-0.0111244887942,-0.17783972929,0.365297709963,0.162571486442
-0.0113244476826,-0.178188905103,0.365352002968,0.162622585884
-0.0117272107884,-0.178816633662,0.365440166249,0.162727126914
-0.0120665086514,-0.179387668258,0.365539786505,0.16282025597
-0.0122172670057,-0.17958730693,0.36561635087,0.162867369275
-0.0118099873948,-0.178884223701,0.365462711732,0.162725629562
-0.0129890829275,-0.179519669613,0.365883948541,0.162856137756
-0.0125651534202,-0.17943924648,0.365564813062,0.16276818184
-0.0144451123481,-0.180106058322,0.366359631486,0.163264463751
-0.0139160779714,-0.180101087924,0.366145931999,0.163123766787
-0.0120695751551,-0.179802822676,0.365417651992,0.16275875945
-0.0110951633218,-0.179164432394,0.365036621185,0.162511968992
-0.0106396648653,-0.179024243381,0.364779279295,0.162372972727
-0.0110220272955,-0.178859153837,0.364865236159,0.162539007645
-0.0114805915771,-0.179102945943,0.365108646244,0.162600158461
-0.0116119006314,-0.178789035961,0.365234328451,0.162633065255
-0.0106860696503,-0.177965054996,0.364922580783,0.162449552345
-0.0115604332592,-0.178357887259,0.365305837482,0.162670157388
-0.0116659049778,-0.178267372387,0.365381983289,0.162710860884
-0.0121062797965,-0.178815584946,0.365463950807,0.162797985398
-0.0120533174437,-0.178961134534,0.365376320735,0.162725390281
-0.0103409096605,-0.177403522787,0.364881008615,0.162371592035
-0.0111757433911,-0.178190256324,0.365067267403,0.162512642935
-0.0109582333923,-0.178419957657,0.364908393575,0.162428925911
-0.0115200205494,-0.178813486215,0.3651021724,0.162532039813
-0.0116369084527,-0.178960936446,0.365103709742,0.162548924123
-0.0131062933488,-0.180312603287,0.365735953136,0.16289874848
-0.0128382921926,-0.18005012706,0.365600591039,0.162826643361
-0.0142046133093,-0.181660071031,0.366143526481,0.163113298871
-0.014793460891,-0.182489508739,0.366346210253,0.163239872656
-0.0140819913763,-0.182255900484,0.365968085395,0.163063949831
-0.0138677677514,-0.182429878356,0.365879275249,0.162987816106
-0.0143624205729,-0.182792841217,0.366181250585,0.163122013512
-0.0147457579497,-0.18337550978,0.366310360389,0.163233254249
-0.0135803719069,-0.182229839008,0.365821095641,0.162990853346
-0.0123222736589,-0.181002793835,0.36529589466,0.162686908876
-0.0117482428963,-0.180466121711,0.365073162489,0.162539718231
-0.0109886996574,-0.179918578092,0.364681861761,0.162326588945
-0.0114583620774,-0.180308799489,0.364924294053,0.162460386144
-0.0123957517697,-0.180884590348,0.365440758867,0.162709711715
-0.0126385582679,-0.180603031502,0.365639121748,0.162804695169
-0.0129080027722,-0.181778788411,0.365573694599,0.16281459784
-0.0111688637807,-0.179617825876,0.364885358116,0.1624352177
-0.011698965288,-0.179907601498,0.36506736776,0.162551719189
-0.0110613065618,-0.178939633867,0.364840269425,0.162420893878
-0.0104665819535,-0.178555436481,0.364537785416,0.162267635818
-0.0119080551655,-0.179911361392,0.365056725913,0.162597396299
-0.00965739576535,-0.177933713631,0.364142562361,0.16207949759
-0.0105287148612,-0.178752468963,0.364485758955,0.162255991978
-0.0113330858776,-0.179821895492,0.3647560973,0.16240579334
-0.00979566928017,-0.178712189849,0.364047954185,0.162014139313
-0.0112181333271,-0.18003002082,0.364595034033,0.162314157647
-0.0117465194153,-0.180058810017,0.364910074318,0.162489897139
-0.0131297638095,-0.181005273645,0.365600196189,0.162871616261
-0.0119089438983,-0.180126212222,0.364990327468,0.162539836156
-0.0112424635462,-0.179660435073,0.364657802632,0.162368263168
-0.0112424628879,-0.179660434324,0.364657802111,0.162368262652
-0.0120068682812,-0.180459926713,0.365147976235,0.162555286489
-0.0118923093441,-0.180406992624,0.365125345809,0.162541677724
-0.0118827902009,-0.18030812384,0.365077597681,0.162505668614
-0.0121510217577,-0.180654688303,0.365311915523,0.162615743625
-0.011634728843,-0.18013019014,0.364963084508,0.162476242397
-0.0119991245651,-0.180465286948,0.365177439142,0.16259169676
-0.0118612632189,-0.180312950514,0.36509591951,0.162582355081
-0.0129006264562,-0.181493036644,0.365827259151,0.16285972252
-0.0119928467652,-0.180486919649,0.365251209928,0.162622169874
-0.0135659128945,-0.182257244808,0.366113716544,0.163031411133
-0.0148188760009,-0.183600743286,0.366791775201,0.163360199852
-0.0148537886023,-0.183580165802,0.366773199304,0.163370061259
-0.0149099447263,-0.183625759892,0.366793061952,0.163368167564
-0.0155979362497,-0.184341946409,0.367145205831,0.163510862329
-0.014978597682,-0.183673938079,0.366761980249,0.163398857396
-0.0146151342242,-0.183196296375,0.366511822717,0.163278868239
-0.0136778909288,-0.182229010434,0.365995960153,0.163044076346
-0.0150859314744,-0.18384295392,0.366817451052,0.163371396352
-0.0165963851183,-0.185539721928,0.367690127439,0.163729175118
-0.0176619847517,-0.186499483895,0.368166094919,0.163991834742
-0.0178635154891,-0.186589610575,0.3682451226,0.164065128544
-0.017605071398,-0.186209215274,0.368025300924,0.163996848402
-0.0165323799892,-0.185085449691,0.367509445595,0.163748709212
-0.0155624201096,-0.184188017994,0.367072985961,0.163504199996
-0.0162544327713,-0.18476664422,0.367357270928,0.163669157461
-0.0151880217956,-0.183634772309,0.366845708252,0.163390096968
-0.0140342917901,-0.182351235226,0.366228528612,0.16309710108
-0.0140301555595,-0.182345525303,0.366241404999,0.163156155931
-0.0144912008288,-0.182677543069,0.366396617977,0.163305380902
-0.0134050846054,-0.181786275828,0.365878933078,0.163069285402
-0.0140350038096,-0.182289718621,0.366199665429,0.163238606927
-0.0139032354922,-0.182228967959,0.366187354598,0.163214921038
-0.0115083983912,-0.180199170045,0.365067191226,0.162607414199
-0.0116292144565,-0.180254271018,0.365073594456,0.162618441088
-0.0138348420284,-0.182185020589,0.366177536494,0.163165200906
-0.0137615457741,-0.182080650759,0.366128434959,0.163111314389
-0.0138434127555,-0.182123845441,0.36619088145,0.163131250549
-0.0145067682993,-0.182687764098,0.36657917942,0.163288662184
-0.0152034719294,-0.183182193366,0.366837607324,0.163462266469
-0.0143201966881,-0.182283983462,0.366428154743,0.163280748275
-0.015235395996,-0.183208119315,0.366851435498,0.163458366559
-0.0146448539111,-0.182551556812,0.366571252324,0.163337013323
-0.0140358616784,-0.181886608945,0.366265011746,0.163209529269
-0.0140479998366,-0.181925020642,0.366249890862,0.163227626247
-0.0141784923169,-0.18211624553,0.366349204292,0.163282168754
-0.0131650831681,-0.181124605921,0.366014727562,0.163088358961
-0.012758735816,-0.180762403996,0.365852809679,0.163000748962
-0.0118867278596,-0.179875002089,0.365519803973,0.162833051605
-0.0123161868222,-0.180268631333,0.365634706202,0.162908032498
-0.0121854243721,-0.180339478766,0.365627046858,0.162879124024
-0.0121189010499,-0.180048284436,0.365607012318,0.162900634276
-0.0120366414673,-0.180220819667,0.365480645271,0.162839433841
-0.0124086542685,-0.182551799286,0.365435022574,0.16273845455
-0.0128493935354,-0.183769776655,0.365553981827,0.162763111199
-0.0129984332503,-0.183428754481,0.365732348203,0.162838443893
-0.0130400113265,-0.183411851186,0.365717009488,0.162833180123
-0.0130133877979,-0.182422238585,0.365771953884,0.162883485018
-0.0126649038213,-0.180482001515,0.365806526537,0.162950261517
-0.0132072999428,-0.183335122225,0.365899661847,0.162928716521
-0.0133626585205,-0.183978309511,0.365907642062,0.162881511273
-0.0141933695124,-0.184108333351,0.366135538701,0.163097989536
-0.0124201012052,-0.182779077739,0.365676303097,0.162787784485
-0.0111081665492,-0.181691530263,0.36538115433,0.162535123547
-0.0115432448281,-0.182773579392,0.365450364685,0.162520436956
-0.01238294604,-0.183364494301,0.365640963229,0.162680703676
-0.0122915368735,-0.183586474241,0.36567612756,0.162652926585
-0.0132142937035,-0.1839623255,0.365932116075,0.162828619224
-0.0114585507741,-0.182930246429,0.365517398059,0.16252289714
-0.010777465834,-0.182092415533,0.365309522983,0.162353094801
-0.00937498596321,-0.180050155333,0.36449333475,0.16213608864
-0.00912344972791,-0.179563038263,0.364178741091,0.162089027754
-0.0101257052948,-0.179787165048,0.36461480421,0.162176658024
-0.0092618141879,-0.17925839076,0.364281409284,0.161959500816
-0.00855104563344,-0.178678687273,0.364008008894,0.161866786049
-0.00905813482502,-0.178649979179,0.364164024409,0.161933260458
-0.0106867454081,-0.179473337118,0.364865804327,0.16224948825
-0.0095070318079,-0.178652217569,0.36441505863,0.162105200541
-0.00941135348527,-0.178125797394,0.364369449627,0.16218397555
-0.0104457986289,-0.178875723163,0.364782776467,0.162394665652
-0.0109727904943,-0.179917101401,0.364976669544,0.162487650457
-0.0106221822626,-0.179315450678,0.364810109576,0.16243042271
-0.0125464486251,-0.181061618523,0.365591655298,0.162913916099
-0.0131686757375,-0.181847321855,0.365742314772,0.163048786386
-0.012825478398,-0.181611934986,0.365684911574,0.162945353053
-0.0121940911012,-0.180782845029,0.365431654743,0.162794461609
-0.012737748366,-0.181159894565,0.365606115742,0.162959571399
-0.0122336397943,-0.180699632538,0.365415725392,0.162852311989
-0.0133583678471,-0.181090497642,0.365749368591,0.163124532196
-0.0141882723272,-0.181572007722,0.366119048141,0.16331784655
-0.0144045454239,-0.18209242558,0.366165514535,0.163348291779
-0.0147883453071,-0.182649206323,0.366374140284,0.163455704775
-0.0144774535532,-0.182333136415,0.366263075242,0.163388690193
-0.0146338023149,-0.181706494266,0.366317126376,0.163468695916
-0.0160805420143,-0.183316927602,0.36683821893,0.163770969875
-0.0162756709641,-0.183808611407,0.366925895444,0.163804413917
-0.0166977227514,-0.184125734223,0.367038742179,0.163926891326
-0.0163100549529,-0.18359574638,0.366890853028,0.163854022634
-0.0161450068835,-0.183360584557,0.366873063715,0.163827129658
-0.0163356038656,-0.183079778115,0.366900396239,0.163892478994
-0.0163794786745,-0.183556486503,0.366972447014,0.163898111615
-0.0163794756905,-0.183556490013,0.366972446861,0.163898110865
-0.0166117361478,-0.183915318953,0.367102086773,0.163951407552
-0.0172415845538,-0.18467128714,0.367311513307,0.164093067203
-0.0173879994879,-0.184274199573,0.367336546449,0.164159529473
-0.0168699637794,-0.183521107906,0.367165900828,0.164097142138
-0.0178806055684,-0.18446983405,0.367565400358,0.164340479065
-0.0175613715887,-0.184123392724,0.367491480274,0.16430225367
-0.0177092692256,-0.183845268907,0.367432511796,0.164342658984
-0.0177563812721,-0.183482278146,0.367418868022,0.164403091121
-0.0171037004056,-0.182748732905,0.367027412185,0.164204106784
-0.0172778357892,-0.182895582037,0.367137052435,0.164255730823
-0.0168563266722,-0.181586291631,0.366716850856,0.164083670887
-0.0160678981344,-0.181152968082,0.366428952388,0.163874327788
-0.0146301574837,-0.180509738248,0.365959353839,0.163473829556
-0.0154120814461,-0.181138597993,0.366258409349,0.163717475764
-0.0161416640943,-0.181656664569,0.366567233492,0.16391089364
-0.016782455249,-0.182280810113,0.366843831449,0.164126468751
-0.0163648472238,-0.181943736254,0.366660827363,0.163988350983
-0.0165100241483,-0.181772351866,0.366654705899,0.163995915608
-0.0148359095481,-0.178719828433,0.36577665881,0.163686946095
-0.0146630718786,-0.178420492961,0.365712234956,0.163656148592
-0.0146561842773,-0.178625752587,0.365775329948,0.16365681932
-0.0145624997675,-0.178587916793,0.365780471243,0.163609269263
-0.0153965932114,-0.180137873482,0.366230967308,0.163762286817
-0.0146363587815,-0.178656506004,0.365802061365,0.163623393386
-0.0148012602234,-0.179106139941,0.365930284239,0.163674962655
-0.0146684856237,-0.178829581145,0.36588810645,0.163655598046
-0.0151657851002,-0.179874512265,0.366228214958,0.163750049449
-0.0154806885501,-0.180512761536,0.366406296505,0.163823269875
-0.015310592031,-0.180409123305,0.366341347933,0.16378314998
-0.0148596704517,-0.179787216248,0.366152552571,0.163677963759
-0.0148108604543,-0.179651193732,0.366195559608,0.163676976854
-0.0144240196803,-0.17911655425,0.366050087981,0.163593512445
-0.014260887166,-0.178874033961,0.365989788843,0.163546121789
-0.0134324633106,-0.177726693298,0.365560837636,0.163347864732
-0.0115272132405,-0.174743196686,0.364655868936,0.162914240476
-0.0125598344651,-0.176361962033,0.365177396861,0.163144262958
-0.0127596159871,-0.176801362332,0.36521638892,0.163198056028
-0.0133901759337,-0.177781645529,0.36556904762,0.163330584243
-0.0139341436975,-0.178266793918,0.365725632273,0.163472434253
-0.0134413776998,-0.177744159994,0.365596270535,0.163341112191
-0.0116520845705,-0.176078132416,0.365064235143,0.16287465583
-0.0118772471089,-0.176402692904,0.365152795939,0.162937700557
-0.0104567325211,-0.175254649514,0.364742950869,0.162547256722
-0.00912106236438,-0.174137172863,0.364362787455,0.162190720015
-0.00902581845753,-0.174052753013,0.36431428753,0.162180342973
-0.00770604651863,-0.172733626178,0.363871695289,0.16184638744
-0.0102430402908,-0.175050605262,0.364602781756,0.162466616236
-0.00972089144531,-0.174595397011,0.36444984845,0.162346384233
-0.0113193643824,-0.176077066992,0.364961176949,0.162744978164
-0.00941877523327,-0.174319876326,0.364343377075,0.162227384708
-0.00924907804997,-0.174341403739,0.364287686554,0.162158320221
-0.00866691872626,-0.1739147989,0.364138351888,0.161956767335
-0.00953344819193,-0.174718636159,0.364461611271,0.162196101482
-0.0100368110744,-0.175090423106,0.364585891539,0.162348793555
-0.00995077515309,-0.175197435062,0.364583950169,0.162325703125
-0.00963514444584,-0.174925361076,0.364490193889,0.16226168194
-0.00964193924769,-0.174937907728,0.364461656317,0.16225862954
-0.00965534092969,-0.174942330111,0.364387421719,0.162257937964
-0.00963077720582,-0.174972504883,0.364434281568,0.162282356122
-0.0123518877622,-0.176605502316,0.365308385668,0.163207658202
-0.0122386415076,-0.176575150605,0.365292800625,0.163188955888
-0.0118840122232,-0.176275508619,0.365129501522,0.163080596862
-0.0119049986635,-0.176349680333,0.365188737897,0.163122259839
-0.00991065568258,-0.175069884032,0.364524974597,0.162446665967
-0.0108586546057,-0.175742101374,0.364923169419,0.162775979668
-0.0118584986636,-0.176447392098,0.36533299291,0.163112666683
-0.0122688354017,-0.176814252349,0.365500810544,0.163268931197
-0.0116166979389,-0.176343620614,0.365241068968,0.163006931925
-0.0124451662549,-0.176994120913,0.365542167928,0.163332888112
-0.0135166362958,-0.177815628222,0.365954539809,0.163745067586
-0.013516635135,-0.177815627946,0.365954539282,0.16374506733
-0.0137042829327,-0.177870153815,0.365939079775,0.163785880465
-0.012781174898,-0.177171997389,0.365552266614,0.163412321165
-0.012270159293,-0.17685294705,0.365399115019,0.163196537848
-0.0122368691948,-0.176778851275,0.365360860709,0.163191264776
-0.0137189454594,-0.178001217333,0.365952032397,0.163721745923
-0.0128635950795,-0.177291897796,0.365598719675,0.163394042556
-0.0139700576134,-0.178201235198,0.366014902109,0.163826662562
-0.0145030917511,-0.178694894515,0.366245420257,0.163985888909
-0.0141507440157,-0.178454808772,0.366117699811,0.163858988115
-0.0152596799275,-0.179409240872,0.36650944326,0.164238515358
-0.0138178285997,-0.178223144052,0.365932263119,0.163723694195
-0.0144142692086,-0.178780875667,0.36609432333,0.163944829579
-0.0155752416434,-0.179756222742,0.36655499118,0.164298733421
-0.0153351658526,-0.179619097151,0.366460660752,0.16420273512
-0.0171114280706,-0.181108072001,0.367132251221,0.16478534051
-0.0160644632102,-0.180223857902,0.366712374729,0.164429396562
-0.0158536196463,-0.180033040704,0.366600849217,0.164323732098
-0.0163244969308,-0.18051603535,0.366759533108,0.164481898625
-0.0154086911935,-0.179689261315,0.366452370302,0.164165880304
-0.0147877034398,-0.179152734217,0.366202473107,0.163945487631
-0.0137486661302,-0.178204842308,0.365865158755,0.163642026233
-0.0135731932822,-0.178021248406,0.365811694892,0.163577421498
-0.0137154933704,-0.178141818961,0.365817606411,0.163621021591
-0.0135085434288,-0.177922422698,0.365774489079,0.163556334776
-0.0119260479788,-0.176453677412,0.365273487252,0.163115826142
-0.0107036273093,-0.175332167464,0.364918217224,0.162739005621
-0.0106116862009,-0.175265137409,0.364897058302,0.162711208895
-0.00988245103545,-0.174638586277,0.364639938072,0.162446600632
-0.011776273129,-0.176328631821,0.365390233284,0.163116343487
-0.010612147728,-0.175337896285,0.364941656175,0.162699669975
-0.00957346238493,-0.174450404612,0.364562286468,0.162334057441
-0.00833963436941,-0.173308463657,0.364029463129,0.161864563198
-0.0082746505791,-0.173251017086,0.364011322396,0.161884281541
-0.00905291680532,-0.173979100005,0.364335530358,0.162180492197
-0.0090958397939,-0.174066048712,0.364372991317,0.162204418515
-0.00846897715694,-0.173562262643,0.364119255702,0.161963272126
-0.00843304952782,-0.173565642016,0.364121005591,0.161939149612
-0.0085859630976,-0.173651126431,0.364174429673,0.161971935475
-0.00956757896737,-0.174570275445,0.36448999746,0.162274944924
-0.00981724649987,-0.174846481211,0.364583076096,0.162356690493
-0.0103292207639,-0.175342365667,0.364809985126,0.162516362598
-0.0115102628067,-0.176397747202,0.365214952219,0.16286930292
-0.0121491224873,-0.177059056642,0.365452713386,0.163068967719
-0.012683788567,-0.177513863594,0.365571827792,0.163195605318
-0.0132652153029,-0.178031382581,0.365742011036,0.163348056714
-0.0133896863969,-0.178092455495,0.365743509408,0.163376800192
-0.0126444108028,-0.177465730646,0.365444747625,0.163147483333
-0.0127476415535,-0.17753801922,0.365492888365,0.163170441055
-0.0126524943655,-0.177493654649,0.365474882796,0.163127469604
-0.0126414079795,-0.177525139655,0.365467821695,0.16310508224
-0.0117643013643,-0.176627093508,0.365108767803,0.162853527921
-0.0132924300614,-0.178198932096,0.365765092219,0.163324396787
-0.0128512474529,-0.177738941661,0.365588555447,0.163209879334
-0.0124886908249,-0.177406186731,0.365490375126,0.163139595619
-0.0124500452792,-0.177403710681,0.365446236898,0.163098299968
-0.0122912567369,-0.177276172779,0.365407195034,0.163079669965
-0.0120498944862,-0.177066752147,0.365330475203,0.162992810736
-0.0109914759574,-0.176028071886,0.364966806007,0.162698382968
-0.011866899268,-0.176880313434,0.365240920621,0.162932895377
-0.0119553326541,-0.1769483146,0.365317741042,0.16298525417
-0.0117692096853,-0.176736538444,0.365208362541,0.162885704723
-0.011148515162,-0.17619902465,0.365006057894,0.162693700328
-0.00948514337782,-0.174526889601,0.364459853754,0.162247866615
-0.00994997697808,-0.175016110225,0.364633191257,0.162364572896
-0.00979333771563,-0.174843948849,0.364577845117,0.162321720523
-0.00976180845816,-0.174888653359,0.364510009402,0.162290411404
-0.0107282878112,-0.175884985493,0.36487894642,0.162554007814
-0.0113262421438,-0.176461711223,0.365089861378,0.162740873
-0.010838409674,-0.176077460765,0.364872198429,0.162574753333
-0.0108454200567,-0.176142593901,0.364870900108,0.162553369248
-0.0117670238355,-0.177023025712,0.365293303716,0.162912550865
-0.0121449813344,-0.177463094638,0.365420162012,0.16302755407
-0.0125018191355,-0.177860861286,0.365542115109,0.16313205639
-0.0130665056188,-0.178385090285,0.365798090652,0.163313498927
-0.0127325354158,-0.178047521576,0.36567415323,0.163223065308
-0.0111209291923,-0.176568289989,0.365014905705,0.162743957047
-0.0114999707723,-0.176962011606,0.365159910998,0.162837871312
-0.0119829582484,-0.177502896489,0.365359259372,0.162964861459
-0.0124979663075,-0.178203416978,0.365572580898,0.163095839098
-0.0134767480977,-0.179437704568,0.365947575592,0.163375307074
-0.0121717792766,-0.177906998235,0.365484921856,0.163030222487
-0.0117721608285,-0.177395283323,0.365309181693,0.162883386654
-0.0112046508884,-0.176749087082,0.365115825162,0.162748356669
-0.0102424345134,-0.175565936047,0.364701303455,0.162453612077
-0.0094013706166,-0.174553540033,0.364382903938,0.162220383431
-0.00879211613542,-0.173886260799,0.364123495706,0.162033535856
-0.0104487616845,-0.176011704311,0.364707874246,0.162534249342
-0.0106053591188,-0.176102116735,0.36472941482,0.162571740171
-0.0106792270653,-0.176176718085,0.364767338441,0.162578174185
-0.0094755972762,-0.175400876567,0.364341511151,0.162219507615
-0.00856709417982,-0.174761875968,0.364000691144,0.161911690333
-0.00935322016684,-0.175280471202,0.364238355454,0.16212001798
-0.00845678593176,-0.174664264226,0.36394418057,0.161842646889
-0.00930873095667,-0.175301971926,0.3642246686,0.162077865671
-0.00895239065265,-0.175175236574,0.364136945014,0.161974097187
-0.0102606088329,-0.176076039418,0.364598122047,0.162365220378
-0.010339923915,-0.176163938397,0.364618064607,0.162392329628
-0.0107374709031,-0.176459823042,0.364754487799,0.162534188583
-0.0111878888177,-0.176835438657,0.364917044627,0.162668654968
-0.0118374501298,-0.177426083825,0.365143019228,0.162860524064
-0.0122678028466,-0.17774349815,0.365298921874,0.163020048108
-0.0143598864097,-0.179350475947,0.366118954756,0.163666272064
-0.0149327210003,-0.179806296937,0.366302303079,0.163854589112
-0.0150968946841,-0.17988590877,0.366341489927,0.163901440972
-0.0148055323093,-0.179721837294,0.366252798268,0.163825572581
-0.0143714607599,-0.179399185551,0.366071761039,0.163720036474
-0.0135793646096,-0.1787742259,0.365754682957,0.163475724759
-0.0132473371387,-0.178609662188,0.365689571214,0.163400878151
-0.0133340270435,-0.178603226866,0.365693337609,0.163413923453
-0.0127121430715,-0.178089761155,0.36548877359,0.163240476113
-0.0126168608757,-0.177968706192,0.365464717785,0.163213875824
-0.0122954942054,-0.177691508643,0.365334312696,0.163121264697
-0.0119840935289,-0.177325268566,0.365271496165,0.163050217812
-0.0129104820188,-0.178043585178,0.3655002635,0.163292994524
-0.0128906617001,-0.178091885177,0.36550853427,0.163316354988
-0.0130151256218,-0.178196160083,0.365570667746,0.163337517841
-0.0112918442382,-0.176831779037,0.365064693879,0.162862267679
-0.0122515413967,-0.177788928503,0.365512173652,0.163102412356
-0.0117656909286,-0.177317202887,0.365291723618,0.16297572352
-0.011865273262,-0.177472651362,0.365289926354,0.162984908462
-0.0121530870678,-0.177746806525,0.365397558625,0.163065570278
-0.0116575266221,-0.177290904677,0.365192224329,0.162949355678
-0.0114088610697,-0.177057511787,0.365116209893,0.16291537558
-0.0129407585707,-0.178357356123,0.365594126355,0.163237641611
-0.0134939475198,-0.178941381462,0.365818163443,0.163336257939
-0.0132167436831,-0.178754966559,0.365746965669,0.163285605863
-0.0130014491495,-0.178560458036,0.365656120632,0.163219833665
-0.0121317219518,-0.178440670561,0.365637441051,0.162822415293
-0.0117228905528,-0.178303378558,0.365550719179,0.1626599721
-0.01012440545,-0.177929794953,0.365434208311,0.161982323306
-0.0113241660708,-0.178210197751,0.365575545025,0.162514924123
-0.011397097223,-0.178220243606,0.365586522609,0.162542003971
-0.0111913706671,-0.17822226539,0.365555069376,0.162405484721
-0.0111154411233,-0.178253174706,0.365588940924,0.162349536031
-0.0094109055544,-0.177967026307,0.365501816116,0.161594801308
-0.00857861194116,-0.177751647319,0.365399286598,0.16125938129
-0.00900311077344,-0.177804434995,0.365477811606,0.161464754567
-0.00981337173759,-0.177771437983,0.365520565038,0.161910362798
-0.0107229273933,-0.177844694983,0.365609481527,0.162343031315
-0.010587433826,-0.177789467242,0.365543073611,0.162278659444
-0.0106120593263,-0.177863983515,0.365527213699,0.162234265487
-0.00921368315807,-0.177746413043,0.365373325868,0.161531579373
-0.00902093848857,-0.177673786298,0.365319471016,0.161409688099
-0.00886605889103,-0.177729205436,0.365357631591,0.161325349537
-0.00893299784279,-0.177719227598,0.365346057404,0.161378052253
-0.00978836740188,-0.177862311305,0.365485136513,0.161835230956
-0.0110818992129,-0.177966284921,0.365713077913,0.162539032531
-0.0108301218358,-0.177864245664,0.36566564239,0.162417910766
-0.01093218632,-0.177917936335,0.36570972348,0.16250758171
-0.0125327225372,-0.178779223001,0.365975327654,0.163077948444
-0.0125451096276,-0.178914794379,0.366011567775,0.163080268482
-0.0130743106591,-0.17919988805,0.366141128893,0.163271472267
-0.0129371145699,-0.179233999692,0.366140600949,0.163184443989
-0.0124388293356,-0.17909388156,0.366116468191,0.162970871092
-0.0133893150798,-0.179565327444,0.366293928714,0.163312553054
-0.0137499183372,-0.179813873045,0.366375192149,0.163446837567
-0.0139026223842,-0.179789437864,0.366342723471,0.163508537252
-0.0127258213853,-0.179242504226,0.366055908672,0.163011524284
-0.0146040679249,-0.180278180589,0.366568491954,0.163795047179
-0.0135650995699,-0.179626011505,0.366255212869,0.163405518395
-0.0142355636592,-0.180010056807,0.366514765913,0.163692842472
-0.0125110301199,-0.17905300183,0.366019945491,0.162953926196
-0.0121390050295,-0.178954037229,0.365945436454,0.162801453546
-0.0108201451637,-0.178281916979,0.365543413039,0.162236078076
-0.0100246966032,-0.177653530156,0.365275108161,0.161929299325
-0.0115575133354,-0.178549799901,0.365709919852,0.162568367967
-0.01188171648,-0.178789943422,0.36581804264,0.162705460391
-0.0128179332434,-0.178987001818,0.366152044724,0.163240333532
-0.0124549100914,-0.178723371716,0.366053678681,0.163147805145
-0.0129970583216,-0.179009507727,0.366291423234,0.16339120856
-0.0132502119348,-0.179229566102,0.366345006876,0.163398037115
-0.0125575297798,-0.179278881616,0.366070899223,0.162985106255
-0.0113155071561,-0.178855579041,0.365637687596,0.162453587323
-0.010155478636,-0.178489271246,0.365225195231,0.161888680541
-0.00959492813455,-0.17828420846,0.364993640918,0.161623508286
-0.0105385507056,-0.178436666796,0.365411549598,0.162122073027
-0.0109619592264,-0.178730731939,0.365541750006,0.162253598492
-0.0123616902593,-0.17942196536,0.365860545499,0.162638522322
-0.0127946015251,-0.179505076361,0.365994230589,0.162880308685
-0.0122913503695,-0.179256727841,0.365905524812,0.16277024191
-0.0129449706995,-0.179654207328,0.366024123125,0.16290172327
-0.0134651395988,-0.17982369528,0.366177080127,0.163093241983
-0.0123639552157,-0.179183198585,0.365943564607,0.162874622636
-0.0117815540279,-0.178739316791,0.365818652077,0.162813249607
-0.0100410838903,-0.17788505985,0.365416488088,0.162340597495
-0.00979033681233,-0.177747946597,0.36536110546,0.162269678013
-0.0105620583329,-0.17801758048,0.365549867471,0.162515398185
-0.00960812280921,-0.177229030193,0.365365591418,0.162210533718
-0.0099243631701,-0.177538801569,0.365411715481,0.162285633792
-0.0103610643893,-0.177779343872,0.365496309746,0.162443556201
-0.0114879006215,-0.178444396588,0.365726543172,0.162881248665
-0.0115830809766,-0.178333110545,0.3658374142,0.163001468176
-0.0119627201133,-0.178600463498,0.365902992878,0.163102772587
-0.0106927348945,-0.177649608813,0.365600200329,0.162675839435
-0.0127127441193,-0.179163167613,0.365971391582,0.163307143265
-0.0132982345135,-0.179632471188,0.366075233787,0.163479882282
-0.0118324448758,-0.178719562262,0.36571545643,0.162909562305
-0.0114989215856,-0.178195659927,0.365631861839,0.163009205364
-0.0116593770599,-0.178294857123,0.365674657474,0.163029930142
-0.0109684052328,-0.177398946445,0.365490059432,0.163195653772
-0.0114698146875,-0.177855278451,0.365656009027,0.163215424271
-0.0124933279427,-0.178673858494,0.365981436802,0.163294685126
-0.0119502695025,-0.178200618003,0.365797734143,0.163277776532
-0.0120515280946,-0.178205540695,0.365820247529,0.163303337341
-0.0117138768836,-0.177888190581,0.365711352676,0.163247277758
-0.0129994976897,-0.179068881047,0.366110546219,0.163298931587
-0.0134893615681,-0.179574233374,0.366270062749,0.16328162696
-0.0136324697535,-0.179680913495,0.366184992694,0.163263399521
-0.0146361478015,-0.180013674135,0.366260974518,0.163654432607
-0.0146508527839,-0.179938456904,0.366275772681,0.163709443806
-0.0151613096814,-0.180047617644,0.36640032291,0.163957456729
-0.0134037126088,-0.179507132481,0.366268740007,0.163309083566
-0.0151552479669,-0.180088741666,0.36630476946,0.163871625082
-0.013814880635,-0.179679175976,0.366208302332,0.163353309759
-0.0129759571381,-0.179449254868,0.366088798533,0.162973281728
-0.0127033939042,-0.179364164949,0.366126599977,0.162899863236
-0.0130372681576,-0.179490116754,0.366125253381,0.163010182039
-0.0127206763198,-0.179249342191,0.366022171775,0.162978052913
-0.0131182644843,-0.179562556918,0.366100180913,0.163016323531
-0.011938954687,-0.178666710373,0.365810071851,0.162858806554
-0.0115572853205,-0.178393118393,0.36568584687,0.162812292508
-0.0115401951685,-0.178354334105,0.365676201539,0.162842899643
-0.0116796823902,-0.178626744821,0.365739375687,0.16281103253
-0.0128823728282,-0.179520599188,0.36609670846,0.162964788482
-0.011488807077,-0.178491326865,0.365680334236,0.162774242395
-0.0132747198307,-0.179826579882,0.366164947276,0.163027953495
-0.0127628882468,-0.179263528785,0.366027689158,0.163074033077
-0.0123602165449,-0.179054741432,0.365954622212,0.162974874135
-0.0132942921857,-0.179685650136,0.366187392772,0.163166059707
-0.0122882557508,-0.179033659845,0.365951635929,0.162967200214
-0.0117150964019,-0.178830232736,0.36583088855,0.162793204963
-0.0121159662748,-0.179025561583,0.365892015978,0.162891749562
-0.0129987463045,-0.179654645998,0.366101384798,0.16304868695
-0.0146449380812,-0.180668582294,0.36649847307,0.163414097316
-0.0146060436744,-0.180774231024,0.366506594823,0.163359178502
-0.0156585350343,-0.181276353158,0.366732821124,0.163656922547
-0.0159434752089,-0.181377891481,0.36680123762,0.163755981615
-0.0150626028317,-0.180725336309,0.366559783098,0.163563743198
-0.0154981310029,-0.181122668582,0.366707220874,0.163634202725
-0.0154054643028,-0.181240203977,0.366705209814,0.163537521012
-0.0148259995545,-0.180560294752,0.36649715483,0.163509471155
-0.0144191591561,-0.180382133013,0.366381948086,0.163393963713
-0.0158456503929,-0.181681408823,0.366821574164,0.163667376415
-0.0129964607049,-0.179445685688,0.365985041707,0.163022582447
-0.0142500248636,-0.18055199309,0.366378970784,0.16318600064
-0.0125291393414,-0.179028840073,0.365799561836,0.162868129281
-0.0125655092661,-0.179076549004,0.365750287356,0.162880184314
-0.0132970833821,-0.179510667285,0.36589706513,0.163042327402
-0.0139944514973,-0.179961875746,0.366000623994,0.163140979633
-0.0160275151973,-0.181232738503,0.366342917982,0.163446902797
-0.0190629406886,-0.183135124937,0.36675762295,0.163891617117
-0.0187685944037,-0.182987747432,0.366689810238,0.163820505233
-0.0185748241011,-0.182860431549,0.366656598501,0.16381229965
-0.0184285906875,-0.182814016602,0.36668654975,0.163761276559
-0.0182419681943,-0.182644644588,0.366670266528,0.163756942279
-0.0193622891571,-0.183392435708,0.366845739778,0.163860715689
-0.0186877437594,-0.182870665463,0.366797354515,0.16389360807
-0.0189182868658,-0.183077620127,0.366835610452,0.163925658241
-0.0171097132398,-0.181950542288,0.366580265248,0.163685254903
-0.0160600994901,-0.181260654173,0.366465586097,0.16355776847
-0.0146819804575,-0.180427879896,0.366303886473,0.163375980859
-0.0145023443539,-0.180289810744,0.366267505686,0.163368323695
-0.0132133629953,-0.179475440722,0.366096220487,0.16320504314
-0.012354570322,-0.178936632271,0.365966355704,0.163061335751
-0.0107328029351,-0.177915776718,0.365726518188,0.162847589058
-0.0113935409829,-0.178312299439,0.365790905805,0.162929150011
-0.0116073502055,-0.178478748803,0.365861568474,0.162924930422
-0.0113261349997,-0.178310489287,0.36580713158,0.162893734654
-0.0118008298837,-0.178607974411,0.365889039337,0.162931102132
-0.0118497685043,-0.178692860433,0.365897329162,0.162906119153
-0.0122574417001,-0.178995187881,0.365983612291,0.162955332187
-0.0131572386046,-0.179588954615,0.366130703822,0.163101663664
-0.0135868651742,-0.179843206818,0.36622813981,0.1631803695
-0.011917941948,-0.178705458062,0.365921039145,0.162937847862
-0.0100781268454,-0.177479965088,0.365566202201,0.162662236742
-0.0103100436528,-0.177638324553,0.365608563477,0.16268318102
-0.0109536847829,-0.17810405455,0.365735574034,0.162756405226
-0.00962037605469,-0.177224393393,0.365444493421,0.162501592219
-0.00827400171298,-0.17637720571,0.365176494601,0.162226685068
-0.00977637676974,-0.177430874713,0.365459459073,0.162498686636
-0.0118068626854,-0.178778736359,0.365856445553,0.162890416278
-0.0109966284371,-0.178207609225,0.365704898502,0.162751219315
-0.00980942228223,-0.177427415035,0.365434979391,0.162496285358
-0.0103719408179,-0.177799276609,0.365560645846,0.162609519681
-0.0109336592686,-0.178236768543,0.365710664533,0.16273007312
-0.00945587191167,-0.177234857985,0.365382842572,0.162442506886
-0.00906737245686,-0.176986414951,0.365237954053,0.162333757716
-0.00763025404971,-0.1760225438,0.364855702804,0.161995901168
-0.00800669592373,-0.176202291765,0.364967080236,0.16209483238
-0.00717570110429,-0.175668229857,0.364765657908,0.161896386355
-0.0084664407566,-0.176503323033,0.365101534252,0.162194090338
-0.00848004039588,-0.176536428113,0.365094575978,0.162181351115
-0.0090572033485,-0.176918686583,0.36520456525,0.16228610186
-0.0100698153748,-0.177537150611,0.365457864644,0.162529682764
-0.0093982094743,-0.177106815031,0.36526220633,0.1623596163
-0.00907150439572,-0.176879820052,0.365188137636,0.162264901647
-0.00982758927548,-0.17739672406,0.36535223272,0.162441428526
-0.0101397377426,-0.177589908194,0.36546615487,0.162508203139
-0.0106017430612,-0.177883328092,0.365585858752,0.162625908416
-0.0100585848984,-0.177519763966,0.365409642557,0.162459339509
-0.0120838412645,-0.178916188524,0.365982436493,0.16295999119
-0.0106025063112,-0.177830754296,0.365559748995,0.16260725555
-0.0120970172394,-0.178887304073,0.365993457604,0.162973215328
-0.0109142159296,-0.178015021029,0.365652118842,0.162677142784
-0.0125002811398,-0.179178809711,0.366121684999,0.163067205538
-0.0121382641115,-0.178934402253,0.366050246305,0.162957685499
-0.0130803571721,-0.179560069802,0.366301924231,0.163192311033
-0.014017352679,-0.180185243131,0.366553980373,0.163395374971
-0.0128242914611,-0.17933092187,0.366234038626,0.163152375033
-0.0132712527438,-0.179626431567,0.366351490868,0.163234907671
-0.0135199691886,-0.179773115352,0.366452282625,0.163324386497
-0.01354260262,-0.179752477234,0.366463301353,0.163337735102
-0.012136234972,-0.178786403003,0.366083831867,0.163051671688
-0.0129442496365,-0.179286682448,0.366305880665,0.163215055433
-0.0135595824047,-0.179704231851,0.366449583456,0.163357434001
-0.0129780800449,-0.179321535424,0.366324809742,0.163236250881
-0.0132318961142,-0.179528374904,0.366379112407,0.163306168186
-0.0109920528767,-0.178012800264,0.365655146897,0.162750104602
-0.0104326200831,-0.177682255172,0.365494405374,0.162593268044
-0.0100005157841,-0.177468800174,0.3653542609,0.162475074046
-0.0109126203788,-0.178055590106,0.365628691708,0.162720766076
-0.0126390051052,-0.179195901803,0.366198886439,0.16314360004
-0.0111670832165,-0.178260592452,0.365753225404,0.162758372928
-0.0108878838246,-0.178053261137,0.365647747858,0.162693119967
-0.00965887979633,-0.17725721004,0.365249127153,0.162371651853
-0.010625365096,-0.177889296242,0.365532975073,0.162595151184
-0.0104151319709,-0.177685291541,0.365439182903,0.162537717789
-0.01113714668,-0.17816952053,0.365658978643,0.162699038339
-0.0127664404822,-0.179280241541,0.366162952849,0.16310495738
-0.0133761434434,-0.179712797223,0.366386862062,0.163285730037
-0.013454781743,-0.179803925563,0.366349422379,0.163323287654
-0.0135682196689,-0.179972002592,0.366438400279,0.163353947863
-0.0126203785861,-0.179355811839,0.366179234965,0.163137759105
-0.0118704309546,-0.17876467836,0.365944918393,0.162950197938
-0.0132865856386,-0.179684147165,0.36639558668,0.163316169532
-0.0136795549529,-0.179977197134,0.366536444948,0.163453938919
-0.0130903496389,-0.179571026155,0.366310115367,0.163290608837
-0.0134037720435,-0.179860876922,0.366466832429,0.1633852208
-0.0127672859565,-0.179335586039,0.366220595592,0.16323561243
-0.0150906444581,-0.181009409755,0.36688824014,0.163787654804
-0.0145808597303,-0.180666829304,0.366761247374,0.163649967071
-0.0151726226005,-0.181161887526,0.366946592886,0.163786330317
-0.0154195007507,-0.181303632083,0.367002830136,0.16385574042
-0.0155704232004,-0.181483628569,0.36702860547,0.163887797986
-0.0153686618844,-0.181369715619,0.366942781528,0.163845291739
-0.0158915677736,-0.181746959244,0.367082429803,0.163976143484
-0.0167363438876,-0.182319330466,0.367276311153,0.164168902872
-0.0154002916573,-0.181306563194,0.36685246791,0.163783267418
-0.0156437812307,-0.181508089459,0.366947289053,0.163844494492
-0.0167773510714,-0.182433042018,0.36733734263,0.164155664448
-0.0168710923037,-0.182553608319,0.367343683491,0.164172914272
-0.0162972074976,-0.182163503429,0.367164033491,0.164022330737
-0.0163000817688,-0.18221723911,0.367169750863,0.163991178371
-0.0166823353536,-0.182526549574,0.367292167841,0.164099665484
-0.016867203406,-0.182674945541,0.367333506112,0.16416701384
-0.0176956031632,-0.183317574214,0.36760291883,0.16440768653
-0.0188035623507,-0.184193424731,0.3679642603,0.164718099882
-0.0183251328636,-0.18380117894,0.367837490722,0.164591640068
-0.0175222083922,-0.183197693942,0.367572363409,0.164370912818
-0.0169389055415,-0.182734484274,0.367435432,0.164277198781
-0.0163264614068,-0.182244106817,0.367306232257,0.16414743504
-0.0143916343158,-0.180601338604,0.366861206519,0.16374582405
-0.0133340037967,-0.179748503222,0.366625363331,0.163517025517
-0.0133364959643,-0.179776003773,0.366651036989,0.163522459712
-0.0128024282567,-0.179299801457,0.366466278676,0.163415921296
-0.0135429737682,-0.1799178156,0.366632954755,0.163585592065
-0.0148203951218,-0.181046290884,0.366928092278,0.163855163706
-0.0146854625375,-0.180971739881,0.366852757858,0.16381899594
-0.0146777037055,-0.181005621939,0.366836323499,0.163807988618
-0.0143576068413,-0.180725897261,0.366796937777,0.163772694576
-0.0135229086385,-0.180030688793,0.366559383342,0.163607848023
-0.012045410269,-0.178839651658,0.366206047938,0.163318648514
-0.0112856674444,-0.178224958766,0.366027343515,0.16315677832
-0.0111230479492,-0.17807725077,0.36595080678,0.163128590382
-0.0118337485043,-0.178654150285,0.366107447993,0.163252602136
-0.011177028004,-0.178102580661,0.365957147552,0.163126414906
-0.0112507962925,-0.178141304981,0.365932963143,0.16311349691
-0.0122315383421,-0.178917306483,0.366191886575,0.163308318111
-0.0111255987571,-0.178061862603,0.365791926988,0.163044900008
-0.0102648221452,-0.17737289848,0.365514396409,0.162876789746
-0.0111498306474,-0.178039852949,0.365756805166,0.163044160193
-0.0113404976049,-0.178264605486,0.365846962404,0.163089863623
-0.0103136115634,-0.177423654248,0.365501089922,0.162852552053
-0.00994068954015,-0.177127919927,0.365404519868,0.16276467327
-0.0114815481199,-0.178304779212,0.365885421348,0.163097102049
-0.0118924711227,-0.178612623094,0.36598354962,0.163148730544
-0.0103262744637,-0.177333516888,0.36550377548,0.162820005711
-0.0103262740256,-0.177333516909,0.365503775603,0.162820005543
-0.0106838133541,-0.177749928763,0.365646367193,0.162911194121
-0.0115154162422,-0.178472811299,0.36599710265,0.163126621739
-0.0108214451987,-0.177925212389,0.365716690084,0.162951210736
-0.0106822538202,-0.177811295408,0.365644950856,0.162892810247
-0.00982969205629,-0.177136361254,0.365300412205,0.162667625695
-0.00910665327126,-0.176504719965,0.365034524783,0.16247675333
-0.00968267921121,-0.177032035739,0.365242343808,0.162572314941
-0.00883664634041,-0.176302427053,0.36489848626,0.162355196166
-0.00913283883484,-0.176553153108,0.365012678771,0.162446292078
-0.00971159152253,-0.176877165039,0.365171898412,0.162612171809
-0.0113747744373,-0.178070968477,0.36579708622,0.163109073441
-0.0129492747339,-0.179210180764,0.366363417986,0.163551430508
-0.0136678776342,-0.179709046649,0.366568570062,0.16373027185
-0.0141399453871,-0.180056757909,0.366774047647,0.163886918125
-0.0138685552061,-0.179826124658,0.366681657466,0.163810458956
-0.01313089071,-0.179310122764,0.36643203663,0.163563396089
-0.0150569540166,-0.18063103962,0.367084169263,0.164099247477
-0.0148824063255,-0.180476713125,0.367010079326,0.164012004713
-0.0144753799007,-0.180171847085,0.366873763149,0.163878630619
-0.0133953548572,-0.17945600941,0.366465185084,0.163570188919
-0.015308619979,-0.180771852298,0.36710227283,0.164065298161
-0.0143095853675,-0.180108311992,0.366765374349,0.16379917373
-0.0156836869359,-0.180972420529,0.367180016811,0.16417289546
-0.0151649634829,-0.180589800248,0.367002488171,0.164027007839
-0.0152895635667,-0.18069108545,0.367060301617,0.164076888998
-0.0142216353172,-0.179955889417,0.366672894519,0.163768538596
-0.0139576724347,-0.179794535281,0.366555776499,0.163693681226
-0.0132008688454,-0.179309642892,0.366286692854,0.163464057585
-0.0125904328979,-0.17886580208,0.36607482151,0.163273584433
-0.0129207281128,-0.179046346247,0.366133324623,0.163346434966
-0.0114569651026,-0.178019601658,0.36569435692,0.16306024212
-0.0127639025919,-0.178947699047,0.366131497486,0.163337978673
-0.0126748889292,-0.178894253025,0.36609844068,0.163348006719
-0.0121669724228,-0.178525567456,0.365935418308,0.163238933597
-0.0122131006366,-0.17859605384,0.365972071892,0.163225379563
-0.0128841253272,-0.179064858099,0.366184489227,0.163395106843
-0.0113194760408,-0.178038469467,0.365679122403,0.163082473378
-0.0105393038117,-0.177497781484,0.365440217792,0.162928459085
-0.0104439549308,-0.177395722845,0.365412313159,0.162936233069
-0.00973036599365,-0.176891905571,0.365161933974,0.162743416156
-0.00977173327729,-0.176865119002,0.365111554662,0.162729573107
-0.00932669765021,-0.176511572498,0.364917837787,0.162618762402
-0.00958442655677,-0.176658819233,0.365015221,0.16274111908
-0.00969890993629,-0.176785495451,0.365006309416,0.162756627829
-0.0100539289222,-0.177027021236,0.365129724507,0.16285637759
-0.0105758857823,-0.177401032392,0.36535957379,0.163006593036
-0.0106624132738,-0.177389057874,0.365317493821,0.163032999694
-0.0128959431133,-0.179042381923,0.366094892237,0.163562829227
-0.0121567359349,-0.178532333059,0.365817986533,0.16332731522
-0.0130992463101,-0.179174759416,0.36618345549,0.163516561108
-0.0138498463765,-0.179777117194,0.36649180993,0.163633795149
-0.0152679069118,-0.180867561295,0.367011004127,0.163870256563
-0.0138610219979,-0.179773483552,0.366402424812,0.163602392247
-0.0125336234539,-0.178794742863,0.365863627919,0.163388708914
-0.0114597840455,-0.177912445124,0.365417473299,0.163219671119
-0.0115456869554,-0.177919790989,0.36544640963,0.163260119062
-0.0110254019389,-0.177560994248,0.365250418113,0.163151028563
-0.0124678432334,-0.178719656624,0.365826663212,0.163394236414
-0.011759148077,-0.178209725475,0.365493971462,0.163261391885
