0,900,600,150,4.99668597535,3.9522765311,0.056060075759
1,1950,1200,300,3.13456019226,6.0887982559,0.12525010108
2,3000,1800,450,3.24230390446,3.57827381791,0.18406510353
3,4200,2400,600,0.52042197974,0.641069626616,0.25732302665
4,5400,3000,750,0.476690435144,0.480738715651,0.32029294967
5,6450,3600,900,0.465132457558,0.273599773279,0.37603306770
6,7650,4200,1050,0.455229017316,0.178067352062,0.43630504608
7,8700,4800,1200,0.460103875302,0.135180725912,0.49691295623
8,9900,5400,1350,0.459140962305,0.314443761696,0.56265807151
9,10800,6000,1500,0.42964197464,0.080728348354,0.61391496658
10,12000,6600,1650,0.457433346612,0.173690278826,0.67614412307
11,13200,7200,1800,0.452524494288,0.158227533246,0.73891305923
12,14400,7800,1950,0.473909857778,0.116621563873,0.81110000610
13,15600,8400,2100,0.457210142616,0.0604992585636,0.90981602668
14,16800,9000,2250,0.471334164852,0.123025200834,0.98609709739
15,18000,9600,2400,0.448258816375,0.332818648009,1.0630271434
16,19200,10200,2550,0.515485752287,0.782937067121,1.1358389854
17,20400,10800,2700,0.503131039904,1.30569839267,1.2022910118
18,21600,11400,2850,0.520245920236,1.04360484222,1.2787880897
19,22950,12000,3000,0.473423043087,0.306819594345,1.3547880649
20,24000,12600,3150,0.482262810983,0.0197838844731,1.4219210147
21,25200,13200,3300,0.474266134367,0.23926301425,1.4891951084
22,26400,13800,3450,0.4638323577,0.19809067624,1.5585949420
23,27600,14400,3600,0.447600862915,0.237825193779,1.6270580291
24,28650,15000,3750,0.426279256456,0.0492002955791,1.6918570995
25,29550,15600,3900,0.44696392372,0.0192123069343,1.7487490177
26,30750,16200,4050,0.468237730614,0.182852597902,1.8205759525
27,31950,16800,4200,0.462169746419,0.206219315688,1.9012300968
28,33150,17400,4350,0.436006095457,0.101634937763,2.0022249221
29,34350,18000,4500,0.486717230722,0.5363225848,2.0685050487
30,35550,18600,4650,0.48007449424,0.514987420596,2.1393959522
31,36750,19200,4800,0.457735293164,0.382887491361,2.2080190181
32,37950,19800,4950,0.478942240811,0.084358779559,2.2799720764
33,39150,20400,5100,0.456752745617,0.269060188275,2.3516049385
34,40350,21000,5250,0.478363475395,0.46391914124,2.4224369525
35,41700,21600,5400,0.478698259154,0.344073807577,2.4958479404
36,42900,22200,5550,0.433390157346,0.484959612982,2.5639951229
37,44100,22800,5700,0.449520545752,0.400829371283,2.6335301399
38,45300,23400,5850,0.44657811766,0.334258634225,2.7096650600
39,46500,24000,6000,0.467985381364,0.402289203985,2.7900149822
40,47700,24600,6150,0.45037588762,0.287264068095,2.8630819320
41,48900,25200,6300,0.469983551471,0.312261386442,2.9357569217
42,50250,25800,6450,0.465819602573,0.155018383114,3.0257849693
43,51450,26400,6600,0.458696385306,0.180890763255,3.1099779605
44,52650,27000,6750,0.456141809726,0.116385213062,3.1954209804
45,54300,27600,6900,0.458964499091,0.0152858003731,3.2865340709
46,55500,28200,7050,0.448508068801,0.0787032761897,3.3519570827
47,56700,28800,7200,0.465164578112,0.188564406849,3.4336171150
48,58050,29400,7350,0.47018936562,0.0704413361671,3.5009009838
49,59250,30000,7500,0.446052139501,0.317307826569,3.5632400512
50,60450,30600,7650,0.455843991085,0.304380232575,3.6290159225
51,61650,31200,7800,0.449803396348,0.305224642596,3.6908600330
52,62850,31800,7950,0.462283399248,0.326754637251,3.7521059513
53,64050,32400,8100,0.429521141038,0.657404137155,3.8136429786
54,65250,33000,8250,0.515866425415,0.969696814654,3.8775410652
55,66450,33600,8400,0.47856536711,0.776795587301,3.9394669532
56,67650,34200,8550,0.449222627659,0.386968603316,4.0016090869
57,68850,34800,8700,0.439295530159,0.273213113474,4.0617470741
58,70050,35400,8850,0.472723144208,0.480982959251,4.1232950687
59,71250,36000,9000,0.452105573178,0.684759463641,4.1835379600
60,72450,36600,9150,0.478736985548,0.619012175283,4.24475407
61,73650,37200,9300,0.445787326964,0.489863486726,4.3068759441
62,74850,37800,9450,0.473232220726,0.510420690256,4.3711209297
63,76050,38400,9600,0.447117350808,0.383863541664,4.4336490631
64,76950,39000,9750,0.423607907134,0.0527858642448,4.4845650196
65,78150,39600,9900,0.432143026028,0.0281309069477,4.5462899208
66,79350,40200,10050,0.468780477435,0.33124183705,4.6085989475
67,80550,40800,10200,0.458089569278,0.466764995715,4.6703500747
68,81750,41400,10350,0.453323355082,0.298193158505,4.7316169738
69,82950,42000,10500,0.462095921395,0.0792504971447,4.7927360534
70,84150,42600,10650,0.472439189794,0.157714157191,4.8620400428
71,85350,43200,10800,0.439647950365,0.587737439137,4.9320859909
72,86550,43800,10950,0.437470131392,0.467169147773,4.9967639446
73,87750,44400,11100,0.44393648605,0.181774267287,5.0742211341
74,88950,45000,11250,0.449339957292,0.148174818389,5.1522009372
75,90150,45600,11400,0.482214726734,0.350348543908,5.2309081554
76,91350,46200,11550,0.460556046447,0.87450916487,5.3039591312
77,92550,46800,11700,0.493873468724,0.813053646109,5.3864049911
78,93750,47400,11850,0.470496173357,0.654311368994,5.4677081108
79,94950,48000,12000,0.452726898434,0.416407940131,5.5490419864
80,96150,48600,12150,0.463340567915,0.0326375398592,5.646800041
81,97350,49200,12300,0.45980342194,0.0995775432955,5.743436098
82,98550,49800,12450,0.457595634373,0.213779872529,5.8380401134
83,99750,50400,12600,0.452524927053,0.189207590216,5.9379019737
84,100950,51000,12750,0.44504039012,0.277215004712,6.0391371250
85,102150,51600,12900,0.4441042048,0.189214024694,6.1316690444
86,103350,52200,13050,0.482873700565,0.283000031819,6.213210105
87,104550,52800,13200,0.460039793262,0.556913916989,6.2926430702
88,105750,53400,13350,0.473757257449,0.514267951134,6.3712899684
89,106950,54000,13500,0.450507685185,0.463108790365,6.4500710964
90,108150,54600,13650,0.455766913027,0.37356212966,6.5229151248
91,109350,55200,13800,0.445152787614,0.325978950906,6.5904080867
92,110550,55800,13950,0.434383955619,0.168763029679,6.6586720943
93,111750,56400,14100,0.437830029812,0.147207466142,6.7259259223
94,112950,57000,14250,0.467175372703,0.330756526929,6.7936069965
95,114150,57600,14400,0.467338176189,0.201604647033,6.8600821495
96,115350,58200,14550,0.462549449539,0.120898160968,6.9275000095
97,116550,58800,14700,0.438923387436,0.124681777023,6.9921360015
98,117750,59400,14850,0.471944729198,0.194350213728,7.0558331012
99,118950,60000,15000,0.457690639323,0.345063475495,7.1209950447
100,120150,60600,15150,0.481441825919,0.534251820085,7.1849520206
101,121350,61200,15300,0.465293910392,0.812850874441,7.250127077
102,122550,61800,15450,0.497497814232,0.819382171275,7.3148341178
103,123750,62400,15600,0.460941804667,0.874428721672,7.3780491352
104,124950,63000,15750,0.442309080472,0.547539468295,7.4423999786
105,126150,63600,15900,0.473093172419,0.0709360918079,7.5077760219
106,127350,64200,16050,0.4770889138,0.0765400208732,7.5722939968
107,128550,64800,16200,0.433749031559,0.53156190798,7.6365299224
108,129750,65400,16350,0.427683073825,0.255221427574,7.699243068
109,130950,66000,16500,0.470419775346,0.350555542623,7.7630591392
110,132150,66600,16650,0.43911604462,0.749737944031,7.8256099224
111,133350,67200,16800,0.525276927572,0.966674868395,7.888451099
112,134550,67800,16950,0.469217567418,0.862412680325,7.9521560668
113,135750,68400,17100,0.493490564592,0.728587022599,8.0246751308
114,136950,69000,17250,0.471420446897,0.555011860418,8.1162369251
115,138150,69600,17400,0.444372457494,0.255638098144,8.1826410293
116,139350,70200,17550,0.46779155922,0.168238004887,8.2491641044
117,140550,70800,17700,0.455915883968,0.305377409847,8.3148460388
118,141750,71400,17850,0.443760618024,0.142042082775,8.3875501155
119,142950,72000,18000,0.465120633905,0.0534611263741,8.4696929454
120,144150,72600,18150,0.453430001731,0.179235456276,8.5338261127
121,145350,73200,18300,0.482462161663,0.357117022433,8.6007051467
122,146550,73800,18450,0.448274018134,0.491120023213,8.6666691303
123,147750,74400,18600,0.496260459281,0.633045886126,8.7312560081
124,149100,75000,18750,0.484519436562,0.428523652415,8.8021819591
125,150300,75600,18900,0.451762792807,0.324786596174,8.8673810958
126,151500,76200,19050,0.482729524819,0.43543748476,8.9326560497
127,152700,76800,19200,0.456830218338,0.472594122696,8.9978439807
128,153900,77400,19350,0.427610756477,0.123880831866,9.0611710548
129,155100,78000,19500,0.462028940231,0.171738664163,9.1266510486
130,156300,78600,19650,0.439349971698,0.591356216222,9.1905620098
131,157500,79200,19800,0.477936296301,0.752345166988,9.2546410560
132,158700,79800,19950,0.458044131271,0.3987319071,9.3229589462
133,159900,80400,20100,0.438540021871,0.166012306276,9.3931281566
134,161100,81000,20250,0.456214338735,0.0595321651179,9.4610669612
135,162300,81600,20400,0.467418275695,0.209245368591,9.5293860435
136,163500,82200,20550,0.459021247738,0.212519441433,9.620728015
137,164700,82800,20700,0.444422556893,0.0535215837499,9.6943020820
138,165900,83400,20850,0.455106252626,0.178840882412,9.7663190364
139,167100,84000,21000,0.443399208705,0.211284109665,9.8415291309
140,168300,84600,21150,0.445383233093,0.212973854064,9.9142739772
141,169500,85200,21300,0.45467533354,0.15444402956,9.9886081218
142,170550,85800,21450,0.435957432986,0.018030119754,10.057837963
143,171750,86400,21600,0.460043938593,0.137204933724,10.13518595
144,172950,87000,21750,0.459497881768,0.150105548035,10.214210987
145,174150,87600,21900,0.45062885297,0.205603337524,10.312848091
146,175350,88200,22050,0.456931892545,0.44360701138,10.40925002
147,176550,88800,22200,0.45188152319,0.41906154254,10.500285148
148,177750,89400,22350,0.45180984256,0.295775900128,10.584340095
149,178950,90000,22500,0.483972991952,0.476322400956,10.665457010
150,180150,90600,22650,0.470799289124,0.532357141607,10.752990007
151,181350,91200,22800,0.441142900975,0.22946073514,10.839849948
152,182550,91800,22950,0.455141416182,0.065431630349,10.930577993
153,183750,92400,23100,0.453618679125,0.196081870084,11.010802984
154,184950,93000,23250,0.452701692447,0.241284478673,11.098546028
155,186150,93600,23400,0.451335984049,0.213572159324,11.184678077
156,187200,94200,23550,0.437943573107,0.0682804871753,11.258962154
157,188400,94800,23700,0.469654442657,0.386904718456,11.329266071
158,189600,95400,23850,0.447211833417,0.433608400409,11.415887117
159,190800,96000,24000,0.465006582682,0.470299393186,11.48721098
160,192000,96600,24150,0.456814191772,0.449016861959,11.554728984
161,193200,97200,24300,0.438432528405,0.212993559651,11.621484041
162,194400,97800,24450,0.472073255241,0.229540676716,11.690416097
163,195600,98400,24600,0.468089612544,0.334862368942,11.759060144
164,196800,99000,24750,0.474159949751,0.457962972576,11.821771144
165,198000,99600,24900,0.478498742822,0.448153917178,11.884381055
166,199200,100200,25050,0.481141114262,0.353109368839,11.946350097
167,200400,100800,25200,0.444696864555,0.456288293627,12.007990121
168,201600,101400,25350,0.43370001262,0.152934210119,12.070102930
169,202800,102000,25500,0.448497569204,0.121004636102,12.132925033
170,204000,102600,25650,0.456538483488,0.0936877526839,12.19551014
171,205200,103200,25800,0.457624546488,0.0404191648523,12.258834123
172,206400,103800,25950,0.4521986461,0.214902753097,12.321522951
173,207600,104400,26100,0.406852854878,0.193196233998,12.383518934
174,208800,105000,26250,0.473293801517,0.51339568643,12.447207927
175,210000,105600,26400,0.462299451654,0.430656082325,12.511296033
176,211200,106200,26550,0.434472428663,0.116449155309,12.576518058
177,212400,106800,26700,0.476453863749,0.434977636068,12.641834974
178,213600,107400,26850,0.45699463434,0.666590179768,12.708374977
179,214800,108000,27000,0.46347599571,0.52117071959,12.773694992
180,216000,108600,27150,0.461133975851,0.279074421313,12.841767072
181,217200,109200,27300,0.481882727597,0.382641192645,12.909089088
182,218400,109800,27450,0.465873184246,0.548174266424,12.972553968
183,219600,110400,27600,0.449725919504,0.36477006399,13.034677028
184,220800,111000,27750,0.462958618897,0.143068520349,13.09654498
185,221850,111600,27900,0.4439623553,0.0335254837743,13.154166936
186,223050,112200,28050,0.447859644684,0.0782604947668,13.216156959
187,224250,112800,28200,0.453440016513,0.0788961073941,13.279161930
188,225600,113400,28350,0.460792695175,0.0786874950971,13.346464157
189,226500,114000,28500,0.454679196387,0.0173926041871,13.398499965
190,227850,114600,28650,0.45436674975,0.0928294026935,13.464612007
191,229050,115200,28800,0.45446517859,0.0339657502856,13.526502132
192,230250,115800,28950,0.418721529941,0.458789768443,13.586501121
193,231450,116400,29100,0.499959167093,0.838409170063,13.648524999
194,232650,117000,29250,0.487694265779,0.677855738245,13.711806058
195,233850,117600,29400,0.484707665245,0.537799800528,13.776658058
196,235050,118200,29550,0.464131519237,0.684403562995,13.839853048
197,236250,118800,29700,0.506097279077,0.765043025297,13.905249118
198,237450,119400,29850,0.460323502485,1.15549376619,13.972871065
199,238650,120000,30000,0.527263111341,1.17471011703,14.036106109
200,240000,120600,30150,0.484225847859,0.412736765634,14.105912923
201,241200,121200,30300,0.462869901333,0.219122113197,14.169862031
202,242400,121800,30450,0.430241956193,0.132459950056,14.232564926
203,243600,122400,30600,0.483403774463,0.510736643514,14.297091007
204,244800,123000,30750,0.468789244214,0.553367731944,14.359329938
205,245850,123600,30900,0.400459388219,0.124040316088,14.415962934
206,247050,124200,31050,0.559853460636,1.12475323272,14.479917049
207,248250,124800,31200,0.536285980953,1.62128670843,14.540777921
208,249450,125400,31350,0.543365219015,1.20904761509,14.602632999
209,250650,126000,31500,0.466294389296,0.718224498537,14.663085937
210,251850,126600,31650,0.496044340316,0.837710918048,14.724874019
211,253050,127200,31800,0.482893142655,0.648649842446,14.786895036
212,254250,127800,31950,0.458888192234,0.400241962551,14.849913120
213,255450,128400,32100,0.444137422939,0.583890339402,14.912585973
214,256650,129000,32250,0.453917411088,0.457168268327,14.97456097
215,257850,129600,32400,0.442792605283,0.14621367495,15.037152051
216,259050,130200,32550,0.464353820579,0.1206435454,15.099700927
217,260400,130800,32700,0.449174906396,0.0654963686602,15.169420957
218,261600,131400,32850,0.482619999308,0.363172864208,15.239292144
219,262800,132000,33000,0.475317487086,0.568999777772,15.359405040
220,264000,132600,33150,0.4978049037,0.5908174318,15.439607143
221,265200,133200,33300,0.481018838212,0.704344454843,15.510470151
222,266400,133800,33450,0.470651477087,0.512724783636,15.57479405
223,267750,134400,33600,0.460297310136,0.245930245941,15.66149592
224,268950,135000,33750,0.411609512774,0.581657738527,15.741963148
225,270150,135600,33900,0.509033794245,0.958501460023,15.837260007
226,271500,136200,34050,0.488340850208,0.52447155134,15.937463045
227,272700,136800,34200,0.463788316912,0.272502382953,16.014558076
228,273900,137400,34350,0.464839964868,0.192812078289,16.098480939
229,275100,138000,34500,0.458276969647,0.156045150086,16.181591987
230,276300,138600,34650,0.468151802567,0.152786191985,16.268217086
231,277500,139200,34800,0.458539945033,0.228860308971,16.346189975
232,278700,139800,34950,0.447317930932,0.0827690302383,16.422816991
233,279900,140400,35100,0.465967167574,0.229605930176,16.505100965
234,281100,141000,35250,0.460560077322,0.286385467241,16.599125146
235,282300,141600,35400,0.453890633353,0.18350685272,16.677772045
236,283500,142200,35550,0.441744614878,0.324435310185,16.747863054
237,284700,142800,35700,0.464887095467,0.380170224438,16.822570085
238,285750,143400,35850,0.472746965235,0.0440508443361,16.900625944
239,286800,144000,36000,0.467861604376,0.0356755646578,17.003926038
240,288000,144600,36150,0.449805518706,0.279741590754,17.08940005
241,289200,145200,36300,0.465516006007,0.309020452903,17.166842937
242,290400,145800,36450,0.454425584602,0.387100435834,17.237097978
243,291600,146400,36600,0.454863108003,0.248959575023,17.307110071
244,292950,147000,36750,0.465189059218,0.0275730222259,17.381788015
245,294300,147600,36900,0.449320781945,0.0356830361951,17.464046955
246,295500,148200,37050,0.469605325517,0.0931631199229,17.532895088
247,296700,148800,37200,0.45173597017,0.255593319833,17.602949142
248,297600,149400,37350,0.427869673472,0.0512304122092,17.667088985
249,298800,150000,37500,0.463503192822,0.395236021998,17.732522964
250,300000,150600,37650,0.464356408124,0.408971357609,17.802958011
251,301200,151200,37800,0.462825194498,0.473510088306,17.891777038
252,302400,151800,37950,0.455405779988,0.426457407454,17.975575923
253,303600,152400,38100,0.434724210326,0.194107739551,18.054780960
254,304800,153000,38250,0.512003114093,0.530696893392,18.127238988
255,306000,153600,38400,0.49603227598,1.09433596537,18.215609073
256,307200,154200,38550,0.452180226372,0.58990578779,18.300797939
257,308400,154800,38700,0.432799001641,0.18711496135,18.376448154
258,309600,155400,38850,0.461074652486,0.216961789851,18.448995113
259,310800,156000,39000,0.451908374077,0.0650271835836,18.535692930
260,312000,156600,39150,0.468284838627,0.169515245204,18.626078128
261,313200,157200,39300,0.445846570329,0.47931561877,18.705517053
262,314400,157800,39450,0.472443814189,0.585667804953,18.77916812
263,315600,158400,39600,0.454402014011,0.610073537203,18.886542081
264,316800,159000,39750,0.459277089809,0.501681902956,18.984161138
265,318000,159600,39900,0.457884381943,0.322601521538,19.074872970
266,319050,160200,40050,0.431267020143,0.0614316307402,19.146636962
267,320250,160800,40200,0.430621663643,0.034326122145,19.226686000
268,321450,161400,40350,0.470658157531,0.176501724266,19.304181098
269,322500,162000,40500,0.469820418021,0.0953111443273,19.372972011
270,323850,162600,40650,0.48335892043,0.12043207755,19.451817989
271,325050,163200,40800,0.45233497532,0.523134045174,19.520967960
272,326250,163800,40950,0.469307877811,0.532452626839,19.607507944
273,327450,164400,41100,0.449442847561,0.520619670876,19.696251153
274,328650,165000,41250,0.458203280541,0.461146236427,19.776945114
275,329850,165600,41400,0.46246605596,0.166772407604,19.85131812
276,331050,166200,41550,0.459309205748,0.110555034944,19.91569495
277,332250,166800,41700,0.434475907778,0.283063199664,19.97930908
278,333450,167400,41850,0.466025457802,0.417573979909,20.042321920
279,334650,168000,42000,0.447098516131,0.555593754089,20.104166984
280,335850,168600,42150,0.431514257821,0.271873835385,20.17476797
281,337050,169200,42300,0.478292322085,0.346125050178,20.263069152
282,338250,169800,42450,0.46318082796,0.638533065634,20.354421138
283,339450,170400,42600,0.466514157421,0.57431194476,20.426959037
284,340650,171000,42750,0.469794411055,0.245778634517,20.490118026
285,341850,171600,42900,0.437181291175,0.0621948908248,20.551954984
286,343050,172200,43050,0.487437199865,0.506596983297,20.615006923
287,344250,172800,43200,0.479593819765,0.848688966049,20.678657054
288,345450,173400,43350,0.459329939318,0.513692465728,20.740908145
289,346650,174000,43500,0.440632876539,0.249038769794,20.803666114
290,347850,174600,43650,0.486720312229,0.563492352371,20.872372150
291,349050,175200,43800,0.480661181465,0.603780566773,20.937504053
292,350250,175800,43950,0.430553438578,0.141949584141,20.998695135
293,351450,176400,44100,0.415952224909,0.182099298584,21.06050014
294,352650,177000,44250,0.493167763264,0.635195301376,21.123332977
295,353850,177600,44400,0.468494506607,0.889753327692,21.186538934
296,355050,178200,44550,0.450653107501,0.639495917743,21.248396158
297,356250,178800,44700,0.458357061884,0.187204482849,21.312351942
298,357450,179400,44850,0.46480229392,0.127806729666,21.373768091
299,358650,180000,45000,0.496371590668,0.198122244173,21.436080932
300,359850,180600,45150,0.44843865031,0.84386307233,21.496765136
301,361050,181200,45300,0.440524760196,0.567716670478,21.556533098
302,362250,181800,45450,0.428179624296,0.251090461196,21.61742615
303,363450,182400,45600,0.445962118391,0.359220911758,21.678349018
304,364500,183000,45750,0.469481713161,0.0530028029261,21.733844041
305,365700,183600,45900,0.454149864499,0.0473497866807,21.812958002
306,366900,184200,46050,0.478429022618,0.124766584489,21.876667976
307,368250,184800,46200,0.46724433297,0.131131680754,21.942768096
308,369450,185400,46350,0.451361213075,0.482737191119,22.002957105
309,370650,186000,46500,0.449856072606,0.455779463575,22.063166141
310,371850,186600,46650,0.444651575271,0.285171115284,22.123167991
311,373050,187200,46800,0.460911696538,0.266734127744,22.185697078
312,374250,187800,46950,0.497291358792,0.320248009819,22.249191999
313,375450,188400,47100,0.483583365236,1.05743772083,22.312865972
314,376650,189000,47250,0.495881747749,0.877164167698,22.376971960
315,378000,189600,47400,0.472196080424,0.204750727888,22.44673705
316,379200,190200,47550,0.440842475267,0.335537858057,22.509149074
317,380400,190800,47700,0.489449669813,0.587716157964,22.571926116
318,381600,191400,47850,0.471460522061,0.736958076341,22.634436130
319,382800,192000,48000,0.491347692343,0.713470609759,22.69857907
320,384000,192600,48150,0.479952561861,0.694801265322,22.760779142
321,385200,193200,48300,0.487999554559,0.628528361051,22.826455116
322,386400,193800,48450,0.455980916762,0.523355816958,22.88825607
323,387600,194400,48600,0.460492521079,0.441357524476,22.950637102
324,388800,195000,48750,0.454268711577,0.47602449364,23.013345003
325,390000,195600,48900,0.426597811726,0.197147847188,23.076565027
326,391200,196200,49050,0.47439649047,0.376600590621,23.140547990
327,392400,196800,49200,0.450086615529,0.794245153992,23.204607009
328,393600,197400,49350,0.515233703226,0.996179706107,23.270061016
329,394800,198000,49500,0.481710844668,0.92859746138,23.335459947
330,396000,198600,49650,0.440308092041,0.432936513474,23.403738975
331,397200,199200,49800,0.463336289112,0.181377013976,23.467987060
332,398400,199800,49950,0.465116129757,0.262961887997,23.533493995
333,399600,200400,50100,0.418406889355,0.117959812594,23.5947661
334,400800,201000,50250,0.481974955272,0.513275691964,23.656073093
335,402000,201600,50400,0.450295454149,0.630876584745,23.717389106
336,403200,202200,50550,0.460335752713,0.493694532452,23.780399084
337,404550,202800,50700,0.480070139077,0.079485449532,23.846921920
338,405750,203400,50850,0.459436718833,0.269915083445,23.908139944
339,406950,204000,51000,0.486704080369,0.523887088981,23.970088958
340,408150,204600,51150,0.476119600016,0.694275780472,24.031381130
341,409350,205200,51300,0.471967735278,0.576352595389,24.092549085
342,410700,205800,51450,0.481000504804,0.292528862033,24.159466028
343,411900,206400,51600,0.446327174752,0.292574031744,24.221130132
344,413100,207000,51750,0.446114096655,0.195221101404,24.283255100
345,414300,207600,51900,0.479993774228,0.154089021965,24.346121072
346,415500,208200,52050,0.450202172048,0.427140973215,24.406985998
347,416700,208800,52200,0.462202644975,0.383754587281,24.468326091
348,417900,209400,52350,0.433722851282,0.486935070525,24.529000997
349,419100,210000,52500,0.467009727384,0.480557617208,24.590196132
350,420300,210600,52650,0.463470931051,0.156815977575,24.651801109
351,421500,211200,52800,0.430685907998,0.129981820567,24.712553024
352,422700,211800,52950,0.468873482603,0.422370898476,24.775157928
353,423900,212400,53100,0.466873363525,0.619591852045,24.853363990
354,425100,213000,53250,0.482630409104,0.643712980678,24.915022134
355,426300,213600,53400,0.476929714933,0.391154947227,24.976889133
356,427500,214200,53550,0.495360401242,0.515589020998,25.038589000
357,428850,214800,53700,0.486649452973,0.280336520557,25.105565071
358,430200,215400,53850,0.488394944325,0.186347323651,25.172518968
359,431400,216000,54000,0.452116563707,0.372629151762,25.23374104
360,432600,216600,54150,0.489355563703,0.442306941314,25.297548055
361,433800,217200,54300,0.46095676359,0.453006764729,25.358541011
362,435000,217800,54450,0.487582968859,0.547838062841,25.420135974
363,436200,218400,54600,0.453038807029,0.797931685869,25.482630968
364,437400,219000,54750,0.508468214627,0.828077577199,25.54436707
365,438600,219600,54900,0.484496623024,0.482995260823,25.605764150
366,439800,220200,55050,0.474894249736,0.327787745773,25.667367935
367,441000,220800,55200,0.464489684904,0.363762432054,25.727329969
368,442200,221400,55350,0.461695343833,0.243784969387,25.787441968
369,443400,222000,55500,0.471000056583,0.0437610936624,25.847391128
370,444750,222600,55650,0.458813193987,0.148489361973,25.913650035
371,445950,223200,55800,0.451527997646,0.202191797228,25.972919940
372,447150,223800,55950,0.449859445328,0.195958684748,26.032073974
373,448350,224400,56100,0.429042496496,0.345272607888,26.091439008
374,449550,225000,56250,0.465663082325,0.451369011788,26.150825977
375,450750,225600,56400,0.454153136757,0.278059770318,26.210309028
376,451950,226200,56550,0.451990921561,0.125317486473,26.269392967
377,453150,226800,56700,0.463623260938,0.0621043969942,26.328572988
378,454350,227400,56850,0.449972452047,0.254621741982,26.387370109
379,455550,228000,57000,0.493190905492,0.565164455137,26.448164939
380,456750,228600,57150,0.459617051424,0.798440318302,26.509042024
381,457950,229200,57300,0.42975019016,0.421603417173,26.569705009
382,459150,229800,57450,0.467253159887,0.0953001752601,26.631626129
383,460350,230400,57600,0.44708668137,0.257324330274,26.692981004
384,461550,231000,57750,0.438043846744,0.135619840017,26.753814935
385,462750,231600,57900,0.462879421981,0.171245140706,26.815505981
386,463950,232200,58050,0.454499047361,0.328563917689,26.8776850
387,465150,232800,58200,0.447577600865,0.206578686532,26.94043397
388,466350,233400,58350,0.468602913851,0.165703530665,27.002351045
389,467550,234000,58500,0.460649168223,0.250877113202,27.064146995
390,468750,234600,58650,0.439971250113,0.0506882992849,27.125637054
391,469950,235200,58800,0.44317091848,0.0860023355179,27.186342954
392,471150,235800,58950,0.444950789152,0.12857893555,27.246497154
393,472350,236400,59100,0.454280938217,0.0889813600174,27.306963920
394,473550,237000,59250,0.43833225413,0.424484857883,27.367251157
395,474750,237600,59400,0.459677924726,0.442026034232,27.427398920
396,475950,238200,59550,0.453202210348,0.259458699703,27.48784208
397,477150,238800,59700,0.451306921081,0.208806431181,27.54907703
398,477900,239400,59850,0.464997275727,0.0251381115958,27.595049142
399,479250,240000,60000,0.463497140465,0.130915093484,27.662508010
400,480300,240600,60150,0.466561374034,0.033227531562,27.719454050
401,481500,241200,60300,0.466824556758,0.178808018098,27.781270980
402,482550,241800,60450,0.445739810424,0.0512775014644,27.838467121
403,483750,242400,60600,0.452764092993,0.0828812178779,27.899384021
404,484950,243000,60750,0.445127508133,0.121957330865,27.960649013
405,486150,243600,60900,0.435185631271,0.401957582581,28.020550012
406,487350,244200,61050,0.483356066489,0.586673399802,28.082009077
407,488550,244800,61200,0.477756052909,0.370977161979,28.144927024
408,489750,245400,61350,0.461901793776,0.256251739608,28.206050157
409,490950,246000,61500,0.442099519002,0.510816862146,28.268533945
410,492150,246600,61650,0.510915889705,0.841355610526,28.330639123
411,493350,247200,61800,0.483388193778,0.889011116502,28.395607948
412,494550,247800,61950,0.46113968089,0.527497141804,28.45985698
413,495750,248400,62100,0.483683339897,0.159639311562,28.524708986
414,496950,249000,62250,0.467989506506,0.450535867367,28.58624792
415,498150,249600,62400,0.445508289993,0.260522776227,28.651911020
416,499350,250200,62550,0.478403438971,0.150161180313,28.713833093
417,500550,250800,62700,0.441416992989,0.54487744233,28.775857925
418,501750,251400,62850,0.470273458421,0.537051438684,28.841489076
419,502950,252000,63000,0.466775031122,0.345832042578,28.905053138
420,504000,252600,63150,0.419080810807,0.0590577212643,28.978498935
421,505200,253200,63300,0.494515347859,0.555462931623,29.060325145
422,506400,253800,63450,0.467963867862,0.563094774089,29.124840021
423,507600,254400,63600,0.449647213301,0.229322914769,29.187993049
424,508800,255000,63750,0.447359369905,0.111006201398,29.249736070
425,510000,255600,63900,0.429344137923,0.109759491024,29.311670064
426,511200,256200,64050,0.498362673099,0.586716673337,29.374772071
427,512400,256800,64200,0.474954659063,0.828351882636,29.438061952
428,513600,257400,64350,0.515217253109,0.898675866883,29.501729965
429,514800,258000,64500,0.466955923978,1.15240009686,29.563894987
430,516000,258600,64650,0.518478740951,1.05439666717,29.642472028
431,517350,259200,64800,0.474694948919,0.379854125827,29.726668119
432,518550,259800,64950,0.473545688374,0.208623958365,29.804727077
433,519750,260400,65100,0.419498618316,0.369900212281,29.879133939
434,520950,261000,65250,0.520306932624,0.873491516358,29.951826095
435,522150,261600,65400,0.480721006407,0.800347908389,30.023766040
436,523350,262200,65550,0.4250068334,0.197947884184,30.096497058
437,524550,262800,65700,0.474742466765,0.371587946374,30.169379949
438,525750,263400,65850,0.459634461372,0.408583143848,30.243081092
439,526950,264000,66000,0.455381951494,0.305943562057,30.317739963
440,528300,264600,66150,0.450071137289,0.138049021739,30.394997119
441,529500,265200,66300,0.499122634739,0.399687321436,30.467256069
442,530850,265800,66450,0.491210507517,0.571150546364,30.538753032
443,532050,266400,66600,0.447480448826,0.533591959485,30.599758148
444,533250,267000,66750,0.497316019744,0.815747170459,30.663187980
445,534600,267600,66900,0.495502945829,0.407814903032,30.731900930
446,535800,268200,67050,0.454989051123,0.419804315938,30.796559095
447,537000,268800,67200,0.438660206005,0.148037537669,30.869149923
448,538050,269400,67350,0.443539766905,0.0411553961174,30.932153940
449,539250,270000,67500,0.471397496852,0.297998558707,31.006899118
450,540450,270600,67650,0.456144996553,0.402321690215,31.123193025
451,541650,271200,67800,0.495829546887,0.60548400625,31.207070112
452,542850,271800,67950,0.45749412748,0.965372104562,31.282582998
453,544050,272400,68100,0.522955250668,0.981862236891,31.354382038
454,545250,273000,68250,0.474216516689,0.715089974089,31.416896104
455,546450,273600,68400,0.484662609793,0.547942351229,31.482742071
456,547650,274200,68550,0.474513166307,0.288688336404,31.555619955
457,548850,274800,68700,0.45982207627,0.0649594432344,31.624136924
458,550050,275400,68850,0.470813782658,0.194968237445,31.696601152
459,551400,276000,69000,0.46625464445,0.17206592792,31.77513599
460,552600,276600,69150,0.484321801257,0.148959777046,31.847491025
461,553800,277200,69300,0.470543344736,0.321448912025,31.911441087
462,554850,277800,69450,0.439207600377,0.0514169957277,31.971447944
463,556050,278400,69600,0.44195215014,0.155718038615,32.044661998
464,557250,279000,69750,0.453341489861,0.244842076459,32.118786096
465,558450,279600,69900,0.462745789008,0.149177416799,32.189008951
466,559650,280200,70050,0.458452163514,0.150273165513,32.252251148
467,560850,280800,70200,0.469700944144,0.022410892774,32.320616960
468,562050,281400,70350,0.455900650971,0.177987856867,32.393352031
469,563250,282000,70500,0.472205807696,0.32998279247,32.464178085
470,564450,282600,70650,0.465989166606,0.35966134946,32.526484966
471,565650,283200,70800,0.483974789331,0.393039741796,32.590636968
472,566850,283800,70950,0.433922931237,0.841752102147,32.653463125
473,568050,284400,71100,0.471606707721,0.723136694057,32.717855930
474,569400,285000,71250,0.453370267077,0.153429929798,32.791906118
475,570600,285600,71400,0.441543283554,0.291045666079,32.858588933
476,571800,286200,71550,0.482243595039,0.527090037949,32.924921035
477,573000,286800,71700,0.468766360029,0.705807457289,32.991250991
478,574200,287400,71850,0.501923023442,0.780950077246,33.059138059
479,575400,288000,72000,0.485339370703,0.610338302912,33.128834962
480,576600,288600,72150,0.483528092137,0.528594531807,33.194250106
481,577800,289200,72300,0.467397440805,0.562968336135,33.261986970
482,579000,289800,72450,0.461205967395,0.410110878301,33.331212043
483,580200,290400,72600,0.437564813605,0.582604349322,33.396347999
484,581400,291000,72750,0.501373995889,0.759372544965,33.462507963
485,582750,291600,72900,0.475517391612,0.335040201609,33.53437304
486,583950,292200,73050,0.451430900948,0.510827720571,33.598572969
487,585150,292800,73200,0.504797499583,0.78549884387,33.662900924
488,586500,293400,73350,0.492133626748,0.627422939845,33.734362125
489,587700,294000,73500,0.440253743242,0.461627605649,33.801633119
490,588900,294600,73650,0.426630805139,0.302058395019,33.864910125
491,590100,295200,73800,0.457384290012,0.0897527621907,33.929233074
492,591300,295800,73950,0.42208468059,0.417373468115,33.992291927
493,592500,296400,74100,0.530152179487,0.949977361207,34.056555986
494,593700,297000,74250,0.500151540644,1.14921574376,34.121097087
495,594900,297600,74400,0.480973556851,0.73559983507,34.186672925
496,596100,298200,74550,0.431473501911,0.503045599035,34.254162073
497,597300,298800,74700,0.476076502248,0.512703567016,34.320096969
498,598500,299400,74850,0.451550602524,0.362443446294,34.386928081
499,599700,300000,75000,0.498328072214,0.610883807683,34.449109077
500,600900,300600,75150,0.474198497629,0.843344479461,34.509614944
501,602100,301200,75300,0.463056251468,0.615383596796,34.569504022
502,603450,301800,75450,0.476087733321,0.155072882238,34.6347889
503,604650,302400,75600,0.471794235979,0.0275520299759,34.695892095
504,605850,303000,75750,0.44206598127,0.298084175741,34.755578994
505,607050,303600,75900,0.473574549883,0.483661346539,34.816071987
506,608250,304200,76050,0.45071388076,0.85959244148,34.879256010
507,609450,304800,76200,0.465689627609,0.678273166433,34.941344022
508,610650,305400,76350,0.446674248449,0.257619044617,35.003418922
509,611850,306000,76500,0.44820495944,0.143997186631,35.065335035
510,613050,306600,76650,0.459440335668,0.089664965935,35.127823114
511,614250,307200,76800,0.454015167282,0.18099709564,35.189752101
512,615450,307800,76950,0.488273068442,0.418252390492,35.252442121
513,616650,308400,77100,0.45926994902,0.82830816197,35.314867019
514,617850,309000,77250,0.535698315963,1.00667674018,35.379517078
515,619050,309600,77400,0.489796374957,1.28486855937,35.441699981
516,620250,310200,77550,0.477025206631,0.901133407892,35.504832029
517,621450,310800,77700,0.451958160841,0.285060132536,35.568387031
518,622650,311400,77850,0.467914275396,0.402028899583,35.630542039
519,623850,312000,78000,0.470939594729,0.282016141904,35.692795991
520,625050,312600,78150,0.496371950211,0.442905827709,35.755452156
521,626250,313200,78300,0.476602447703,0.841087729181,35.816987991
522,627450,313800,78450,0.402616420458,0.261225208155,35.880533933
523,628650,314400,78600,0.479635325044,0.46372756027,35.942281961
524,629850,315000,78750,0.444889710872,0.699194457339,36.003580093
525,631050,315600,78900,0.481605087201,0.668689349473,36.066900014
526,632250,316200,79050,0.443792924107,0.715622442719,36.129949092
527,633450,316800,79200,0.534494459777,1.0153841781,36.194803953
528,634650,317400,79350,0.488131157365,1.079842671,36.258486986
529,635850,318000,79500,0.51083297557,0.924368835676,36.3228950
530,637050,318600,79650,0.461806376464,0.776085681536,36.38847994
531,638250,319200,79800,0.479563344034,0.663507826815,36.451378107
532,639450,319800,79950,0.477192711831,0.407537399812,36.515831947
533,640650,320400,80100,0.482053162542,0.455432198716,36.579416990
534,641850,321000,80250,0.471181350019,0.582330920743,36.643440008
535,642900,321600,80400,0.418202094049,0.102581115472,36.700669050
536,644100,322200,80550,0.428330648828,0.104812602881,36.76449608
537,645300,322800,80700,0.464562830285,0.312948557051,36.828824996
538,646500,323400,80850,0.464225677923,0.33893266235,36.893650054
539,647700,324000,81000,0.441778937328,0.121612701158,36.955901145
540,648900,324600,81150,0.431632002417,0.297630836321,37.019469022
541,649800,325200,81300,0.399197236249,0.0669825187156,37.071114063
542,651000,325800,81450,0.44248986987,0.323139470233,37.134974002
543,652200,326400,81600,0.440247012106,0.369302458762,37.197648048
544,653400,327000,81750,0.486274175464,0.665320195815,37.264467954
545,654600,327600,81900,0.449418425489,1.23559429781,37.327389001
546,655800,328200,82050,0.525691709767,1.15617822883,37.391072034
547,657000,328800,82200,0.470606835317,0.500276766191,37.456885099
548,658200,329400,82350,0.455127142983,0.283744331043,37.521400928
549,659400,330000,82500,0.448785681641,0.120950890771,37.58387613
550,660600,330600,82650,0.450921646627,0.101204324154,37.648517131
551,661800,331200,82800,0.482848023812,0.241145234228,37.713690042
552,663000,331800,82950,0.46633462322,0.713492561726,37.777732133
553,664200,332400,83100,0.483239543756,0.639718605727,37.840137958
554,665550,333000,83250,0.460892941875,0.271024227314,37.909862995
555,666600,333600,83400,0.463573433379,0.0394111491511,37.967327117
556,667950,334200,83550,0.467554609476,0.152764725962,38.034038066
557,669150,334800,83700,0.453948798898,0.12352965437,38.097435951
558,670350,335400,83850,0.474591755298,0.282852446029,38.16165995
559,671550,336000,84000,0.434408908696,0.798157429922,38.222593069
560,672750,336600,84150,0.500437596924,0.884477988646,38.285042047
561,673950,337200,84300,0.472171164319,0.563431969698,38.349318981
562,675150,337800,84450,0.477157161809,0.490467228761,38.414324998
563,676500,338400,84600,0.481871002131,0.109780164491,38.484741926
564,677700,339000,84750,0.456750936867,0.221892470163,38.548866987
565,678900,339600,84900,0.501059423991,0.390699907945,38.613456010
566,680100,340200,85050,0.478257579158,0.637029748945,38.676882982
567,681300,340800,85200,0.503795203957,0.705554886997,38.740123987
568,682500,341400,85350,0.475316793459,0.850294692026,38.803523063
569,683700,342000,85500,0.432166593802,0.41753214686,38.865106105
570,684900,342600,85650,0.426441787466,0.276599690439,38.92725992
571,686100,343200,85800,0.486878068285,0.585399572771,38.988140106
572,687300,343800,85950,0.472597534393,0.387040043683,39.050225973
573,688500,344400,86100,0.436419070483,0.107521551427,39.110372066
574,689700,345000,86250,0.492899615624,0.572263885848,39.173866987
575,690900,345600,86400,0.466575582749,0.86617826184,39.236088991
576,692100,346200,86550,0.456390349343,0.609793742599,39.298012971
577,693300,346800,86700,0.444657790372,0.309201090185,39.359386920
578,694500,347400,86850,0.449949965984,0.167825194283,39.420891046
579,695700,348000,87000,0.440919807292,0.131403813188,39.481191158
580,696900,348600,87150,0.484128547309,0.460878116603,39.541980981
581,698100,349200,87300,0.45586966204,0.730246997885,39.603417158
582,699300,349800,87450,0.460954526368,0.512978394472,39.663357973
583,700500,350400,87600,0.455800400528,0.273088548337,39.726098060
584,701700,351000,87750,0.445717946228,0.208106790388,39.787415981
585,702900,351600,87900,0.476309709136,0.222390830419,39.853425979
586,704100,352200,88050,0.443039017201,0.84758584569,39.916723012
587,705300,352800,88200,0.473098929072,0.761512662857,39.979689121
588,706500,353400,88350,0.450051754274,0.378072717643,40.041553974
589,707700,354000,88500,0.458230383905,0.270899491221,40.103909969
590,708900,354600,88650,0.438424643107,0.448361602425,40.165827989
591,710100,355200,88800,0.41641537818,0.261823408645,40.228296041
592,711300,355800,88950,0.498003347851,0.586824117546,40.299401998
593,712500,356400,89100,0.482210806844,0.918746329819,40.36716413
594,713700,357000,89250,0.508217029063,0.922850781524,40.431502103
595,714900,357600,89400,0.467617258365,1.24652381264,40.493152141
596,716100,358200,89550,0.529592539004,1.16065481345,40.554501056
597,717300,358800,89700,0.471663598316,0.851474650794,40.616272926
598,718500,359400,89850,0.489578149687,0.726969725763,40.677070140
599,719700,360000,90000,0.464248498771,0.389687165582,40.739898920
600,720900,360600,90150,0.475243205314,0.373837329078,40.801465034
601,722100,361200,90300,0.468102726427,0.484975315928,40.86763405
602,723300,361800,90450,0.487059893595,0.625391161194,40.932739019
603,724500,362400,90600,0.477040986188,0.691976673274,40.995029926
604,725700,363000,90750,0.554379523809,1.10856027041,41.059031009
605,726900,363600,90900,0.529701483944,1.49296316414,41.121793031
606,728100,364200,91050,0.522588430774,1.06247823021,41.185210943
607,729300,364800,91200,0.475033092167,0.473592483085,41.247645139
608,730500,365400,91350,0.463132371371,0.222999091895,41.308429956
609,731700,366000,91500,0.481447001902,0.101511185111,41.371503114
610,732900,366600,91650,0.45255531824,0.509830934548,41.432611942
611,734100,367200,91800,0.483686422591,0.470599234507,41.495460987
612,735300,367800,91950,0.447941013684,0.406863953195,41.556518077
613,736500,368400,92100,0.495646569547,0.629140732913,41.617643117
614,737700,369000,92250,0.451546424861,0.82209967913,41.679183006
615,738900,369600,92400,0.485938444739,0.58688708809,41.740272998
616,740100,370200,92550,0.45715581102,0.289881579895,41.801213979
617,741300,370800,92700,0.476766436651,0.380211239406,41.863466024
618,742500,371400,92850,0.469113923499,0.491194950039,41.924348115
619,743700,372000,93000,0.422755656057,0.17363115493,41.985192060
620,744900,372600,93150,0.459676516514,0.221246831108,42.047100067
621,746100,373200,93300,0.449583027926,0.153860330111,42.108298063
622,747300,373800,93450,0.45824575979,0.139137820151,42.170755147
623,748500,374400,93600,0.468143119412,0.0314891546307,42.232273101
624,749700,375000,93750,0.43305742373,0.402800410732,42.292835950
625,750900,375600,93900,0.458298035416,0.371111563768,42.35443496
626,752100,376200,94050,0.44266302409,0.14201295271,42.414767980
627,752850,376800,94200,0.442302705692,0.0204989307988,42.460715055
628,754050,377400,94350,0.462608271491,0.189724319458,42.521134138
629,755250,378000,94500,0.469711879211,0.0865743167067,42.582127094
630,756450,378600,94650,0.445294193875,0.156380409141,42.642085075
631,757650,379200,94800,0.438186174299,0.100916820554,42.703292131
632,758850,379800,94950,0.444070205943,0.112166499964,42.764590024
633,760050,380400,95100,0.450628296531,0.271256607819,42.828805923
634,761250,381000,95250,0.453680400399,0.235546727014,42.889678001
635,762450,381600,95400,0.47515976008,0.430136566061,42.950200080
636,763650,382200,95550,0.468283347991,0.622906092766,43.01135706
637,764850,382800,95700,0.493804952655,0.605653638961,43.071754932
638,766050,383400,95850,0.451061679036,0.851689389392,43.132727146
639,767250,384000,96000,0.526158287519,1.04653775953,43.193557977
640,768450,384600,96150,0.490807807389,0.895883913478,43.253843069
641,769650,385200,96300,0.462647882447,0.510732430184,43.315235137
642,770850,385800,96450,0.434434874899,0.48752475067,43.37524604
643,772050,386400,96600,0.498885791261,0.740827339075,43.436866998
644,773250,387000,96750,0.474410944195,0.780744800598,43.500478029
645,774450,387600,96900,0.449871184002,0.454777850768,43.563060998
646,775650,388200,97050,0.439752581633,0.245481912027,43.624781131
647,776850,388800,97200,0.450950817242,0.259020757025,43.687121152
648,778050,389400,97350,0.464733649159,0.0956455946356,43.749763011
649,779250,390000,97500,0.45234405776,0.415190245515,43.811860084
650,780450,390600,97650,0.451763894789,0.334509801382,43.872709035
651,781650,391200,97800,0.452365896837,0.215466379439,43.936789989
652,782850,391800,97950,0.466440131748,0.259161449465,43.998201131
653,784050,392400,98100,0.445580399588,0.274532983794,44.061167955
654,785250,393000,98250,0.46770752463,0.419319354939,44.124390125
655,786450,393600,98400,0.464646067807,0.362331176259,44.186764955
656,787650,394200,98550,0.458378077345,0.151667641233,44.250075101
657,788850,394800,98700,0.478472707694,0.108376417672,44.311596155
658,790200,395400,98850,0.476457954486,0.147464832884,44.386915922
659,791250,396000,99000,0.467756375895,0.0380112025645,44.46752595
660,792450,396600,99150,0.446740200716,0.321078654218,44.55466413
661,793350,397200,99300,0.418269221934,0.0724499923822,44.628412008
662,794550,397800,99450,0.450757383272,0.40663456945,44.715299129
663,795600,398400,99600,0.47222225561,0.0855884597721,44.784126043
664,796800,399000,99750,0.474289285678,0.0935434191625,44.851380109
665,798000,399600,99900,0.439559197022,0.44924125533,44.91928505
666,799200,400200,100050,0.46537187803,0.491346889931,44.990534067
667,800400,400800,100200,0.451865222763,0.333597029542,45.061821937
668,801600,401400,100350,0.479909130091,0.495431195823,45.136448144
669,802800,402000,100500,0.464289047765,0.653409431734,45.203547954
670,804000,402600,100650,0.463809435572,0.519848474291,45.280980110
671,805200,403200,100800,0.449618286439,0.28871115272,45.376389026
672,806400,403800,100950,0.487378283832,0.414251011359,45.46069312
673,807600,404400,101100,0.455581847624,0.650099082294,45.536373138
674,808800,405000,101250,0.46744823821,0.565248398263,45.628370046
675,810000,405600,101400,0.448914912346,0.597837754071,45.711535930
676,811200,406200,101550,0.490409703781,0.713516817684,45.79307413
677,812400,406800,101700,0.466288166697,0.595041839792,45.878945112
678,813600,407400,101850,0.474297748096,0.446737930661,45.95534300
679,814800,408000,102000,0.432814312375,0.714441463081,46.027184963
680,816000,408600,102150,0.445069430465,0.617959811389,46.100995063
681,817350,409200,102300,0.458855205834,0.0707830259147,46.191219091
682,818550,409800,102450,0.460617575183,0.14849295536,46.271639108
683,819900,410400,102600,0.485475584788,0.0597014117674,46.349703073
684,821100,411000,102750,0.455300640006,0.350797780249,46.421829938
685,822300,411600,102900,0.438235713879,0.129629540357,46.488326072
686,823500,412200,103050,0.457633062071,0.116631588272,46.557580947
687,824700,412800,103200,0.468714266674,0.136009908922,46.629560947
688,825900,413400,103350,0.452317779602,0.478665463667,46.699285030
689,827100,414000,103500,0.446173681906,0.401820357561,46.778099060
690,828450,414600,103650,0.455492411272,0.0858126357213,46.854979991
691,829650,415200,103800,0.473711624698,0.138522761106,46.926239013
692,830850,415800,103950,0.458833230562,0.431968126139,46.995367050
693,832050,416400,104100,0.446141076086,0.234895303297,47.067381143
694,833250,417000,104250,0.408417652067,0.653599763751,47.14117407
695,834450,417600,104400,0.485568171661,0.892704527924,47.212645053
696,835650,418200,104550,0.454244884605,0.595957979193,47.283820152
697,836850,418800,104700,0.452109946603,0.3831786956,47.359323978
698,838050,419400,104850,0.446849188776,0.13938131248,47.430016040
699,839250,420000,105000,0.504845237339,0.543443273477,47.506976127
700,840450,420600,105150,0.476167448064,1.08797525377,47.582379102
701,841650,421200,105300,0.497557661856,0.923392755338,47.66002011
702,842850,421800,105450,0.475354738982,0.510043439859,47.73740410
703,844050,422400,105600,0.513300820399,0.684649440815,47.805066108
704,845250,423000,105750,0.49150920386,0.775878947471,47.869634151
705,846450,423600,105900,0.478245533717,0.682816216222,47.941062927
706,847800,424200,106050,0.482742552815,0.381082839354,48.013910055
707,849150,424800,106200,0.475206150328,0.169035074553,48.086246967
708,850350,425400,106350,0.455039252125,0.228325903561,48.154711961
709,851550,426000,106500,0.495469904359,0.587084457798,48.225156068
710,852750,426600,106650,0.462426615788,1.19822763349,48.291502952
711,853950,427200,106800,0.460787842834,0.802675399609,48.359384059
712,855150,427800,106950,0.454196253055,0.117932620408,48.428089141
713,855900,428400,107100,0.433109322452,0.0264850160354,48.475487947
714,857100,429000,107250,0.474054588782,0.34009629772,48.547476053
715,858300,429600,107400,0.459254220793,0.521588050738,48.619753122
716,859500,430200,107550,0.526742193268,0.879684768156,48.694512128
717,860700,430800,107700,0.505662784589,1.38152237158,48.769211053
718,861900,431400,107850,0.530729798359,1.07847509751,48.874508142
719,863100,432000,108000,0.457909635828,0.678336889371,48.950972080
720,864300,432600,108150,0.456400158654,0.471821420579,49.028109073
721,865650,433200,108300,0.46798333497,0.0652440659048,49.110860109
722,866850,433800,108450,0.482101909026,0.153096491688,49.187076091
723,868050,434400,108600,0.450207018836,0.52567307355,49.265501022
724,869250,435000,108750,0.42852807476,0.326354718166,49.33525514
725,870450,435600,108900,0.441628077213,0.0540325022263,49.395060062
726,871650,436200,109050,0.458723733042,0.126860549009,49.454138040
727,872850,436800,109200,0.451006250334,0.165219137174,49.512736082
728,874050,437400,109350,0.477059316729,0.337246306432,49.573080062
729,875250,438000,109500,0.466390614347,0.305082994916,49.633029937
730,876450,438600,109650,0.44856388909,0.0352389658587,49.694313049
731,877650,439200,109800,0.439245516079,0.111732938291,49.753338098
732,878850,439800,109950,0.440731411706,0.111920166043,49.81203293
733,880050,440400,110100,0.475452721755,0.174610094656,49.87111997
734,881250,441000,110250,0.431126502948,0.501070408858,49.929347038
735,882450,441600,110400,0.503209798014,0.786212511379,49.988749027
736,883650,442200,110550,0.477158068448,0.628547368724,50.047608137
737,884850,442800,110700,0.452072089836,0.224840396609,50.105993032
738,886050,443400,110850,0.483677813023,0.381302480852,50.165442943
739,887250,444000,111000,0.464558654496,0.965957647353,50.227824926
740,888450,444600,111150,0.469951006057,0.709474840775,50.289202928
741,889800,445200,111300,0.460894805409,0.134000500472,50.3594729
742,891000,445800,111450,0.43852804131,0.287192153286,50.423038959
743,892200,446400,111600,0.479507344916,0.466800250023,50.484585046
744,893550,447000,111750,0.459852646371,0.287539432494,50.553040027
745,894750,447600,111900,0.424963734662,0.481107487844,50.614540100
746,895950,448200,112050,0.503590923461,0.760507928474,50.676007986
747,897150,448800,112200,0.474680062638,0.804727098387,50.737646102
748,898350,449400,112350,0.492671671834,0.785384211192,50.798849105
749,899550,450000,112500,0.468602462783,0.801435180389,50.860208988
750,900750,450600,112650,0.455671111724,0.474277802317,50.919229030
751,901950,451200,112800,0.455068738231,0.165700011155,50.97937798
752,903150,451800,112950,0.474202042662,0.345671949398,51.040327072
753,904350,452400,113100,0.455682698747,0.560436601741,51.101333141
754,905550,453000,113250,0.463922330848,0.501256293762,51.164458990
755,906900,453600,113400,0.470099727597,0.15043700111,51.232545137
756,908100,454200,113550,0.451902742576,0.232882889483,51.295043945
757,909300,454800,113700,0.472638524675,0.328811749686,51.35871601
758,910500,455400,113850,0.466310174239,0.282183215253,51.422272920
759,911700,456000,114000,0.436033238036,0.0625744660468,51.485610961
760,912900,456600,114150,0.4400156565,0.131535128653,51.546977996
761,914100,457200,114300,0.471064584423,0.232410070222,51.608304977
762,915300,457800,114450,0.472389313623,0.284296888684,51.671010017
763,916500,458400,114600,0.457041919804,0.0767602204439,51.738631010
764,917700,459000,114750,0.446907516874,0.0562946292964,51.808028936
765,918900,459600,114900,0.463382845156,0.284484512044,51.875983953
766,920100,460200,115050,0.442007949432,0.506644167484,51.929939031
767,921300,460800,115200,0.498869636996,0.697773647565,51.970757961
768,922500,461400,115350,0.462612097804,0.960018202482,52.007244110
769,923700,462000,115500,0.452558271092,0.620761297358,52.04990410
770,924900,462600,115650,0.449622286663,0.107342839781,52.089508056
771,926100,463200,115800,0.456402616404,0.14370976823,52.132162094
772,927300,463800,115950,0.44399507277,0.270284773712,52.170087099
773,928500,464400,116100,0.453938203425,0.319104562233,52.207453012
774,929700,465000,116250,0.467318068084,0.164071759884,52.242540121
775,930900,465600,116400,0.437841169545,0.198958128762,52.280108928
776,932100,466200,116550,0.464344570857,0.421184534164,52.322143077
777,933300,466800,116700,0.445208599493,0.754405244478,52.356997966
778,934500,467400,116850,0.496813704418,0.875451164423,52.395609140
779,935700,468000,117000,0.468767586535,0.715461905631,52.433372020
780,936900,468600,117150,0.507922865482,0.921114906546,52.471123933
781,938100,469200,117300,0.491109712117,1.15936487261,52.510378122
782,939300,469800,117450,0.488862609487,0.845737624211,52.547785043
783,940650,470400,117600,0.487797867547,0.0680947308486,52.588935136
784,941850,471000,117750,0.46351337078,0.398933737646,52.643813133
785,943050,471600,117900,0.495301746589,0.636560287021,52.709515094
786,944250,472200,118050,0.481009055878,1.02304268876,52.773640155
787,945450,472800,118200,0.439996730439,0.592682773857,52.835333108
788,946650,473400,118350,0.429217508807,0.242421930582,52.897424936
789,947850,474000,118500,0.451620796928,0.349563564642,52.958611965
790,949050,474600,118650,0.458554971301,0.150674931709,53.018183946
791,950250,475200,118800,0.442248057789,0.0332147138573,53.078588008
792,951450,475800,118950,0.473687569993,0.2728608319,53.140463113
793,952650,476400,119100,0.449207095471,0.403299867731,53.200915098
794,953850,477000,119250,0.458560050242,0.307798679226,53.261983156
795,955050,477600,119400,0.455247868873,0.167880321906,53.322554111
796,956250,478200,119550,0.438014320358,0.0152127593968,53.383502960
797,957450,478800,119700,0.473067730569,0.260722051301,53.44464206
798,958650,479400,119850,0.462926715489,0.540810957311,53.505584955
799,959850,480000,120000,0.474422499958,0.568201343252,53.566887140
800,961050,480600,120150,0.467773839501,0.343809984224,53.627881050
801,962250,481200,120300,0.477966065826,0.351425373808,53.689276933
802,963450,481800,120450,0.451705141321,0.621923977876,53.749730110
803,964650,482400,120600,0.484042774851,0.630519503282,53.811051130
804,965850,483000,120750,0.472671654236,0.539837949312,53.871700048
805,967050,483600,120900,0.476015211079,0.536153020067,53.933211088
806,968250,484200,121050,0.459005728949,0.587674705517,53.99406313
807,969450,484800,121200,0.468634284132,0.463691374939,54.055583953
808,970650,485400,121350,0.43502618138,0.388111855975,54.116017103
809,971850,486000,121500,0.430080567504,0.238431731882,54.176896095
810,973050,486600,121650,0.438830526627,0.17404891306,54.237000942
811,973800,487200,121800,0.42071315464,0.0498838056806,54.2822661
812,975000,487800,121950,0.494606458315,0.6821102394,54.344053983
813,976200,488400,122100,0.472866976773,0.753860577704,54.404907941
814,977400,489000,122250,0.457443237288,0.507053552926,54.465969085
815,978600,489600,122400,0.447895488691,0.520043160782,54.526371955
816,979800,490200,122550,0.466276214873,0.55518286189,54.587494134
817,981000,490800,122700,0.449870660926,0.355221370267,54.648564100
818,982200,491400,122850,0.472256272397,0.455843550077,54.710077047
819,983400,492000,123000,0.458209417016,0.449702855807,54.771414041
820,984600,492600,123150,0.450018176111,0.168385802622,54.836524963
821,985800,493200,123300,0.444108425829,0.0979685936815,54.899101972
822,987000,493800,123450,0.452015497022,0.1319498423,54.960431098
823,988200,494400,123600,0.440154612859,0.230023547187,55.021700143
824,989400,495000,123750,0.444457868578,0.17444515358,55.082288980
825,990600,495600,123900,0.462617766835,0.0360811988869,55.144659042
826,991800,496200,124050,0.432628465468,0.163516344697,55.20557594
827,993000,496800,124200,0.431583153035,0.0705459846237,55.266324996
828,994200,497400,124350,0.450625641337,0.062692872177,55.32846903
829,995400,498000,124500,0.477424499312,0.132842057626,55.390845060
830,996600,498600,124650,0.460555167718,0.0689744768671,55.453298091
831,997500,499200,124800,0.459100222917,0.0178227328788,55.50491499
832,998700,499800,124950,0.454236686422,0.314257964202,55.565858125
833,999900,500400,125100,0.493069369208,0.578082657019,55.631845951
834,1001100,501000,125250,0.469543342005,0.701220099061,55.695614099
835,1002300,501600,125400,0.473407510157,0.526152224937,55.758705139
836,1003500,502200,125550,0.459024260174,0.392425647691,55.821882009
837,1004700,502800,125700,0.472511299304,0.510491487872,55.8885459
838,1006050,503400,125850,0.475420272925,0.379378706793,55.957123994
839,1007250,504000,126000,0.475887818337,0.058255229524,56.019695043
840,1008600,504600,126150,0.463965407676,0.121544463896,56.087903976
841,1009800,505200,126300,0.450881691766,0.218473001692,56.150774955
842,1011000,505800,126450,0.435717186516,0.091208050698,56.211595058
843,1012200,506400,126600,0.481132422291,0.303743990896,56.270532131
844,1013400,507000,126750,0.454371889588,0.515388838589,56.332381963
845,1014600,507600,126900,0.496452751484,0.648751384536,56.394287109
846,1015800,508200,127050,0.482690346813,0.584670328545,56.458445072
847,1017000,508800,127200,0.504065269835,0.619650923195,56.519773960
848,1018200,509400,127350,0.479404556558,0.806678926625,56.58058905
849,1019400,510000,127500,0.411306497214,0.217509078862,56.640521049
850,1020600,510600,127650,0.480693937213,0.467887140259,56.701621055
851,1021800,511200,127800,0.470505527514,0.442688583193,56.762726068
852,1023000,511800,127950,0.433804692098,0.0827379052858,56.822957038
853,1024200,512400,128100,0.470907697139,0.318596065399,56.883450031
854,1025400,513000,128250,0.450217759074,0.488680213482,56.943396091
855,1026600,513600,128400,0.487634111283,0.619796514736,57.006135940
856,1027950,514200,128550,0.475054226461,0.531254006039,57.072175979
857,1029150,514800,128700,0.431981026496,0.444039137552,57.1325049
858,1030350,515400,128850,0.473747673301,0.591022527423,57.193159103
859,1031550,516000,129000,0.44906915047,0.756144537473,57.253311157
860,1032750,516600,129150,0.463671223846,0.719946305401,57.313107967
861,1033950,517200,129300,0.450288883395,0.5807710787,57.374316930
862,1035150,517800,129450,0.465956342248,0.529133829603,57.434811115
863,1036350,518400,129600,0.45611432028,0.333767184758,57.495381116
864,1037550,519000,129750,0.444939093474,0.160377672432,57.55517792
865,1038750,519600,129900,0.487053465847,0.21363272257,57.616487979
866,1039950,520200,130050,0.45178642664,0.419860515058,57.674072980
867,1041150,520800,130200,0.454578988327,0.374544698419,57.735430955
868,1042350,521400,130350,0.449284072449,0.345433271888,57.802509069
869,1043550,522000,130500,0.502809019491,0.628833977536,57.868992090
870,1044750,522600,130650,0.496698825269,0.810172523819,57.932728052
871,1045950,523200,130800,0.437983329203,0.344094849926,57.994359970
872,1047150,523800,130950,0.460298581692,0.206489708336,58.055030107
873,1048500,524400,131100,0.472779687091,0.0791415771092,58.120535135
874,1049700,525000,131250,0.436981738802,0.479959532554,58.183627128
875,1050900,525600,131400,0.450395731467,0.37364454165,58.245190143
876,1052100,526200,131550,0.456656767148,0.144590991833,58.307410001
877,1053300,526800,131700,0.461475133664,0.261870551218,58.37004399
878,1054500,527400,131850,0.44113955298,0.365484092287,58.431422948
879,1055700,528000,132000,0.466036068831,0.388454324203,58.500138044
880,1057050,528600,132150,0.478628023716,0.158864940478,58.589776039
881,1058250,529200,132300,0.470835112839,0.131899734125,58.668781995
882,1059450,529800,132450,0.462265276015,0.289871693993,58.741446971
883,1060650,530400,132600,0.461575956833,0.183660669256,58.80915594
884,1061850,531000,132750,0.434681707971,0.427713875903,58.87965011
885,1063050,531600,132900,0.434213499468,0.334389825585,58.943254947
886,1064250,532200,133050,0.48127517891,0.197948917497,59.006240129
887,1065450,532800,133200,0.45352385958,0.496664300627,59.067500114
888,1066650,533400,133350,0.46300472627,0.546876726343,59.130883932
889,1067850,534000,133500,0.461235532362,0.411074187888,59.194760084
890,1069050,534600,133650,0.439945095759,0.100575422788,59.258891105
891,1070100,535200,133800,0.441072999888,0.013438617024,59.316206932
892,1071300,535800,133950,0.453371463966,0.0143294655861,59.378806114
893,1072500,536400,134100,0.456674297829,0.056740393321,59.440815925
894,1073700,537000,134250,0.497570115175,0.54432401444,59.503448009
895,1075050,537600,134400,0.500309977567,0.376769690605,59.570003986
896,1076400,538200,134550,0.478127642673,0.197359227538,59.64088702
897,1077750,538800,134700,0.472054874426,0.203845707303,59.71412205
898,1078950,539400,134850,0.442782589388,0.439952754058,59.77992510
899,1080150,540000,135000,0.471066509905,0.55118763269,59.843132972
900,1081350,540600,135150,0.461178839323,0.272342450508,59.904756069
901,1082550,541200,135300,0.421093844699,0.195622593059,59.965202093
902,1083750,541800,135450,0.463516489115,0.497873451038,60.028512954
903,1084950,542400,135600,0.454977371836,0.446671893425,60.090126037
904,1086150,543000,135750,0.488134020759,0.621079322274,60.150648117
905,1087350,543600,135900,0.482420119841,0.74238027663,60.211349964
906,1088550,544200,136050,0.483324900569,0.570750676247,60.271681070
907,1089750,544800,136200,0.465557759182,0.449726773036,60.331845045
908,1090950,545400,136350,0.423268303034,0.115768625712,60.391343116
909,1092150,546000,136500,0.461483495253,0.282088320965,60.451951980
910,1093350,546600,136650,0.442359858146,0.651831658293,60.511281967
911,1094550,547200,136800,0.555972197933,1.16925519243,60.572464942
912,1095750,547800,136950,0.517215889505,1.5369710542,60.633080959
913,1096950,548400,137100,0.537247702939,1.20090476263,60.693557977
914,1098150,549000,137250,0.455131320213,0.905916762392,60.752982139
915,1099350,549600,137400,0.515252431207,0.976094804624,60.815765142
916,1100700,550200,137550,0.492077577897,0.501599775815,60.909131050
917,1101900,550800,137700,0.457689690275,0.287455432417,60.971480131
918,1103100,551400,137850,0.457539912357,0.170642018914,61.038926124
919,1104300,552000,138000,0.450141565309,0.137245612357,61.102431058
920,1105350,552600,138150,0.435413841566,0.0734977493001,61.159943103
921,1106550,553200,138300,0.465328106468,0.400009649157,61.226470947
922,1107750,553800,138450,0.450941061697,0.647119402084,61.289201974
923,1108950,554400,138600,0.490611618792,0.790909262194,61.35371899
924,1110150,555000,138750,0.471384130735,0.681973731157,61.432671070
925,1111350,555600,138900,0.469921605585,0.535120207663,61.494343042
926,1112550,556200,139050,0.440816633677,0.622020824224,61.554770946
927,1113750,556800,139200,0.510431027873,0.870869661162,61.616228103
928,1115100,557400,139350,0.484895069616,0.593340194354,61.682395935
929,1116300,558000,139500,0.419580945027,0.682625717935,61.741922140
930,1117500,558600,139650,0.503453267039,0.888666057201,61.803111076
931,1118700,559200,139800,0.464148916656,0.720910932093,61.86698412
932,1119900,559800,139950,0.475114813195,0.612102860941,61.92818093
933,1121250,560400,140100,0.475939279722,0.105672908002,61.994740009
934,1122600,561000,140250,0.472980225795,0.109289726684,62.061728000
935,1123800,561600,140400,0.444990833941,0.391037816861,62.124454021
936,1125000,562200,140550,0.441689178858,0.322431020815,62.184632062
937,1126050,562800,140700,0.453425179228,0.0284894342739,62.24065303
938,1127400,563400,140850,0.460396965598,0.0500710211508,62.306165933
939,1128600,564000,141000,0.488427817917,0.280935857651,62.368160963
940,1129800,564600,141150,0.461564805247,0.710056158834,62.430140018
941,1131000,565200,141300,0.450447523249,0.435352228971,62.490353107
942,1132200,565800,141450,0.465458855188,0.0849270503659,62.550969123
943,1133400,566400,141600,0.463413776364,0.140137981089,62.611099958
944,1134600,567000,141750,0.432101330759,0.18742716399,62.671241998
945,1135350,567600,141900,0.42027474324,0.0657097695599,62.717778921
946,1136550,568200,142050,0.479329790987,0.592101197525,62.781242132
947,1137750,568800,142200,0.470888977883,0.391650598482,62.843981027
948,1138950,569400,142350,0.490160060617,0.48541360309,62.907881975
949,1140150,570000,142500,0.455631602852,0.758246289242,62.971569061
950,1141350,570600,142650,0.491875412185,0.72567104778,63.032218933
951,1142550,571200,142800,0.473875144328,0.458057016902,63.092448949
952,1143750,571800,142950,0.449516771536,0.29490413597,63.152469158
953,1144950,572400,143100,0.443064631497,0.326299415177,63.212409019
954,1146150,573000,143250,0.43391184675,0.17642038412,63.272486925
955,1147350,573600,143400,0.469580282307,0.236946240309,63.334134101
956,1148550,574200,143550,0.45517962107,0.438143403693,63.394467115
957,1149750,574800,143700,0.447742903623,0.245421348308,63.455095052
958,1150950,575400,143850,0.45163923203,0.0458594777594,63.515412092
959,1152150,576000,144000,0.461480850189,0.0473441487788,63.577414035
960,1153350,576600,144150,0.437202418751,0.237075195038,63.637882947
961,1154550,577200,144300,0.456239549509,0.34979282042,63.698630094
962,1155750,577800,144450,0.441245196165,0.438079045862,63.760169029
963,1156950,578400,144600,0.481828350261,0.549493577999,63.824859142
964,1158300,579000,144750,0.479539657428,0.220043302742,63.891389131
965,1159500,579600,144900,0.459812386314,0.287315591995,63.95163607
966,1160700,580200,145050,0.481668715104,0.45954100924,64.012326955
967,1161900,580800,145200,0.444173039701,0.948690975822,64.071968078
968,1163100,581400,145350,0.511201609817,0.954020844535,64.132280111
969,1164300,582000,145500,0.472544278209,0.467229347622,64.19263315
970,1165500,582600,145650,0.451478334224,0.157428644008,64.253283977
971,1166700,583200,145800,0.441092280232,0.227979911104,64.313550949
972,1167900,583800,145950,0.462182614596,0.431336351621,64.375725984
973,1169250,584400,146100,0.485062645188,0.172058306154,64.447627067
974,1170450,585000,146250,0.452699160525,0.269008798842,64.510239124
975,1171200,585600,146400,0.428327634905,0.0404774105181,64.556229114
976,1172400,586200,146550,0.461631415231,0.377077642348,64.617146015
977,1173600,586800,146700,0.455921343856,0.355775943962,64.676734924
978,1174800,587400,146850,0.47906730947,0.511001818079,64.736568927
979,1176000,588000,147000,0.455420169308,0.940463476366,64.796568155
980,1177200,588600,147150,0.482265443579,0.86438132339,64.862137079
981,1178400,589200,147300,0.456810122045,0.552703513665,64.924728155
982,1179600,589800,147450,0.452061907299,0.447088136785,64.98647904
983,1180800,590400,147600,0.480719446489,0.162892194725,65.04635095
984,1182000,591000,147750,0.460916835142,0.680139870903,65.105858087
985,1183200,591600,147900,0.493619701987,0.776984983276,65.16538906
986,1184400,592200,148050,0.469166007248,0.675485189783,65.225439071
987,1185600,592800,148200,0.409653813289,0.163043519777,65.284088134
988,1186650,593400,148350,0.419177423324,0.0513868675205,65.338222026
989,1187850,594000,148500,0.4549143797,0.359816402729,65.403327941
990,1188600,594600,148650,0.470620852173,0.0601470834261,65.452063083
991,1189800,595200,148800,0.446092709298,0.264936742488,65.518939018
992,1191000,595800,148950,0.46038287288,0.261047717589,65.583617925
993,1192200,596400,149100,0.443663466455,0.329573127,65.644969940
994,1193250,597000,149250,0.450143108275,0.114871755225,65.699371099
995,1194450,597600,149400,0.46452587152,0.0983710410437,65.758681058
996,1195650,598200,149550,0.444876095224,0.287179753607,65.817816972
997,1196850,598800,149700,0.503131240698,0.779487674516,65.900846004
998,1198050,599400,149850,0.500444500331,0.856556296655,65.961184978
999,1199250,600000,150000,0.428610158318,0.216757689788,66.020453929
1000,1200450,600600,150150,0.460813692125,0.310054083024,66.080083131
