1.0,1.0,1.0,1.0
-0.702442369179,-0.361628492883,0.0566842353777,0.32208627773
0.766124046583,0.332699954657,1.01915824768,0.557288219602
-0.072817887894,-0.186292820146,0.532599426823,0.35609597639
-0.122318991373,-0.212832738391,0.462769387447,0.311346754514
-0.058563186459,-0.178136314377,0.465285749272,0.292180367414
-0.0635326103962,-0.179512385399,0.399709591469,0.237559705879
-0.0398271372295,-0.169338855222,0.399933296051,0.227137593182
-0.0501601894814,-0.178436205191,0.369776266843,0.200954136115
-0.00854285100256,-0.159308443592,0.38750320814,0.199605466935
-0.00506629958246,-0.149728211629,0.351218921939,0.166059791864
-0.0250694891285,-0.165889086323,0.343186305057,0.162787685321
-0.0076320057364,-0.161388065871,0.359809307428,0.166040389373
-0.0219040177003,-0.170134909468,0.35320200302,0.163178298553
-0.0160508313703,-0.169266452066,0.360190758339,0.16552407617
-0.0300693291278,-0.18030176539,0.35354001986,0.162881543691
0.0109583371713,-0.160406305353,0.377647707627,0.16951657927
-0.0852147731432,-0.218415302616,0.331261976969,0.155387167936
0.0713681144495,-0.135418317751,0.428062863344,0.184458820494
-0.0543238848282,-0.202787968908,0.352485673852,0.161208755949
-0.0364918856249,-0.194021988914,0.365178673162,0.165526108116
-0.0350734131089,-0.197735697872,0.36990545917,0.1658029752
-0.00552031434407,-0.179525662732,0.383425292481,0.168941412636
-0.0287118463412,-0.190550056002,0.366818344713,0.164163270265
0.000509063580015,-0.173265890074,0.381386077489,0.168170346022
-0.000477791230502,-0.170885862224,0.367564520646,0.161947837139
0.00272596422301,-0.173457464688,0.358365658142,0.155414200819
-0.0210147336294,-0.18589378749,0.348752184736,0.153051105203
0.00266041820075,-0.173898946446,0.365765836412,0.159713609896
0.0150332340359,-0.164749742953,0.369377881371,0.161245802384
-0.0521113553381,-0.202189877102,0.337288574694,0.152155997144
0.00854891194703,-0.171973426526,0.378750864068,0.164926277094
-0.0386110637578,-0.197452196312,0.353286339836,0.157343555484
-0.031365556588,-0.195426270043,0.362962257507,0.162192801842
0.00165920392885,-0.177935563077,0.381495446445,0.167425190809
-0.0549053901158,-0.21039299479,0.350999718747,0.158975893639
-0.03463708902,-0.200388497333,0.364851207296,0.163427619003
0.0241804021554,-0.164788428878,0.395242683895,0.172984682804
-0.0225356048035,-0.188372867761,0.362507794312,0.162388391395
0.0182887085502,-0.164024919684,0.383573379002,0.167343061434
-0.0293717787782,-0.189046445722,0.352402354887,0.158295553816
0.00400970824809,-0.170389867247,0.374769696562,0.165504895677
-0.0348139711127,-0.190226950344,0.353647971257,0.159705671387
-0.0257340880736,-0.186513403122,0.360366912879,0.162006293471
-0.00400353348862,-0.175343846487,0.373751507437,0.166775004093
-0.017798145964,-0.181946384814,0.364672900514,0.162980907459
-0.01759277719,-0.181813392561,0.364843433627,0.16299460993
-0.00796623783954,-0.17597744394,0.369656031707,0.164150494113
-0.0302682824769,-0.189906462337,0.357118671898,0.159735141212
-0.026459873178,-0.189654461728,0.360811076818,0.161178814965
0.0126785313978,-0.168893571516,0.382231542168,0.167215877776
-0.0230575514931,-0.1885440985,0.359065394156,0.159340830975
0.0138446817533,-0.166837568279,0.379171954224,0.165443524883
-0.0258505108075,-0.1872593677,0.355281959035,0.158873515176
0.0555951591097,-0.142142110221,0.397162989592,0.1702000156
-0.062374212408,-0.209504718702,0.33264526108,0.151766272961
0.0302159131193,-0.162031656105,0.392079498078,0.171070979854
-0.0157093317744,-0.183058563521,0.360384147441,0.161069867031
0.0174646651993,-0.162985678906,0.377309164459,0.166771324662
-0.0411237677742,-0.19656685117,0.345577724577,0.157778115521
0.041316539504,-0.150509219746,0.393788528986,0.172118731524
-0.0323470331315,-0.191509081096,0.348662415836,0.157585736439
0.0258678915928,-0.158752320979,0.384275629653,0.16891123343
-0.0359748187755,-0.192773742606,0.34884813668,0.157798495836
0.00960213974274,-0.169364621123,0.378952677993,0.165917137151
0.00991418294573,-0.158919310808,0.350962873887,0.151924783321
0.00638587223459,-0.161504057029,0.351333489345,0.152154505757
-0.034711098711,-0.187859563244,0.334597555437,0.148271991912
0.0194829159069,-0.159998276385,0.372612865308,0.160947747284
-0.0164452146562,-0.180338014814,0.351876251871,0.154919873499
-0.0078862785707,-0.176607953308,0.359315541012,0.158209888773
-0.0289871698611,-0.1874433538,0.35286604785,0.156472091523
0.0420910667163,-0.145965210366,0.391773538827,0.168601971474
-0.012744801671,-0.173636499553,0.354199747325,0.156608902979
0.0084211403254,-0.160310598217,0.36711849348,0.160379297909
-0.00838605240663,-0.171928855409,0.356673768955,0.157301667485
-0.0516259511026,-0.200838201082,0.340103458894,0.153219033399
0.0540905971575,-0.144445965194,0.403092661744,0.171856072436
-0.0442154031841,-0.198741106477,0.346430490104,0.154067469746
0.0346127227808,-0.15498306408,0.392572075936,0.168015408431
-0.0139000831312,-0.180512224092,0.359169087709,0.15741822126
-0.0112916745574,-0.178617459236,0.362285616224,0.159847089345
-0.0246939805943,-0.185230270642,0.358108496287,0.158714485034
0.00113635167391,-0.171229925435,0.373258629427,0.163512939366
-0.0217137971921,-0.183557425669,0.359481653217,0.160333334123
0.0126264689552,-0.165966512868,0.378516168773,0.16535019352
-0.00796513953131,-0.178338906923,0.362046806945,0.160276671921
-0.0433390281971,-0.199910482611,0.347058324979,0.156535171872
0.0234144179703,-0.164091093957,0.38771861489,0.169943642351
-0.038959679592,-0.19660131113,0.350683251582,0.158206353402
0.0170962335664,-0.167756711238,0.384498293456,0.169084980281
-0.0283700591559,-0.189973921839,0.356676093195,0.160594587239
0.0105976928698,-0.167785675459,0.379598832936,0.168212847254
-0.00807485049157,-0.176788551626,0.364144880053,0.163036397941
0.00987259995959,-0.165260874295,0.372557386164,0.164848877695
-0.0299434316126,-0.187879508959,0.349525529548,0.158252660064
-0.00738019851475,-0.174160924054,0.365888928778,0.163471457896
-0.0224596112359,-0.183101349675,0.359206874082,0.16126349428
-0.0073119531691,-0.176845629269,0.369153857335,0.164727864557
-0.030317846454,-0.192169731616,0.357005076881,0.16149119964
0.0117510557065,-0.168829034167,0.380411600244,0.1681625679
-0.0541037845524,-0.206780001695,0.347510614646,0.157733129219
0.0447837804234,-0.15399319167,0.404727462734,0.174822705513
-0.0554302246028,-0.205248705728,0.346476048615,0.156709564163
0.0502104509309,-0.147556855276,0.40826530791,0.175720151368
-0.0140002852077,-0.179302699749,0.363669797943,0.161586991919
-0.0219070904865,-0.186047767248,0.3599281375,0.160672495392
-0.0323207226221,-0.191809593534,0.358769939353,0.160879688657
0.033120607795,-0.155715834403,0.39336760848,0.171653003001
0.00642279653141,-0.166487334826,0.367316957979,0.162550920562
-0.0368856342249,-0.192988628863,0.347619002735,0.156696338875
0.0532029326569,-0.141694694957,0.399809275151,0.172585737334
-0.0649126779824,-0.208707901112,0.336275440369,0.1542729888
0.0364931205304,-0.153628228988,0.40176810814,0.17776555527
-0.051844855202,-0.20049972535,0.349709205234,0.161977166105
0.015399901005,-0.165327841162,0.389959792996,0.17386979104
-0.0136778025594,-0.178416513971,0.367124291476,0.166307179439
-0.0348985577258,-0.1898966457,0.357154598681,0.163223736875
0.00238401806612,-0.170792987376,0.379258434734,0.168987629649
-0.0135185899499,-0.178319479882,0.366549348252,0.164349195214
-0.0199827032671,-0.181715848512,0.362621638661,0.163333983882
0.00260385965014,-0.169070431093,0.372888907549,0.166306197969
-0.041108264831,-0.194041626254,0.349849127309,0.159345868169
0.0179020529025,-0.1633912591,0.386625392022,0.170045784568
-0.058942289093,-0.206471833543,0.343392867261,0.157643179602
-0.0340580592334,-0.193405970144,0.360828646608,0.162825445101
0.0050567700997,-0.171154286972,0.383510277651,0.168807607218
-0.0468570269214,-0.201107573028,0.352413335746,0.160453777827
0.00980904779357,-0.171041620575,0.387541066335,0.170642046195
-0.00153171458971,-0.173750028417,0.372944421881,0.165576569703
-0.0213091652201,-0.185427727064,0.359514493399,0.162084678875
0.0521425845008,-0.143019881577,0.394834921949,0.17190980864
-0.0384573517531,-0.193562603574,0.342326789149,0.154620858328
0.00801838169912,-0.170052422249,0.374686862455,0.165649233076
-0.0118555683197,-0.178952003026,0.361167709147,0.161660533468
-0.00465931876734,-0.17544051154,0.365821177666,0.162528870476
-0.0312850496495,-0.189615026215,0.353510304946,0.159784395813
-0.00644982666116,-0.177180179428,0.37074626496,0.165628812786
-0.000119121872059,-0.171755601025,0.371247211183,0.165203696327
-0.0214675215784,-0.18400899773,0.358399352495,0.162058303512
0.00405001988665,-0.170525228758,0.373721865209,0.166762685471
-0.0221412655195,-0.18340814079,0.358494362571,0.16191088168
-0.00364828756938,-0.174652008339,0.370642777024,0.165923804709
-0.00441757228865,-0.17392074979,0.3660043472,0.162906349809
-0.0207931813157,-0.183695045454,0.35653093955,0.160425104211
-0.00313503869121,-0.174224033704,0.368107535424,0.164241135999
-0.0287360430356,-0.189367395495,0.356504896628,0.160678121252
0.0251039485975,-0.158002326376,0.385702642454,0.169006020379
-0.0250490937394,-0.184064538101,0.353863855,0.160109869821
0.0118719615336,-0.16561424554,0.373715166988,0.166288265803
-0.0469815913701,-0.197916857786,0.343030500804,0.156780990694
0.0172147082574,-0.165685966506,0.383288607051,0.168542610189
-0.009741136831,-0.176729154397,0.363538829899,0.161699253699
-0.0178543265844,-0.18166993775,0.359818202848,0.161031698988
0.00575352625376,-0.167897648546,0.373247945718,0.164394681564
-0.0236755704588,-0.182974392477,0.355914510027,0.15914922342
0.00254855056341,-0.170813792624,0.371899145161,0.163893377914
0.0180758441833,-0.156443119059,0.369674848908,0.162239653774
-0.0289966673302,-0.183429141691,0.344121435809,0.154648488951
0.0214949482391,-0.15491503041,0.377438451735,0.165500171724
-0.0366099215153,-0.186471393231,0.346765166174,0.15616694808
0.0170660411061,-0.156991759073,0.379119821167,0.167360142731
-0.0075326602387,-0.168344355978,0.360787746405,0.161233798715
-0.0355955554389,-0.187415301152,0.349810302124,0.157410276583
0.00465779585971,-0.167195166716,0.375176676543,0.165471185882
-0.050329317037,-0.200694299633,0.345065724268,0.157229860306
0.0030376182715,-0.173830373126,0.380108237341,0.167510398357
-0.0396180586819,-0.197177269047,0.355060479332,0.160290785035
0.015657385332,-0.167656977192,0.387733016192,0.169707077294
0.000313755525032,-0.173127535732,0.371206392898,0.16400320719
-0.0137249514501,-0.180895284728,0.361732183313,0.160795432985
-0.0258225141967,-0.188168125759,0.357857537029,0.160979131901
-0.0237540916998,-0.187838791867,0.36336830565,0.163244097167
0.00172956236194,-0.171970250428,0.37773609594,0.167700411543
0.0265570428562,-0.155498990406,0.382581980975,0.167947055992
-0.0352350718028,-0.190367123124,0.346936716165,0.156532035131
0.0164954227795,-0.163025564775,0.378485153994,0.166974114377
0.0053937895156,-0.166025509986,0.365176682862,0.162315438837
-0.0492060648027,-0.196758522301,0.339531736916,0.156319558296
0.0304492838021,-0.155315135956,0.389276227085,0.173959332788
-0.0318391207825,-0.189011094634,0.351305966599,0.160756393519
0.000666999011387,-0.171279773013,0.373009773148,0.168458744468
-0.0456929916312,-0.199179351938,0.348956256788,0.160190700363
0.0204272832169,-0.163806102428,0.388853325368,0.171207539589
-0.0228963754464,-0.186226411986,0.360764191055,0.162271229412
-0.005506937292,-0.175999537555,0.369539599011,0.16623763987
0.000972369039015,-0.168148568597,0.36761979322,0.164670237197
-0.00780150026332,-0.173251493188,0.361569048783,0.161524318968
-0.0182297581606,-0.178294270658,0.357575051026,0.160168780512
-0.0136296104982,-0.176629690919,0.361211737574,0.1609647692
-0.019169661835,-0.184923947474,0.365397247091,0.162041690278
-0.0136293364961,-0.181709896291,0.368643506058,0.163057704977
-0.0171604782657,-0.184472977501,0.365831882014,0.162661453445
0.0392370672967,-0.149313303003,0.391379282739,0.17098689084
-0.0629504120558,-0.207175480584,0.335690861408,0.154559395589
0.0173010950336,-0.165022450466,0.388143681658,0.170354897188
-0.0485354344488,-0.200497074867,0.351638994721,0.158703460391
0.0344575431265,-0.155122925102,0.399428403987,0.173030795907
-0.0585779064107,-0.207207990693,0.347930660967,0.156633831142
0.082099243365,-0.129526071103,0.426742736245,0.180317961824
-0.0600531723526,-0.208562015036,0.345226321933,0.156005000435
-0.0361454330618,-0.196340950764,0.362277036009,0.161304304357
-0.0105402536026,-0.180940039733,0.377742571389,0.167647249698
0.00605926411962,-0.169408971266,0.382197674127,0.167700567033
-0.0558999963535,-0.204348205128,0.347470470328,0.157562699924
0.00955025251276,-0.169162286441,0.38935836133,0.171690454811
0.0367321528586,-0.142984459174,0.381899446735,0.166918734976
-0.101837455259,-0.225501189724,0.314602575318,0.14831556349
0.0914573546679,-0.125278392519,0.437976894484,0.187626776121
-0.0541065030021,-0.203881884369,0.350661482725,0.161224967573
0.0332626185029,-0.156700056177,0.400804050934,0.176062135061
-0.0688984805842,-0.213181689388,0.344045555971,0.159203591441
0.00836779947853,-0.172446785872,0.393081575056,0.174637083083
-0.0386177899569,-0.197749845849,0.3619940806,0.164805781537
0.0322592279525,-0.155978321576,0.400006385801,0.175298088174
-0.0206785902462,-0.181813482085,0.36166656349,0.162538857907
-0.00405016625805,-0.171281763532,0.372597452308,0.166415535513
-0.01743756806,-0.178687571878,0.362341000569,0.162405540702
-0.0134725864135,-0.177080962576,0.365047260807,0.163151588375
-0.0586987728554,-0.204388442691,0.344923125352,0.158253216851
0.00922288415815,-0.169633336931,0.388617925907,0.171436943619
-0.0622130096467,-0.209949496026,0.34797599374,0.159526684507
0.0231924693609,-0.164738299694,0.398375769079,0.174809290941
-0.0376982682563,-0.195438347282,0.358273642689,0.162168997218
-0.0226802542849,-0.188307053553,0.367432214675,0.165148154817
0.0508331972208,-0.147640207274,0.400961592457,0.173961002105
-0.0658171367313,-0.213515415802,0.336896122046,0.154503798951
-0.0356759177728,-0.197600576234,0.358431477908,0.161807892551
-0.00334731774902,-0.179486707461,0.378528249087,0.167791002294
-0.0261794532842,-0.191828742098,0.364012024253,0.162966448553
-0.00707690292866,-0.181474306992,0.374485552832,0.166525666736
-0.025483929525,-0.191123922372,0.363240772624,0.163129518637
0.00268545831694,-0.175210115169,0.377840925956,0.16746636135
-0.0052157901723,-0.177129863782,0.368245130005,0.164456501297
-0.0333006458101,-0.194423971685,0.35482708684,0.160075526296
0.0013905788687,-0.17702665159,0.375900088433,0.167296333819
-0.020783410641,-0.187456786882,0.36159234381,0.163178964747
0.0197326541512,-0.164516425096,0.3810628277,0.167961280764
-0.0256084706206,-0.188072290627,0.352061485552,0.159199114888
-0.0220160270858,-0.192208999802,0.363802575711,0.163849758338
-0.0322318620844,-0.196420469051,0.363075147252,0.162560307675
0.0018675539398,-0.177756640605,0.382140681765,0.16855429797
-0.0362294402861,-0.196436211877,0.360002566386,0.162152407742
0.0102278297599,-0.169355828632,0.386303054889,0.17081422422
-0.0182167922609,-0.182584721584,0.364490843899,0.163511337467
-0.0169369940897,-0.181210799852,0.365209004708,0.164285307802
-0.0147548754625,-0.180049513563,0.366403147449,0.164770358602
-0.0263850956148,-0.186680200482,0.361105085586,0.162625337159
0.00520627640399,-0.169051473691,0.377501608263,0.166783195444
0.0217487257713,-0.14885931879,0.363139004647,0.155054737899
-0.0271430785802,-0.177547995421,0.339269033994,0.149529030245
0.0212773483623,-0.152406971206,0.371078080134,0.159276467865
-0.0373608641726,-0.185851721291,0.341740315853,0.151778114787
0.0133351256493,-0.162015815096,0.375979473708,0.163159336507
-0.008499879191,-0.174163650982,0.359581273003,0.157998892737
-0.0743151902917,-0.215142660892,0.331212191718,0.150238889477
0.0561161600973,-0.14463545776,0.412116677836,0.176855416634
-0.0125684410493,-0.17906700244,0.363748142714,0.160943145957
0.0104802789455,-0.165394602217,0.37478996937,0.164775301092
-0.0152472751333,-0.177563339939,0.357382863539,0.158755632391
-0.0079244131508,-0.174651871569,0.363402830866,0.160968039636
-0.0284396780855,-0.187260062551,0.352789576887,0.157957298114
0.0297952793104,-0.154299695563,0.385081137625,0.167366352274
-0.0407217152836,-0.193669359419,0.343993544338,0.15458426992
0.0324815388345,-0.154012111655,0.388420846663,0.168055134768
-0.0272016824787,-0.186066146438,0.350662081294,0.156680849868
0.0121279251676,-0.167249330904,0.374837633887,0.164128405083
0.0060595577059,-0.162972805037,0.358392737264,0.157571638073
0.00226302892354,-0.163895846489,0.354718386417,0.157558368713
-0.0187272498062,-0.178807088509,0.345073705182,0.155411039505
-0.0423058464267,-0.196107592254,0.348118749212,0.160165022532
-0.0362152078221,-0.194735053777,0.354983301511,0.16172158022
0.0271773130658,-0.159346792335,0.390960455563,0.172495683445
-0.0361234171524,-0.194625697821,0.35189960505,0.160487575567
0.0265675612744,-0.159518461465,0.38851223435,0.17117140731
-0.0284578286842,-0.189832971278,0.354793348563,0.1607758822
-0.00897981048236,-0.18077151557,0.369095286846,0.16437874029
-0.0225066003745,-0.187608734672,0.361176425261,0.161935618637
0.0116602679818,-0.16706146317,0.379584070677,0.167204830675
-0.0389022962688,-0.195115142503,0.350733576439,0.158199326518
0.0279296502029,-0.15743353104,0.389392069194,0.170663223936
-0.00258354685257,-0.170752551453,0.364513596506,0.161877732359
-0.0452756642711,-0.197150369655,0.345090101491,0.156573668062
0.0320883166672,-0.156658620024,0.391268746423,0.170608491002
-0.0378929787142,-0.192986663223,0.350210278994,0.158373833614
-0.00952147771821,-0.178916678047,0.370942837335,0.164857512791
-0.00126969586941,-0.173991877658,0.37205586022,0.163933281984
-0.0633894952946,-0.212076419916,0.342137836835,0.156107214691
0.0389218669971,-0.157725451714,0.403643622362,0.175605543784
-0.021611363317,-0.187320565214,0.362163819925,0.162127233422
0.0088289629507,-0.169627154079,0.37805069608,0.166828786558
-0.060797641909,-0.20849019814,0.342066506406,0.156879938767
0.0108100285214,-0.1707985912,0.387937128281,0.172619715938
-0.00243464713273,-0.174200564908,0.371521434007,0.166664400795
0.0195781856979,-0.157391658787,0.377768322602,0.168520831308
-0.0575110108036,-0.203744326656,0.337621229556,0.156383547679
0.0491436795918,-0.146861553675,0.403529852201,0.175692648159
-0.0270189296672,-0.1857531412,0.354384661415,0.15970186249
-0.0045089383679,-0.175575180707,0.369281568497,0.164538705244
-0.0195141200374,-0.184339413597,0.35980392072,0.16189297096
-0.0437258608455,-0.200519697908,0.349572728578,0.159521507718
0.0580470981605,-0.142283979392,0.407214286864,0.177232798677
-0.00747372741869,-0.174336326978,0.35954926645,0.160606892652
0.0236219985377,-0.155950294924,0.374454772321,0.164078891833
-0.0196397811793,-0.180220582093,0.349498137523,0.155898405032
-0.0142059266592,-0.183556759763,0.363671944601,0.161624813874
-0.0197579616658,-0.188222227532,0.362384562824,0.160926709166
-0.0345308023637,-0.199995254283,0.357728325546,0.159691850974
-0.0275095981465,-0.196500481261,0.363909775252,0.161979217001
0.0315348528975,-0.160682770435,0.392917607167,0.170851979367
-0.0234796144691,-0.18625172919,0.357002479327,0.160782539123
0.0114874290394,-0.167734834856,0.376382572957,0.167435106128
-0.0205599049533,-0.184640255339,0.356662035012,0.161496659605
-0.0608897456653,-0.209592757726,0.341005542664,0.158393842301
0.0683088309139,-0.14021184051,0.413952443696,0.180118222866
-0.0361531810235,-0.196182327031,0.348092349553,0.160067415717
-0.0249884526346,-0.190515428591,0.357592808994,0.16304284964
0.0149414095628,-0.166566117127,0.380612533924,0.170170405139
-0.0573795306551,-0.206653449966,0.34242679033,0.158448436062
0.0316570457668,-0.160799148984,0.397122167301,0.173867260821
-0.0546809259431,-0.207956779764,0.346850284027,0.158954440168
0.0291833327512,-0.161755667329,0.39582091673,0.173786155829
-0.0470092882321,-0.201989489866,0.350691310988,0.160222717686
0.0152578763386,-0.168320253337,0.389782989385,0.17239100175
-0.037900576507,-0.195797756863,0.357069795074,0.16215451476
0.0197239919542,-0.163271758286,0.38943967922,0.172443783541
-0.000981902715503,-0.169790999146,0.368878943547,0.165032331507
-0.0474345235373,-0.198386544603,0.34792898587,0.158093610663
0.0486147523052,-0.145463196231,0.403517362113,0.17496364661
-0.0728493679854,-0.215092814435,0.33836782205,0.155429005399
0.0378128465596,-0.15644589138,0.408251191202,0.177401911167
-0.0106062122696,-0.179753078489,0.369019103515,0.165185567173
-0.031940548015,-0.194091207547,0.357592833468,0.161740410245
-4.87999004097e-05,-0.177019057251,0.37644989824,0.166647149751
0.0130806176472,-0.164179124812,0.37801945522,0.166616853563
-0.0501402632689,-0.199242142697,0.344712560558,0.156804219295
0.0262867563748,-0.161230663073,0.39161597975,0.172003981552
-0.0328487221152,-0.192433004014,0.35489252236,0.160543571271
-0.0289835914692,-0.190950344211,0.359317595076,0.161901084343
0.00405037144633,-0.173048500947,0.377685104186,0.167339993969
-0.0604095417371,-0.209640715849,0.34448584024,0.157124061488
0.0226130887437,-0.165539179537,0.396323465514,0.172718819817
-0.0459661493143,-0.202475520428,0.352995128823,0.159866977569
-0.0282278282938,-0.194108126253,0.36429001608,0.163038912507
0.00708690591369,-0.172818521332,0.383134175771,0.168900057654
-0.0158172090671,-0.182368835791,0.366190058331,0.163652102959
-0.035039504741,-0.193531233278,0.357242339542,0.161303472928
0.0172802974629,-0.165171907976,0.386286132914,0.169620705372
-0.0292369069007,-0.188307507708,0.357782065129,0.160465825534
0.0307239235909,-0.155839795786,0.390204023757,0.169850813696
-0.0268370973889,-0.18456487225,0.35345098653,0.157648771035
-0.00876605538528,-0.177044185455,0.36763611789,0.161652655883
0.0071477052616,-0.167257434407,0.375229688966,0.164059245138
-0.044658908186,-0.197563875818,0.348940180792,0.156194388256
0.0307926945602,-0.157929630381,0.392970588717,0.16922968879
-0.0459497647204,-0.202190208956,0.347623291682,0.154683692662
0.000299432254447,-0.178314159578,0.377761895986,0.165547194496
-0.0632558191107,-0.215452582557,0.346339094952,0.156375763747
-0.0472948806387,-0.208073108124,0.358517492482,0.16108160764
-0.0365024550893,-0.20196413762,0.365684104051,0.163687422804
0.00957804036845,-0.176661393183,0.389772636169,0.170473800596
-0.0431620947694,-0.204973796518,0.356691249242,0.160535821655
0.0112628803365,-0.175272871384,0.389331163682,0.170563189154
-0.0552930696201,-0.211610691527,0.351303568819,0.1591142345
0.0400956550885,-0.157603527998,0.407521014614,0.178300875556
-0.0597160210622,-0.212289127604,0.348799915637,0.159862485482
-0.00186023545291,-0.181908787004,0.384647298077,0.171700078447
-0.0412664941579,-0.202560622369,0.36049465848,0.163924302777
0.0023357289203,-0.176945293695,0.385464994891,0.170976109848
-0.0261758228046,-0.192238067763,0.366360921213,0.164714184094
-0.0310409305479,-0.196876451012,0.365188216208,0.164273011139
-0.0217567441127,-0.192251296171,0.370279694331,0.165305311754
0.00304436494728,-0.176385416194,0.381466091979,0.167780671115
-0.019891681649,-0.186617646188,0.364756108972,0.162535580972
0.0227194037288,-0.16141136163,0.385275745756,0.168729206964
-0.0314162780256,-0.189966295592,0.351936206862,0.157940643941
0.000650761456899,-0.172284765124,0.374237980536,0.164963974985
-0.0135072952954,-0.179159986716,0.363291565846,0.160980668121
-0.021689663601,-0.183141497145,0.359921737577,0.161048851521
0.00944392051923,-0.166929362479,0.377926525633,0.16619786969
-0.0594698656719,-0.207697579683,0.342101151566,0.156024284086
0.0361993281625,-0.157486282062,0.401395484655,0.175377509382
-0.0121301813959,-0.179635057708,0.364664245367,0.162567658697
-0.0238635386088,-0.187452181946,0.360085495017,0.161157881821
0.00730344263008,-0.169116488339,0.376830979737,0.16650646191
-0.00782570175218,-0.174811704334,0.363851293255,0.162119803461
-0.02900923764,-0.18762439356,0.353944332864,0.159909637016
0.0110196778099,-0.166174086543,0.376374531798,0.168279714107
-0.013000961577,-0.178626310363,0.359703919741,0.162631191847
-0.0337541485995,-0.19195284859,0.352293105147,0.159958840163
-0.00510939362051,-0.175704523569,0.372467214496,0.166672996484
-0.0110495610903,-0.176707520228,0.367461199025,0.165500239913
-0.000687532061411,-0.169204842839,0.371460178351,0.166460742118
-0.0159900513415,-0.176835727956,0.361565922817,0.162809340553
-0.0268309586555,-0.185268261711,0.359420222299,0.163065984435
0.0259551637688,-0.156810118243,0.386806708974,0.170335510563
-0.0277902887359,-0.183618086942,0.354362994928,0.159830494494
0.00334500955398,-0.167254949967,0.373625192372,0.165774777497
-0.0206751315083,-0.181999431701,0.358052301014,0.160523650911
-0.0338040576737,-0.201558466691,0.375974685383,0.171070966178
-0.0252389348664,-0.196937778429,0.379120150169,0.171045229021
-0.0301732074751,-0.196273360782,0.370489992418,0.16812100191
-0.00764389030164,-0.183110398115,0.380299701564,0.169994447293
-0.0146198093015,-0.182270806753,0.367204851189,0.16400010535
-0.00408366906752,-0.17572922396,0.370655151815,0.165414424184
-0.018991074029,-0.183820582164,0.362529487605,0.162348881784
0.0314508468654,-0.155258979792,0.386089837125,0.167765062135
-0.0399258261868,-0.194105222563,0.345669556258,0.154899934217
0.00474409727973,-0.171862820124,0.37382337809,0.163686176908
-0.0265732892173,-0.188512518039,0.356057869883,0.158250749348
0.0355663949691,-0.151890034983,0.388717810771,0.168312427839
-0.0678066571431,-0.20962501048,0.333811937075,0.152556847454
0.0393104634544,-0.155826163248,0.400860333766,0.173330577311
-0.0231761726283,-0.187281958845,0.359154964206,0.160685133666
-0.0438096371033,-0.199836239175,0.353086236683,0.159268788663
0.0106286979716,-0.170917269698,0.385467188707,0.169625618343
-0.0200114337653,-0.18501841873,0.363697710924,0.162882928595
-0.0393226419301,-0.196629330754,0.357545192171,0.160667520159
0.0263101328279,-0.159097472265,0.394867932147,0.172458932921
-0.0393685603415,-0.190211542126,0.354454244327,0.161208805407
0.00222935866243,-0.168030045617,0.379941845623,0.168129322757
0.0150332157672,-0.157781144176,0.372625624105,0.163874790562
-0.0534007219521,-0.198361881289,0.339321784331,0.154202856955
0.0126413054806,-0.164559301263,0.384099527317,0.169431004808
-0.0133952154213,-0.176863096923,0.363994861186,0.16232961722
0.00120408500152,-0.170197398015,0.370559381036,0.162748234553
0.0160891426514,-0.162101582944,0.373144568226,0.163322182718
-0.0563052968837,-0.203964950202,0.336798593775,0.153852015399
0.0427058309274,-0.150634591836,0.397763061876,0.173552858737
-0.0656690789688,-0.215222767158,0.338586124549,0.1562733741
0.0720624864801,-0.13954424443,0.422278236623,0.183123268137
-0.0549087562899,-0.209672683947,0.347547293754,0.160364037707
-0.0330646719714,-0.197951267301,0.363083307789,0.165338750132
-0.00791928741875,-0.182734415963,0.376550075354,0.169510059822
0.0388379849508,-0.15292037004,0.392528395408,0.172681183977
-0.0684277471128,-0.213271973474,0.336039889132,0.155698306467
0.0261175220398,-0.163640376887,0.398355200157,0.174494365616
0.00759031019364,-0.168864846875,0.375633971892,0.166138634697
-0.0380047914469,-0.193351735742,0.350230545108,0.159269858239
0.0103118960301,-0.166824627637,0.381012399856,0.16875541495
-0.02559409328,-0.187078150456,0.358092120012,0.160983189483
-0.0175544276924,-0.183094760713,0.363805455445,0.162764236484
-0.0664036330498,-0.214159251382,0.341054517152,0.157170244531
-0.0324535212961,-0.196657093442,0.363051724725,0.164115246697
0.0335204066852,-0.158984400477,0.395959472789,0.173937175344
-0.065538285255,-0.215110917211,0.341142277838,0.157250573181
-0.0421329742729,-0.202792657774,0.357958574668,0.162974036087
0.00778006351764,-0.174254408823,0.388021675973,0.172622634589
-0.00624692142682,-0.179559957359,0.371388589489,0.166837117343
0.00249129154805,-0.171137526554,0.370253392175,0.162735347259
-0.0341480408694,-0.191445290039,0.350733706874,0.157062483574
0.0131246136914,-0.164653708781,0.380726806554,0.16704488739
-0.061340290296,-0.207338965505,0.342511337948,0.155954987758
0.0544588427637,-0.14514697916,0.413012421196,0.178423562634
-0.0649796370246,-0.209548013574,0.344508969851,0.157670377285
0.0201714307658,-0.164127422375,0.398241553003,0.174501762895
-0.0453625132909,-0.199595500081,0.357975117016,0.162010569026
-0.010492932531,-0.181448496273,0.379114964848,0.168537185477
-0.0171967000941,-0.181612630076,0.371801422695,0.166400506803
-0.0409894634052,-0.19602407992,0.359726588922,0.163492717045
-0.0301682819463,-0.191944981723,0.36616545219,0.165839818493
-0.0487905001204,-0.203751638586,0.358847304399,0.164431074282
-0.00970309664795,-0.184071166484,0.382505197853,0.1713483345
-0.0138586649699,-0.184425282609,0.369051220362,0.163617170357
0.00487714831532,-0.170940551424,0.376648844735,0.164801333575
-0.0236373063548,-0.186748053061,0.357317163944,0.159614776616
-0.00560039918781,-0.178907097248,0.369499609412,0.162458288664
-0.0249029226639,-0.188472693427,0.360552593703,0.159778397048
-0.0237729362064,-0.188804399239,0.363698212405,0.160768397911
-0.00207835614413,-0.176351598484,0.375148229278,0.164842668623
-0.0421380333993,-0.200135675097,0.353672779901,0.159669741441
0.000260521419524,-0.176888779311,0.380940929244,0.168416447984
-0.0478883968244,-0.202767350279,0.354190086449,0.160178496341
0.054079097116,-0.145460288103,0.411651515705,0.177932818758
-0.0312548952348,-0.190451074617,0.355518591054,0.160331731997
-0.0234542974579,-0.185645889691,0.36268349481,0.163231097657
0.0122541061655,-0.16498835492,0.381352015267,0.167440451274
-0.0525831184156,-0.200525728095,0.346615637419,0.156979871613
0.0332949186509,-0.155622241081,0.397153482879,0.171703216426
-0.0616041239816,-0.208341386544,0.343734761203,0.155859421787
0.0108488589382,-0.169724217587,0.390337575034,0.169350497594
-0.053122003413,-0.205748484818,0.35406415414,0.158589164966
0.0142955267954,-0.168288469668,0.394320042695,0.171578309515
-0.0333593254669,-0.195018271401,0.362355271235,0.161627928685
0.0383820044199,-0.153786850951,0.398804273955,0.172184157074
-0.0539260172513,-0.203048039154,0.34514128378,0.156336898476
-0.0347963411773,-0.193979506574,0.359682754332,0.161386085924
0.0271343053873,-0.157927711168,0.393361433641,0.171452673682
-0.0679871150369,-0.212760144023,0.340759486518,0.155895125468
-0.0307618590635,-0.193210962518,0.364799907729,0.163436687295
0.0267256491975,-0.162225270857,0.394213401561,0.17195475843
-0.00789417124415,-0.176751735076,0.367292210806,0.162299671887
-0.0187409539346,-0.183349935974,0.361575910216,0.160625198222
0.0321907280219,-0.153234620074,0.387773168614,0.168729505712
-0.0849583239591,-0.221177227783,0.329207540113,0.152524256088
0.0519318740428,-0.149538934892,0.416211057975,0.18086135913
-0.0360800343126,-0.193651561884,0.36003200751,0.161821469459
0.0254512087768,-0.159003150841,0.393120119122,0.171653464837
-0.0356590772671,-0.191689665666,0.354620760415,0.160141500284
0.00772031645591,-0.168165178629,0.380984393523,0.168913331678
-0.0680451054738,-0.210592177997,0.342981849827,0.157680642176
0.0327451689238,-0.157067492568,0.405889063001,0.177254161716
-0.0397031477796,-0.195264195046,0.357807050176,0.162224028885
-0.0308034391955,-0.191254491941,0.364596755562,0.164546153764
-0.0294972092174,-0.191778102268,0.368542968029,0.165536137581
0.00848670829656,-0.171958534647,0.386228801866,0.170108820943
-0.0495918355902,-0.20506407561,0.352519533617,0.159826252057
0.0546488749568,-0.146477888333,0.411222612547,0.177002161221
-0.0252944692705,-0.186210319156,0.356496017472,0.160656076767
0.00595736064333,-0.170496531809,0.375355225236,0.16706172671
-0.0103839346396,-0.177959352019,0.36291097956,0.161710152061
-0.0219719741736,-0.183882982576,0.357770533748,0.161011520079
-2.98039296852e-05,-0.172147025136,0.370561854956,0.165133898403
-0.0522047778485,-0.20186343965,0.345789666183,0.157928274957
0.0479787395798,-0.14793759973,0.404971971904,0.175337271189
-0.0752098701373,-0.217073931517,0.33862368979,0.155746378441
0.0808388075991,-0.134828647116,0.430610543064,0.182724255292
-0.025940811829,-0.188809880089,0.35987173625,0.160243362879
0.00939864951246,-0.170118885982,0.3789801052,0.164772001482
-0.0395754747734,-0.197161442704,0.351650448288,0.156447184771
-0.00592309731683,-0.181166174188,0.373827346589,0.164294492424
-0.0606206588461,-0.212931587273,0.346672237819,0.157157693253
0.0410653366413,-0.158085317357,0.406697621738,0.175046336613
0.0157022721667,-0.165024926154,0.377374199998,0.164337676478
-0.0415807795377,-0.19580925535,0.346545076378,0.155934013603
0.0427212968413,-0.150270589236,0.396767452401,0.171181178067
-0.0385785114406,-0.192944278206,0.349040832222,0.156755366586
0.0474515358079,-0.143783632213,0.398466326083,0.172311772379
-0.0764425736982,-0.213893406662,0.331164298164,0.152912612257
0.0521877894141,-0.145995814828,0.412590246148,0.179032109987
-0.0599642438068,-0.206123605291,0.347348843924,0.158761084631
0.0337383563029,-0.156337338574,0.403325399543,0.176441152685
-0.0460377848337,-0.197797204847,0.353876438043,0.161616907778
0.00467326557735,-0.173263965539,0.38255834446,0.169279129456
-0.0513242432358,-0.203938745423,0.352664766906,0.159602413721
0.0186059446931,-0.164301552848,0.393549477681,0.171691163902
0.0135491924623,-0.155340158469,0.365448252448,0.160199022202
0.00116845712749,-0.161160732945,0.356747096138,0.157889627389
-0.0382001040181,-0.185052788416,0.340710649157,0.15426283989
0.00119684959939,-0.166827171566,0.369447186664,0.163983555565
-0.013048712703,-0.175838475713,0.361271914857,0.160805395689
0.0236069784509,-0.153883498332,0.378831952986,0.166160995433
0.0277933326536,-0.135314244254,0.343836000932,0.153294710431
-0.0129503353105,-0.160675996473,0.328798489508,0.148833415835
0.030214781849,-0.139652720093,0.359464980906,0.158001610205
-0.0524951359619,-0.188348190388,0.320788325448,0.148059514533
0.0956533625947,-0.110013082644,0.412164163008,0.177022844152
-0.0442808653726,-0.189307252865,0.33352502852,0.152894343951
0.0147292888131,-0.160264643568,0.373514309626,0.166512729578
-0.0194437366066,-0.177745247307,0.352246801182,0.16019428652
-0.00650767419588,-0.170887345289,0.363497340298,0.164220331658
-0.0186021070784,-0.178344729737,0.356926757438,0.16198514141
-0.0484777273427,-0.198369796825,0.346213598326,0.158612463259
0.0376665593549,-0.150913693392,0.39628632862,0.174370271693
-0.0397406689319,-0.191419566148,0.350056666263,0.159490017606
-0.0238531805449,-0.183854937676,0.361264260107,0.163106976296
-0.0332688102833,-0.191680149476,0.360656980288,0.164301401986
-0.0239303875609,-0.187117388793,0.36626690541,0.166016609157
-0.00810111966234,-0.178792739874,0.373248720392,0.168000793605
-0.0424995194202,-0.199313886451,0.35543746686,0.162374843532
0.0542699356118,-0.144613968788,0.409606769173,0.178573169403
-0.0532244740317,-0.202906869025,0.347973994634,0.159933321908
0.0145194467794,-0.166803631783,0.389075280178,0.172909540956
-0.0437833624329,-0.200362486071,0.353917144837,0.162350572958
-0.037612185673,-0.198451882266,0.359391736635,0.163711697455
-0.012335436826,-0.183846214188,0.376890575701,0.170315362418
-0.0601384292868,-0.211728879485,0.352508041452,0.161970178032
0.0160151697927,-0.169037902476,0.398338031073,0.175575946129
-0.0691064617366,-0.217478091069,0.349926751509,0.160820870678
0.0329735818042,-0.161871087121,0.411441422872,0.179658709631
-0.0135406942332,-0.182412691862,0.372649681099,0.166780650225
0.0205669628715,-0.159739057715,0.386012244996,0.170226241347
-0.0503054509325,-0.199639361049,0.345868150244,0.158392458072
-0.00492942645097,-0.17726536954,0.377625022863,0.167834301016
0.0083641377676,-0.167143056774,0.379325786701,0.167415395242
-0.0620061402511,-0.206453658224,0.342104448062,0.156807138574
0.0428999987374,-0.152430305935,0.405500387908,0.176149979186
-0.0292513670787,-0.188954330596,0.35785279343,0.159772767582
0.00714652521856,-0.167726796918,0.380330798181,0.167082943245
-0.0111196983142,-0.176677528534,0.364704556074,0.161635069174
0.0048207877728,-0.166564671726,0.372533894134,0.163607171717
-0.0519324421056,-0.200076138187,0.344789671147,0.155117862121
0.0359297016572,-0.153440160873,0.397973654303,0.172318233296
-0.0243087596075,-0.184900902835,0.35723923503,0.1602046121
0.00867727874675,-0.166552001105,0.376390840563,0.165607509125
-0.0157442315529,-0.178649865837,0.359232934236,0.161116114865
-0.0438906802583,-0.19597936591,0.348642332244,0.15945240573
0.0600076874628,-0.140124725168,0.406361024221,0.176571006717
-0.0305712245976,-0.18863046555,0.349395095285,0.157721892236
0.0140382148006,-0.16339347455,0.377352606873,0.166732493482
-0.0177080021607,-0.180996084423,0.356860666093,0.159379287819
0.0376896718081,-0.148155291113,0.383164609718,0.167661546498
0.00906325437995,-0.162438998045,0.359485126759,0.158206041845
-0.0640779245199,-0.206395434873,0.327129141343,0.149341589638
0.0439131526379,-0.148074963405,0.397577342662,0.173455578297
-0.0680879946129,-0.213356927857,0.337148878808,0.155159888879
0.0809006742415,-0.13201429736,0.428538914741,0.182885551771
-0.0597234923421,-0.209240270397,0.347769832532,0.157865355295
0.0431483073232,-0.153477464923,0.4081546139,0.176891588601
-0.0435156427046,-0.199594901231,0.353855067693,0.159099272819
0.00283246846862,-0.174237835838,0.382739796799,0.168152904648
-0.0418535400489,-0.200069118954,0.356349071145,0.160983075047
0.0174846489909,-0.167688352153,0.389469763031,0.169683554286
-0.0591184678577,-0.209100636969,0.347166122284,0.156414367165
0.0239433248308,-0.16468506755,0.397812171456,0.172326656189
-0.110863273112,-0.246546314304,0.328898018547,0.152849958497
0.0664155921253,-0.152429180997,0.441782652739,0.190115019981
-0.0603250013992,-0.220094523822,0.362670266796,0.164434052995
-0.00284836282872,-0.188465875971,0.395461750329,0.174263062823
-0.0270340402638,-0.199710785346,0.374329419797,0.16677262542
-0.0401268270327,-0.205332160258,0.367487150916,0.165454426746
0.0217897582181,-0.168031333819,0.399778744506,0.174293319736
-0.033545220164,-0.196972801162,0.362785122331,0.162514920417
0.0156202267998,-0.168149761165,0.389685978613,0.170869377187
-0.0608343030224,-0.211391530096,0.347792977214,0.156964068026
0.03790200626,-0.159277990746,0.408369281827,0.176095821922
-0.0317325939945,-0.194768740788,0.362677618618,0.161508356708
0.00413011008547,-0.175023196817,0.381219192261,0.16714184121
-0.0419557981987,-0.200474213078,0.354631762956,0.16001761301
0.0175079463202,-0.167251767431,0.388337602687,0.170726952
-0.00105903599054,-0.172196780468,0.370138100937,0.164758544723
-0.0277324446198,-0.187377342873,0.354907531752,0.160156172314
-0.0103809709444,-0.178869643898,0.368533238619,0.164496640287
-0.0272538650154,-0.189331302996,0.359923072682,0.162407587184
-0.0245974001094,-0.190744193579,0.36367959904,0.163429164104
0.024234142783,-0.160918373834,0.388887282432,0.170613214344
-0.0194402076822,-0.183926362146,0.360244797719,0.160357048441
-0.00262244540419,-0.175301254022,0.371372047836,0.163723003851
0.00704107155582,-0.169428165541,0.349032530344,0.158278615823
-0.0175615231778,-0.184467492572,0.342270647022,0.157013769057
-0.0101664544825,-0.181285732628,0.352598532721,0.160406449429
0.00774219534171,-0.170835554218,0.364916009887,0.164330171473
-0.00448309436035,-0.176489377186,0.357355020255,0.161160656892
0.00832279772417,-0.167734560807,0.365222126622,0.163312906647
-0.0257005544133,-0.186233617219,0.34860813493,0.158778370744
0.00198556811959,-0.172577374558,0.367711559507,0.164827519692
-0.0508244652228,-0.204797019379,0.342541062082,0.157312941141
0.0224048019627,-0.16435301601,0.389954219259,0.172369460465
-0.0514445971987,-0.20543260901,0.349393839147,0.159366935184
0.0512706696843,-0.148426843017,0.409260022928,0.177403085717
-0.0752772219919,-0.220546843533,0.338158720789,0.155764449293
0.0303651069179,-0.162359667915,0.405884177726,0.177261773835
-0.029881771497,-0.19192147218,0.36488875897,0.16369199151
0.0303103062977,-0.157011119514,0.394607450706,0.172508120066
-0.0592261036122,-0.20832214234,0.344506808644,0.157035973293
0.0349272607729,-0.158253321038,0.401060440972,0.174694947669
-0.0177937866673,-0.183702047106,0.362908010203,0.161786323642
0.0124357373441,-0.166209418181,0.378175888412,0.166064236532
-0.0185865889217,-0.181340350871,0.358054163275,0.159601375946
-0.0312530433108,-0.188861162627,0.355568282603,0.160002015899
0.0183238004475,-0.160035485408,0.384768008174,0.168197184769
-0.0217038088255,-0.178959390269,0.358368667445,0.159559663433
0.00483029251371,-0.165040699518,0.373125555616,0.1637889882
-0.026654776157,-0.181479126627,0.35458741297,0.157909535566
0.00682976439561,-0.165390890466,0.374937379529,0.164683079249
-0.0443388688367,-0.194616470504,0.347471233803,0.1565626927
-0.00111034559283,-0.17437442676,0.37655919364,0.165541440874
-0.0182271490207,-0.183209341297,0.363355941313,0.161512554535
-0.0313954238454,-0.192362846333,0.358078740483,0.160202923139
-0.0226950575988,-0.187976332005,0.363978879424,0.161928257706
-0.0326499199787,-0.193781974312,0.364328444328,0.164786896904
0.00650816658507,-0.170872848374,0.384718081961,0.171341380899
0.0311171518212,-0.144632601283,0.362033356988,0.155796552128
-0.0192306909364,-0.172449957226,0.335822875695,0.149377347408
-0.0135946177094,-0.176455258464,0.360305754625,0.157632676274
-0.0254221101826,-0.184504273189,0.357317976587,0.15746215591
0.0291560131395,-0.15304264601,0.386989116197,0.166305685722
-0.0299253095229,-0.185239175712,0.351525695376,0.155855199553
0.00964354498973,-0.163704112108,0.376320377293,0.164383843995
-0.0504256313739,-0.198747956731,0.343217408994,0.156618622325
0.0276960953904,-0.157268145907,0.392020042429,0.171388821216
-0.0346674600254,-0.19031292743,0.353843890448,0.158774285235
-0.000720963744621,-0.172770901512,0.376554328562,0.166465946295
-0.0502616065193,-0.20342884706,0.349516144699,0.158447215006
0.0268344071793,-0.160538092133,0.397564839233,0.17348041542
-0.0400351506657,-0.196017503364,0.353947187204,0.160534086373
0.0331511206646,-0.156698114272,0.395007842939,0.172264707641
-0.0530930644855,-0.204565306565,0.345136592255,0.157674211759
0.0181896615578,-0.167878996164,0.390023121455,0.171904151079
-0.0363783859038,-0.194153833561,0.357137026593,0.160818259094
0.0511736001957,-0.144142168196,0.403132143487,0.174216740171
-0.0222297215702,-0.181429943321,0.354991248879,0.159145835445
-0.0184278014885,-0.180642032136,0.358773182527,0.160242026976
-0.037144630998,-0.193533279995,0.354107416532,0.159995897193
-0.0348727811939,-0.192761264994,0.357911284236,0.161231935077
0.00775489524154,-0.169201992235,0.381582830572,0.169709664566
-0.00597330469333,-0.174494880403,0.368400854017,0.165236767085
-0.0202164633645,-0.182315945033,0.360619193359,0.162495990584
-0.037887149265,-0.192670256236,0.354978772138,0.161905184691
0.0200852113742,-0.160673516246,0.38837738626,0.171585674994
-0.0272343150604,-0.185707608357,0.357132535055,0.161595645821
-0.0226702942703,-0.184379931969,0.36167836958,0.162894683172
-0.0395775444443,-0.196813842753,0.356795142655,0.160853252687
0.012814401636,-0.168017217252,0.386421060221,0.171037605375
-0.0132453481559,-0.180198446181,0.364566595579,0.164560337957
0.0672952654461,-0.130266568244,0.401315371436,0.174512859483
-0.0408806618235,-0.188883428506,0.338711361195,0.154541415096
0.03034432338,-0.15185970483,0.383895079786,0.168169318061
-0.0146699607229,-0.174671460082,0.353177517577,0.158454050088
0.00185301073429,-0.167276408207,0.364808790221,0.161817646306
-0.0651113622362,-0.207916474529,0.333181411416,0.153210312769
0.0650677453046,-0.137260151385,0.413029369888,0.17737791213
-0.0462764555326,-0.195544552277,0.345084532569,0.157237180002
0.0152232375691,-0.164091254177,0.383356762907,0.16795602456
-0.0692537122796,-0.211377532853,0.339628200006,0.155329393553
0.0237943151423,-0.162534260085,0.397413557664,0.173055866421
-0.0577619119714,-0.210442584174,0.349968560546,0.159450357998
-0.0350377828834,-0.199176786807,0.364757532507,0.164385925297
-0.0250112147566,-0.192994468276,0.370510499112,0.165981268548
0.00266268234625,-0.175205563,0.38390012553,0.169327850972
-0.0694627290508,-0.216561141264,0.346633286893,0.158670743972
0.0746050086929,-0.137555196359,0.43242541816,0.185028568521
-0.0190397826636,-0.182083043635,0.36523422495,0.163512296279
-0.0051007068672,-0.172654478015,0.372417252675,0.165694433725
0.00602161826406,-0.154224564381,0.347438041174,0.162745488815
-0.0366653045415,-0.180622777412,0.330621527215,0.158051836459
0.0242994438306,-0.149462202028,0.37324146096,0.169790870319
-0.0840363776771,-0.213561925444,0.320083238373,0.154908467441
0.0815885630438,-0.127658983262,0.4238172584,0.186925580224
-0.0484992955839,-0.198806164429,0.347498636236,0.162699560084
0.0344594857823,-0.15486372813,0.394575925938,0.177001351523
-0.0211922797469,-0.182608248903,0.357148061887,0.164069795771
-0.0176737328685,-0.18061085749,0.360233440542,0.164373220988
-0.036283688836,-0.19331531502,0.352960754495,0.160966725351
0.0285383491966,-0.15960002268,0.389108564573,0.171022042045
-0.00839304593365,-0.176671380756,0.360154223819,0.160698994554
-0.00215290161945,-0.173197044603,0.364598893278,0.161414279039
-0.0174785018478,-0.182796277887,0.356983410131,0.158604431411
0.00147753818952,-0.171942935592,0.370099011794,0.16276304098
-0.0400079282053,-0.19500800548,0.348104887678,0.156442260158
-0.00451335851022,-0.176404832533,0.372499426614,0.164887275791
-0.00657057570872,-0.178241508674,0.368130309259,0.162984041352
0.00690563074746,-0.169033391183,0.37421420566,0.164158725974
-0.00499096758783,-0.174913419075,0.363728232586,0.159714161609
-0.0264255696979,-0.188632427864,0.354171628396,0.157396703624
0.0340770782004,-0.154037670278,0.388417913463,0.167371718951
-0.0613025086342,-0.211294898835,0.338283145525,0.153161988121
0.0133758412486,-0.173929944183,0.387606037711,0.168639843839
-0.0122981783634,-0.184624914805,0.366968106068,0.162745170091
-0.0596001597351,-0.213478160372,0.345734268707,0.157384564055
0.0568770884208,-0.150575462277,0.415142899152,0.178333896167
-0.0280872589523,-0.191669378742,0.359673836785,0.160885049183
-0.0200031844721,-0.18777381672,0.364806763969,0.162534576409
0.0142640915539,-0.165562917645,0.382721199358,0.167550386344
-0.0430153012249,-0.196302177089,0.350682766769,0.159328918471
-0.0262303980703,-0.188240120619,0.362576155035,0.163384741344
0.0330871139011,-0.154500298638,0.392903715556,0.172003497055
-0.0608785351335,-0.204549774842,0.342300277851,0.156996281039
0.0363691321287,-0.153660810689,0.401084192059,0.174542043892
-0.0588458027649,-0.205721995026,0.34618832719,0.158126216408
0.037731930112,-0.153815932827,0.404144340089,0.17546734696
-0.0169385580858,-0.179970075514,0.363715105214,0.161893073399
0.00405268877775,-0.168365269671,0.373308382351,0.163622126141
-0.038137875131,-0.191720409833,0.349836958127,0.157234617827
0.0296064614149,-0.154715270231,0.38927308454,0.169656752313
-0.031100045997,-0.185960610196,0.352488941032,0.15872053422
-0.0225077680055,-0.18222560262,0.359136400961,0.161203313689
0.00452380392015,-0.16476804107,0.375266198483,0.166536259303
-0.0345966272995,-0.188497531329,0.352966285277,0.159550825161
-0.00117860511274,-0.170689482232,0.37441470544,0.166629099449
0.00671814670672,-0.165060017569,0.373732873691,0.165589694263
-0.00870066205038,-0.170867155854,0.362215447815,0.161313476008
-0.0370869172937,-0.189685245274,0.34999704921,0.158227590156
-0.00291007697459,-0.172875570873,0.371698905032,0.165415613122
-0.0112880418175,-0.175826100257,0.364219291644,0.162413891897
-0.00419743301863,-0.171792493011,0.367067813921,0.164059931556
-0.0378589359163,-0.194695228908,0.350132230977,0.158454655735
0.0223256857223,-0.161002614509,0.387020222746,0.170648901077
-0.0624023470335,-0.210577915628,0.341680383796,0.15669667564
0.0517729668841,-0.147634973947,0.412727035921,0.17803701902
-0.0205941488891,-0.183979469167,0.361788789007,0.162062035893
-0.00835617129278,-0.176378109584,0.369452553328,0.165938713385
-0.0259540292551,-0.186503443683,0.360076917346,0.163913418635
0.00737906432356,-0.168343610458,0.377923664321,0.168828744586
-0.0301298416417,-0.19092944342,0.355329786555,0.161179746578
-0.0104261969377,-0.183616310772,0.369551924141,0.16481714526
0.0143093273919,-0.167527728346,0.379257890799,0.166050044459
-0.037508075192,-0.194543799555,0.35027698136,0.157322922399
0.0540160167384,-0.142556301749,0.400862410593,0.173337410479
-0.0518342915267,-0.202124376799,0.340809765588,0.154566851144
0.0341337010677,-0.15715971191,0.393999659383,0.170558372936
-0.0787146304317,-0.222021594073,0.334867572597,0.153952254422
0.0597756068137,-0.147458686258,0.420225012881,0.182068667605
-0.0413355377178,-0.20105437895,0.357232854847,0.162100576442
-0.0388252481284,-0.198799953511,0.361127714571,0.163422478432
0.0104156606251,-0.17153279964,0.387039031013,0.170196784688
-0.0672635730159,-0.215811672235,0.345118797786,0.158330446742
0.0564838569396,-0.14856420204,0.417669461526,0.179612113378
-0.0110209801317,-0.18084877139,0.365779989277,0.162751388698
0.0197005974417,-0.163244063871,0.379000209449,0.165253373699
-0.0236151249518,-0.183958418893,0.354069699409,0.15774324366
-0.00688349050117,-0.17498804142,0.367420955611,0.161692872701
-0.0027769130341,-0.171908812145,0.368061251919,0.161270494554
-0.0352366429466,-0.192897254703,0.350669087256,0.15668085006
0.0121817381116,-0.166048552519,0.380821664025,0.166295049584
-0.0238229774719,-0.185572411235,0.356776488644,0.158725513515
-0.00363313987145,-0.175492903355,0.369581651275,0.162583350196
-0.00490287139134,-0.175728080803,0.367607646354,0.162290302685
-0.0372322882393,-0.19502525887,0.352675677451,0.157927499685
0.0287856227387,-0.158705642959,0.389457124954,0.168424422767
-0.0391386205994,-0.196151922997,0.3482925711,0.155320972718
0.00164670238944,-0.175904032032,0.375389923298,0.164163232285
-0.0409964486703,-0.199930857904,0.351805182334,0.156215592786
0.0343479749796,-0.158711093538,0.395064743829,0.170210613759
-0.0416219951376,-0.199655115555,0.349402340351,0.157056739076
0.0236944352404,-0.163411578288,0.386958041512,0.168219520299
-0.0411155336978,-0.199744116948,0.349707775561,0.157726658869
0.0288319449915,-0.159380276374,0.391212332395,0.171407340868
-0.0272182705328,-0.186713812598,0.356443223752,0.159093922973
0.0196679903744,-0.160493595271,0.383208395478,0.167772309966
-0.00741462112615,-0.173804108791,0.362538563475,0.160697542646
0.014361351632,-0.160832795953,0.372139303785,0.162923216428
0.0386912831005,-0.124688211906,0.331156233514,0.145312788748
-0.0463118114524,-0.180119877511,0.299350226952,0.13828284761
0.0398587253698,-0.140110864492,0.365099765093,0.161208124015
-0.0213251196626,-0.177002850899,0.332416259719,0.150998173342
0.0407422597094,-0.144912138489,0.372055762802,0.163212706281
-0.0270240391543,-0.182373857724,0.334509680385,0.152270223513
0.0131469118008,-0.162146774791,0.36535770524,0.162574583253
-0.0438080463528,-0.195021955872,0.339222606261,0.154488084987
0.00791811129284,-0.167793560598,0.376336070089,0.166443446688
-0.0112398212945,-0.17731959515,0.361853476115,0.161472161391
0.00051715488258,-0.169465046601,0.367447270773,0.163236087632
-0.0151274853234,-0.178657363296,0.358038289725,0.160537008785
0.0128715791505,-0.162341107947,0.372882195872,0.165147758834
-0.00774148786777,-0.172120386233,0.358740606673,0.160411758416
-0.0130582657766,-0.173910937543,0.358397087013,0.160849149894
0.00637009508043,-0.162776606922,0.370084534657,0.164688727817
-0.0015728283284,-0.165615763043,0.363618684307,0.161765667446
-0.00838043558066,-0.170306423358,0.358709903284,0.15989083487
-0.0251604329206,-0.181019325224,0.35288359065,0.15914600968
-0.0190547777642,-0.180152932032,0.361143234942,0.162292116887
-0.0266242088449,-0.187243657957,0.365170962646,0.162825675205
0.0120025071715,-0.164399512,0.384148730169,0.16891269346
-0.0582679360276,-0.204846308544,0.346094712092,0.157221081346
0.0260441451231,-0.15968016419,0.396829561671,0.174016824491
-0.0358639479058,-0.192951599669,0.356059953423,0.161489492476
0.0118869563741,-0.166322721951,0.382372421692,0.170328163848
-0.0497211540857,-0.202086191073,0.348018159409,0.159957897768
-0.0270158232283,-0.191069979988,0.362924396635,0.164360530236
-0.0341008961835,-0.196555430406,0.36140196755,0.163863439472
-0.027000826443,-0.193449618353,0.366670245504,0.165398291579
0.000115870193345,-0.177893332443,0.380038483349,0.168443155918
-0.00807909025143,-0.179873601302,0.3692193903,0.164574469255
-0.0463632532604,-0.201178327611,0.351458219757,0.160400288432
0.0151091181473,-0.167589324047,0.3895374114,0.171709704784
-0.0639557837376,-0.212237361827,0.346315655286,0.158961200136
0.00541131022735,-0.174812522932,0.390221060469,0.173299659326
-0.0706610354613,-0.216635582054,0.349065702076,0.16128852833
0.0269516820608,-0.165315074444,0.407785911614,0.177928375197
0.00737430027487,-0.168229727754,0.381961547552,0.168111690215
-0.0494927007397,-0.200358120397,0.350692596782,0.158069269488
0.00286670937478,-0.171956067607,0.384427119391,0.167983857738
-0.00396963919154,-0.173877682488,0.37396845376,0.165279046998
-0.0438646484167,-0.195013288297,0.353628346004,0.160173553365
0.0155280140361,-0.164741352398,0.389206993246,0.171153690532
-0.0595295498677,-0.206953390052,0.346652007354,0.158817338104
-0.0277456530805,-0.190982865509,0.367096316738,0.165090828193
0.0268898964558,-0.158202195602,0.393397155438,0.172989527027
-0.0434679745333,-0.198329480731,0.351193463133,0.159335311793
0.0479574507595,-0.146441693705,0.4030211768,0.174227889271
-0.0386610596371,-0.193256786366,0.351162626426,0.157776935545
0.0320821140654,-0.154919069414,0.39135019709,0.169831989584
-0.0312623435859,-0.189755061504,0.352950187906,0.158217965086
0.00865058865418,-0.167805309377,0.377130146615,0.165979112473
-0.0089632694864,-0.177413290789,0.362821540927,0.161434165163
-0.0350026700267,-0.194184675428,0.351003595352,0.157530528844
0.0150035320285,-0.166814604332,0.382014925378,0.167139740217
-0.0301294926454,-0.190077457411,0.354045507936,0.159111214975
0.0114931187421,-0.168112210667,0.379032080942,0.167710311903
-0.0656156283305,-0.212530146029,0.338929079633,0.156434533715
0.0319181274121,-0.16010173722,0.397273218408,0.175389229592
-0.00641706664023,-0.177815177856,0.36588867461,0.164329698391
-0.0323176593325,-0.192469197254,0.353906558748,0.16089244637
-0.0287874702598,-0.191031151538,0.358484026797,0.162549331977
0.0294546135396,-0.156452741589,0.389386666432,0.171564413109
-0.0150244089282,-0.17773680687,0.35995426287,0.161038637293
0.00339712759029,-0.16991950958,0.370276559684,0.16288281253
-0.0281208881765,-0.189250048434,0.353491718185,0.15783926946
0.0163588610382,-0.166352257087,0.379903773984,0.165639473876
-0.0309101226711,-0.190219042811,0.351382147408,0.157482298254
-0.0217623125947,-0.186797947608,0.358767051036,0.159511541272
-0.0381048888203,-0.198502262379,0.354380872679,0.1583135083
-0.0043167654652,-0.179647249683,0.376545716922,0.166249320868
-0.0272351744199,-0.189368211671,0.36304085121,0.161624964951
0.025364053749,-0.159305417002,0.390050464197,0.169768579392
-0.014465383181,-0.178073449696,0.363403359996,0.160757191387
-0.0388583280498,-0.193495415571,0.352389029351,0.159186575099
0.0215583071146,-0.161294066964,0.387424076507,0.169569162387
-0.0450150919519,-0.19709776033,0.349302936782,0.157972961821
0.00406986835706,-0.171967948602,0.380807606241,0.167572537404
-0.00585332736276,-0.174645019074,0.369570208782,0.163694036521
-0.00656927414801,-0.177833842364,0.368067986333,0.161526428666
-0.0081912530045,-0.178088067607,0.36674534341,0.160772640388
-0.00149899333059,-0.17267655268,0.368432860986,0.162069500993
-0.0691131490202,-0.213016519178,0.336999556494,0.15524530736
-0.0471351360466,-0.202808324115,0.352773664377,0.160755681236
-0.0357070449394,-0.198108228536,0.36167553691,0.163164102122
-0.0229661001956,-0.191647174535,0.368579515064,0.164534510989
0.0319123939641,-0.15901951702,0.393046200656,0.171656002753
-0.0343550631116,-0.193663733493,0.352109621756,0.159417470168
-0.00157461029964,-0.177892636948,0.373052174381,0.166412107447
0.0218658580136,-0.159724450504,0.380317997013,0.167809057041
-0.0389150073508,-0.193017450605,0.346610054341,0.157190889501
0.0137262648806,-0.164592716976,0.380772793484,0.168363577721
-0.0624356827058,-0.208416877284,0.341330317705,0.156507748824
0.0255179048916,-0.160305775211,0.39653448512,0.175409421327
-0.0431576792176,-0.196903070884,0.35515915675,0.161792527127
0.0116261801782,-0.168038699063,0.38734977864,0.169989270878
0.00111254764957,-0.169755870507,0.373817448119,0.16445778848
-0.0338023487001,-0.188440662582,0.355202883614,0.159161867287
0.0470744811766,-0.144519292008,0.397074026757,0.171401800653
-0.0959726212881,-0.229761209175,0.32453508438,0.151721416234
0.0868353401337,-0.132900815202,0.440767908886,0.188627999842
-0.0582391817363,-0.212636399488,0.356299467471,0.162743921184
0.0519931734246,-0.151460858314,0.417872985886,0.181488044384
-0.0658364343897,-0.214665763398,0.347835851874,0.159650196336
-0.0355666742237,-0.199389155588,0.366611391807,0.16543852572
0.000281029090343,-0.180294853425,0.385262292546,0.169893068584
-0.0191505149884,-0.189594987165,0.37017580342,0.165508301655
-0.00198970278087,-0.179539271022,0.377970920781,0.167378399716
0.01538425445,-0.164949268911,0.37567505021,0.164632931803
-0.0333595750903,-0.192237835076,0.348620713034,0.157293003964
0.045567688675,-0.14831982259,0.392099807773,0.17052109143
-0.0511228596866,-0.202191293546,0.339714308891,0.153893624662
0.0303218320171,-0.159013712184,0.390822984668,0.169547811689
-0.0336096958905,-0.194030034543,0.35176728985,0.157205802437
0.0414409347628,-0.151010238944,0.394186540533,0.169986640357
-0.0644811192757,-0.213065670756,0.337855258742,0.15348226132
-0.0301163009134,-0.194790496779,0.361784072519,0.161308346369
0.0533052532905,-0.145437597381,0.404555223098,0.173644356839
-0.0546803146549,-0.204432936688,0.342858085986,0.155407485329
0.0314260209659,-0.158761919097,0.396674574412,0.172493675859
-0.0424727166353,-0.198081821689,0.352507242557,0.158732015513
-0.0373618993568,-0.196258244874,0.358210829709,0.161217920451
-0.0311917372409,-0.193920431653,0.363342864691,0.162957985916
0.0168101953661,-0.16672087483,0.388410532281,0.170754070318
-0.0203585717876,-0.185670460216,0.361472539432,0.162276482971
-0.0208483278097,-0.183068466924,0.368358086923,0.167260607021
-0.017631178104,-0.181047991085,0.369284938437,0.167364236859
-0.0528361141053,-0.200642767857,0.352435255829,0.162934314536
0.033739614873,-0.15400563892,0.401907502459,0.176761608763
-0.0155396089323,-0.177982761876,0.363829804377,0.163571460317
-0.0255095493432,-0.185683358007,0.359826980163,0.162402072551
-0.0089794264015,-0.176869872498,0.370671753988,0.165707781148
0.0148842267726,-0.162431680139,0.379463141895,0.167262238586
0.0442752812271,-0.107645278796,0.330119556564,0.146135281408
-0.0287887575206,-0.156823226758,0.302907884475,0.138269147084
0.0128486821368,-0.140941669334,0.342392130977,0.152410283804
-0.0479493830654,-0.179263431607,0.318790580688,0.146878425557
0.0405493494549,-0.135285170947,0.380925199841,0.167120325412
-0.046619742228,-0.188251917147,0.333588955005,0.152568310913
0.00722438497073,-0.16337109781,0.371739530105,0.164764826215
-0.0284172648197,-0.184150514216,0.352001261656,0.159148548787
0.0117360217166,-0.164406987234,0.374919032192,0.167638524802
-0.00895311036037,-0.173798416619,0.360359616719,0.162012577801
-0.0387224160639,-0.191923759948,0.348352502695,0.158580230839
0.0137152361179,-0.164576894188,0.381174494877,0.169159325258
-0.0150084593876,-0.177951889468,0.360608556593,0.162556297174
-0.0112710259584,-0.174311938123,0.365205022528,0.164288307189
-0.0170148228016,-0.176929136476,0.361760875586,0.16255041403
0.0130307176696,-0.161266722453,0.376183161377,0.166567346803
-0.0288020416641,-0.186405064861,0.352580638147,0.159625594703
0.0234937434336,-0.156250738445,0.383321829255,0.169435218504
-0.043451157272,-0.193368838394,0.346214410388,0.157802232724
-0.0308239075456,-0.187987827651,0.356075291991,0.160946554747
0.00428353792445,-0.170382050489,0.376940966842,0.167071458376
-0.0521045124561,-0.202219064675,0.346991227046,0.158977213893
0.0621807591343,-0.138698167415,0.413533406722,0.180169725238
-0.053209176701,-0.201465481247,0.346252631747,0.159209662295
0.00293126140348,-0.17345175837,0.381622048475,0.17113259876
-0.0140092490777,-0.181744532362,0.367047899082,0.165056754984
0.0145653375263,-0.165198460476,0.380123288963,0.167826533669
-0.0373095017452,-0.195143494599,0.350815326406,0.1580489454
-0.0278969968159,-0.190212852459,0.358609553257,0.160700811534
0.00397999952408,-0.171673426599,0.377696195207,0.167226793558
0.030281588335,-0.148397737421,0.347283987099,0.147186864458
-0.0169726462237,-0.176644196423,0.326827417675,0.142487999716
0.0219044420871,-0.155416297064,0.358247967638,0.154360002909
-0.0423339017595,-0.192236705838,0.329242332302,0.147188143059
0.0694533084519,-0.130421291504,0.398272662515,0.169789722761
-0.0348339414365,-0.188761912988,0.337969304386,0.15175816641
0.0310841123828,-0.153915570768,0.379791453507,0.163984651288
-0.0237030449653,-0.181801884606,0.348111272646,0.154127657672
-0.0442623026356,-0.196538715755,0.345815477961,0.155762144837
0.0377828651115,-0.151557052321,0.394221145281,0.169756390229
-0.0561996101027,-0.205519712377,0.341640442685,0.154607027038
0.0238309286907,-0.162656566967,0.392870236299,0.171130531772
0.00902264584518,-0.165665719642,0.373685206381,0.163878081674
0.0201603631502,-0.155201938959,0.3700028563,0.160595867446
-0.0231844206688,-0.180534267513,0.34597313159,0.152664209156
-0.0342988582639,-0.228117708093,0.398837550985,0.17434947066
-0.00283354498124,-0.20273289887,0.407544000092,0.176194025852
-0.0320609161796,-0.21375468379,0.382657357508,0.167908220052
0.0081495309813,-0.186803933209,0.399631677442,0.172432264187
-0.00602387400747,-0.181362694754,0.368904588426,0.161756191396
-0.018364069668,-0.186780202285,0.361922433128,0.159333136023
0.016715450037,-0.165898057251,0.379922088424,0.164114081146
-0.0787884154924,-0.223245173818,0.33239057692,0.151265542655
0.0226681541005,-0.170414706166,0.398614952731,0.172293137371
0.000270452516616,-0.177363527661,0.375597783225,0.164087375556
-0.0380219342536,-0.19818204618,0.355228902175,0.158395170005
