0,300,200,50,6.14602365341,4.63947136582,0.023046970367
1,650,400,100,6.06401709516,7.2333307916,0.04386997222
2,1000,600,150,2.32048821298,2.76946290658,0.062298774719
3,1400,800,200,0.90130690664,2.22590490435,0.084944963455
4,1800,1000,250,0.57215888705,1.61020443597,0.10503482818
5,2200,1200,300,0.497981140327,0.861451060742,0.12736892700
6,2600,1400,350,0.476970901572,0.361622088913,0.14880585670
7,3000,1600,400,0.453557023264,0.682425098126,0.17083883285
8,3400,1800,450,0.505363600536,0.802017487858,0.19202399253
9,3800,2000,500,0.456133235805,0.948901542035,0.21328783035
10,4200,2200,550,0.481014412973,0.81193555515,0.23550891876
11,4600,2400,600,0.451761730437,0.454870209565,0.25578188896
12,5000,2600,650,0.462069788098,0.331927997954,0.27801680564
13,5400,2800,700,0.474226996938,0.0796222311142,0.29857683181
14,5800,3000,750,0.440876315221,0.765186125351,0.31881499290
15,6200,3200,800,0.462740531616,0.733908913856,0.34083700180
16,6600,3400,850,0.434107738351,0.473691296614,0.36191987991
17,7000,3600,900,0.421571291588,0.203867811933,0.38351988792
18,7400,3800,950,0.495302216474,0.523079925666,0.40594696998
19,7800,4000,1000,0.484132047,0.554848794108,0.42658591270
20,8200,4200,1050,0.471709142983,0.329446674168,0.44840288162
21,8600,4400,1100,0.440214330463,0.29294057201,0.46871685981
22,9000,4600,1150,0.412173977891,0.179729895324,0.49044680595
23,9400,4800,1200,0.569704954059,1.11238618167,0.51503181457
24,9850,5000,1250,0.547981288274,1.53294519754,0.53885197639
25,10200,5200,1300,0.469701889183,0.0139424184909,0.55743288993
26,10600,5400,1350,0.435278135903,0.240871138357,0.57815384864
27,11000,5600,1400,0.438462161763,0.121342402134,0.59927988052
28,11400,5800,1450,0.438701899518,0.0715533045582,0.62113595008
29,11800,6000,1500,0.414658683847,0.207343047345,0.64093184471
30,12200,6200,1550,0.429968344058,0.278348865916,0.66264581680
31,12600,6400,1600,0.479440969643,0.297725227333,0.68277478218
32,13000,6600,1650,0.470375423945,0.10687343579,0.70407700538
33,13400,6800,1700,0.439028973215,0.575814814144,0.72397089004
34,13800,7000,1750,0.477648728334,0.572784451556,0.74776387214
35,14200,7200,1800,0.460766127122,0.268357166656,0.76785588264
36,14600,7400,1850,0.416632748335,0.282655880455,0.78888082504
37,15000,7600,1900,0.443759180131,0.356222782283,0.80886197090
38,15400,7800,1950,0.442997763185,0.114140697798,0.82994484901
39,15750,8000,2000,0.440670112374,0.039099448548,0.84829878807
40,16150,8200,2050,0.381492723725,0.26484447828,0.86815285682
41,16550,8400,2100,0.38546332101,0.236404167179,0.88907098770
42,16950,8600,2150,0.390802472251,0.113146048531,0.90999889373
43,17350,8800,2200,0.490868837188,0.6492724106,0.93026185035
44,17750,9000,2250,0.469672808141,0.708906267514,0.9512188434
45,18150,9200,2300,0.486772202696,0.662971986901,0.97164297103
46,18550,9400,2350,0.468359370162,0.449886386097,0.9926288127
47,18950,9600,2400,0.403160911379,0.142522881679,1.0137248039
48,19350,9800,2450,0.452776774701,0.347204841072,1.034601926
49,19750,10000,2500,0.39924244833,0.522892408407,1.0547058582
50,20150,10200,2550,0.4687171688,0.729484576156,1.0755388736
51,20550,10400,2600,0.45326323119,0.613387224786,1.095914840
52,20950,10600,2650,0.473121861892,0.663313635305,1.1170179843
53,21350,10800,2700,0.46347268398,0.627843521847,1.1377508640
54,21750,11000,2750,0.512255880623,0.859656777668,1.159411907
55,22150,11200,2800,0.498510669434,0.602528143289,1.1798589229
56,22550,11400,2850,0.423599925381,0.113762344162,1.2010049819
57,22950,11600,2900,0.491992042683,0.606317764588,1.2215027809
58,23350,11800,2950,0.469517093329,0.759363257948,1.2418308258
59,23750,12000,3000,0.476771663611,0.581060167192,1.2633419036
60,24150,12200,3050,0.440543394024,0.566037217238,1.2835099697
61,24550,12400,3100,0.444872842867,0.454143975198,1.3049709796
62,24950,12600,3150,0.452004460802,0.201002035344,1.3259289264
63,25350,12800,3200,0.468606935054,0.265474739081,1.3470048904
64,25750,13000,3250,0.44500384244,0.48138582389,1.3710958957
65,26150,13200,3300,0.5151513292,0.759720503022,1.392114877
66,26550,13400,3350,0.487379971795,1.2566328147,1.413592815
67,26950,13600,3400,0.457764687367,0.791784167357,1.4356858730
68,27250,13800,3450,0.474305177261,0.020630031026,1.454333782
69,27650,14000,3500,0.446168055141,0.224891201891,1.4748618602
70,28050,14200,3550,0.442460087771,0.282628945424,1.4996438026
71,28450,14400,3600,0.496066097545,0.331827049267,1.5206339359
72,28850,14600,3650,0.491907702849,0.761309674822,1.5429408550
73,29250,14800,3700,0.455516336699,0.492874101275,1.5629689693
74,29650,15000,3750,0.45895781562,0.414083422188,1.5854418277
75,30050,15200,3800,0.428893986806,0.202993065603,1.6078569889
76,30450,15400,3850,0.45214180095,0.173016546066,1.6282579898
77,30850,15600,3900,0.444098153631,0.310588264684,1.6484749317
78,31250,15800,3950,0.455731604126,0.286722474894,1.6711418628
79,31650,16000,4000,0.466929382667,0.126643839715,1.6931638717
80,32050,16200,4050,0.452959315239,0.612969259796,1.7135598659
81,32450,16400,4100,0.452310139614,0.559670510516,1.7345190048
82,32850,16600,4150,0.444340101124,0.509468934331,1.7550349235
83,33250,16800,4200,0.461047938291,0.537095101628,1.7755899429
84,33650,17000,4250,0.465158337939,0.217115653225,1.7964498996
85,34050,17200,4300,0.439359773294,0.174868086356,1.8169138431
86,34450,17400,4350,0.444255414256,0.196492420826,1.837601900
87,34850,17600,4400,0.384150537364,0.662996482288,1.8578557968
88,35250,17800,4450,0.522023861646,0.927341318124,1.8788068294
89,35650,18000,4500,0.460137706047,0.604384332239,1.8983697891
90,36050,18200,4550,0.427812255402,0.339534395449,1.9201049804
91,36450,18400,4600,0.434333101741,0.228589832045,1.9422779083
92,36800,18600,4650,0.383518359374,0.125688712988,1.9620177745
93,37200,18800,4700,0.494868283273,0.846357929433,1.9844470024
94,37600,19000,4750,0.495241539729,0.197941099832,2.0064299106
95,38000,19200,4800,0.455538675827,0.694148246312,2.0286979675
96,38400,19400,4850,0.422181335513,0.407886461564,2.0499238967
97,38800,19600,4900,0.485758029691,0.366397956024,2.0719528198
98,39200,19800,4950,0.483021833294,0.187106122156,2.093753814
99,39600,20000,5000,0.435820831607,0.346194670239,2.1153528690
100,40000,20200,5050,0.531583106734,0.885220372751,2.1377139091
101,40400,20400,5100,0.522940264133,1.37599532302,2.1593909263
102,40800,20600,5150,0.622740482978,1.4832034567,2.1815648078
103,41250,20800,5200,0.53190711877,1.2582122921,2.2050249576
104,41650,21000,5250,0.457796144977,0.231581607387,2.2276248931
105,42050,21200,5300,0.429584038915,0.0997206500513,2.2499749660
106,42450,21400,5350,0.463623834001,0.237238506077,2.2724859714
107,42850,21600,5400,0.45230684336,0.180218258264,2.2944359779
108,43250,21800,5450,0.468256827148,0.173920074578,2.3168418407
109,43650,22000,5500,0.488849989693,0.364578887377,2.3392930030
110,44050,22200,5550,0.474378877511,0.942371685086,2.361331939
111,44450,22400,5600,0.421394138484,0.417178459719,2.383285999
112,44850,22600,5650,0.484139089396,0.489006133927,2.4065108299
113,45250,22800,5700,0.477861454001,0.797166645557,2.4287209510
114,45650,23000,5750,0.510363188456,0.711937525007,2.4509849548
115,46100,23200,5800,0.485244182933,0.358909535786,2.4755508899
116,46500,23400,5850,0.399195842527,0.866691365745,2.4972729682
117,46900,23600,5900,0.475406583536,0.782741852095,2.5196998119
118,47300,23800,5950,0.41723316269,0.458059783764,2.5412778854
119,47700,24000,6000,0.507916171347,0.894829579362,2.5638189315
120,48100,24200,6050,0.502415931856,0.683353331637,2.5859558582
121,48500,24400,6100,0.460589026677,0.381931366218,2.6080329418
122,48900,24600,6150,0.457173763877,0.603691420829,2.6303060054
123,49300,24800,6200,0.490552497508,0.831028248887,2.6520538330
124,49700,25000,6250,0.460969804322,0.696239162168,2.6738338470
125,50100,25200,6300,0.428679819594,0.148734349224,2.6950728893
126,50500,25400,6350,0.517696423622,0.710785002951,2.717272996
127,50950,25600,6400,0.496995356968,0.576917009018,2.7409858703
128,51350,25800,6450,0.478107329515,0.505133219172,2.7626907825
129,51750,26000,6500,0.526262323947,0.921045805671,2.7845559120
130,52150,26200,6550,0.498723100782,1.7976207246,2.8061079978
131,52550,26400,6600,0.600050565488,1.45105249568,2.8298928737
132,52950,26600,6650,0.46460845522,0.638410579799,2.853031873
133,53350,26800,6700,0.411230485213,0.288722850141,2.8755509853
134,53750,27000,6750,0.501747800796,0.666769209406,2.8996508121
135,54150,27200,6800,0.496511533934,1.45214568237,2.9219369888
136,54550,27400,6850,0.515643102815,1.07080394052,2.9449768066
137,54950,27600,6900,0.464945059403,0.480724033412,2.9684967994
138,55350,27800,6950,0.512815172167,0.738719002225,2.9916079044
139,55750,28000,7000,0.487889840314,1.18760890733,3.0136508941
140,56150,28200,7050,0.520692104117,1.05550097483,3.0366427898
141,56550,28400,7100,0.48247142674,0.671865667255,3.0591619014
142,56950,28600,7150,0.483608382528,0.582813007912,3.0810539722
143,57350,28800,7200,0.488092255356,0.0576094868254,3.1041619777
144,57750,29000,7250,0.46949031973,0.386844098654,3.1261928081
145,58150,29200,7300,0.43365227977,0.125700094525,3.1482617855
146,58550,29400,7350,0.466025029188,0.0941391354023,3.1706399917
147,58950,29600,7400,0.42842989529,0.45557755795,3.1924967765
148,59350,29800,7450,0.409667470548,0.185765930257,3.2139689922
149,59750,30000,7500,0.445421187312,0.471666515219,3.2365329265
150,60150,30200,7550,0.468318824322,0.305316901045,3.2585618495
151,60550,30400,7600,0.501660506984,0.505657782167,3.2808179855
152,60950,30600,7650,0.49423308219,0.831971505382,3.3040239810
153,61350,30800,7700,0.495982234676,0.665978040998,3.3260757923
154,61750,31000,7750,0.466554662074,0.382835806024,3.3486418724
155,62150,31200,7800,0.461517555676,0.208937808111,3.372684955
156,62550,31400,7850,0.46588807091,0.297102772277,3.3945138454
157,62950,31600,7900,0.420460130838,0.196800207867,3.4157238006
158,63350,31800,7950,0.433831628634,0.395699531363,3.4375138282
159,63750,32000,8000,0.449450727341,0.155120430913,3.4589719772
160,64150,32200,8050,0.478461621295,0.425727633464,3.4811038970
161,64550,32400,8100,0.438265950709,0.743743893522,3.502496004
162,64950,32600,8150,0.532987879677,0.964861651734,3.5247919559
163,65350,32800,8200,0.480952246794,1.07827701965,3.5463159084
164,65750,33000,8250,0.532401083534,1.11003514327,3.5688159465
165,66150,33200,8300,0.495361564734,1.51586126326,3.5902309417
166,66550,33400,8350,0.521651009009,1.1709022914,3.6146078109
167,66950,33600,8400,0.444266521046,0.363791830344,3.6366310119
168,67350,33800,8450,0.48644706377,0.440514046087,3.6613388061
169,67750,34000,8500,0.458117249736,0.768058143841,3.6831979751
170,68150,34200,8550,0.421727614996,0.497061113825,3.7079708576
171,68550,34400,8600,0.447251823265,0.0721313496207,3.7305538654
172,68950,34600,8650,0.466139786638,0.0310121508337,3.756356000
173,69350,34800,8700,0.428512682778,0.229551611739,3.7825889587
174,69750,35000,8750,0.454871705563,0.14839029279,3.8070509433
175,70150,35200,8800,0.480620962195,0.412453667179,3.8328258991
176,70550,35400,8850,0.45723335752,1.2090271262,3.8560459613
177,70950,35600,8900,0.665335736481,1.77210925202,3.8810408115
178,71350,35800,8950,0.5597604198,1.7354276956,3.9065628051
179,71750,36000,9000,0.487193588067,0.917310235478,3.929018974
180,72150,36200,9050,0.467496833793,0.202796347466,3.9548499584
181,72450,36400,9100,0.443488395458,0.0690867536911,3.9740328788
182,72850,36600,9150,0.445094718832,0.118857918251,3.9982879161
183,73250,36800,9200,0.417160050674,0.159904663062,4.0215268135
184,73500,37000,9250,0.431467862418,0.0564855996506,4.0410459041
185,73900,37200,9300,0.512358279482,0.789650379309,4.0640079975
186,74300,37400,9350,0.49154337567,1.08794378255,4.0883879661
187,74700,37600,9400,0.555114573275,1.046749095,4.1101949214
188,75150,37800,9450,0.502594843726,0.506706403448,4.1364588737
189,75550,38000,9500,0.434478527438,0.61405092386,4.1608698368
190,75950,38200,9550,0.493020917842,0.752441704291,4.1835958957
191,76350,38400,9600,0.46163600611,0.877880892247,4.2101848125
192,76750,38600,9650,0.477193324791,0.720811393162,4.2338898181
193,77200,38800,9700,0.461261516869,0.202107577967,4.2621989250
194,77600,39000,9750,0.461087238876,0.104131665323,4.2894527912
195,78000,39200,9800,0.444258818598,0.0212779685945,4.3131709098
196,78400,39400,9850,0.483908601438,0.342757491753,4.3521888256
197,78800,39600,9900,0.444858500427,0.891554478875,4.3786368370
198,79200,39800,9950,0.487583486506,0.801207051948,4.4037239551
199,79600,40000,10000,0.436553016761,0.716328408956,4.4290759563
200,80000,40200,10050,0.52105547986,0.942397410804,4.4539380073
201,80450,40400,10100,0.479057386199,0.406802097062,4.4782078266
202,80850,40600,10150,0.45811071291,0.689463953585,4.5024847984
203,81250,40800,10200,0.413203404964,0.29150837618,4.5245130062
204,81650,41000,10250,0.430085449262,0.144695676276,4.5488839149
205,82050,41200,10300,0.415034889343,0.0595540077811,4.5741248130
206,82450,41400,10350,0.464007994319,0.281101689599,4.5968108177
207,82850,41600,10400,0.438245511166,0.717991916035,4.6204998493
208,83250,41800,10450,0.550531234588,1.20472018358,4.6430969238
209,83650,42000,10500,0.518833940811,1.28865225324,4.6669738292
210,84050,42200,10550,0.497686668044,0.907465745939,4.6887578964
211,84450,42400,10600,0.460960903955,0.415268655799,4.7125189304
212,84850,42600,10650,0.450660505174,0.102784659958,4.7358849048
213,85250,42800,10700,0.4815516474,0.486910161473,4.7580897808
214,85650,43000,10750,0.467990271233,1.23207013869,4.7816488742
215,86050,43200,10800,0.567743572501,1.31498416622,4.8036978244
216,86450,43400,10850,0.501898911769,1.13592955864,4.8262338638
217,86850,43600,10900,0.522214007288,0.924302008064,4.8500659465
218,87300,43800,10950,0.492583629532,0.261795789123,4.876720905
219,87750,44000,11000,0.486024330506,0.107967320201,4.9011049270
220,88150,44200,11050,0.496693423085,0.194876605243,4.9255108833
221,88550,44400,11100,0.461460956821,0.966012580837,4.9491579532
222,88950,44600,11150,0.449930915308,0.688099554543,4.9719789028
223,89850,44800,11200,0.470426407577,0.0136216425429,5.0150358676
224,90250,45000,11250,0.494223169326,0.324225971622,5.039870977
225,90650,45200,11300,0.482440317945,0.697154044997,5.0622007846
226,91050,45400,11350,0.469504970054,0.522726758339,5.086772918
227,91450,45600,11400,0.441613689105,0.814507810047,5.108880996
228,91850,45800,11450,0.555152426115,1.22583953331,5.1337327957
229,92300,46000,11500,0.499969504549,0.930138241354,5.1603159904
230,92700,46200,11550,0.421588094461,0.57280923796,5.1822688579
231,93100,46400,11600,0.425123995852,0.290386535224,5.2065019607
232,93500,46600,11650,0.474968535662,0.364281133534,5.2287948131
233,93900,46800,11700,0.469284738414,0.261666935874,5.2538859844
234,94300,47000,11750,0.434783555245,0.0678124068857,5.2758967876
235,94700,47200,11800,0.490052508912,0.480399271081,5.3006539344
236,95100,47400,11850,0.473152015501,0.46839094636,5.3234479427
237,95500,47600,11900,0.427513099808,0.260421419419,5.3461999893
238,95900,47800,11950,0.503150607431,0.786912447814,5.3714118003
239,96300,48000,12000,0.495304161352,1.02969425168,5.3933498859
240,96700,48200,12050,0.638494905714,1.63971796972,5.4171369075
241,97100,48400,12100,0.617377447593,2.27556908169,5.4391398429
242,97500,48600,12150,0.550365863366,1.3015033288,5.4622058868
243,97900,48800,12200,0.441564073494,0.201791816543,5.4852337837
244,98250,49000,12250,0.44036473997,0.080401730983,5.5054678916
245,98650,49200,12300,0.43945441191,0.223028264598,5.5285048484
246,99000,49400,12350,0.420284784768,0.0606625349078,5.5486979484
247,99400,49600,12400,0.464246498934,0.289620822321,5.5721979141
248,99800,49800,12450,0.457381700012,0.124839099003,5.5944697856
249,100200,50000,12500,0.479435450752,0.279283406389,5.6180808544
250,100650,50200,12550,0.496344838431,0.111208382002,5.6424977779
251,101050,50400,12600,0.462904993288,0.612809972075,5.6655638217
252,101450,50600,12650,0.49285220116,0.694658988168,5.6877567768
253,101850,50800,12700,0.464999827853,0.676644333324,5.7109518051
254,102250,51000,12750,0.481020951095,0.70917910733,5.7333729267
255,102650,51200,12800,0.457341100672,1.19489915229,5.7545309066
256,103050,51400,12850,0.473891257919,0.895452020151,5.7769169807
257,103450,51600,12900,0.509146662183,0.571227681021,5.7988739013
258,103850,51800,12950,0.500496632519,1.60557830946,5.820177793
259,104250,52000,13000,0.538444119964,1.22969367084,5.8432188034
260,104650,52200,13050,0.450968353865,0.362482293643,5.86652278
261,104900,52400,13100,0.437658520242,0.054032967477,5.8825709819
262,105300,52600,13150,0.411084463078,0.253138656739,5.9038729667
263,105700,52800,13200,0.45986964586,0.384662083622,5.9265308380
264,106050,53000,13250,0.47561678392,0.0821744556307,5.9463148117
265,106450,53200,13300,0.416195033637,0.393682931099,5.9688239097
266,106850,53400,13350,0.472439651746,0.542766303903,5.9910278320
267,107250,53600,13400,0.486490297347,0.255042144358,6.0131039619
268,107650,53800,13450,0.486653368668,0.136240640388,6.03602886
269,108050,54000,13500,0.44485184208,0.819336319055,6.0586199760
270,108450,54200,13550,0.437391364456,0.596355163728,6.082486867
271,108850,54400,13600,0.457426372091,0.050272393705,6.1050379276
272,109250,54600,13650,0.395837044938,0.595020945641,6.1335678100
273,109650,54800,13700,0.453909094773,0.750843975883,6.1614129543
274,110050,55000,13750,0.472440103817,0.461938792896,6.1850969791
275,110450,55200,13800,0.481698812429,0.632422012848,6.2139549255
276,110850,55400,13850,0.471571879454,0.454653800071,6.2365248203
277,111250,55600,13900,0.464667501979,0.338779274748,6.2689290046
278,111650,55800,13950,0.449997108663,0.365828636414,6.2992289066
279,112050,56000,14000,0.536619521978,0.883825332456,6.3284709453
280,112500,56200,14050,0.512979908775,1.01785044762,6.3543469905
281,112900,56400,14100,0.419306518536,0.774117921481,6.3822448253
282,113300,56600,14150,0.442900335232,0.612529700262,6.4093508720
283,113700,56800,14200,0.414065643115,0.29174256563,6.4327418804
284,114100,57000,14250,0.455858850929,0.305690603447,6.4599628448
285,114450,57200,14300,0.467107077822,0.0437479326608,6.4822998046
286,114850,57400,14350,0.4446097495,0.166440562624,6.5113208293
287,115200,57600,14400,0.428033252378,0.0674591955356,6.5377128124
288,115600,57800,14450,0.520379651297,0.813568709351,6.5611329078
289,116000,58000,14500,0.484147077013,1.57398336696,6.5898478031
290,116400,58200,14550,0.450562663155,0.860515141357,6.617750883
291,116700,58400,14600,0.423789962437,0.0327016087464,6.6366798877
292,117100,58600,14650,0.4700773177,0.420227370092,6.6658639907
293,117500,58800,14700,0.442309816946,1.00395640117,6.6869299411
294,117900,59000,14750,0.533003918936,1.13630755755,6.7161498069
295,118300,59200,14800,0.48909207827,0.74378821983,6.7433319091
296,118700,59400,14850,0.503702495163,0.656896613976,6.7662968635
297,119100,59600,14900,0.487949125117,0.385301382422,6.7943608760
298,119500,59800,14950,0.48783702546,0.334532053438,6.8164749145
299,119900,60000,15000,0.451989275829,0.688997118634,6.8430550098
300,120300,60200,15050,0.484963662712,0.742760393463,6.8724508285
301,120700,60400,15100,0.456389893745,0.85374009757,6.8941879272
302,121100,60600,15150,0.535076081576,1.05321412945,6.9213538169
303,121500,60800,15200,0.480624703287,1.32996612323,6.9474239349
304,121900,61000,15250,0.508666265215,1.03104513535,6.9694869518
305,122350,61200,15300,0.468727859261,0.114315641656,6.9984629154
306,122750,61400,15350,0.44993902701,0.506388843262,7.0201878547
307,123150,61600,15400,0.459594505194,0.441640440964,7.0459718704
308,123550,61800,15450,0.44068664602,0.641277681122,7.0674908161
309,123950,62000,15500,0.473660967311,0.693547724502,7.0929968357
310,124350,62200,15550,0.453357650366,0.505483788628,7.1184248924
311,124750,62400,15600,0.451802218681,0.350694956572,7.1400508880
312,125150,62600,15650,0.415493482164,0.399601095695,7.1658918857
313,125550,62800,15700,0.42097831984,0.251499457164,7.1919288635
314,125950,63000,15750,0.412959372629,0.230748507933,7.2156238555
315,126350,63200,15800,0.465154707503,0.469590391744,7.2413749694
316,126700,63400,15850,0.468177068911,0.0758930605593,7.2638878822
317,127100,63600,15900,0.4327692214,0.189599173193,7.2897238731
318,127500,63800,15950,0.473167646166,0.458772923225,7.3220219612
319,127900,64000,16000,0.466583047748,0.699672175793,7.3659148216
320,128300,64200,16050,0.437175097868,0.330123691549,7.4044728279
321,128700,64400,16100,0.461447799223,0.0982597950854,7.4311828613
322,129100,64600,16150,0.423003489923,0.482884860696,7.4583139419
323,129500,64800,16200,0.408861111123,0.262093503917,7.4806199073
324,129900,65000,16250,0.466367787205,0.399329981934,7.5064527988
325,130300,65200,16300,0.476737275174,0.107212375591,7.531380891
326,130700,65400,16350,0.44702612567,0.301398657371,7.5542798042
327,131100,65600,16400,0.419627502746,0.103142183958,7.5789179801
328,131500,65800,16450,0.5333421431,1.00623252265,7.6015548706
329,131950,66000,16500,0.54831320746,1.54583835115,7.6300759315
330,132400,66200,16550,0.462864474639,0.15719411708,7.6579389572
331,132750,66400,16600,0.449796658991,0.0427643157939,7.679552793
332,133150,66600,16650,0.423604277714,0.485999355896,7.7050650119
333,133550,66800,16700,0.431894892984,0.331279468773,7.7268798351
334,133950,67000,16750,0.437219208779,0.265651506643,7.7529058456
335,134350,67200,16800,0.455066274144,0.40198605613,7.7748358249
336,134750,67400,16850,0.4191797522,0.763967144668,7.8006649017
337,135150,67600,16900,0.512858857578,1.0813915207,7.8271708488
338,135550,67800,16950,0.481718883651,0.956865957296,7.8494708538
339,135950,68000,17000,0.463285179332,0.62001407407,7.8760349750
340,136300,68200,17050,0.475966725905,0.0497955434519,7.8965249061
341,136650,68400,17100,0.478537276791,0.0251660005407,7.9192709922
342,137050,68600,17150,0.502367465508,0.379374228633,7.9475758075
343,137450,68800,17200,0.489042938563,1.35002098848,7.9694449901
344,137850,69000,17250,0.574823470988,1.31221280217,8.0017869472
345,138250,69200,17300,0.478272591,0.744244632564,8.0279560089
346,138650,69400,17350,0.416801311929,0.201941710741,8.0524158477
347,139000,69600,17400,0.444294621239,0.0694355561901,8.0735709667
348,139350,69800,17450,0.416365156616,0.0587131698539,8.0930619239
349,139750,70000,17500,0.489615875109,0.505445664257,8.1161079406
350,140150,70200,17550,0.465350393966,0.312487887506,8.1377229690
351,140550,70400,17600,0.489459975558,0.236435039871,8.1615109443
352,140950,70600,17650,0.471811248694,0.248826549325,8.1827619075
353,141350,70800,17700,0.482783057493,0.313193171242,8.2066519260
354,141750,71000,17750,0.466737197825,0.706047630216,8.2273218631
355,142150,71200,17800,0.471525527806,0.713254525597,8.254121780
356,142550,71400,17850,0.490984549131,0.0754373492065,8.2798418998
357,142950,71600,17900,0.436175289527,0.553174882864,8.3014528751
358,143350,71800,17950,0.421348818967,0.273244010906,8.325342893
359,143750,72000,18000,0.473965037415,0.307980664857,8.3475368022
360,144150,72200,18050,0.440482609488,0.635763521365,8.3730750083
361,144550,72400,18100,0.513570028174,0.89159133804,8.3944950103
362,144950,72600,18150,0.499100685862,0.827409537447,8.4203808307
363,145350,72800,18200,0.423586030202,0.242445667062,8.4477028846
364,145650,73000,18250,0.439412470118,0.0415320694233,8.4663918018
365,146050,73200,18300,0.546848790284,0.866182089118,8.4913368225
366,146450,73400,18350,0.503062324816,1.2353015245,8.5135929584
367,146850,73600,18400,0.520831046971,1.03110461946,8.5394937992
368,147250,73800,18450,0.460257744694,0.873145898071,8.560261964
369,147650,74000,18500,0.470066651482,0.684887286813,8.5855319
370,148050,74200,18550,0.473630860144,0.257706031664,8.6112849712
371,148450,74400,18600,0.481873325922,0.450323984351,8.6332299709
372,148850,74600,18650,0.478331956545,0.777111832407,8.6586029529
373,149250,74800,18700,0.468747627502,0.601820071284,8.6800689697
374,149650,75000,18750,0.491978882352,0.320433320008,8.70633578
375,150050,75200,18800,0.41171033252,0.147431451035,8.7277059555
376,150450,75400,18850,0.422726013223,0.0931320574964,8.754094839
377,150850,75600,18900,0.455251617369,0.256676697592,8.7797598838
378,151250,75800,18950,0.428811424291,0.57719801612,8.8012859821
379,151650,76000,19000,0.479631951796,0.705450430116,8.8274638652
380,152050,76200,19050,0.495355228434,0.121771996613,8.8492379188
381,152450,76400,19100,0.431479755597,0.877915524652,8.8742568492
382,152850,76600,19150,0.588545804083,1.38032187297,8.8994708061
383,153300,76800,19200,0.506334316262,1.22543158878,8.9243769645
384,153700,77000,19250,0.420584089944,0.286287666408,8.9486739635
385,154100,77200,19300,0.475791875242,0.325658204774,8.9710099697
386,154500,77400,19350,0.40214996011,0.7069606722,8.9945437908
387,154900,77600,19400,0.367759707924,0.209166861335,9.0156459808
388,155300,77800,19450,0.485079442026,0.734777986177,9.0404767990
389,155700,78000,19500,0.483172231412,0.35533265434,9.0618588924
390,156100,78200,19550,0.429189935815,0.276664420287,9.0860249996
391,156500,78400,19600,0.464087599041,0.588594416832,9.1071319580
392,156900,78600,19650,0.443244820543,0.825089682545,9.1316878795
393,157300,78800,19700,0.590006099913,1.28509514943,9.1563658714
394,157750,79000,19750,0.522107084797,1.23646752547,9.179811954
395,158150,79200,19800,0.446366109706,0.308683408301,9.2034459114
396,158550,79400,19850,0.432644971089,0.0978986402212,9.2249858379
397,158950,79600,19900,0.415009768942,0.25228275311,9.2498238086
398,159350,79800,19950,0.483619923917,0.72724404367,9.2709369659
399,159750,80000,20000,0.488515349876,0.587816541833,9.2957339286
400,160100,80200,20050,0.410928357238,0.104523055381,9.3147938251
401,160500,80400,20100,0.521764627256,0.870379938118,9.3406147956
402,160900,80600,20150,0.481046764145,1.13657187491,9.3727929592
403,161300,80800,20200,0.438220709168,0.628674126809,9.3954257965
404,161700,81000,20250,0.426241418083,0.242737958534,9.4246678352
405,162100,81200,20300,0.449315441489,0.245029509347,9.4561259746
406,162500,81400,20350,0.436534979176,0.145092067531,9.4782378673
407,162900,81600,20400,0.445955252912,0.311512674369,9.50329279
408,163300,81800,20450,0.458148962985,0.351248106364,9.5250289440
409,163700,82000,20500,0.441917251102,0.543385109218,9.5507469177
410,164100,82200,20550,0.516781500024,0.835551949444,9.5749108791
411,164550,82400,20600,0.488730005883,0.539905625949,9.5996007919
412,164950,82600,20650,0.450676570607,0.715092535499,9.6250238418
413,165350,82800,20700,0.537502933286,1.10205157304,9.6467349529
414,165750,83000,20750,0.492319252464,1.17560701415,9.6735827922
415,166150,83200,20800,0.560078783962,1.17065656596,9.6984288692
416,166550,83400,20850,0.509968003517,0.997880368392,9.7207348346
417,166950,83600,20900,0.523466526174,0.990012435605,9.7457888126
418,167350,83800,20950,0.505918508688,0.922811540317,9.7686479091
419,167750,84000,21000,0.430867395037,0.378545943531,9.7947587966
420,168100,84200,21050,0.441898383376,0.0245205325097,9.8141889572
421,168500,84400,21100,0.451778689184,0.290843776597,9.8405568599
422,168900,84600,21150,0.452490415826,0.374076916911,9.8652918338
423,169150,84800,21200,0.456191504626,0.0353753827943,9.88261485
424,169550,85000,21250,0.408812593724,0.519797011425,9.9085159301
425,169950,85200,21300,0.443588251478,0.29947920466,9.9295728206
426,170350,85400,21350,0.477658598865,0.461575479809,9.9573268890
427,170750,85600,21400,0.454148007089,0.838110420798,9.9827549457
428,171150,85800,21450,0.465017937921,0.752019141916,10.005930900
429,171550,86000,21500,0.446586179532,0.683853830957,10.030768871
430,171950,86200,21550,0.424367319068,0.438148458952,10.05510783
431,172350,86400,21600,0.47624736811,0.243161659331,10.083112955
432,172750,86600,21650,0.456925237575,0.586308267479,10.105871915
433,173150,86800,21700,0.444533776957,0.436204851352,10.134183883
434,173550,87000,21750,0.446935900478,0.288205897242,10.160712957
435,173950,87200,21800,0.4362343117,0.119727674336,10.183804988
436,174350,87400,21850,0.477977986724,0.374387469262,10.212582826
437,174750,87600,21900,0.44893235357,0.756075786061,10.238650798
438,175150,87800,21950,0.437720813095,0.540456668571,10.261891841
439,175500,88000,22000,0.456923274097,0.0645158007752,10.288290977
440,175900,88200,22050,0.448602530464,0.309407225759,10.309749841
441,176300,88400,22100,0.422693161722,0.0989815543202,10.349516868
442,176700,88600,22150,0.452680685669,0.062808073059,10.38641285
443,177100,88800,22200,0.444856904244,0.0455342461597,10.419047832
444,177500,89000,22250,0.507080615588,0.644924259876,10.443906784
445,177900,89200,22300,0.513800012364,1.27075384722,10.470100879
446,178300,89400,22350,0.529491133799,1.18342469305,10.495930910
447,178700,89600,22400,0.491786718653,1.25293147658,10.518448829
448,179100,89800,22450,0.592112564876,1.3458482786,10.545087814
449,179550,90000,22500,0.503814174262,1.09072206104,10.572671890
450,179950,90200,22550,0.486115846858,0.0506714758749,10.594603776
451,180350,90400,22600,0.47808374002,0.122852385424,10.620739936
452,180800,90600,22650,0.482445414239,0.330391956887,10.645847797
453,181200,90800,22700,0.440197724251,0.433502166459,10.671607971
454,181600,91000,22750,0.525356033692,0.882893170308,10.697215795
455,182050,91200,22800,0.51127962541,0.629209692263,10.721454858
456,182450,91400,22850,0.509181198168,0.114567329055,10.747818946
457,182900,91600,22900,0.485333392685,0.351105774447,10.773037910
458,183350,91800,22950,0.468696894658,0.100090465896,10.801477909
459,183750,92000,23000,0.416302094671,0.578024492582,10.827186822
460,184150,92200,23050,0.523195454193,0.950371546221,10.84932398
461,184550,92400,23100,0.482792077775,1.45754835661,10.875108003
462,184950,92600,23150,0.573295854123,1.3602433648,10.897881984
463,185350,92800,23200,0.468294014295,0.915246580725,10.924233913
464,185750,93000,23250,0.428470626145,0.501683671753,10.951980829
465,186150,93200,23300,0.462130388541,0.104750311604,10.973835945
466,186550,93400,23350,0.465901506152,0.281197246886,11.000631809
467,186950,93600,23400,0.438011493692,0.931617827609,11.022060871
468,187350,93800,23450,0.578968620252,1.31192789405,11.04938292
469,187750,94000,23500,0.487275373638,1.07558750801,11.072371959
470,188150,94200,23550,0.486190018516,0.785228666574,11.092722892
471,188550,94400,23600,0.482308092894,0.446944092393,11.115842819
472,188950,94600,23650,0.460313981935,0.266234406193,11.138677835
473,189400,94800,23700,0.468617289641,0.089306281877,11.167288780
474,189800,95000,23750,0.41110421211,0.442095935601,11.18900084
475,190200,95200,23800,0.416924177504,0.293625203998,11.216614007
476,190600,95400,23850,0.395629434222,0.342847699461,11.242486000
477,191000,95600,23900,0.543391411792,1.00326977522,11.265486955
478,191400,95800,23950,0.507585857947,1.29453307847,11.292275905
479,191800,96000,24000,0.495362864809,1.00086610629,11.314338922
480,192200,96200,24050,0.46139378449,0.475338641468,11.341232776
481,192450,96400,24100,0.438797922971,0.0568603264962,11.365592002
482,192850,96600,24150,0.511599441859,0.67255909591,11.392324924
483,193250,96800,24200,0.48986469427,0.850074386514,11.424804925
484,193650,97000,24250,0.448181842947,0.537704449465,11.453073978
485,193900,97200,24300,0.474833039429,0.0778891969924,11.470052003
486,194300,97400,24350,0.452743534484,0.596160920303,11.4965038
487,194700,97600,24400,0.531602554353,0.962864853879,11.520458936
488,195100,97800,24450,0.488606746807,0.915400162598,11.548108816
489,195500,98000,24500,0.478251582222,0.553085563007,11.570405006
490,195850,98200,24550,0.482130777715,0.0303588966936,11.591201782
491,196250,98400,24600,0.443569466566,0.560026405423,11.616970777
492,196650,98600,24650,0.470010011603,0.429580562323,11.639134883
493,197050,98800,24700,0.450530737464,0.429750976854,11.665827989
494,197450,99000,24750,0.456559574749,0.337295383109,11.686277866
495,197850,99200,24800,0.468548957231,0.370540513315,11.71269297
496,198250,99400,24850,0.474485047177,0.562230729549,11.738428831
497,198650,99600,24900,0.463720175012,0.346697525736,11.760322809
498,199050,99800,24950,0.470806970662,0.159606869365,11.786111831
499,199450,100000,25000,0.476223572664,0.191197263579,11.807769775
500,199850,100200,25050,0.485843665061,0.111303829615,11.83342790
501,200150,100400,25100,0.506886823995,0.0411189196571,11.852494001
502,200550,100600,25150,0.46233084186,1.25064869523,11.877566814
503,200950,100800,25200,0.500884041329,0.983673714268,11.903484821
504,201350,101000,25250,0.501639028041,0.209414885228,11.925231933
505,201750,101200,25300,0.454645708622,0.947906039471,11.952047824
506,202150,101400,25350,0.535206670592,1.06991904446,11.973560810
507,202600,101600,25400,0.488751716769,0.724696266137,12.001387834
508,203000,101800,25450,0.450407955872,0.293603471986,12.02311682
509,203300,102000,25500,0.408046372472,0.102017043677,12.044794797
510,203700,102200,25550,0.45629877612,0.559976318472,12.066163778
511,204100,102400,25600,0.461952935814,0.182241893643,12.091668844
512,204500,102600,25650,0.470988919092,0.255928318397,12.118272781
513,204900,102800,25700,0.511289326727,0.402392959052,12.140268802
514,205300,103000,25750,0.502524463471,1.28538024288,12.16576099
515,205700,103200,25800,0.418843485198,0.513473204676,12.186781883
516,206100,103400,25850,0.479046250218,0.465279935023,12.211278915
517,206500,103600,25900,0.469514880407,0.464941485413,12.232666969
518,206900,103800,25950,0.458452259486,0.28362642865,12.25726795
519,207300,104000,26000,0.462154592684,0.239619885099,12.281759977
520,207700,104200,26050,0.475930879689,0.277855328957,12.303158998
521,208100,104400,26100,0.432337312649,0.717468833809,12.328451871
522,208500,104600,26150,0.478814872772,0.933964797621,12.349805831
523,208900,104800,26200,0.476176827267,0.880955781687,12.374669790
524,209300,105000,26250,0.570167943241,1.32808116262,12.395918846
525,209700,105200,26300,0.548055709467,1.27651614943,12.421617984
526,210100,105400,26350,0.469158199884,0.612522345874,12.446234941
527,210500,105600,26400,0.493275295703,0.238477271709,12.468636989
528,210900,105800,26450,0.469300345228,0.710841133594,12.49540281
529,211300,106000,26500,0.461034719272,0.500141402916,12.517265796
530,211700,106200,26550,0.467952885306,0.357884270516,12.546922922
531,212100,106400,26600,0.464218370613,0.421764931265,12.568533897
532,212500,106600,26650,0.449007813775,0.519250663029,12.594396829
533,212900,106800,26700,0.492585009291,0.635555991554,12.620572805
534,213300,107000,26750,0.477981839719,1.19939884764,12.64185190
535,213700,107200,26800,0.579926254094,1.33924745547,12.668660879
536,214150,107400,26850,0.488850264576,0.664631466807,12.696417808
537,214550,107600,26900,0.428864380294,0.615065460902,12.717886924
538,214950,107800,26950,0.518837280086,0.955996167258,12.74342179
539,215350,108000,27000,0.507185133375,0.840429681171,12.764838933
540,215750,108200,27050,0.476965418966,0.469772258658,12.791553974
541,216200,108400,27100,0.466194361707,0.123429868549,12.815330982
542,216600,108600,27150,0.44989492052,0.201824962245,12.841564893
543,217000,108800,27200,0.512084066896,0.811871166363,12.868302822
544,217400,109000,27250,0.5130012166,1.65870036352,12.890897989
545,217800,109200,27300,0.54892795734,1.22522161653,12.918199777
546,218200,109400,27350,0.462193776901,0.763605591378,12.941035985
547,218600,109600,27400,0.524090040338,0.927658084978,12.968410968
548,219000,109800,27450,0.481835805795,1.10637787674,12.995518922
549,219400,110000,27500,0.455780281244,0.68275994453,13.017352819
550,219800,110200,27550,0.427033408358,0.38645947188,13.048547983
551,220200,110400,27600,0.450323311709,0.441297749532,13.070999860
552,220600,110600,27650,0.434583326507,0.306201756719,13.097924947
553,221000,110800,27700,0.429209063614,0.15495557252,13.124839782
554,221400,111000,27750,0.425312847225,0.0600711548695,13.147011995
555,221800,111200,27800,0.46936339107,0.381294115614,13.175334930
556,222050,111400,27850,0.481514027395,0.0776847330973,13.192741870
557,222450,111600,27900,0.445998651265,1.00804060999,13.220036983
558,222850,111800,27950,0.596574494586,1.48680781179,13.24763679
559,223250,112000,28000,0.5286914605,1.14201200171,13.270167827
560,223650,112200,28050,0.482938847981,0.632127364326,13.297395944
561,224050,112400,28100,0.455968543993,0.633959351525,13.326851844
562,224450,112600,28150,0.521578949177,0.902354172149,13.356256961
563,224900,112800,28200,0.509251263344,0.394023250822,13.384938955
564,225300,113000,28250,0.46458434259,0.633404047647,13.410549879
565,225700,113200,28300,0.464439328777,0.505430261868,13.432649850
566,226100,113400,28350,0.443293782887,0.638476252423,13.458155870
567,226450,113600,28400,0.376864841375,0.16390838859,13.477680921
568,226850,113800,28450,0.523904059187,0.866977931725,13.504086971
569,227250,114000,28500,0.521630876887,1.50412247577,13.529944896
570,227650,114200,28550,0.679523374325,1.82779551322,13.55236697
571,228100,114400,28600,0.559565104096,1.6230629816,13.580946922
572,228500,114600,28650,0.413214798266,1.08042589686,13.601894855
573,228900,114800,28700,0.587218941555,1.41174317318,13.627971887
574,229300,115000,28750,0.496031802013,0.80142715959,13.649858951
575,229700,115200,28800,0.516561744114,0.709066423743,13.676487922
576,230100,115400,28850,0.456490744205,0.777290212694,13.697844982
577,230500,115600,28900,0.448195973385,0.39027823376,13.720870971
578,230800,115800,28950,0.468634896088,0.0271675605731,13.742403984
579,231200,116000,29000,0.401347660905,0.445591041483,13.765329837
580,231600,116200,29050,0.464156329209,0.526972778367,13.79205799
581,232000,116400,29100,0.429350523302,0.630979144906,13.813582897
582,232400,116600,29150,0.49375302268,0.84177383994,13.839621782
583,232800,116800,29200,0.460642106511,0.753673185807,13.86596798
584,233200,117000,29250,0.421274929257,0.277643734407,13.888265848
585,233600,117200,29300,0.449723818782,0.216603163788,13.915807962
586,234000,117400,29350,0.422568787637,0.626140413986,13.939226865
587,234400,117600,29400,0.524733434146,1.05191834421,13.965726852
588,234800,117800,29450,0.489642965963,1.20189796393,13.991806983
589,235200,118000,29500,0.623614219153,1.59727688037,14.016345977
590,235600,118200,29550,0.570731138529,1.97572939086,14.043367862
591,236000,118400,29600,0.610671930497,1.47580497734,14.071610927
592,236400,118600,29650,0.469729975427,0.649051259628,14.09438681
593,236650,118800,29700,0.434746258018,0.12571774566,14.116663932
594,237050,119000,29750,0.452423424156,0.339139703221,14.138536930
595,237400,119200,29800,0.469749988225,0.207309258602,14.163939952
596,237800,119400,29850,0.44595465546,0.58158246786,14.185971975
597,238200,119600,29900,0.477789304444,0.619791176912,14.212502956
598,238600,119800,29950,0.452403903871,0.915933860034,14.237936973
599,239000,120000,30000,0.430078130413,0.570595158914,14.260770797
600,239400,120200,30050,0.423446220924,0.270766062382,14.28735089
601,239800,120400,30100,0.402172428414,0.0981336763359,14.308926820
602,240200,120600,30150,0.376089527305,0.199304568914,14.33443379
603,240600,120800,30200,0.44683438416,0.550673745518,14.35619783
604,241000,121000,30250,0.490678018759,0.0928860251545,14.382216930
605,241400,121200,30300,0.485440547395,0.211508384983,14.408550977
606,241800,121400,30350,0.439721934632,0.439080373055,14.428991794
607,242200,121600,30400,0.48361050665,0.523408091904,14.449653863
608,242600,121800,30450,0.478617660502,0.406191698242,14.472476959
609,243000,122000,30500,0.456042997587,0.0533946629224,14.49863982
610,243250,122200,30550,0.451825903151,0.0166329289067,14.514783859
611,243600,122400,30600,0.451865289248,0.0376656396124,14.540529966
612,244000,122600,30650,0.499867889099,0.396771466713,14.564497947
613,244400,122800,30700,0.501368988605,0.62048172912,14.593796968
614,244800,123000,30750,0.450763892164,0.313008045519,14.621940851
615,245200,123200,30800,0.418283688771,0.333464521439,14.64379191
616,245600,123400,30850,0.463641807169,0.567935628064,14.672791004
617,246000,123600,30900,0.415515081488,0.905610934915,14.700543880
618,246400,123800,30950,0.447944854936,0.782953857411,14.723665952
619,246800,124000,31000,0.406869393217,0.612494706694,14.752389907
620,247200,124200,31050,0.441373622218,0.515586291019,14.774503946
621,247600,124400,31100,0.448211658795,0.120457795649,14.80391287
622,248000,124600,31150,0.475317141909,0.312331267066,14.832606792
623,248400,124800,31200,0.472890986232,0.104425215851,14.855141878
624,248800,125000,31250,0.426559435292,0.665980656741,14.883196830
625,249200,125200,31300,0.552855394906,1.20382437947,14.912692785
626,249650,125400,31350,0.505824359574,0.762961302052,14.942919969
627,250100,125600,31400,0.464661956824,0.337913366302,14.967343807
628,250500,125800,31450,0.439954612322,0.219221402879,14.99388885
629,250900,126000,31500,0.469860958337,0.286819286035,15.016134977
630,251300,126200,31550,0.465362891154,0.472092028738,15.042466878
631,251700,126400,31600,0.498004988352,0.697269700951,15.064300775
632,252100,126600,31650,0.483285975827,0.820478153481,15.092538833
633,252400,126800,31700,0.38897101739,0.129702186863,15.116242885
634,252800,127000,31750,0.452349895098,0.311166357506,15.139143943
635,253200,127200,31800,0.478513717202,0.430167880134,15.165838003
636,253600,127400,31850,0.497222662359,0.29163616889,15.187688827
637,254000,127600,31900,0.452965561735,0.536507284742,15.215261936
638,254400,127800,31950,0.493027621397,0.770016633783,15.241590976
639,254800,128000,32000,0.473714941969,0.629257593497,15.263554811
640,255200,128200,32050,0.478490074813,0.57978843281,15.290196895
641,255600,128400,32100,0.442217826464,0.975200826093,15.3115909
642,256000,128600,32150,0.452878000195,0.775311712259,15.337929964
643,256400,128800,32200,0.49699288892,0.284340483829,15.365821838
644,256850,129000,32250,0.490091842788,0.379354161793,15.39026784
645,257250,129200,32300,0.428240944351,0.529886384398,15.413681983
646,257650,129400,32350,0.504319100121,0.827612600762,15.435381889
647,258050,129600,32400,0.46360642605,1.75197060858,15.460598945
648,258450,129800,32450,0.410748621017,0.741452270111,15.481616973
649,258850,130000,32500,0.510615330873,0.978401073958,15.509112834
650,259300,130200,32550,0.496593236443,0.533448542897,15.537961959
651,259700,130400,32600,0.443889742723,0.543233264278,15.559635877
652,260100,130600,32650,0.560405952419,1.11938998996,15.589437961
653,260550,130800,32700,0.508344894672,1.24358766572,15.61846280
654,260950,131000,32750,0.39635409864,0.855696737937,15.639609813
655,261350,131200,32800,0.498230746093,0.970205967213,15.666960954
656,261750,131400,32850,0.482185819411,0.447861399986,15.688389778
657,262150,131600,32900,0.433376707541,0.271170976854,15.715524911
658,262550,131800,32950,0.429329396804,0.211813700474,15.736925840
659,262950,132000,33000,0.3542869995,0.769203241015,15.76415491
660,263350,132200,33050,0.546451029332,1.29943984296,15.791766881
661,263750,132400,33100,0.474248886679,0.886040700553,15.811982870
662,264150,132600,33150,0.545261467478,1.23199132561,15.840278863
663,264600,132800,33200,0.519058929805,1.16803795309,15.869635820
664,265000,133000,33250,0.430580195374,0.506639875678,15.89109778
665,265400,133200,33300,0.474010174112,0.686921672176,15.918423891
666,265800,133400,33350,0.471888508761,0.531860494728,15.947283983
667,266050,133600,33400,0.398335940717,0.0719648162029,15.963214874
668,266450,133800,33450,0.462586109135,0.292744006681,15.984865903
669,266850,134000,33500,0.500760225144,0.428533378487,16.014009952
670,267250,134200,33550,0.46387298742,2.01815763279,16.040518999
671,267650,134400,33600,0.622170133601,1.58063308152,16.061701774
672,268050,134600,33650,0.473630334788,0.105170175167,16.088295936
673,268450,134800,33700,0.438990804847,0.692326240303,16.115389823
674,268850,135000,33750,0.448894952084,0.547785772476,16.137223005
675,269250,135200,33800,0.452710424966,0.125574893201,16.162803888
676,269650,135400,33850,0.490887925416,0.44974306291,16.185198783
677,270050,135600,33900,0.449835379855,1.18650673851,16.212044000
678,270450,135800,33950,0.519199464547,1.10455544565,16.240353822
679,270850,136000,34000,0.475835359503,0.246350229001,16.262317895
680,271250,136200,34050,0.40809876613,0.13137177316,16.288341999
681,271650,136400,34100,0.448703972633,0.125276217634,16.309807777
682,272050,136600,34150,0.519540942001,0.663211800303,16.340571880
683,272450,136800,34200,0.536398284666,1.6430299339,16.366254806
684,272850,137000,34250,0.585681580658,1.41700312034,16.388952970
685,273250,137200,34300,0.471846189914,1.04189864446,16.41412401
686,273650,137400,34350,0.53265504097,1.09525133189,16.435838937
687,274100,137600,34400,0.47615855408,0.734428733156,16.460433006
688,274550,137800,34450,0.459148995522,0.0632049649546,16.488301992
689,274950,138000,34500,0.456950757155,0.300012542943,16.510230779
690,275350,138200,34550,0.519723252259,0.825715670017,16.537004947
691,275750,138400,34600,0.500088745575,1.04461716017,16.559163808
692,276150,138600,34650,0.405802293648,0.302336590913,16.585055828
693,276550,138800,34700,0.453539253695,0.185899423216,16.60683178
694,276950,139000,34750,0.502642179944,0.490615992962,16.633881807
695,277350,139200,34800,0.497012150926,1.18296761967,16.66047978
696,277750,139400,34850,0.563433209118,1.32161290118,16.683459997
697,278200,139600,34900,0.511813042113,1.1625119808,16.712292909
698,278600,139800,34950,0.469605347244,0.102275181443,16.770360946
699,279000,140000,35000,0.44668472719,0.47151317698,16.800952911
700,279400,140200,35050,0.514678245389,0.847313701545,16.828657865
701,279800,140400,35100,0.500806933894,1.33104070381,16.851355791
702,280200,140600,35150,0.522847775856,1.07571711524,16.880059003
703,280650,140800,35200,0.476119847356,0.154296894225,16.910084009
704,281050,141000,35250,0.465373582737,0.346083251242,16.932294845
705,281450,141200,35300,0.39334990211,0.322361636598,16.960556983
706,281850,141400,35350,0.490310493489,0.658481308159,16.984713792
707,282250,141600,35400,0.483991989256,0.320274156588,17.02041983
708,282700,141800,35450,0.486571014099,0.86109388576,17.065996885
709,283100,142000,35500,0.443065619835,0.28120570855,17.089636802
710,283500,142200,35550,0.464814339675,0.514937030529,17.112075805
711,283950,142400,35600,0.480659074128,0.296082928449,17.137879848
712,284350,142600,35650,0.450119840004,0.379077216049,17.17392778
713,284750,142800,35700,0.465210119228,0.241901668568,17.209050893
714,285150,143000,35750,0.429005250199,0.418562907093,17.233227968
715,285550,143200,35800,0.465425094933,0.652925201145,17.263911962
716,285950,143400,35850,0.448174162986,0.520026652353,17.296797990
717,286350,143600,35900,0.445009860119,0.351326628475,17.325713872
718,286800,143800,35950,0.465346521314,0.114940636479,17.358609914
719,287200,144000,36000,0.435721062354,0.20798779449,17.388405799
720,287600,144200,36050,0.471104072715,0.22284141187,17.420030832
721,288000,144400,36100,0.490460310394,0.233828940542,17.449241876
722,288400,144600,36150,0.446242414419,0.990583115151,17.474587917
723,288800,144800,36200,0.436834039782,0.674756146521,17.505183935
724,289200,145000,36250,0.448639120229,0.0479748285134,17.535390853
725,289600,145200,36300,0.432714651259,0.258417981016,17.559526920
726,290000,145400,36350,0.481801048782,0.616723455002,17.58551597
727,290400,145600,36400,0.454872857127,0.92765798249,17.607774972
728,290800,145800,36450,0.56391120008,1.22042042456,17.636193990
729,291200,146000,36500,0.503625083098,1.53125648122,17.665669918
730,291600,146200,36550,0.625311234936,1.54702617057,17.693686008
731,292000,146400,36600,0.508331659945,1.26825489138,17.716475963
732,292400,146600,36650,0.485210023594,0.767558156393,17.745491981
733,292800,146800,36700,0.495313014205,0.150710452315,17.768245935
734,293200,147000,36750,0.436382788826,0.188771686638,17.79621481
735,293600,147200,36800,0.41464997073,0.969761561821,17.823606967
736,294000,147400,36850,0.652547488442,1.73988540499,17.847637891
737,294400,147600,36900,0.582559714066,2.31169053057,17.874943971
738,294800,147800,36950,0.647317976117,1.6557659243,17.897506952
739,295250,148000,37000,0.457667413876,0.280420845621,17.926414966
740,295650,148200,37050,0.457804817743,0.0799977348712,17.952250957
741,296050,148400,37100,0.474017511973,0.260567253723,17.974206924
742,296450,148600,37150,0.456770190316,0.888539803974,17.998127937
743,296850,148800,37200,0.433168333856,0.529083378767,18.021065950
744,297250,149000,37250,0.418710637488,0.348987383053,18.044721841
745,297650,149200,37300,0.445366288781,0.357926852836,18.066293954
746,298050,149400,37350,0.415348850966,0.25068224938,18.09036493
747,298400,149600,37400,0.384993037837,0.177568650978,18.112895011
748,298800,149800,37450,0.608685986724,1.49615409819,18.135385990
749,299200,150000,37500,0.600791462403,2.20397846011,18.1566088
750,299600,150200,37550,0.664429605091,1.70125109185,18.182523965
751,300000,150400,37600,0.460235657674,1.12741999118,18.203544855
752,300400,150600,37650,0.481964061572,0.948314225501,18.225219011
753,300800,150800,37700,0.461286885899,0.583346249567,18.252364873
754,301200,151000,37750,0.408669243725,0.174627494883,18.277382850
755,301600,151200,37800,0.470765066383,0.345125540784,18.300784826
756,302000,151400,37850,0.427381068161,0.523294833664,18.32622885
757,302400,151600,37900,0.539158974744,0.971775883437,18.353669881
758,302850,151800,37950,0.490080598125,0.810613536738,18.380115985
759,303250,152000,38000,0.445547278032,0.466301507777,18.401502847
760,303650,152200,38050,0.47318961422,0.488014046166,18.422876834
761,304100,152400,38100,0.482043012194,0.167317752782,18.446619987
762,304500,152600,38150,0.458419117507,0.163150749462,18.468426942
763,304850,152800,38200,0.45646755957,0.0233768145442,18.488206863
764,305250,153000,38250,0.474795950338,0.395001282253,18.509922981
765,305650,153200,38300,0.46973903936,0.787353086808,18.531536817
766,306050,153400,38350,0.41369369122,0.359242637654,18.552702903
767,306450,153600,38400,0.508967803576,0.563016660915,18.574696779
768,306900,153800,38450,0.501020838328,0.270625652349,18.598852872
769,307300,154000,38500,0.455911685828,1.03212442664,18.620341777
770,307700,154200,38550,0.525974224629,1.10598429283,18.642024993
771,308100,154400,38600,0.477125920252,1.17432319765,18.66419291
772,308500,154600,38650,0.47602539995,0.886548582649,18.688888788
773,308900,154800,38700,0.42575209966,0.635806565391,18.711949825
774,309300,155000,38750,0.504899196516,0.872505336627,18.740781784
775,309700,155200,38800,0.473529630123,1.1921853062,18.771864891
776,310100,155400,38850,0.516494434863,1.02780470934,18.803864955
777,310500,155600,38900,0.462523618541,0.370776348469,18.832722902
778,310900,155800,38950,0.486233965992,0.436321669332,18.863678932
779,311350,156000,39000,0.494251665431,0.149188252607,18.897957801
780,311750,156200,39050,0.440387144236,0.788675513548,18.921706914
781,312150,156400,39100,0.42306007172,0.563956335794,18.945349931
782,312550,156600,39150,0.466994533441,0.136483065191,18.968678951
783,312950,156800,39200,0.459755078526,0.0602140533204,18.995237827
784,313350,157000,39250,0.472003279201,0.176493093318,19.017877817
785,313650,157200,39300,0.491475022263,0.0514182431436,19.04241681
786,314050,157400,39350,0.471207950252,0.488118661697,19.065545797
787,314450,157600,39400,0.464758215234,0.314542314543,19.092130899
788,314850,157800,39450,0.462894980823,0.185377625717,19.118394851
789,315250,158000,39500,0.451740583534,0.148361493247,19.140881776
790,315550,158200,39550,0.434847743606,0.055862130184,19.163821935
791,315750,158400,39600,0.438959731893,0.00767184451511,19.179979801
792,316150,158600,39650,0.41856349236,0.180938968143,19.217898845
793,316550,158800,39700,0.479054602123,0.585140706769,19.250484943
794,316950,159000,39750,0.46848333506,0.625906248746,19.280586004
795,317200,159200,39800,0.370081566268,0.0781345739089,19.302861928
796,317600,159400,39850,0.473336012673,0.644303826198,19.335410833
797,317900,159600,39900,0.467935989908,0.19556524803,19.364195823
798,318300,159800,39950,0.474877177736,0.38764774604,19.394431829
799,318700,160000,40000,0.469184192481,0.125414219563,19.424748897
800,319000,160200,40050,0.445458778951,0.0263239393995,19.449431896
801,319400,160400,40100,0.435103758614,0.238603581072,19.476741790
802,319800,160600,40150,0.523261896972,0.907170104254,19.501247882
803,320200,160800,40200,0.53142253943,1.2158116538,19.536087989
804,320600,161000,40250,0.408884828199,0.456063348807,19.560393810
805,321000,161200,40300,0.462326494927,0.16475814682,19.58555984
806,321400,161400,40350,0.480292033706,0.190950738881,19.624308824
807,321800,161600,40400,0.459883052958,0.452340718137,19.656428813
808,322150,161800,40450,0.410368768966,0.0690541592037,19.689554929
809,322550,162000,40500,0.463863803541,0.181749918387,19.725864887
810,322950,162200,40550,0.423571959128,0.300149248821,19.7634389
811,323350,162400,40600,0.462860269312,0.458702451398,19.802473783
812,323750,162600,40650,0.45810435543,0.50410904155,19.843477964
813,324150,162800,40700,0.436114133518,0.331270195265,19.876989841
814,324550,163000,40750,0.452689853359,0.04980894001,19.91184282
815,324950,163200,40800,0.442143249948,0.0625625366373,19.94891285
816,325350,163400,40850,0.450449803319,0.0517814445554,19.983783006
817,325750,163600,40900,0.431448916548,0.221004097503,20.020184993
818,326150,163800,40950,0.478119552643,0.545175404974,20.05535793
819,326550,164000,41000,0.451498299979,0.728454110355,20.0896899
820,326950,164200,41050,0.400711646525,0.273296197007,20.124591827
821,327350,164400,41100,0.430242342294,0.145513343024,20.157573938
822,327750,164600,41150,0.486805078716,0.261873609509,20.195252895
823,328150,164800,41200,0.453791637296,0.696353068431,20.224909782
824,328550,165000,41250,0.416721507406,0.297875510272,20.259745836
825,328950,165200,41300,0.464060166933,0.471902563626,20.292901992
826,329350,165400,41350,0.446918177814,0.766521615746,20.32552480
827,329750,165600,41400,0.514273088829,0.941457908492,20.354095935
828,330200,165800,41450,0.484031137456,0.904435727487,20.389776945
829,330650,166000,41500,0.457506932241,0.0266992057154,20.426985979
830,331050,166200,41550,0.477450485603,0.0690214463877,20.463599920
831,331450,166400,41600,0.45374636802,0.230376516139,20.49307489
832,331750,166600,41650,0.430884632119,0.0544647063168,20.520197868
833,332150,166800,41700,0.451398963606,0.136844857191,20.55489087
834,332550,167000,41750,0.439365772615,0.193900825907,20.584261894
835,332950,167200,41800,0.452544541729,0.197968227163,20.613452911
836,333350,167400,41850,0.406419125261,0.702966001,20.645507812
837,333750,167600,41900,0.573269719729,1.3755629777,20.671084880
838,334150,167800,41950,0.509005382075,1.72391940985,20.695490837
839,334550,168000,42000,0.498630104427,1.04695886411,20.718971967
840,334950,168200,42050,0.451750091932,0.161800074172,20.744777917
841,335350,168400,42100,0.389287315228,0.31586929598,20.768019914
842,335750,168600,42150,0.515878115682,1.0229793192,20.794974803
843,336150,168800,42200,0.493271377303,1.02555943509,20.819653987
844,336550,169000,42250,0.472159618414,0.744268503099,20.843481779
845,336950,169200,42300,0.472490512122,0.540507439674,20.868054866
846,337350,169400,42350,0.432621999854,0.192228097329,20.894349813
847,337750,169600,42400,0.41732932731,0.217035097306,20.926218986
848,338150,169800,42450,0.430877699319,0.172419762338,20.9541878
849,338550,170000,42500,0.480022731248,0.523272646094,20.983639001
850,338950,170200,42550,0.448233853864,0.839928314499,21.013321876
851,339350,170400,42600,0.493490676638,0.774287700942,21.041037797
852,339800,170600,42650,0.497385429015,0.296210267689,21.068621873
853,340200,170800,42700,0.452646915254,0.428464462729,21.093540906
854,340600,171000,42750,0.492955708504,0.563162613117,21.122632980
855,341050,171200,42800,0.47940202326,0.43345650889,21.151435852
856,341500,171400,42850,0.462815535778,0.137177204224,21.178193807
857,341900,171600,42900,0.470738968089,0.118364974235,21.2048029
858,342300,171800,42950,0.483211875958,0.381779697081,21.233012914
859,342700,172000,43000,0.462720175911,0.492812107954,21.259643793
860,343100,172200,43050,0.493153976299,0.573573710671,21.284319877
861,343500,172400,43100,0.503487512057,0.691241248655,21.307295799
862,343900,172600,43150,0.529407850603,0.919497152725,21.332046985
863,344300,172800,43200,0.497554561245,1.11539955092,21.356048822
864,344700,173000,43250,0.496265098513,0.877627903453,21.382555961
865,345150,173200,43300,0.46551199317,0.521037427522,21.411574840
866,345550,173400,43350,0.433655458858,0.357614331016,21.43811798
867,345950,173600,43400,0.47704224557,0.45019187371,21.471133947
868,346350,173800,43450,0.439152321548,0.766092893099,21.49943494
869,346750,174000,43500,0.442278023688,0.622327564392,21.527557849
870,347150,174200,43550,0.416032975225,0.555392840816,21.557333946
871,347550,174400,43600,0.449507275166,0.436132006904,21.591791868
872,347950,174600,43650,0.410988048407,0.504665359521,21.61888599
873,348200,174800,43700,0.343453122482,0.140963970406,21.64328384
874,348600,175000,43750,0.612412887606,1.46827492796,21.67691588
875,349000,175200,43800,0.608774337234,2.48694038418,21.711154937
876,349400,175400,43850,0.713495420499,1.85085319905,21.741374969
877,349800,175600,43900,0.457506505555,0.485705667617,21.777140855
878,350200,175800,43950,0.445257532873,0.292003774036,21.805931806
879,350600,176000,44000,0.449755177077,0.169047724087,21.837905883
880,351000,176200,44050,0.452795912053,0.13622510967,21.869654893
881,351400,176400,44100,0.472647152352,0.104926756017,21.90517687
882,351800,176600,44150,0.430560670953,0.39142900745,21.934864997
883,352200,176800,44200,0.483753765044,0.648745096492,21.966639995
884,352600,177000,44250,0.466575404639,0.498179239442,22.002692937
885,353000,177200,44300,0.504809735931,0.638591948975,22.034152984
886,353400,177400,44350,0.479271509901,1.09408450339,22.068695783
887,353800,177600,44400,0.545276150156,1.17042721908,22.09438681
888,354200,177800,44450,0.487726754139,1.26023074187,22.122249841
889,354600,178000,44500,0.478708044758,0.87279335108,22.147946834
890,355000,178200,44550,0.446710641331,0.432396059084,22.179331779
891,355350,178400,44600,0.433163197584,0.116995560772,22.202140808
892,355750,178600,44650,0.47541356466,0.280301882228,22.234421968
893,356150,178800,44700,0.486774587794,0.119117475302,22.261135816
894,356550,179000,44750,0.44904428628,0.708520797762,22.290960788
895,356950,179200,44800,0.507220868573,0.776812245704,22.31791281
896,357400,179400,44850,0.483311026615,0.441243701538,22.349978923
897,357800,179600,44900,0.491662047829,0.401800127013,22.37611579
898,358200,179800,44950,0.489960465641,0.873717475533,22.402638912
899,358600,180000,45000,0.522534903215,0.95825751359,22.427923917
900,359000,180200,45050,0.490654319201,1.41231102067,22.454602956
901,359400,180400,45100,0.529419574077,1.1730601748,22.479664802
902,359800,180600,45150,0.449580386727,1.04703829835,22.505676984
903,360200,180800,45200,0.546100254548,1.22679354062,22.531464815
904,360650,181000,45250,0.496673731114,0.507302963899,22.558784961
905,361050,181200,45300,0.464229378644,0.782127175502,22.580194950
906,361450,181400,45350,0.490053364441,0.907468782507,22.604776859
907,361850,181600,45400,0.494039313071,0.52859899282,22.634158849
908,362250,181800,45450,0.472484306469,0.342986919928,22.660324811
909,362650,182000,45500,0.474680770403,0.364589054766,22.696142911
910,363050,182200,45550,0.468216295297,0.42487739032,22.742688894
911,363450,182400,45600,0.458898612012,0.461189582472,22.777827978
912,363850,182600,45650,0.540567950637,0.965552145999,22.810474872
913,364250,182800,45700,0.548606543222,1.4707183154,22.839365005
914,364650,183000,45750,0.516843945317,1.0100773401,22.865454912
915,365050,183200,45800,0.467658975578,0.501080080253,22.903070926
916,365450,183400,45850,0.421026850954,0.148489454129,22.93342685
917,365850,183600,45900,0.437429104422,0.0737600783278,22.961371898
918,366250,183800,45950,0.450029416301,0.270096758068,22.996382951
919,366650,184000,46000,0.457416415418,0.226438625044,23.026257991
920,367050,184200,46050,0.4720779312,0.256773845224,23.061929941
921,367450,184400,46100,0.448241613443,0.346711159443,23.094296932
922,367850,184600,46150,0.519534087115,0.752362712687,23.129440784
923,368250,184800,46200,0.507080418207,1.69958579987,23.155535936
924,368650,185000,46250,0.5416290217,1.19239618496,23.187982797
925,369050,185200,46300,0.402167668463,0.73010355424,23.214556932
926,369450,185400,46350,0.40077883757,0.467528020699,23.239621877
927,369850,185600,46400,0.469627689126,0.328656574274,23.267691850
928,370250,185800,46450,0.466931945836,0.12186546081,23.290284872
929,370650,186000,46500,0.48198528844,0.269553562417,23.320246934
930,371050,186200,46550,0.454429283777,0.567330897658,23.342126846
931,371400,186400,46600,0.381055377766,0.167450862038,23.363995790
932,371800,186600,46650,0.564295034976,1.17538206735,23.389843940
933,372200,186800,46700,0.500609703616,1.03524618394,23.412565946
934,372600,187000,46750,0.431374721501,0.413254147732,23.436427831
935,373000,187200,46800,0.467816953142,0.200763602981,23.464628934
936,373400,187400,46850,0.45924952079,0.331325954356,23.490331888
937,373800,187600,46900,0.480564722322,0.457090313752,23.513331890
938,374200,187800,46950,0.45103079047,1.12498605085,23.53590297
939,374600,188000,47000,0.557664051944,1.21594918026,23.560153007
940,375000,188200,47050,0.481148349261,0.67542096619,23.581518888
941,375400,188400,47100,0.421123807206,0.0991217776057,23.607640981
942,375700,188600,47150,0.438936786259,0.0556613029419,23.6254568
943,376100,188800,47200,0.471743941882,0.30519207898,23.647186994
944,376500,189000,47250,0.447136618661,0.281597976386,23.670234918
945,376900,189200,47300,0.433892933545,0.0253712572497,23.694126844
946,377300,189400,47350,0.414153736895,0.130363060389,23.717333793
947,377700,189600,47400,0.420995839019,0.0698968876527,23.740786790
948,378100,189800,47450,0.432942142842,0.183616327854,23.762331962
949,378500,190000,47500,0.481806680967,0.253154877334,23.78590297
950,378900,190200,47550,0.464995624885,0.318739589866,23.810031890
951,379300,190400,47600,0.442773082803,0.0713632236006,23.83172082
952,379700,190600,47650,0.452872823179,0.130447136876,23.856254816
953,380100,190800,47700,0.451095022111,0.0532396815119,23.882326841
954,380500,191000,47750,0.461070506475,0.0654555893754,23.904205799
955,380900,191200,47800,0.433050809563,0.523075096843,23.930903911
956,381300,191400,47850,0.4925289415,0.715339635642,23.952876806
957,381700,191600,47900,0.467706130643,0.76396138325,23.977334976
958,382100,191800,47950,0.504990753381,0.7971712644,23.998571872
959,382500,192000,48000,0.47497829338,0.188194938101,24.02397179
960,382900,192200,48050,0.448685638187,0.439971962932,24.047345876
961,383300,192400,48100,0.444101889706,0.308635174495,24.07146477
962,383700,192600,48150,0.489784274897,0.224537595698,24.093975782
963,384050,192800,48200,0.487867917821,0.0858203659022,24.116267919
964,384500,193000,48250,0.488986011661,0.135383032913,24.144104003
965,384900,193200,48300,0.471871068351,0.444151365183,24.170611858
966,385300,193400,48350,0.490891691971,0.527006056151,24.193197011
967,385700,193600,48400,0.488402290195,0.758647580861,24.221802949
968,386100,193800,48450,0.429155321153,0.244299112711,24.245218992
969,386500,194000,48500,0.493320064377,0.525534911264,24.269403934
970,386900,194200,48550,0.483397796791,0.930933322348,24.295884847
971,387300,194400,48600,0.499618936799,0.862172689002,24.319654941
972,387750,194600,48650,0.476125379621,0.330328318308,24.346037864
973,388250,194800,48700,0.493228686743,0.0128469300412,24.372900962
974,388650,195000,48750,0.436424554092,0.594545369334,24.396507978
975,389050,195200,48800,0.439937997188,0.465693169571,24.417775869
976,389450,195400,48850,0.416689272322,0.512032431658,24.444268941
977,389850,195600,48900,0.453730267859,0.628263770644,24.467334985
978,390250,195800,48950,0.464803748038,0.0802285438934,24.491711854
979,390650,196000,49000,0.441095860738,0.359367585585,24.512921810
980,391050,196200,49050,0.474464162241,0.58874085205,24.539230823
981,391400,196400,49100,0.486944839134,0.0917574268076,24.55909895
982,391800,196600,49150,0.421138341686,0.865641156441,24.585065841
983,392200,196800,49200,0.504946153363,0.967748096784,24.606593847
984,392600,197000,49250,0.474267979023,0.385761336293,24.633516788
985,392950,197200,49300,0.457632596618,0.0657463828975,24.655817985
986,393350,197400,49350,0.447497785022,0.166888239472,24.680662870
987,393750,197600,49400,0.462603317424,0.046295486379,24.707436
988,394150,197800,49450,0.416360166161,0.622883612345,24.728233814
989,394550,198000,49500,0.465107456425,0.666661755186,24.751821994
990,394950,198200,49550,0.457024713716,0.132128792222,24.776783943
991,395350,198400,49600,0.460452011804,0.0447128625111,24.800354003
992,395750,198600,49650,0.494513916879,0.461649353153,24.825161933
993,396200,198800,49700,0.488874789387,0.40390944854,24.854269981
994,396650,199000,49750,0.466706515936,0.385798611614,24.878534793
995,397050,199200,49800,0.448217924542,0.173624058552,24.905784845
996,397450,199400,49850,0.434778170825,0.125038459252,24.927068948
997,397850,199600,49900,0.43316726246,0.0859233494749,24.956921815
998,398250,199800,49950,0.462395115079,0.331588768499,24.981625795
999,398650,200000,50000,0.463984521343,0.251371781949,25.007803916
1000,399050,200200,50050,0.482322722245,0.353814196633,25.029897928
