1.0,1.0,1.0,1.0
-1.06492823191,-0.607451976848,-0.0412288053614,0.310002953386
0.677022924987,0.231919495474,1.09238529275,0.602339559208
0.0574094928302,-0.110934119048,0.640769495799,0.393557714912
-0.195476462333,-0.264136815467,0.470935539002,0.325021199774
0.0145724036128,-0.152220663773,0.552506483026,0.325461432837
-0.0635355652522,-0.189918592088,0.461535614709,0.277295700582
-0.0912442586053,-0.203967133288,0.421900601839,0.251672028384
-0.000702142309241,-0.154508657185,0.448656059638,0.248532487978
-0.0897304885468,-0.204116798237,0.382475765441,0.217921018584
0.0308179886918,-0.141483633287,0.441350840679,0.225772375365
-0.0609406617372,-0.192439775379,0.375657547452,0.198151306082
-0.00427413076143,-0.161140204862,0.404887530852,0.200658774059
-0.0366184756352,-0.182347848984,0.373722602831,0.185736476052
-0.0433263614783,-0.190138302255,0.368245921008,0.181366477659
0.0538122398554,-0.13730927934,0.412625546673,0.191281532027
-0.0335345900078,-0.180729053163,0.355876414826,0.170916146337
0.0248382771858,-0.149930725838,0.388555621347,0.178281762975
0.00643501071854,-0.160363409911,0.366529460038,0.169224918112
-0.0572530311102,-0.198911523803,0.33427177892,0.159360153526
0.01017870515,-0.168180442946,0.377423235748,0.172109974197
-0.0289084252977,-0.189603566716,0.353567913924,0.162417058829
0.00447077173781,-0.170707637291,0.377491063844,0.169595406636
0.0266152900564,-0.153897400028,0.380981901332,0.167726255886
-0.112465149759,-0.232257828537,0.314925544302,0.14867719293
-0.0207264998366,-0.185627728355,0.373409681149,0.166899130683
-0.0209136210139,-0.188091335252,0.370042008541,0.165659006786
0.00939754928212,-0.170368573213,0.382986672871,0.169665190305
-0.00322994956657,-0.176647429566,0.371090225016,0.1652983955
0.00651396668476,-0.171864983058,0.37363460421,0.16445732841
0.0324411784423,-0.153687927499,0.380405543513,0.165514250357
-0.000335692536345,-0.166129841346,0.356227416946,0.156691061349
-0.0378937544953,-0.190881023283,0.344643297188,0.154112449982
-0.0289266444228,-0.190839910904,0.357580403742,0.15968705892
0.0426320581976,-0.150742359005,0.392892930072,0.170612093482
-0.02389558959,-0.189988767063,0.349628988516,0.157503392906
0.00822149169248,-0.174593449914,0.370483087174,0.164904505589
0.0431468478747,-0.150087892944,0.381168996124,0.168911262152
0.00115831481122,-0.170064922071,0.352678954085,0.157766159082
0.0147787460621,-0.163974724831,0.362362547854,0.159066229264
0.0218227303932,-0.154973397066,0.359771754674,0.155610825638
0.0556345513965,-0.133365912384,0.36966325957,0.157732443087
0.0283664652713,-0.143394309966,0.347967770725,0.150688616494
0.0415114518034,-0.132305426085,0.351871307116,0.151936777541
-0.039566090271,-0.179295118656,0.313953736543,0.143420868966
0.0421235025329,-0.136519817775,0.371816002573,0.163872833661
-0.0368544372405,-0.183768319675,0.326362764565,0.149914845239
0.0134206508209,-0.156303511389,0.365449865296,0.161388726659
0.0326431783804,-0.146394933314,0.37053133911,0.159836174258
-0.00869869468005,-0.169618816212,0.345603143594,0.151278695937
0.0533142648544,-0.131719130805,0.380992909701,0.163143684629
-0.0355659089755,-0.181302192659,0.331871120895,0.148285256298
0.0359247042291,-0.142891228243,0.380079346175,0.164877388078
-0.0457496964963,-0.187835803628,0.336610227633,0.1521677888
0.0302783840503,-0.150694876042,0.383765312495,0.167672575319
-0.0739084989074,-0.213656790848,0.329553996141,0.150812719829
-0.00437875113363,-0.178313416433,0.379124801427,0.168770463655
0.0103597191575,-0.168600729397,0.381218244879,0.168919945308
-0.0645913184136,-0.211150630501,0.343610945392,0.157401845017
0.024174503999,-0.161699554502,0.402001589594,0.175940880122
-0.0439991651053,-0.199136091328,0.357232022169,0.162175535398
0.0238724346072,-0.161072334567,0.397213313651,0.175149074139
-0.0311777771923,-0.185558323051,0.361752618576,0.162992976755
-0.007312789419,-0.172629161747,0.376478033449,0.168723056887
-0.0397707685057,-0.190550065124,0.359176496582,0.161896378096
0.0202690520532,-0.160158243719,0.391568589492,0.170831510479
-0.0708419327433,-0.215415466562,0.341850542116,0.15456080099
0.0807425880749,-0.131735729144,0.430440113862,0.181479270252
-0.0121086027089,-0.174499777085,0.364009193302,0.160442579648
-0.0082632684182,-0.183262345335,0.356849503836,0.155603267949
0.0178339381156,-0.166111072413,0.371979888823,0.16113571856
-0.0163996431422,-0.18545428733,0.352918292454,0.154753607447
-0.058801291167,-0.211439589048,0.338809909569,0.150749792574
0.0319304556419,-0.161209116599,0.394696136909,0.167229626996
-0.0259485867097,-0.19214016136,0.355961251652,0.156108530528
0.024402132848,-0.162344316542,0.382671121452,0.163162233071
0.00107012415527,-0.173022929365,0.365008506818,0.157193396412
-0.0213856187273,-0.185182801766,0.356172177199,0.156403050976
0.0156276066539,-0.163144235575,0.377366515561,0.163490153378
-0.0174850944426,-0.181758283183,0.35461767247,0.156661460649
-0.03339588099,-0.192949559666,0.35108806094,0.15750582102
0.0418108386972,-0.1516359907,0.391843873932,0.16972178641
-0.0262991737023,-0.186519495997,0.351517390986,0.15686934638
0.0350564435242,-0.151242208266,0.386306325002,0.167714208621
-0.0285838099716,-0.189194386091,0.348808788583,0.155621329011
-0.00235801681994,-0.179619836665,0.367651294884,0.159665494686
0.0211586727518,-0.168483862659,0.375968728116,0.159091390094
-0.00113701681162,-0.180120078094,0.358825520839,0.155063943314
0.0804216096474,-0.129492420622,0.396472633371,0.165027719069
-0.0320278960415,-0.189470200553,0.330548958565,0.144853285874
0.0403102149031,-0.152581031782,0.376512726878,0.159403130011
-0.000937988004258,-0.173429379046,0.351371347167,0.152592524009
0.0255795176728,-0.155942163983,0.367067310931,0.157106007344
0.0525076494883,-0.127411899597,0.365297775249,0.156393277724
-0.0526109047991,-0.18822742937,0.314438726835,0.144014185556
-0.0357550666709,-0.189766970172,0.339427607072,0.150768883593
0.0490014098441,-0.145984633437,0.388742682037,0.165973671781
0.000708226672679,-0.168985947808,0.355923233171,0.154865445608
-0.0443651828186,-0.197712594016,0.335738464562,0.151222836277
-0.0264779090041,-0.190705392306,0.355646121503,0.160674522252
0.0137711505921,-0.166166068615,0.380756257941,0.169239540432
-0.0951404366705,-0.232111453103,0.32889323154,0.154043253117
0.0698324440783,-0.145057179235,0.431268273558,0.18485783662
-0.112231412143,-0.248263666127,0.335748503955,0.156831781291
-0.0370478740442,-0.207876022517,0.382386919619,0.171100504278
-0.00895769716819,-0.188085902038,0.392945586343,0.175239927117
0.00427313696353,-0.180522116767,0.391724652513,0.172236259709
-0.0217398682204,-0.195683445821,0.37104211164,0.165930303267
0.00114551741344,-0.18256409633,0.380108345188,0.169787799357
-0.0193531750924,-0.193754823684,0.367487785702,0.163976262262
-0.0659076814318,-0.219911513544,0.348213254874,0.159279390803
0.0459615320268,-0.155315718073,0.415332998236,0.181389613095
-0.00029542310717,-0.17634244656,0.377229887776,0.166716674308
-0.059181542123,-0.212943411861,0.346182405319,0.158536841863
0.0354400956757,-0.158649908758,0.40352344582,0.176578026443
-0.0495605437449,-0.205038033416,0.351397093948,0.159836842422
-0.0291345360814,-0.192520651856,0.365145442854,0.164664582666
0.0760414495277,-0.128154491096,0.419099489783,0.179587352333
-0.0153800592029,-0.176026097875,0.356793654831,0.158934868024
0.0391574184426,-0.140914486385,0.386144097032,0.166277773979
-0.0706220176587,-0.204288190496,0.329426173678,0.15002496658
0.0101347240225,-0.163895523367,0.383640523564,0.167582400993
-0.0355898297971,-0.188378167927,0.355342802577,0.159190627005
0.0375558711741,-0.146449837972,0.395544997558,0.172345374069
-0.0625765128376,-0.205637156692,0.34018908156,0.156016405818
0.0185749457926,-0.162675165129,0.395633562785,0.174163284836
0.00622785074923,-0.166015263827,0.377587016752,0.16703581879
-0.0817244917926,-0.219787569265,0.338379419702,0.153995598258
-0.0485227670815,-0.202270992037,0.361798627607,0.16258678861
0.0138250877998,-0.168728985688,0.395752535849,0.170605054298
-0.0981861174794,-0.234905900939,0.336935702737,0.152556379112
0.117245484114,-0.121913159739,0.470216270813,0.196723565451
-0.0570309944374,-0.214999517508,0.364038273638,0.163648153071
0.0214497655653,-0.172599937413,0.406935185544,0.176029314613
-0.00940314814685,-0.180953731406,0.376564030189,0.166485594132
-0.0912593820014,-0.231386591559,0.33829171674,0.154429628799
0.0840626168149,-0.140433013698,0.445199296349,0.186725257345
-0.0421175409682,-0.209789708991,0.363407687439,0.162808150517
0.0166032157915,-0.176587989829,0.395039012085,0.172345456369
-0.0728669655481,-0.229038209992,0.346516094778,0.157768687632
0.0688321451584,-0.147586916811,0.430649250319,0.183118617249
-0.0575914134353,-0.214967778162,0.352434595713,0.159482918502
0.0237631157616,-0.170099185241,0.399267179476,0.173466898404
-0.046293932423,-0.20788225274,0.357577103421,0.158663640469
-0.0426239920427,-0.207693091926,0.365548152061,0.160659842678
0.00520824653306,-0.181621241906,0.390887175702,0.167277531315
-0.00715765135232,-0.184919750261,0.376236978797,0.164569972762
-0.0186909690117,-0.187554103068,0.367568545874,0.163446238652
0.0374958998407,-0.152737842491,0.392961379044,0.17074203965
0.0214214144048,-0.159646954848,0.371256435718,0.162662749166
-0.0371427330039,-0.193034490763,0.34267933348,0.154281714344
-0.00140625803832,-0.176098952992,0.367807722018,0.163253676023
-0.0655943655578,-0.210889094714,0.338629890245,0.155468202124
0.033321707951,-0.155572788718,0.399198026396,0.175116611777
-0.0476817986323,-0.197382113776,0.351282317844,0.160190562231
-0.00199541860945,-0.174130464808,0.380476466747,0.170091149239
-0.0245669917952,-0.189644210527,0.363857814522,0.163809090553
0.0100635253851,-0.164975116052,0.381771701807,0.168936116553
0.0348043536487,-0.147018712014,0.384779174485,0.167529497756
-0.0116174057085,-0.171244271713,0.353473366492,0.157489732434
0.00718660023663,-0.161344650419,0.364642018597,0.160825559003
-0.0464163095112,-0.191165034757,0.339702269203,0.154470684864
0.0418561480628,-0.143986478869,0.396109293544,0.171939655538
-0.0765754954073,-0.211118293293,0.333561174274,0.155103234885
0.0513007230066,-0.143076480148,0.415205514665,0.182268668716
-0.0824188844355,-0.219854335105,0.339244946431,0.159102080246
0.101283660584,-0.12097596435,0.446487851763,0.191887722384
-0.038777453223,-0.195755903111,0.359577261757,0.165253694225
0.00574045093883,-0.172452605986,0.38503487505,0.172875325953
-0.0474430174799,-0.201711957237,0.354010933347,0.163360232537
0.0479440195474,-0.151542651871,0.404765385861,0.177869539651
-0.00954637707804,-0.17919631893,0.362895587449,0.163411831851
-0.0178490016793,-0.185843273311,0.359221360458,0.162772163644
-0.0171294350703,-0.183763174265,0.363182125108,0.164489156736
0.0120216498374,-0.168844952854,0.377281893081,0.168404596192
-0.00350709179548,-0.176351939685,0.363478734184,0.161364286849
-0.0543026340587,-0.207181266536,0.339735472079,0.153689969014
0.0925072740644,-0.127267436405,0.424108021493,0.178771360314
-0.124642002771,-0.254005829952,0.312241545283,0.14813345163
0.0779532832055,-0.144544280861,0.448070855001,0.193429993982
-0.0306999730661,-0.197961444342,0.375158700353,0.169590864008
-0.0058140611313,-0.181675623545,0.385784561312,0.17216302165
-0.0135045935625,-0.163062550431,0.34943372106,0.160438228933
-0.000198630099147,-0.156322777739,0.360343770904,0.162282157362
0.0210545278359,-0.145689848051,0.367873862265,0.163954643591
0.0363924161902,-0.104801424914,0.317678915041,0.140317772083
-0.0615855273975,-0.170258619384,0.282069441561,0.131893004649
0.0649172921592,-0.111898701777,0.375027044605,0.160997200608
-0.0643680767843,-0.187567443235,0.311816892162,0.143274302445
-0.0368630178422,-0.173971762618,0.335516566601,0.151276845037
0.0365213595521,-0.137402281404,0.382757623681,0.167126747713
-0.0545662921216,-0.192121218532,0.334965528254,0.151402027066
0.052427283027,-0.139409764263,0.399844433527,0.170893290218
-0.0331011056274,-0.188303305677,0.347286353622,0.156170648031
-0.0221568033066,-0.182104817413,0.35605059502,0.159952479969
-0.0104014945632,-0.175994284102,0.364740412158,0.163652846615
-0.00743350991443,-0.174548396142,0.364549764967,0.163309855185
-0.0505737698792,-0.200700580804,0.347252619366,0.158408845389
0.0579721787296,-0.142747805295,0.409931348286,0.176756072155
-0.0369908913968,-0.193598430733,0.348692510466,0.158917350662
0.0490030148671,-0.144065226865,0.397795817397,0.175284231597
-0.0660177969999,-0.207562320802,0.334444694611,0.155099819357
-0.04312323693,-0.197445847609,0.353059331934,0.161186660238
0.0422141069748,-0.151604443032,0.398224865546,0.17466478879
0.0115051091164,-0.161016283276,0.368496853007,0.162045080801
-0.00560964278923,-0.169322123075,0.357041619627,0.157798999075
0.001969735881,-0.168369340382,0.362156675599,0.159237849263
-0.0323947626624,-0.190878639284,0.347297581766,0.154679962958
0.0552783846185,-0.142575849447,0.395733668375,0.169510910303
-0.0937513924617,-0.228849817219,0.322925108712,0.147620070357
0.0598090815175,-0.148924677501,0.420969563211,0.178620575433
-0.0477429719155,-0.209567211433,0.354283055042,0.158303478009
0.000205929517262,-0.182093474592,0.386770963646,0.168342903246
-0.00954362841765,-0.185620817019,0.374858708398,0.165422447365
-0.0704448480885,-0.219738129962,0.345572252916,0.157841114064
0.0778212226907,-0.138511496468,0.433979986806,0.183608307477
-0.0830734912923,-0.228486979828,0.347004867249,0.157742837326
0.0529342930807,-0.152011758758,0.427061062459,0.185069959158
-0.0578567858847,-0.21105876322,0.358991962897,0.163548937418
-0.0413016288092,-0.204104751845,0.368460788201,0.166044275595
-0.0342847498466,-0.201193334697,0.372084256865,0.166597325054
-0.0592141346204,-0.214320342305,0.360583396279,0.165544781046
0.0587189403802,-0.147258349092,0.42370756264,0.185357424259
-0.0210837717555,-0.186988519145,0.366792455468,0.166036297186
-0.0210830673031,-0.186987833502,0.366792671311,0.166036556206
-0.062016658834,-0.210876754331,0.349292543964,0.162298521669
0.0233295422744,-0.166186791899,0.397581388182,0.178199315715
-0.0379617703241,-0.200178190592,0.358484074579,0.163022425188
0.0603908388351,-0.140973857942,0.411025440935,0.179080632007
-0.0887577812264,-0.226466926362,0.330015318201,0.155214958487
-0.034373689387,-0.197268073054,0.366410917816,0.16728384493
0.0356500681013,-0.156064851234,0.402941496327,0.1759437011
0.00562456952573,-0.165802491562,0.37177848991,0.16639307126
-0.0375329666744,-0.193150917344,0.34785006053,0.158864113319
-0.00583427497982,-0.179275470557,0.368859744287,0.16459812111
0.00311350651414,-0.174428062337,0.371278433272,0.16628880141
-0.0564053143709,-0.208849432273,0.342429798991,0.157640254694
-0.00404293817643,-0.178190426008,0.380643761132,0.172272516419
0.0290471737737,-0.155874733692,0.388562852608,0.172568100176
-0.0673510673361,-0.209307715208,0.336236551458,0.157329890415
0.0573140232577,-0.141954014271,0.409711555883,0.177554184713
-0.146013495079,-0.25895355125,0.310070370779,0.151436320128
0.123946874644,-0.117450083032,0.485385891959,0.204198913791
-0.0300529248593,-0.19764095907,0.384346511011,0.172579685528
-0.00540813894888,-0.179578899212,0.391612961628,0.175360748077
-0.0146964749469,-0.176571402026,0.371465164158,0.163957203044
0.0119212963743,-0.156102967224,0.380475685923,0.166353579819
0.00644936711275,-0.156498497095,0.364359045827,0.158015420207
-0.0292090334757,-0.179464003142,0.349175002089,0.153729890315
-0.0162817258848,-0.176680279527,0.362344218319,0.159404010691
-0.0512875670412,-0.198415982426,0.348473958383,0.155656471198
-0.045801525685,-0.197633010115,0.354791290452,0.157862294111
0.0299282043917,-0.158106796981,0.396209848314,0.170334279041
-0.0551360753744,-0.204431041222,0.349611423441,0.155242809335
0.0263566753096,-0.160762772432,0.398940641611,0.169262827737
-0.0600693757555,-0.20582181734,0.348129765733,0.155221398381
0.0851178981742,-0.1247374949,0.42871521021,0.181866880309
-0.0220257887408,-0.178317731039,0.360211808401,0.158786459974
-0.0937488030134,-0.222283063684,0.331010119494,0.152748689378
0.09587611864,-0.118502538149,0.452534518776,0.190700989957
-0.0506542068512,-0.199270349362,0.362398953697,0.162440699094
-0.00644981289521,-0.176977018115,0.388682818377,0.170563777112
0.00688609137405,-0.151066038917,0.331156353205,0.150481556637
0.0366111812731,-0.137592732717,0.353074051413,0.15483318276
-0.011308127502,-0.165543393758,0.330957783238,0.148065919959
-0.0041351412368,-0.174321256141,0.353400592008,0.153286585403
0.043597358987,-0.145618045452,0.377964190012,0.162130101198
-0.0208934966153,-0.181941681015,0.338250237014,0.15044283949
-0.0536149027124,-0.203667303735,0.331725592238,0.152111705892
-0.0450158188358,-0.202915674666,0.349857425813,0.159174944369
0.0550393246048,-0.148116326409,0.405650159404,0.175380616095
-0.0162287352831,-0.183707091875,0.359899919782,0.159770326156
-0.0122308363606,-0.17956393394,0.364780560747,0.161945729963
0.0604808849132,-0.133058449314,0.397741997307,0.172318106955
-0.02825925972,-0.184161342842,0.343279323099,0.154673476388
0.0282298344459,-0.155495873236,0.37687215037,0.162946900709
-0.0492584602709,-0.199630258021,0.336201410071,0.15036910099
0.00471819559949,-0.174612830155,0.372801130882,0.163320630716
-0.0382732380831,-0.196519040971,0.351793236925,0.157614580538
0.00361449069033,-0.173270648056,0.381232399741,0.167891472882
-0.106557408282,-0.235705520008,0.328076817425,0.153417340131
-0.0466992647406,-0.204755433625,0.368030371055,0.167061744434
0.0476274037324,-0.148860051303,0.417065908742,0.181345922471
-0.0236085300448,-0.181348822431,0.364727068307,0.164300580582
0.0114266273333,-0.160457098687,0.384235116984,0.170086896793
-0.0249513404919,-0.178349070059,0.360414477248,0.161689717885
-0.0169445149836,-0.184958917903,0.369202012237,0.16306171889
0.00394427113984,-0.172760293579,0.378527518526,0.165115184943
0.0182866949605,-0.159875870763,0.371323444777,0.160554883283
-0.0835353978883,-0.218387378585,0.323697687415,0.150556149612
0.10210514574,-0.118407830967,0.44420473279,0.189333800488
0.0030807415428,-0.167782059821,0.371709663586,0.165269369149
0.00784662311684,-0.163253323728,0.353181657078,0.15968166812
-0.0450003196024,-0.196035347817,0.33294920966,0.153808648142
0.0758218943235,-0.131421098742,0.406076648442,0.175876666691
-0.0633234904774,-0.21183286895,0.33418495596,0.152911349469
0.0242552342175,-0.164396623961,0.390749740085,0.172572602163
-0.055820910102,-0.208968299499,0.346953066002,0.157807187062
-0.0107937574284,-0.185672725679,0.377008548948,0.170094659356
-0.0512595990498,-0.209349228311,0.354792664351,0.16372186818
0.0315711992631,-0.161250859178,0.401476722261,0.179083368834
-0.0583492705355,-0.20879736256,0.348022443575,0.162793904402
0.046243331502,-0.154138088448,0.408254774703,0.178271241595
-0.081855770496,-0.227736377147,0.338896105604,0.157180247834
0.0766338431127,-0.141980883039,0.437601323804,0.188295399899
-0.0467151086869,-0.204968607693,0.358636009067,0.165153873702
-0.0402712420055,-0.203007079571,0.364253062637,0.166838760461
0.0226894878117,-0.168711736272,0.39719419585,0.172767287408
-0.0288191165822,-0.19570593038,0.361445335006,0.162664408883
0.0489995701649,-0.148831128651,0.402297773457,0.173529519039
-0.03412274945,-0.192162532117,0.350025192359,0.158562321959
0.0266233948068,-0.157562266811,0.384754645304,0.170592453227
-0.0154935505659,-0.17746096032,0.357068400806,0.162450713773
0.0327965220849,-0.149046635746,0.383445162412,0.170414649656
0.00411080658639,-0.159651206764,0.360268979339,0.161942633566
0.0336578212682,-0.14313575729,0.372352111198,0.164794905652
-0.0226705010894,-0.176189359273,0.34005481665,0.156126885456
-0.0191688232032,-0.183848491908,0.361705027709,0.1609039698
0.00483519786296,-0.17281295125,0.374890296278,0.163313425837
-0.051787743925,-0.204731175061,0.345709723823,0.155435943107
0.0324331843552,-0.15995908431,0.396866974577,0.170828121139
-0.00426362206718,-0.177435336835,0.366678122703,0.160966930787
-0.0164981662597,-0.182513007519,0.358951390287,0.160226485577
0.0440173751934,-0.147977779344,0.386876982247,0.167853128215
0.0149904072118,-0.158004435694,0.361317631219,0.158870022981
-0.0339110625106,-0.188277431022,0.338284078003,0.151465827627
-0.0283400951591,-0.186522018048,0.351989077689,0.159126318074
0.00763656218549,-0.168148403117,0.375016397359,0.166585170494
-0.00434336462129,-0.170722766895,0.364975216351,0.163626613959
-0.129249288597,-0.246966937741,0.309526153727,0.148458513717
-0.0390086373423,-0.199159139883,0.370661267134,0.168918159275
-0.0287665794455,-0.194158527734,0.375186428062,0.16957759807
-0.0404788341469,-0.192915926685,0.369036240581,0.168146976495
0.0182126468218,-0.157234428259,0.400046160352,0.177475118271
-0.0177125171514,-0.171878695902,0.367654736109,0.166291582716
0.0150706527271,-0.151749714654,0.383098849611,0.168409432177
-0.0329880363624,-0.177747151391,0.353607305343,0.158928875185
0.0610032108249,-0.125003509903,0.403144621911,0.172306954098
-0.0704989828922,-0.201311224682,0.332301270822,0.151922742875
0.0443233968829,-0.142948967438,0.404283439315,0.17603844315
-0.0275199599911,-0.181617452766,0.354561976676,0.160030689752
-0.0232863231781,-0.186019313213,0.368017382809,0.16490921935
-0.0294064301371,-0.190476526785,0.366931013265,0.163080084034
-0.0768598412539,-0.218740723655,0.346019816011,0.15799874846
0.0875486646372,-0.130593660131,0.440633333566,0.185279384705
-0.07218443239,-0.219330093639,0.351411190943,0.159026268835
0.0168318597364,-0.171404061119,0.406216521813,0.176304053839
-0.002834287569,-0.174151074792,0.383012567678,0.168373754705
0.0131654984663,-0.163660382078,0.374103454738,0.1633329559
0.0225860297885,-0.148833790895,0.369525410261,0.160666223141
-0.0380628125536,-0.18729373421,0.337903704696,0.151732643913
-0.00279114339907,-0.171320245498,0.364898056325,0.16422516032
-0.0306956699497,-0.189115996795,0.349235322087,0.159314886362
-0.00274398996271,-0.172867869624,0.369806587803,0.165880946917
-0.0428478201069,-0.193259736574,0.351496029065,0.159935151414
0.0433703395641,-0.145685821843,0.399569148768,0.17268726472
-0.0421229236604,-0.190043359866,0.345828807769,0.156702840952
-0.0361289705318,-0.189905034596,0.355237572961,0.160505987223
0.0313860626714,-0.153149276008,0.393471711979,0.170488375731
0.00214830356378,-0.166309910354,0.367051454931,0.160653185563
-0.0355451540988,-0.189154592107,0.348426880931,0.155537146071
0.0396084751348,-0.143677572302,0.392611594402,0.169662725646
-0.0678286467908,-0.208910805228,0.335425353327,0.151244811965
0.0314618648389,-0.156942091537,0.396913673239,0.170580285386
0.00683294280623,-0.167592985492,0.371177206268,0.163323212026
0.0276365205102,-0.158347101029,0.361784451101,0.155119860003
-0.081072595385,-0.222298421476,0.313866363767,0.144462150441
0.0649192311672,-0.148163199778,0.411506372305,0.174659959377
-0.0610807985954,-0.215401685387,0.339996647611,0.153545956559
0.0418600219844,-0.159688064474,0.405959461793,0.177230799756
-0.0405526457492,-0.202148862685,0.354762319511,0.161868369178
-0.0108599075865,-0.187349708479,0.376847196658,0.167611277028
-0.0657400553226,-0.221084779968,0.349191242545,0.161592011799
0.0281432481901,-0.170644964795,0.404727911598,0.178945670263
-0.0435538947772,-0.206883541624,0.358722533913,0.162445481169
-0.00569827145813,-0.183718812432,0.380611920492,0.170059748636
0.0122469189633,-0.16946856081,0.382947936347,0.170388931777
0.0025405588297,-0.171137781974,0.373136617955,0.16608827688
-0.0295408757698,-0.187492305521,0.35590524731,0.162233295839
0.0425933902709,-0.149188703878,0.392656847029,0.172841355298
-0.0424758095578,-0.197335296786,0.344069749642,0.157533164821
-0.0321683674277,-0.19195623849,0.358318309384,0.162414032162
0.0761586769139,-0.129334214979,0.412407346691,0.177740429608
-0.0924982270302,-0.22567998099,0.322076846524,0.152669037078
-0.0205633903022,-0.18745947118,0.369784703476,0.168608778709
0.0141856710865,-0.164600578521,0.385655132458,0.172978576861
-0.0229437506999,-0.184359480753,0.358853427917,0.162886425122
0.0650377439798,-0.133302472778,0.400590038822,0.173492128822
0.050343989226,-0.134106837789,0.373709141904,0.162134394637
-0.0404270997485,-0.184514244748,0.326526539596,0.148919815349
-0.000776435984975,-0.166528774689,0.359249754342,0.159694326934
0.0337864766281,-0.145223308973,0.373500974439,0.1638314071
-0.0389038134452,-0.185467886984,0.335443851049,0.153524053183
0.060754821027,-0.132528951879,0.394950013071,0.172100290478
-0.0972151584195,-0.224597392353,0.315095820339,0.149488868433
-0.0241051730641,-0.187063041053,0.363503476092,0.16479158361
0.0135163435422,-0.163947578788,0.382300152396,0.169617213111
0.0052342541622,-0.167566046274,0.371096995089,0.164441226287
0.0372128559399,-0.146516680574,0.380208932051,0.166707854251
-0.0526646651153,-0.196430361135,0.333883810162,0.152677766916
0.0184564165253,-0.163216626354,0.379493892239,0.166610073684
0.0421774409538,-0.14346173325,0.369200957049,0.163779179194
-0.0658337828712,-0.205585821348,0.3163520859,0.15050072281
0.0685085773825,-0.135845538924,0.4048024628,0.178836799563
-0.00619646738912,-0.169328678401,0.353602832339,0.160785991172
0.023622960746,-0.153169422466,0.370127268314,0.164677217018
-0.00504482829798,-0.168686121004,0.350959253488,0.15869522025
-0.0235915446335,-0.181503465448,0.348580680403,0.158507867678
0.0140910803987,-0.163240097648,0.372348067158,0.165629994516
-0.0295950473596,-0.186014526639,0.349201547808,0.158617370323
0.0364508196412,-0.149416995507,0.386676888713,0.168758336035
-0.0668638688093,-0.207587358217,0.334404586362,0.152805392046
-0.0357129357498,-0.19197583541,0.356936333554,0.16038056265
0.0539694751353,-0.144685240506,0.402305910712,0.172487428472
-0.0808792101825,-0.218994148802,0.327789200363,0.15267358511
0.0582480501761,-0.144677972027,0.417608786903,0.180863183448
-0.0846452129931,-0.223940576136,0.338622662788,0.158101885066
0.0342373353415,-0.158290326619,0.411479536327,0.181756376589
-0.0866410370281,-0.224328226946,0.344445620124,0.160246083997
0.0238419710108,-0.163951898397,0.411501993174,0.181274680452
-0.0180766689513,-0.180411254291,0.375086148228,0.169263596243
-0.0134567425829,-0.176811294528,0.370510243165,0.16739969726
0.0231327760543,-0.154070486214,0.38476880808,0.169837757193
-0.0206031170951,-0.179323240894,0.357014681008,0.160064086045
-0.0309833811255,-0.206223591689,0.388510419674,0.171552334832
0.0335180063053,-0.164888189288,0.414386114809,0.179155849042
0.00354932303079,-0.172570148985,0.381135511526,0.167890579043
-0.0521908187099,-0.204488285706,0.349906723456,0.157865863578
0.0485911653796,-0.147791505141,0.408626596438,0.176020495828
-0.0418827086798,-0.195027454218,0.353002674306,0.158810748874
0.0422268517853,-0.150055525693,0.39930305283,0.172106115008
-0.00825276418056,-0.172655817821,0.361428083601,0.158199682404
-0.0395032463342,-0.190750434931,0.3500455186,0.155041494433
0.0329664951429,-0.153412354892,0.389841967122,0.167799288312
-0.0197894826044,-0.180646301285,0.358190497488,0.156905198696
0.0159774516291,-0.161731183779,0.377029000327,0.162901199115
0.00231231848965,-0.166203039783,0.365775252005,0.158828308096
-0.0422951025039,-0.195219217013,0.342278848729,0.152649359102
0.0470945493824,-0.144481418141,0.397722612289,0.170466999808
-0.0155909930991,-0.176706103083,0.353566029399,0.155856201949
-0.0323815329925,-0.185050414237,0.35806001685,0.16174923253
0.00478516620643,-0.164498743043,0.380173305236,0.168419696269
-0.00352322423557,-0.16872851337,0.368407060182,0.164701062475
-0.00969051141333,-0.173495393744,0.362901485319,0.16241196245
-0.0160185707926,-0.174517847627,0.359822679621,0.162187165771
-0.0964188141227,-0.223567040297,0.325158103612,0.153086623894
0.0539474167404,-0.143579212458,0.422376953493,0.18414530841
-0.0896453739066,-0.222305568645,0.340018387304,0.159812490269
0.0598207353649,-0.141955227534,0.433694637917,0.187281937374
-0.103282431369,-0.234186920431,0.3419772593,0.16082497287
-0.0385970208261,-0.199180477328,0.382764338459,0.174534764104
-0.0421706609387,-0.202123901531,0.376924079442,0.171862268195
-0.0586661222609,-0.20915132225,0.370141224122,0.170871148287
-0.0377004734262,-0.198776560393,0.380901298193,0.172682062005
0.01569213595,-0.164476487079,0.403709727087,0.179046118905
-0.0912982184257,-0.226278146348,0.344976780333,0.161302663328
-0.0534758870891,-0.206519720691,0.368413208149,0.168101271765
-0.0668417875494,-0.216105960706,0.362006814913,0.165123717205
-0.0461431411925,-0.204459341189,0.374953198019,0.169676294769
-0.0396667374706,-0.201437357928,0.377944317823,0.170735847749
0.0312102078867,-0.158202472763,0.412054102921,0.180774014852
-0.0836584882212,-0.221834105958,0.345731377689,0.160564521643
0.092445174218,-0.126739155332,0.449978007178,0.191280603571
-0.0715773983703,-0.216325449824,0.35292491316,0.162575188543
0.0380460029583,-0.155003011377,0.417741213985,0.184305287499
-0.0175271726987,-0.184311776922,0.3738203284,0.16792651101
-0.00456106716512,-0.174874156174,0.377032982555,0.168540266356
-0.0388348427195,-0.193213480964,0.357473048311,0.162469636013
0.0750258600422,-0.126487960313,0.416306715567,0.18011325296
-0.0846280858432,-0.219379748422,0.330837580721,0.155676782396
0.0418855669296,-0.152064725384,0.414422854636,0.182525118597
-0.0528578370279,-0.200819192923,0.356084194248,0.165302698499
0.0022993530619,-0.173031178083,0.387689025323,0.173276060817
-0.0290437109337,-0.190153096107,0.367398410444,0.166701070962
-0.0232792306231,-0.187560919691,0.370353158576,0.166689935233
0.0321247373856,-0.155436867121,0.395371186869,0.173341510369
-0.000227561330417,-0.170156762897,0.368227345644,0.163107142623
0.0431028786758,-0.143325569779,0.384340141024,0.166667723838
-0.0811040610376,-0.215860100021,0.3242220936,0.150200212253
0.0736088308208,-0.13386296796,0.420628956985,0.181177333267
-0.0484389464417,-0.198638831333,0.350610156436,0.159679279417
0.00849963229571,-0.168667679661,0.38597540028,0.170873373005
0.0430530700496,-0.150768304041,0.331978357286,0.145939354492
-0.0437812562062,-0.199989019769,0.300042073821,0.138158114786
0.0534233689261,-0.148655580215,0.370664699925,0.162050187549
-0.0133156937546,-0.181827681113,0.333296247984,0.151665097329
-0.043224511967,-0.231158525038,0.407310618241,0.177608581606
0.0315345344977,-0.182123811223,0.43290338398,0.182960351792
-0.0851057455043,-0.241722058977,0.36207441517,0.161493132029
0.0235876977729,-0.178241784269,0.425964906661,0.184556977171
-0.0396002222009,-0.20947486979,0.378261661401,0.169572581424
-0.0438669814443,-0.214934415781,0.372858364929,0.165995064901
0.0230186270409,-0.172833116502,0.408696095704,0.177238955234
-0.0242593391873,-0.198573403477,0.370721401704,0.164373806577
0.0294446782145,-0.166004180111,0.393729617474,0.17026272568
-0.00945652826406,-0.182288836282,0.363902617588,0.159803302558
-0.0560623129662,-0.209486352421,0.343469790349,0.155033298239
0.00936449879408,-0.173401874423,0.386919749904,0.170740359209
-0.0308009853557,-0.194654337411,0.359050941219,0.161099490084
-0.0143861436152,-0.181705327035,0.37133594093,0.166920772002
-0.0366037602183,-0.195849438504,0.357923158804,0.162572326648
-0.0500308401122,-0.206338059885,0.354503430973,0.161892283145
-0.072004087785,-0.216430565857,0.360932017639,0.167761378291
0.0824067951159,-0.132998044302,0.443414530796,0.19183428332
-0.0336630299472,-0.19543095307,0.368641247199,0.166099642035
-0.0592446773925,-0.212069956115,0.35700925591,0.164077644774
0.0558224351926,-0.147843675498,0.421786543255,0.183445505253
-0.0737725622784,-0.220366534672,0.348379692191,0.160985842522
-0.029778626596,-0.197863846421,0.374793109096,0.169107846042
0.00760054540629,-0.176129018598,0.389771000852,0.172367127851
0.0473022418862,-0.137553132758,0.36377524952,0.154330553274
-0.0217140185018,-0.177372966007,0.328889335694,0.144858902391
-0.00398533958066,-0.172908565877,0.349238988959,0.152764417094
-0.0352818969209,-0.19424573936,0.336440329261,0.152023511059
-0.0864252027783,-0.22790106354,0.322341697839,0.149566420317
0.0640922069678,-0.145878710684,0.421731517375,0.182360911658
0.00767950531869,-0.17147649301,0.373698907544,0.165269623557
-0.0497206975543,-0.204827632983,0.345149278782,0.157324474471
0.00437367246597,-0.174484286721,0.380790322342,0.169989333456
-0.0293140424071,-0.191723858595,0.359130329219,0.162068261915
-0.00204345637595,-0.173221251547,0.376499834932,0.165818994818
-0.0368746194873,-0.190054224438,0.35736161519,0.161126152831
0.0497292986909,-0.137933606999,0.404266377219,0.17339668654
-0.0622034013264,-0.20301568673,0.339704348748,0.154336608897
0.0446276910865,-0.148089036398,0.403874896873,0.174328171553
-0.118419079393,-0.244849285238,0.32284292919,0.150907280387
0.0342875990693,-0.16465072025,0.417468131458,0.18373238177
-0.0368702455846,-0.199595082344,0.366934918046,0.165799074925
-0.0660042796686,-0.219476436522,0.355089467728,0.163777378219
0.0200725456508,-0.17299964865,0.405114072696,0.180041873365
-0.0370438278764,-0.204627359857,0.364685656524,0.165553282766
0.00641168434374,-0.178292935285,0.387127323361,0.17199295336
-0.0464368858755,-0.203677510246,0.358564145265,0.162521502004
0.016920433104,-0.169958421691,0.394811995599,0.173362010274
-0.0600485486215,-0.211353571091,0.34951564087,0.160244670565
0.0873644818272,-0.13049939739,0.429327480237,0.182224352033
-0.0760610752129,-0.22039211698,0.338311785329,0.155462527557
-0.0378180604759,-0.19949066839,0.365178043309,0.164119423425
0.0368666163022,-0.155105202134,0.404554863041,0.175848453482
-0.0769719612795,-0.220930922405,0.336445788258,0.156313396499
0.0236701001267,-0.16766409738,0.399026249713,0.175331738199
-0.0324227396667,-0.194612419052,0.361459276652,0.165136395898
-0.0250190318153,-0.190866556561,0.366088139625,0.1667837878
-0.000650451950969,-0.175400886642,0.378592561053,0.169040006266
-0.100003707068,-0.234917808498,0.328703308126,0.155260052321
0.100061981908,-0.133766604133,0.453102898857,0.193167650628
-0.0456726499844,-0.209505885617,0.359244574991,0.163753318095
0.0478316643324,-0.156089369432,0.408797494574,0.177310909914
-0.0643074685261,-0.219122487745,0.344837411783,0.158068807207
0.0688927451523,-0.144190095452,0.422252615966,0.18118365709
-0.0107250306871,-0.183188262678,0.365942138807,0.162470823582
0.037557387469,-0.154093486143,0.386626237444,0.168853058098
-0.0148187969049,-0.179904413929,0.351779583309,0.157419468658
0.0208872442595,-0.156939151165,0.372604552421,0.164702783232
0.00298281796224,-0.16468532762,0.359091565404,0.15990287617
0.0115307279132,-0.161548276366,0.361328089323,0.159467771806
-0.0368011651776,-0.188667921227,0.33969695191,0.156291250121
-0.053121825588,-0.260205863861,0.39754497366,0.182732206636
0.0683472067107,-0.179313178994,0.454842522186,0.197794991027
-0.113744743775,-0.275468464218,0.351557026014,0.167820772977
0.0231075895033,-0.197958116277,0.43192897896,0.193208657165
-0.050571439604,-0.23530326289,0.380830516532,0.175287130688
0.0254172642624,-0.185478539181,0.418636851693,0.186512788984
-0.0843578007315,-0.243033897463,0.354782631272,0.165573946262
-0.0601217498395,-0.230811709575,0.368419342788,0.170560853195
0.0179108126725,-0.188092952739,0.410554749877,0.180835731931
-0.0411808553157,-0.217705064092,0.369404033797,0.167617316942
0.0354925954728,-0.1696009372,0.409597878775,0.179620204883
0.0168911485331,-0.158221647394,0.366477588772,0.162627046937
-0.0904906428611,-0.222196513279,0.31574611218,0.150236215846
0.090535049692,-0.130265031996,0.428792504982,0.18534759776
-0.136548191848,-0.258828531957,0.317248234034,0.153318031557
-0.0400667476284,-0.208798847814,0.379354859052,0.173562143811
0.0949250652907,-0.129101764444,0.440221435091,0.188390211833
-0.0780577427576,-0.226030464437,0.347783757868,0.160199144149
0.0195213844342,-0.17574591035,0.405884224,0.176165093534
-0.0662465346603,-0.222339077245,0.355634651836,0.161241744633
0.0261032473942,-0.169947380416,0.41177851531,0.179269072727
-0.0182174778136,-0.190157326101,0.377528349882,0.166122332688
-0.0300046116849,-0.181782071912,0.368982712965,0.168612665054
0.0263672217715,-0.150352288587,0.394416456971,0.174524981688
-0.0368097541499,-0.184900428221,0.356397886408,0.162298912929
0.0410309907378,-0.142490757272,0.397601583106,0.1751277327
-0.0615543969566,-0.201034516258,0.342326906251,0.158011334514
0.0284818790654,-0.154433849288,0.399099500411,0.177154872069
-0.000732101153988,-0.164549358982,0.370455040445,0.166873908371
-0.0276073531484,-0.177400589386,0.355254235018,0.161684005023
0.0504592525698,-0.135058497803,0.394260711783,0.174444283661
-0.0773085175737,-0.211681290627,0.327444309579,0.155606574439
0.06560167447,-0.135205284053,0.417914978097,0.184079409497
-0.131431463527,-0.249206279531,0.319184008906,0.157221475815
0.10327338195,-0.126142739348,0.469338327414,0.20745230255
-0.0732782431796,-0.22427048403,0.363583751015,0.172951937806
0.00650089568346,-0.182508041366,0.408844972304,0.184241810491
0.0498285258138,-0.0972289025508,0.29926030004,0.124772310836
0.00798161273415,-0.12881005575,0.292050542308,0.127508630467
-0.032026124621,-0.172346752673,0.314298252829,0.141859991871
0.0343050560476,-0.141520200042,0.365288637046,0.159399849013
-0.0398782996252,-0.188354982249,0.326024826742,0.147562154389
0.0669247056713,-0.126660253443,0.39577447415,0.167653762139
-0.000711675938071,-0.159068905949,0.349580145125,0.153877509855
0.0317569305002,-0.139639997675,0.367367999818,0.160342669061
0.023107215462,-0.141917309955,0.355613031433,0.156228091138
0.0484922533281,-0.125647656227,0.363372381393,0.156916347153
-0.0186259328346,-0.16393703889,0.327229815244,0.145684877347
-0.0131262047087,-0.164163277931,0.338917879892,0.152297814167
-0.0396015878361,-0.18294656346,0.332924682607,0.153880975957
0.0112030852947,-0.159251265071,0.370622418049,0.165844432899
-0.0529482122108,-0.198346145989,0.339887701067,0.155846526047
-0.00574296391457,-0.175910782189,0.374394930015,0.166126978665
-0.00976127346541,-0.177492792358,0.367556334608,0.16408044653
0.00102217782512,-0.184040379694,0.362037704677,0.148502789989
0.00470767173738,-0.175013369031,0.364946113883,0.154420249805
-0.0432686035239,-0.205064118547,0.340014610725,0.150285421716
0.0321621088259,-0.164377174376,0.383836049708,0.161853333409
-0.00554856844297,-0.183168676324,0.360486832594,0.153395048323
0.0342007768241,-0.15721815544,0.380640548027,0.16082451838
-0.0358156774969,-0.195590364582,0.343394418605,0.150205063651
0.0711622909477,-0.133072369798,0.408070422555,0.172272293651
-0.0226886421088,-0.18326112842,0.350433845872,0.15445811464
0.0518445669464,-0.14133896764,0.391919433691,0.165647798023
-0.00970336249057,-0.17107403202,0.351043227204,0.153532297696
0.00418619341639,-0.164246669336,0.361555347206,0.155584784377
-0.0339312775959,-0.188900361281,0.343897014437,0.15257663099
-0.0252475829801,-0.188346184666,0.356410284331,0.158401631089
0.0561235218878,-0.140847078625,0.398814152338,0.170765492849
-0.0930114180737,-0.223947257403,0.322857954412,0.149213746332
-0.0475229065097,-0.202860877032,0.353174168256,0.160168390206
-0.0274800121198,-0.193548680158,0.366878407235,0.164717219082
-0.0019416448964,-0.176999897915,0.382173344564,0.168362227564
-0.035041072636,-0.197468081188,0.36149793984,0.160211200542
0.0230967388681,-0.164940753573,0.392135215501,0.168242940919
-0.0634533564188,-0.210722354882,0.346457878272,0.154226568232
0.0359699918511,-0.158098571764,0.404856646891,0.173474558175
0.0450377008054,-0.124103252031,0.337667148365,0.14485609076
0.00598096364588,-0.147417660256,0.320610861994,0.142863055083
-0.0491152327806,-0.183433919677,0.307153814843,0.140905569452
-0.0220893673245,-0.174063458045,0.340675373508,0.152505507851
0.0427775831165,-0.138857558461,0.378514018026,0.164687696958
-0.0528493206112,-0.190568164189,0.328920081842,0.150628070836
0.0208468097539,-0.153566506663,0.379675135715,0.167680911607
-0.050570846853,-0.193162503046,0.342040012852,0.156627722421
0.0676702844014,-0.129659116959,0.411641267982,0.17560666024
-0.0250618927164,-0.176415120086,0.35220112645,0.15671265361
-0.060048332741,-0.200900632956,0.340125965248,0.154599796725
-0.037321583352,-0.191620033806,0.355788254538,0.160114541175
0.0261251083451,-0.15547508891,0.393253874202,0.17103964247
-0.0750430256346,-0.213432453275,0.339101189251,0.157051391886
0.136292543251,-0.0980656886027,0.463732745125,0.194884054889
0.055670232918,-0.131571145546,0.392231989904,0.168678403696
-0.0632208312094,-0.201071231256,0.328286951765,0.150887901004
-0.0316742764551,-0.186560958968,0.350308708617,0.157682778541
0.0332429095774,-0.149217465557,0.388519355209,0.169336828463
-0.105163669271,-0.230375602731,0.321485947321,0.150491481836
-0.0327999120942,-0.192344436475,0.371243288684,0.167238830682
0.07246030231,-0.129228214763,0.422666438019,0.180226473713
-0.0440730868627,-0.193510255051,0.353614027925,0.157854596513
0.0120539000469,-0.165495675109,0.383133188949,0.167369446867
-0.0204789248988,-0.180897466723,0.361900008598,0.160383139978
0.00439895259321,-0.166397146117,0.377142389977,0.16620033044
0.101511332953,-0.105214118226,0.411671491238,0.17507280076
-0.056832701035,-0.193273497322,0.323450663434,0.150293482011
0.049072493708,-0.139344030956,0.39117194952,0.171653070429
-0.101317303491,-0.23091393683,0.316742066504,0.148986312078
-0.0325826604146,-0.195475445865,0.362661699891,0.164418522087
0.0302632750961,-0.162496584275,0.396784414479,0.172488327407
-0.050734456042,-0.207572448592,0.345268361776,0.155944941008
0.0106140729529,-0.173166732083,0.38719813526,0.17010972092
0.0275393785149,-0.129951377042,0.315091784871,0.142930189398
-0.00981140771503,-0.155370404499,0.307955181128,0.143280539522
-0.0637675766091,-0.194061185036,0.299288669882,0.143023109695
0.17740442259,-0.0674883749684,0.45142680233,0.188923924971
-0.0135113709349,-0.174975013421,0.34257023416,0.155098689374
-0.0251578810007,-0.186405067536,0.342501202722,0.157034180803
0.0568919681655,-0.137374762834,0.391349106281,0.170442214513
-0.00834381316372,-0.170462507207,0.348990301468,0.156983568702
0.00658254452374,-0.163962810107,0.35942670441,0.160304102172
-0.0496797995315,-0.196993853112,0.333946390118,0.15460707658
0.0944638713518,-0.119688807772,0.417949725307,0.178272367998
-0.0402302335261,-0.191037870754,0.340420213549,0.154987530576
-0.0121205929015,-0.17907975475,0.362463632505,0.162898946345
0.00315165015035,-0.169871516785,0.372504635629,0.164478928684
-0.0125312913119,-0.172769981892,0.361221896034,0.163253562515
-0.0949533121919,-0.223442645814,0.324918466567,0.155541534927
0.10485444174,-0.119796313026,0.443757705596,0.188984807701
-0.0669174574239,-0.21716077236,0.347879492603,0.159952266928
0.0591781716321,-0.147254886908,0.419860510215,0.183072521337
-0.072253121151,-0.221874837619,0.3427482921,0.160758965082
-0.0286415520664,-0.199194243698,0.371219897693,0.168829751576
-0.0246313052165,-0.197588431704,0.373602345134,0.168615347714
0.0129232538062,-0.173485898197,0.386860267027,0.174128953212
-0.0893676383515,-0.230866219445,0.335721258291,0.157559789841
0.0344342153327,-0.164549599321,0.414587451712,0.183952328239
0.00413886485572,-0.17471724608,0.382106430715,0.171485560527
-0.0169183778216,-0.183401074995,0.365396704103,0.164726537336
-0.0775194083186,-0.221644728504,0.339255520522,0.157101553866
0.0653399492822,-0.144864824866,0.424458661659,0.181633504802
-0.0973086925113,-0.236375290648,0.339521211824,0.157139298878
-0.0281575122371,-0.198685301477,0.382623752331,0.170859691143
-0.0386036592559,-0.205171711789,0.372847609541,0.167925783602
0.0190674535947,-0.170160649391,0.401342363733,0.175936137692
-0.0826479512584,-0.230844145629,0.344379315255,0.159981663028
0.0778603650348,-0.142925702023,0.439564791103,0.186454275843
-0.0508056171652,-0.212040744849,0.359791035046,0.162885678032
-0.0417455023478,-0.208133140139,0.366505228291,0.164581023101
0.00133846647838,-0.184514716081,0.388436289116,0.169978319875
0.0424113833125,-0.157047649662,0.398209121421,0.169655440846
-0.0369948515721,-0.196886129323,0.348731748061,0.153989725357
-0.0768207279225,-0.22522290116,0.338001779595,0.153706453012
-0.0264513197093,-0.197879649913,0.371516862691,0.164553556596
0.00716126649395,-0.17456863548,0.386904389569,0.169091943924
-0.0553108023112,-0.211589922976,0.353745550609,0.159052389517
-0.0385421291575,-0.201821943665,0.365562064559,0.163392146387
0.00856485222285,-0.176229397473,0.389742411063,0.170431618957
-0.0182327582693,-0.189095173481,0.368428883868,0.160907076642
0.0319669593969,-0.154809376775,0.391306618431,0.168542596645
-0.0486615500016,-0.195804745692,0.346206795596,0.154671030435
0.0138921591281,-0.165298855834,0.386337819009,0.166843308577
-0.0286123523582,-0.183910055332,0.35826509891,0.158337449436
-0.0216954443171,-0.181447176756,0.362830409057,0.160763193891
0.00311336211749,-0.166064177223,0.376203566624,0.165780279377
-0.0227446369697,-0.181455927958,0.35969867764,0.159914510363
-0.0510625104345,-0.201772445095,0.348880563229,0.158134564536
0.0677395708009,-0.132535772798,0.416688400302,0.179368136722
-0.0108711449328,-0.173166083506,0.36234573737,0.161146453914
-0.00525513081475,-0.169362340026,0.365098384576,0.162760725923
0.0265419449589,-0.148388050553,0.37780443682,0.166997339247
-0.0474906128401,-0.191577612809,0.335854767336,0.153584555194
0.065037787711,-0.131438914425,0.401647341416,0.173622978522
-0.083151809013,-0.219080036194,0.322838574007,0.15101777691
0.10054215409,-0.123050993565,0.438120970791,0.182477359145
-0.0888056332912,-0.229579454263,0.336280745795,0.153192516382
0.062568663366,-0.147645170968,0.42965362467,0.183580007146
-0.0273422513295,-0.190830851968,0.366508439581,0.162434189448
-0.00857555542342,-0.179496817315,0.375075347687,0.163134978985
-0.0328606762452,-0.190405551436,0.36242451889,0.162049638916
0.0851278760164,-0.119060344239,0.42283282651,0.179349896009
-0.128611794486,-0.245839136666,0.316561860391,0.150105193051
0.146086079991,-0.102807991493,0.49328806447,0.207704209545
-0.0542947191665,-0.214749940176,0.379125535287,0.172831741787
-0.0371290490724,-0.204408576428,0.387701953792,0.175021754308
-0.0268704849351,-0.197348786548,0.387122398863,0.174112635647
-0.0567985898173,-0.216427451168,0.368290717745,0.167533819271
0.0521051273686,-0.152789147023,0.424119748954,0.183289487454
-0.00731882191984,-0.179648436519,0.375979289144,0.167038996325
0.0363852830482,-0.150173210641,0.389130000292,0.171693380229
-0.00450391416979,-0.167922541775,0.357256635022,0.160519805524
0.0253516234318,-0.149661320873,0.373800075115,0.166495404674
0.0677443580488,-0.114155429997,0.374478285946,0.161924795125
-0.117498881684,-0.226033685221,0.288976296461,0.139387550259
0.142659683065,-0.0877823973286,0.458908258989,0.193415813866
-0.0648264638178,-0.204420331064,0.345496797421,0.159600715366
0.0716230864613,-0.129597800205,0.425038130857,0.181700722032
-0.0394950692652,-0.191621924569,0.35276193324,0.158517151077
0.032014566268,-0.153265082833,0.392798403568,0.169477835079
0.0152920811143,-0.157777116721,0.373009363714,0.162204942481
-0.0275660819726,-0.179353417236,0.349888244849,0.153775590666
0.0353116428795,-0.144148885095,0.386686694537,0.165539610307
-0.0836504930429,-0.213992400773,0.325590228326,0.148437112822
-0.0370693879248,-0.189938488254,0.358877970494,0.160851681815
0.0202306583302,-0.158368102508,0.389563351007,0.17017615076
-0.0372728322512,-0.189946112677,0.351802875486,0.160971720754
-0.0276181731975,-0.185799509336,0.359247387495,0.163217117463
-0.00816535344584,-0.175176992617,0.371342581949,0.166726220965
-0.00963730429321,-0.176402946202,0.366563484028,0.161543811723
-0.0568765263592,-0.208952602243,0.344525250102,0.155841104631
0.0359063802423,-0.156345293399,0.402565537977,0.175589854682
-0.00476784056102,-0.170893797561,0.368409645037,0.164723058465
-0.0729833885502,-0.214659509934,0.335122467848,0.156841163789
-0.0585790842641,-0.207719490345,0.348166680337,0.161446750777
0.067695066125,-0.14061394281,0.419887342608,0.181834586646
-0.0652766999581,-0.21508685364,0.341884202998,0.15835870323
0.0777369978259,-0.138536272085,0.424327416469,0.181981854402
-0.028454727744,-0.193582984658,0.358217161121,0.159370079263
0.0499610157525,-0.148816385241,0.398416815762,0.169384818524
-0.0573909701618,-0.207062519512,0.339959315287,0.153534120696
0.0875038165993,-0.127535505161,0.422520271649,0.177293160677
-0.0354110549093,-0.195981573058,0.348662884441,0.153996264173
0.00721603411326,-0.169798506016,0.375709126718,0.165050890276
-0.0471104718212,-0.200336416029,0.348887876028,0.158376048995
-0.0383440871339,-0.198079679683,0.356123192456,0.159622887506
0.058354941567,-0.143075148705,0.407117647135,0.174084326474
-0.00828543120832,-0.174305589513,0.361032104144,0.159095790496
-0.0261576347358,-0.184477605127,0.355393904499,0.158777677227
-0.021244031865,-0.183150869465,0.361884982619,0.163303275211
-0.0421581298922,-0.200083108396,0.356407046541,0.160776328123
-0.0589545461662,-0.223534225217,0.364952556583,0.172074474411
-0.0018085464293,-0.187394138502,0.398709576183,0.182349823725
-0.0375050658699,-0.204172192437,0.371108654949,0.17245561213
-0.0172024725322,-0.187649840533,0.383144283384,0.175446628654
0.00205723727817,-0.175496916291,0.386231778155,0.172410421262
0.00547572639705,-0.16183330945,0.357837890724,0.15776861272
0.017049141361,-0.167391287454,0.344829772861,0.151953863768
0.0368334136991,-0.153692203741,0.359290662274,0.155284051522
-0.0361300068083,-0.196429833737,0.325672569641,0.146408222985
0.0367524429299,-0.157283140714,0.374854115276,0.163765649245
0.0864463992594,-0.10230454483,0.316456274188,0.138533971882
0.0056516687065,-0.150689530935,0.282003762931,0.129641509291
-0.0449882035405,-0.224602126047,0.36142960185,0.154214261905
0.000596220015326,-0.198720478977,0.390471167984,0.163018136249
-0.00998243532123,-0.204190814162,0.375223971071,0.159904845132
-0.0126136673175,-0.188965449665,0.374668851838,0.165529811508
0.0164409110488,-0.1689596952,0.386376422371,0.168439687656
-0.0960628486267,-0.23169268695,0.329388471065,0.152578179389
0.0520300362214,-0.156247948374,0.417057354086,0.180499025337
0.00143278346502,-0.176238526117,0.373168293526,0.166641959382
-0.0184456101415,-0.186429913347,0.360708287841,0.163733504853
-0.0422959811736,-0.202292621201,0.352594065862,0.16176277948
0.0110561927361,-0.172527471127,0.386759126714,0.171547625527
0.00696457149002,-0.169768427203,0.368055217229,0.161983021262
-0.0166872929642,-0.179982830428,0.356529775163,0.158838186143
0.018876032498,-0.158892306194,0.37804423268,0.164036283698
-0.0372435553843,-0.189679075587,0.347008075321,0.155293504166
0.0235015695747,-0.157868054815,0.383871246174,0.167270215757
-0.0161630323477,-0.176743830054,0.358017498128,0.158258779425
-0.0125722590188,-0.175281252148,0.363997113676,0.161386238948
-0.0047886041077,-0.171196063724,0.36806876417,0.162692373632
-0.0102867031932,-0.171650617872,0.362202852129,0.163478012318
0.018737363172,-0.157833417036,0.374674309641,0.165376096455
-0.0475660601561,-0.196831860128,0.339382085359,0.155696642902
0.0379138378712,-0.15019848592,0.396179558842,0.171437423942
0.0085561162017,-0.160154637056,0.368098378604,0.162837849266
-0.00800691611663,-0.170100254167,0.357328994385,0.157573095649
-0.0394269481003,-0.192773619642,0.344624106976,0.154174815094
0.0440295815731,-0.14689506882,0.394492393507,0.170964233818
0.011856968889,-0.158031633685,0.364176181084,0.161579003816
-0.047027571115,-0.192107479324,0.336763705048,0.154041034735
0.0446462614289,-0.144153073834,0.394626871776,0.171151011572
-0.0685406307039,-0.209675862803,0.329753639459,0.153090321035
-0.0144109288342,-0.182248207975,0.364453892646,0.163400105689
-0.0124705276223,-0.182287641633,0.364967021422,0.16396655371
-0.0202502621887,-0.187741700007,0.360535518834,0.161437051617
0.00679130238646,-0.170956870954,0.376512510015,0.166680606883
0.0114826333617,-0.162842375537,0.346487270348,0.153665883886
-0.00777910391045,-0.171530713193,0.34322216622,0.153499549301
0.013474547513,-0.159337106217,0.359978445162,0.159560392506
-0.0107062721706,-0.174455604476,0.34924268187,0.154242111916
0.0750526512025,-0.122867518971,0.392732791448,0.166778828051
-0.093997706202,-0.225373419358,0.311534277709,0.144042059564
0.109329438652,-0.120693103687,0.44681471106,0.188262131473
-0.0153568186866,-0.182682838573,0.365322998062,0.16123394617
0.00426353714081,-0.169940134699,0.374557039461,0.16379124986
0.0439088405351,-0.143936692776,0.387852088666,0.167135934223
-0.0815068628584,-0.217216284591,0.323823260139,0.148419543613
0.0397367460991,-0.156367109164,0.405615124238,0.172616386989
-0.0513817690707,-0.202579481455,0.352270920528,0.157122928848
0.0146927656065,-0.168752193602,0.391050185399,0.168011718876
-0.00556268943281,-0.17722105457,0.371640803606,0.161423053141
0.0225304092701,-0.160992125159,0.381220667564,0.163796144321
0.00437578443414,-0.171492949147,0.36516409512,0.158492933171
-0.0606619020222,-0.208682824373,0.333178831719,0.151501942126
0.0350403574269,-0.155416624608,0.40182605273,0.17419491342
-0.057393116597,-0.208298282816,0.3466865197,0.15819588214
-0.0401511327666,-0.199223185569,0.358468779067,0.162326332347
0.0114746091237,-0.170687247998,0.388669476457,0.171833085494
-0.0573415036795,-0.207816950251,0.349850177019,0.160798516392
-0.0322255421896,-0.193962482639,0.366747190159,0.167002499732
-0.023630849389,-0.189775864442,0.371554945928,0.167587644548
-0.00863875121179,-0.18043844013,0.376966183548,0.168490719368
-0.0548029335054,-0.207853565083,0.351976103255,0.16133077808
0.00331657508966,-0.175883329174,0.389339647739,0.172875631108
-0.067781542736,-0.211910755289,0.34974557107,0.16232595636
0.0167399942963,-0.166407697933,0.39742600836,0.175650731498
-0.0970607224588,-0.227050131581,0.336318753896,0.158939196858
0.035969618226,-0.158424025046,0.421700905383,0.184962336755
-0.0693945151106,-0.21555363065,0.358356184078,0.16431009225
-0.0383637654634,-0.199414065971,0.378072790889,0.171006723595
0.00561659255741,-0.171999810252,0.398069956046,0.177053701389
-0.0467994665097,-0.199935541971,0.362281583434,0.165246561129
0.0476960343904,-0.14830932232,0.412241517145,0.18067092706
-0.0245769829906,-0.186509245534,0.363030539804,0.161935458052
0.0437641544372,-0.146914985518,0.397261268616,0.172927815205
-0.00722915516088,-0.17104796711,0.361071399586,0.160623291282
0.0543734238354,-0.131320503068,0.389481308364,0.166761315
0.101341786638,-0.0383543017979,0.258054652377,0.112664352041
-0.0833240445654,-0.160708782134,0.199479613193,0.101285602856
0.203488075582,-0.0234222458436,0.41097070972,0.173122876791
-0.0287223674843,-0.154920338479,0.303987726405,0.141891147306
0.0262491642626,-0.134262012498,0.349300988728,0.157940879348
-0.0108671491678,-0.154220640955,0.332671135996,0.152539503559
0.00761209725175,-0.147878537968,0.349949063508,0.156717100229
-0.00742091563873,-0.16164312108,0.345320537863,0.152694646798
-0.017762883924,-0.174345684238,0.344707515475,0.152374590061
0.0277031147154,-0.14852574507,0.3750425646,0.16168049191
-0.050897322308,-0.197502364123,0.335434204334,0.150296676397
0.00800747275813,-0.171434769536,0.376257712412,0.165894471709
-0.0702191342298,-0.217706426676,0.336715055009,0.154407228385
0.0609096700608,-0.147302676277,0.41660185408,0.180690132133
-0.0803299454745,-0.229042394813,0.337385668333,0.15746070029
0.0698936327658,-0.147156440048,0.430523423328,0.186216369389
-0.0341202310384,-0.199681821289,0.363330308233,0.16374098255
0.0189660219371,-0.169297175074,0.391140218418,0.170800735794
0.00525532325714,-0.161383701337,0.360447736895,0.158797393844
-0.0294267901302,-0.182919481067,0.345461059475,0.15360579261
-0.0439267059191,-0.194335085085,0.346532255266,0.155773611407
0.0410252725655,-0.14690391976,0.397083537252,0.171067897441
-0.0527981100506,-0.198770027781,0.342417306924,0.155223716197
-0.0277108334106,-0.184695168024,0.360228036418,0.161829387393
-0.0766157109843,-0.217867394033,0.339774680816,0.156255837427
0.0272243653908,-0.162235366819,0.405128699591,0.178356283557
-0.0881575051374,-0.2307367911,0.341854559391,0.158123708738
0.0821148591355,-0.140685360588,0.444953959698,0.189194786741
-0.0584529048485,-0.217698987099,0.360199514539,0.162329338468
0.0694599032926,-0.146885024688,0.43045740972,0.18359897432
-0.0785510949044,-0.231138059683,0.346431357712,0.157570070839
-0.0496339721892,-0.214332714914,0.366544222342,0.164471611138
0.0455467366183,-0.15768261462,0.415839369977,0.179834839837
-0.0647257996689,-0.217561753227,0.35291891567,0.159823757425
0.000156865695436,-0.184039072152,0.38993722578,0.170678058351
-0.0417874087553,-0.203945510689,0.364179005474,0.163398181306
0.00221866704138,-0.177713423885,0.388191190441,0.170031544883
-0.0486971001624,-0.205371606592,0.357189502063,0.160610774595
0.00595334947458,-0.174236506352,0.390822088304,0.170884641505
-0.112014090141,-0.244870096075,0.331130833893,0.153780759499
0.0632140412944,-0.148348359544,0.438632207947,0.188852542061
-0.0576001997331,-0.212596360021,0.363411236643,0.165906550825
0.00439189591804,-0.179652485622,0.396604064332,0.175898080185
-0.00913000882548,-0.181199123803,0.379068889524,0.169145881172
0.00055908882171,-0.175098500049,0.380168344758,0.168424159696
-0.0323480125981,-0.192710082726,0.361429540073,0.162351842628
-0.00469599669392,-0.176977278412,0.376304149858,0.166642357492
-0.0353802767851,-0.192913632914,0.357035984666,0.160090025392
0.00750631093136,-0.171840073395,0.381186221871,0.168347911635
-0.0842716302019,-0.226870138721,0.334779823599,0.153701437678
0.122195820206,-0.117671612292,0.455813661501,0.190032509741
-0.0212626746001,-0.190037699662,0.365986958284,0.161290578867
0.0678313818951,-0.134441772939,0.409337357619,0.17158767637
0.0155347889962,-0.155883431193,0.365366585487,0.157152356502
-0.0237460622329,-0.180805230401,0.344801197136,0.150076204661
-0.0110044627081,-0.176517398829,0.356898228711,0.156034884298
-0.0441590412749,-0.198772438169,0.344086298148,0.152130278082
0.0235436070667,-0.163681342685,0.386638046637,0.167372699826
0.0619731743302,-0.129314324379,0.37954162785,0.161897472694
-0.0835760588601,-0.216356914735,0.311891383584,0.1421227008
0.0371856843807,-0.156508187835,0.397258216966,0.168817869319
-0.0105213862198,-0.177213255365,0.360741430711,0.157360606751
-0.0365232579898,-0.192686570765,0.3527224497,0.155309042848
0.00299496764682,-0.171045683704,0.376981400739,0.163156650741
-0.0524649281383,-0.204079847852,0.347589790765,0.154793322344
0.0848096795925,-0.128218981692,0.423487701477,0.178001075661
-0.0623020242904,-0.210936795923,0.339971359386,0.152744135341
0.0166676449217,-0.168097995295,0.392054705549,0.171545457872
0.0107035022558,-0.168293108561,0.378969845683,0.165796663648
0.0102494973133,-0.156474809754,0.348689284804,0.153409729394
-0.0285373830893,-0.180762577485,0.335601897734,0.150514532861
0.00131458240636,-0.167412960008,0.363421795623,0.16014123147
0.00385557041726,-0.164999915624,0.364951262368,0.161188455035
0.0197110803319,-0.15404975771,0.371369387877,0.162740862463
0.0148679471315,-0.155523875611,0.3629385863,0.157990141146
-0.00821170261502,-0.16631775827,0.350015035542,0.155359031126
-0.0401655400564,-0.188273476645,0.34228271211,0.154038626077
-0.00517274609014,-0.168900627579,0.369965955263,0.164724130962
0.00348784393458,-0.161880329249,0.370164890803,0.164785359353
-0.0104062457946,-0.171899222691,0.359827748982,0.16089172964
-0.0175128599195,-0.17600603991,0.359044807007,0.161995298164
-0.0260698803051,-0.181333582935,0.357917724313,0.163308620632
0.0392360806922,-0.146302927965,0.391402693261,0.171470331282
-0.0489762806971,-0.19206669726,0.342390138698,0.156808628526
0.0446727297476,-0.144350667616,0.396271724937,0.174093538063
-0.0512155434564,-0.197922447608,0.340063011618,0.157041210708
-0.0344207621024,-0.189018243354,0.360370691932,0.166576912558
0.0188349421635,-0.158121560604,0.389630956079,0.175466347892
-0.0153834672935,-0.17886510159,0.364453858602,0.165953323771
-0.0419651908306,-0.197720996287,0.352460363502,0.160962302521
-0.0633777554894,-0.213084621371,0.35486260225,0.165314524106
-0.0556574558106,-0.210827602055,0.361215083434,0.167925559536
-0.00138795565458,-0.181764164481,0.391636157263,0.177968913085
-0.0656095352803,-0.217500458453,0.355960483515,0.16765381199
0.0273840910008,-0.167243636362,0.408138716507,0.180115313966
0.00386339560114,-0.174733959871,0.380962370909,0.169665450884
-0.0621197501688,-0.209741915403,0.348358140279,0.15964163146
0.0501792334365,-0.146273203098,0.413343853414,0.176835937632
-0.052329001983,-0.204463528484,0.350738980898,0.158544697176
-0.032487814881,-0.196151259806,0.364365904603,0.162732359404
-0.032318690376,-0.196212459897,0.364792556188,0.162538822738
0.04120893125,-0.153332020697,0.400281208893,0.173741392976
-0.0124999437261,-0.179989510727,0.361120891418,0.160861743399
0.0503734514646,-0.14271610159,0.392880564761,0.167916041011
-0.0252269439321,-0.181076867752,0.345262647999,0.154418950892
-0.0218762410322,-0.179971543814,0.355918300678,0.160000361095
0.0220302899763,-0.15625123754,0.381021688164,0.16568711293
-0.0481218429797,-0.198071567509,0.340445867038,0.153618949658
-0.0397118826244,-0.20339282816,0.364906558763,0.164792168597
0.0665508412631,-0.142089705787,0.419834708173,0.179870668051
-0.0493435171412,-0.205550814457,0.348979095845,0.160240964429
-0.00304553491686,-0.183734650751,0.379971002481,0.167531668204
0.00874985353912,-0.169133554428,0.37205098272,0.164871272033
-0.0120633110391,-0.177259450057,0.35906945439,0.16137346012
-0.0171616804195,-0.181845942355,0.357192619597,0.162705446316
0.0589845256385,-0.134947099296,0.393920687753,0.173911173589
-0.0205994369424,-0.177241593056,0.344126845105,0.158141693634
-0.00630797013656,-0.173623474557,0.357966783316,0.162305879208
-0.0114890328799,-0.177442564736,0.356656194386,0.159926159092
-0.0690820831466,-0.213705356794,0.33356030653,0.153781364906
-0.0466123489889,-0.202465340047,0.351575760426,0.160102866339
-0.0231181768038,-0.191381730363,0.366399701598,0.163828315933
-0.00155540462104,-0.178538131839,0.376259743663,0.166801189317
0.0142959893369,-0.167366903816,0.378578668562,0.166287320955
0.00681673518514,-0.169406848979,0.368601334119,0.16174894505
-0.0356351248977,-0.190124138732,0.347950813398,0.15659697647
-0.0059632581789,-0.178200209592,0.369737096662,0.163337030938
-0.0499998413172,-0.203552264997,0.348729688115,0.157592183048
