0,300,200,50,5.33802297073,4.15234707595,0.029556989669
1,700,400,100,0.820616778625,2.84407772708,0.054629087448
2,1100,600,150,0.760762686793,1.94836183889,0.07603311538
3,1500,800,200,0.48330484648,1.0363610853,0.10124802589
4,1900,1000,250,0.543739252763,1.16975463654,0.12408614158
5,2300,1200,300,0.496444644639,1.31282965054,0.14954805374
6,2700,1400,350,0.54526032864,1.26281967323,0.17615914344
7,3100,1600,400,0.497119230974,0.437395631024,0.1988630294
8,3400,1800,450,0.451513209586,0.0759108698422,0.22060012817
9,3800,2000,500,0.391626574101,0.515576157701,0.24265098571
10,4200,2500,700,0.455878587477,0.582017493188,0.28178906440
11,4600,2700,750,0.428053281164,0.388247398192,0.30560803413
12,5000,2900,800,0.425056556804,0.388923360924,0.33113312721
13,5400,3100,850,0.408821086407,0.566273236118,0.35430002212
14,5800,3300,900,0.407893211594,0.409082355041,0.37982106208
15,6200,3500,950,0.442641561908,0.239861285161,0.40240311622
16,6600,3700,1000,0.460116393756,0.246172227126,0.42644715309
17,7000,3900,1050,0.387615045108,0.259289852373,0.44956517219
18,7400,4100,1100,0.477335589092,0.719401125736,0.48183703422
19,7850,4300,1150,0.485328312069,0.279572792223,0.50939011573
20,8250,4800,1350,0.475138912477,0.237480043036,0.54770994186
21,8400,5000,1400,0.495568642914,0.343797064162,0.5612599849
22,8550,5200,1450,0.423626095722,0.385119239481,0.57672905921
23,8700,5400,1500,0.408964431233,0.455994585986,0.5899360179
24,8850,5600,1550,0.502388137651,0.637336508845,0.60367202758
25,9000,5800,1600,0.51969102806,0.405130039783,0.61816000938
26,9150,6000,1650,0.430343996213,0.278135773669,0.63144803047
27,9300,6200,1700,0.458291046461,0.00960987166178,0.64636111259
28,9450,6400,1750,0.450367165264,0.167043090612,0.65998697280
29,9600,6600,1800,0.482246147184,0.405012164055,0.67353916168
30,9750,7100,2000,0.441744533802,0.215135875681,0.70014810562
31,9900,7300,2050,0.417015645177,0.227612278766,0.71314501762
32,10050,7500,2100,0.4961422429,0.334764699943,0.72676515579
33,10200,7700,2150,0.432906476517,0.186116847949,0.74209594726
34,10350,7900,2200,0.438892116109,0.0562873562981,0.75482797622
35,10500,8100,2250,0.427063762036,0.280957263574,0.76994299888
36,10650,8300,2300,0.418180890601,0.0984606719282,0.78233909606
37,10800,8500,2350,0.463991080201,0.128021991137,0.79521703720
38,10950,8700,2400,0.482365822526,0.264025030558,0.80807709693
39,11100,8900,2450,0.43756247892,0.0713392335619,0.82318711280
40,11250,9400,2650,0.482699066271,0.438747385811,0.84883809089
41,11400,9600,2700,0.406081609299,0.454618525242,0.86241602897
42,11550,9800,2750,0.436472718629,0.103208445261,0.87478303909
43,11700,10000,2800,0.419064741344,0.23644295748,0.89004302024
44,11850,10200,2850,0.453971909251,0.108058880477,0.90276098251
45,12000,10400,2900,0.403016185156,0.439842552297,0.9155709743
46,12150,10600,2950,0.477125323098,0.183761573472,0.92968797683
47,12300,10800,3000,0.464219135148,0.229435249794,0.94402313232
48,12450,11000,3050,0.478390436082,0.217883032602,0.95745301246
49,12600,11200,3100,0.461185436983,0.209047400807,0.97274112701
50,12750,11700,3300,0.506065303565,0.529422759057,0.99687600135
51,12900,11900,3350,0.480505693631,0.329117463424,1.0092489719
52,13050,12100,3400,0.475872023099,0.24329852863,1.0246820449
53,13200,12300,3450,0.463244008289,0.1446679009,1.0391149520
54,13350,12500,3500,0.478074542854,0.329623848749,1.0564630031
55,13500,12700,3550,0.440613545777,0.0693013579746,1.0695569515
56,13650,12900,3600,0.47620755806,0.340478593645,1.0849809646
57,13800,13100,3650,0.444960815683,0.29073624196,1.099262952
58,13950,13300,3700,0.407949088512,0.450268539189,1.1140589714
59,14100,13500,3750,0.50538000495,0.624992407168,1.1293251514
60,14250,14000,3950,0.428805791202,0.128231862471,1.1545550823
61,14400,14200,4000,0.468723004295,0.32927326197,1.1711480617
62,14550,14400,4050,0.424514059493,0.435604395865,1.1839189529
63,14700,14600,4100,0.452226678526,0.0814018728052,1.1972329616
64,14850,14800,4150,0.43054127376,0.13828695709,1.2137989997
65,15000,15000,4200,0.409384956901,0.508734775318,1.2284910678
66,15150,15200,4250,0.42491260984,0.310435888322,1.241361141
67,15300,15400,4300,0.477598488699,0.251330615893,1.2576861381
68,15450,15600,4350,0.458771352331,0.150967950308,1.2710700035
69,15600,15800,4400,0.453977749278,0.0822603130701,1.2861599922
70,15750,16300,4600,0.44349587901,0.0167055760209,1.3131549358
71,15900,16500,4650,0.466090177651,0.17784490299,1.3258590698
72,16050,16700,4700,0.470838084615,0.00518637232407,1.342236995
73,16200,16900,4750,0.445256041332,0.054543373601,1.3553049564
74,16350,17100,4800,0.507677478903,0.644655555115,1.3719100952
75,16500,17300,4850,0.450380494441,0.0173225131634,1.3849689960
76,16650,17500,4900,0.473862486456,0.206470337884,1.3984429836
77,16800,17700,4950,0.469953918305,0.199131494961,1.4155020713
78,16950,17900,5000,0.475914894643,0.0482140744097,1.4318799972
79,17100,18100,5050,0.433654629282,0.292243926576,1.4474351406
80,17250,18600,5250,0.465168612204,0.103855506953,1.474756956
81,17400,18800,5300,0.459518086252,0.146965641152,1.4892301559
82,17550,19000,5350,0.429634406671,0.274659931593,1.5028710365
83,17700,19200,5400,0.397235241748,0.51636412024,1.5165581703
84,17850,19400,5450,0.461600868997,0.12744962297,1.5335190296
85,18000,19600,5500,0.510612480314,0.568594488169,1.5479040145
86,18150,19800,5550,0.467656743979,0.101643114188,1.5611391067
87,18300,20000,5600,0.436520660775,0.184317358105,1.5794920921
88,18450,20200,5650,0.453204550943,0.0643709491375,1.5964059829
89,18600,20400,5700,0.461048741863,0.00830863310288,1.6131050586
90,18750,20900,5900,0.452969592938,0.0131250097445,1.6415970325
91,18900,21100,5950,0.503680496969,0.439879216355,1.6607389450
92,19050,21300,6000,0.482404437618,0.513025207761,1.6754679679
93,19200,21500,6050,0.438008127985,0.119558879978,1.6958570480
94,19350,21700,6100,0.493735174856,0.305326042425,1.7095539569
95,19500,21900,6150,0.468564125719,0.0198222061965,1.722877025
96,19650,22100,6200,0.409323409904,0.31366842962,1.7370619773
97,19800,22300,6250,0.497564289932,0.267834895265,1.7496540546
98,19950,22500,6300,0.441420348682,0.183154895965,1.7652180194
99,20100,22700,6350,0.42329371741,0.397174395016,1.779334068
100,20250,23200,6550,0.508950631578,0.547407447092,1.8055169582
101,20400,23400,6600,0.443553005246,0.197462261589,1.8205771446
102,20550,23600,6650,0.455694729865,0.0447028071903,1.8344280719
103,20700,23800,6700,0.470557094323,0.124303205059,1.8480260372
104,20850,24000,6750,0.447488201772,0.26276988672,1.8635749816
105,21000,24200,6800,0.437512190809,0.45569319507,1.8810989856
106,21150,24400,6850,0.433706962364,0.146441623382,1.897475004
107,21300,24600,6900,0.465827478385,0.0866121627476,1.9148449897
108,21450,24800,6950,0.427978372868,0.315132868513,1.9312429428
109,21600,25000,7000,0.466765195662,0.21332210934,1.9472141265
110,21750,25500,7200,0.440428743225,0.214928727075,1.9792959690
111,21900,25700,7250,0.437629621895,0.294541867158,1.9930620193
112,22050,25900,7300,0.443869600453,0.0330017631272,2.0072641372
113,22200,26100,7350,0.48229838024,0.444032021377,2.0236740112
114,22350,26300,7400,0.468658546378,0.171854858627,2.0376510620
115,22500,26500,7450,0.456257633642,0.114594683412,2.0536091327
116,22650,26700,7500,0.487532634157,0.399130320327,2.0675871372
117,22800,26900,7550,0.418398031438,0.577204429507,2.0823221206
118,22950,27100,7600,0.463377533057,0.0890245500258,2.0965020656
119,23100,27300,7650,0.43090976347,0.258882259214,2.1087689399
120,23250,27800,7850,0.432397270822,0.377017406548,2.1327910423
121,23400,28000,7900,0.437005909318,0.242419346935,2.1457271575
122,23550,28200,7950,0.422091980562,0.0535396910806,2.1584970951
123,23700,28400,8000,0.524006817595,0.741772852942,2.1727459430
124,23850,28600,8050,0.485973529592,0.0911754007917,2.1849589347
125,24000,28800,8100,0.500534970647,0.51263003132,2.1974389553
126,24150,29000,8150,0.44249086368,0.2260722381,2.2099111080
127,24300,29200,8200,0.439404205653,0.182676066499,2.2235760688
128,24450,29400,8250,0.46153059406,0.13474586179,2.2357721328
129,24600,29600,8300,0.440945093541,0.0680451830831,2.2492830753
130,24750,30100,8500,0.46100268912,0.130143787167,2.2735049724
131,24900,30300,8550,0.438103394002,0.033124916477,2.287747144
132,25050,30500,8600,0.411760832819,0.304076193198,2.3000509738
133,25200,30700,8650,0.432297362579,0.223715702196,2.3126211166
134,25350,30900,8700,0.513000860434,0.588611436847,2.3286740779
135,25500,31100,8750,0.480328562205,0.0940058142363,2.342844009
136,25650,31300,8800,0.446398852666,0.236727432724,2.3563001155
137,25800,31500,8850,0.38739487361,0.713880048876,2.371284961
138,25950,31700,8900,0.451407670542,0.0796165993338,2.385017156
139,26100,31900,8950,0.468076850918,0.263615388214,2.3984620571
140,26250,32400,9150,0.418497405669,0.338770763613,2.4267170429
141,26400,32600,9200,0.465984664671,0.16916891933,2.440359115
142,26550,32800,9250,0.458142167297,0.0340998178891,2.4562780857
143,26700,33000,9300,0.438977339808,0.178414988321,2.4689581394
144,26850,33200,9350,0.476649199275,0.253822688317,2.4840099811
145,27000,33400,9400,0.423320851894,0.193833858159,2.4978580474
146,27150,33600,9450,0.48880020557,0.329683684369,2.5106580257
147,27300,33800,9500,0.408819297059,0.629023466969,2.5232391357
148,27450,34000,9550,0.46110376521,0.0800440900085,2.5386750698
149,27600,34200,9600,0.477749162391,0.254291258228,2.5529451370
150,27750,34700,9800,0.472430597257,0.0244007995594,2.5828981399
151,27900,34900,9850,0.508149939162,0.486445206818,2.5990140438
152,28050,35100,9900,0.434517459846,0.393080266962,2.6144981384
153,28200,35300,9950,0.465810762293,0.179947248295,2.6300010681
154,28350,35500,10000,0.500967081686,0.56431423914,2.6441380977
155,28500,35700,10050,0.483070659171,0.0308571685009,2.6626319885
156,28650,35900,10100,0.512849120654,0.689345373745,2.6768281459
157,28800,36100,10150,0.428898915043,0.252135089194,2.6936941146
158,28950,36300,10200,0.430672072121,0.28364761163,2.7096779346
159,29100,36500,10250,0.405308314251,0.380843510217,2.7242431640
160,29250,37000,10450,0.436249787835,0.397896247279,2.7536890506
161,29400,37200,10500,0.470853371829,0.265664378066,2.7681159973
162,29550,37400,10550,0.468223739137,0.111449493699,2.7851769924
163,29700,37600,10600,0.479749125783,0.33578375739,2.7998571395
164,29850,37800,10650,0.465135842016,0.25271905873,2.81592893
165,30000,38000,10700,0.418095284529,0.310782891692,2.8341369628
166,30150,38200,10750,0.460523853135,0.114134180879,2.851479053
167,30300,38400,10800,0.419602309845,0.188859091066,2.871130943
168,30450,38600,10850,0.47307497122,0.230379813115,2.892581939
169,30600,38800,10900,0.512615993693,0.639439019407,2.9091539382
170,30750,39300,11100,0.452723376037,0.0937799805439,2.9453210830
171,30900,39500,11150,0.456725348419,0.168882069014,2.9668021202
172,31050,39700,11200,0.450118937847,0.135769517517,2.9837160110
173,31200,39900,11250,0.462255121055,0.0874858778217,3.000100135
174,31350,40100,11300,0.417979867453,0.355260110464,3.0159230232
175,31500,40300,11350,0.425591830468,0.120659462835,3.0311570167
176,31650,40500,11400,0.511771889105,0.510277093408,3.0474779605
177,31800,40700,11450,0.477618838215,0.167212308927,3.0643751621
178,31950,40900,11500,0.442658831247,0.094582355105,3.0828959941
179,32100,41100,11550,0.454679411181,0.0249560038645,3.1019649505
180,32250,41600,11750,0.454397037167,0.230481931622,3.1433341503
181,32400,41800,11800,0.44873376916,0.0341152955312,3.1582050323
182,32550,42000,11850,0.462239370574,0.110816684704,3.1777040958
183,32700,42200,11900,0.429236336866,0.159219019996,3.1931819915
184,32850,42400,11950,0.482438384553,0.166269630902,3.2082681655
185,33000,42600,12000,0.550597597584,1.02373410283,3.225129127
186,33150,42800,12050,0.478084090312,0.0693233472403,3.2399749755
187,33300,43000,12100,0.420478895438,0.265865299655,3.2565591335
188,33450,43200,12150,0.424828060059,0.364542794684,3.2734839916
189,33600,43400,12200,0.453583501767,0.0659437063747,3.2874791622
190,33750,43900,12400,0.483621271432,0.0156682742229,3.3129229545
191,33900,44100,12450,0.418354435316,0.258583487957,3.3260700702
192,34050,44300,12500,0.447542735814,0.1365334963,3.3395330905
193,34200,44500,12550,0.437618144483,0.302009839246,3.352498054
194,34350,44700,12600,0.418113363983,0.31732675536,3.3671059608
195,34500,44900,12650,0.49856383033,0.240557613224,3.3805251121
196,34650,45100,12700,0.439874439714,0.0604073712455,3.393289089
197,34800,45300,12750,0.447747336443,0.0485450448693,3.4064550399
198,34950,45500,12800,0.475050280006,0.186592267991,3.4198160171
199,35100,45700,12850,0.486003791972,0.335845234865,3.4331729412
200,35250,46200,13050,0.476340132741,0.18188193904,3.4578511714
201,35400,46400,13100,0.489247420446,0.269691399067,3.4710171222
202,35550,46600,13150,0.436176836831,0.404218030183,3.4845731258
203,35700,46800,13200,0.467474183781,0.189042662039,3.4977741241
204,35850,47000,13250,0.456046525769,0.133782172712,3.511417150
205,36000,47200,13300,0.473272772777,0.0655402301796,3.5245530605
206,36150,47400,13350,0.425704988941,0.262744750186,3.5381960868
207,36300,47600,13400,0.450916017015,0.111039456754,3.5515980720
208,36450,47800,13450,0.454927644344,0.0264214537547,3.5645029544
209,36600,48000,13500,0.455526193524,0.10932912262,3.5770461559
210,36750,48500,13700,0.458238838516,0.064032585994,3.6006109714
211,36900,48700,13750,0.436605397012,0.275271941971,3.6135101318
212,37050,48900,13800,0.424915692221,0.459222318982,3.625956058
213,37200,49100,13850,0.412759751156,0.160210834629,3.6384389400
214,37350,49300,13900,0.433164342241,0.124053550751,3.6509201526
215,37500,49500,13950,0.476058662919,0.321186712606,3.66383409
216,37650,49700,14000,0.41036290254,0.51399552202,3.6764781475
217,37800,49900,14050,0.393113224623,0.40508514789,3.6890261173
218,37950,50100,14100,0.458470190929,0.132268165746,3.701531171
219,38100,50300,14150,0.399304323183,0.586211530061,3.7140631675
220,38250,50800,14350,0.418644066971,0.237321292694,3.7376921176
221,38400,51000,14400,0.400401033061,0.502865913287,3.7500920295
222,38550,51200,14450,0.51985664023,0.598725295669,3.7628829479
223,38700,51400,14500,0.513152201437,0.508487804157,3.7758541107
224,38850,51600,14550,0.476149906764,0.287738061436,3.7883789539
225,39000,51800,14600,0.419998969166,0.189121787078,3.8017909526
226,39150,52000,14650,0.42594649918,0.198029582187,3.8146369457
227,39300,52200,14700,0.425707440265,0.302672194631,3.8275690078
228,39450,52400,14750,0.483799438636,0.387478503161,3.8404769897
229,39600,52600,14800,0.420926769383,0.270804193501,3.8530070781
230,39750,53100,15000,0.379974071977,0.804700453799,3.8778810501
231,39900,53300,15050,0.486833508291,0.515047316124,3.8912479877
232,40050,53500,15100,0.46909045715,0.174528916947,3.9040181636
233,40200,53700,15150,0.450249818313,0.116317581196,3.9176321029
234,40350,53900,15200,0.447079952386,0.109062787076,3.9305040836
235,40500,54100,15250,0.443472245283,0.128839756521,3.9432561397
236,40650,54300,15300,0.452495702822,0.0979609135022,3.9561340808
237,40800,54500,15350,0.450713054325,0.239175220073,3.9695401191
238,40950,54700,15400,0.494000861287,0.301388777613,3.9920289516
239,41100,54900,15450,0.457985621762,0.0128083037787,4.0054540634
240,41250,55400,15650,0.459482001483,0.166524442463,4.0298061370
241,41400,55600,15700,0.457223237008,0.0565139969286,4.0426981449
242,41550,55800,15750,0.464518722571,0.037838513208,4.0558471679
243,41700,56000,15800,0.473333211501,0.211951794217,4.0692760944
244,41850,56200,15850,0.425615017453,0.441572862026,4.0822620391
245,42000,56400,15900,0.428244782024,0.18121244278,4.0952751636
246,42150,56600,15950,0.487845581721,0.319630547514,4.1083841323
247,42300,56800,16000,0.42207651941,0.230927224533,4.1218070983
248,42450,57000,16050,0.476317687822,0.209262423463,4.13495302
249,42600,57200,16100,0.420314664704,0.158999928963,4.147303104
250,42750,57700,16300,0.482086090494,0.253763273742,4.1709480285
251,42900,57900,16350,0.413878061154,0.404706071499,4.183369159
252,43050,58100,16400,0.399155890833,0.582800561212,4.1954021453
253,43200,58300,16450,0.437297502072,0.105127013057,4.207733154
254,43350,58500,16500,0.473323551874,0.158038989326,4.2202789783
255,43500,58700,16550,0.454682734445,0.177446131231,4.2328801155
256,43650,58900,16600,0.472550657496,0.14302801216,4.2454891204
257,43800,59100,16650,0.439855767034,0.214021356644,4.2579751014
258,43950,59300,16700,0.465918726473,0.0567793842824,4.2704260349
259,44100,59500,16750,0.449959022542,0.0268044832774,4.2830469608
260,44250,60000,16950,0.446597889501,0.121715200438,4.3068029880
261,44400,60200,17000,0.400891276778,0.207036045441,4.3193919658
262,44550,60400,17050,0.46576520707,0.108264424085,4.3331210613
263,44700,60600,17100,0.406223922648,0.442313095368,4.3463690280
264,44850,60800,17150,0.515128747311,0.779220279061,4.3590061664
265,45000,61000,17200,0.398465443158,0.485739822974,4.3763720989
266,45150,61200,17250,0.455981305588,0.0463003518539,4.4001281261
267,45300,61400,17300,0.453406428338,0.0250203537543,4.4149670600
268,45450,61600,17350,0.474310106393,0.395713624028,4.4449141025
269,45600,61800,17400,0.417018581095,0.380220647177,4.4616451263
270,45750,62300,17600,0.468028548542,0.0743208451317,4.5023729801
271,45900,62500,17650,0.435846998655,0.124134661044,4.5193309783
272,46050,62700,17700,0.416911890003,0.11604984269,4.5380849838
273,46200,62900,17750,0.464106873418,0.084298231905,4.55445909
274,46350,63100,17800,0.508185618576,0.525568067005,4.5691721439
275,46500,63300,17850,0.44180929484,0.0870691161393,4.5815310478
276,46650,63500,17900,0.45466068185,0.0159773292261,4.5935740470
277,46800,63700,17950,0.448953515441,0.0130352473364,4.6058509349
278,46950,63900,18000,0.450226633648,0.150465151916,4.6183190345
279,47100,64100,18050,0.470771543305,0.294329740194,4.6306309
280,47250,64600,18250,0.48604517165,0.361348073936,4.6539230346
281,47400,64800,18300,0.526573897206,0.822485291251,4.6663131713
282,47550,65000,18350,0.466280186225,0.0509302272671,4.6785790920
283,47700,65200,18400,0.463814432906,0.0165608934983,4.6909611225
284,47850,65400,18450,0.444454149261,0.0282686759222,4.703269958
285,48000,65600,18500,0.466680727938,0.187495359766,4.7155499458
286,48150,65800,18550,0.482670723448,0.258949415049,4.7277960777
287,48300,66000,18600,0.518339718202,0.512485587656,4.7405250072
288,48450,66200,18650,0.441059375698,0.110588589707,4.752755165
289,48600,66400,18700,0.507007396049,0.550269170829,4.7654230594
290,48750,66900,18900,0.464446159431,0.0582509397009,4.7886421680
291,48900,67100,18950,0.51000127237,0.249276009195,4.8010001182
292,49050,67300,19000,0.428120850248,0.310877357948,4.8136260509
293,49200,67500,19050,0.457543230691,0.0357957604897,4.8261229991
294,49350,67700,19100,0.430228615694,0.444311512303,4.8384721279
295,49500,67900,19150,0.445101756437,0.326271871189,4.8509840965
296,49650,68100,19200,0.470697034409,0.175625225885,4.8635170459
297,49800,68300,19250,0.434467459861,0.283432435705,4.8759069442
298,49950,68500,19300,0.488776110722,0.262900330389,4.8885829448
299,50100,68700,19350,0.44263734673,0.218118119325,4.9008810520
300,50250,69200,19550,0.438313352587,0.283166415939,4.9238891601
301,50400,69400,19600,0.486630452842,0.202715640466,4.9365310668
302,50550,69600,19650,0.483425585587,0.22117943541,4.9490139484
303,50700,69800,19700,0.46073064961,0.0789203497682,4.9612960815
304,50850,70000,19750,0.462858619974,0.0234038565238,4.9738490581
305,51000,70200,19800,0.422328978387,0.379980736619,4.9872391223
306,51150,70400,19850,0.438575446091,0.160005663145,5.0001010894
307,51300,70600,19900,0.386023629778,0.868760031079,5.0123319625
308,51450,70800,19950,0.424612679155,0.209417970186,5.0258040428
309,51600,71000,20000,0.426270080306,0.275320057426,5.0386021137
310,51750,71500,20200,0.446020026095,0.177534731086,5.0636160373
311,51900,71700,20250,0.418739398777,0.227689941457,5.076377153
312,52050,71900,20300,0.416961245831,0.238594466947,5.0895571708
313,52200,72100,20350,0.388657220772,0.497363917106,5.101958990
314,52350,72300,20400,0.468872847906,0.301265694599,5.114552974
315,52500,72500,20450,0.448092559993,0.0788330151573,5.1275560855
316,52650,72700,20500,0.424625557297,0.27698769462,5.1413149833
317,52800,72900,20550,0.406059126229,0.36642062679,5.1535639762
318,52950,73100,20600,0.485223295527,0.43211167978,5.1665360927
319,53100,73300,20650,0.478537067324,0.274795201447,5.1795670986
320,53250,73800,20850,0.534873864831,0.689508458091,5.2034640312
321,53400,74000,20900,0.444479806931,0.119606808752,5.2165920734
322,53550,74200,20950,0.41304167465,0.372633629347,5.2295410633
323,53700,74400,21000,0.48415339824,0.385396492581,5.2431039810
324,53850,74600,21050,0.453372491479,0.132963302467,5.2559990882
325,54000,74800,21100,0.430661415035,0.291109597848,5.2695960998
326,54150,75000,21150,0.457641426597,0.163393804499,5.2827429771
327,54300,75200,21200,0.446095043536,0.139280994485,5.2954499721
328,54450,75400,21250,0.404073879114,0.470716314807,5.3080871105
329,54600,75600,21300,0.497116638703,0.517738463147,5.3210489749
330,54750,76100,21500,0.464613414357,0.219336983223,5.345431089
331,54900,76300,21550,0.440174078334,0.112462066027,5.3580870628
332,55050,76500,21600,0.465481683453,0.0484645769029,5.3710560798
333,55200,76700,21650,0.412078928985,0.274403558493,5.3840479850
334,55350,76900,21700,0.421517405184,0.137251217108,5.3968861103
335,55500,77100,21750,0.420938437845,0.159986614607,5.4094591140
336,55650,77300,21800,0.517320127872,0.617410617822,5.4230360984
337,55800,77500,21850,0.452641532655,0.0627909408528,5.4357471466
338,55950,77700,21900,0.466095156745,0.262182881782,5.4487199783
339,56100,77900,21950,0.498729214562,0.652328363542,5.4620640277
340,56250,78400,22150,0.445225592977,0.137710386253,5.4859960079
341,56400,78600,22200,0.485104052667,0.199163339265,5.4985721111
342,56550,78800,22250,0.454564131952,0.0531607810967,5.5110139846
343,56700,79000,22300,0.475567869653,0.199907613745,5.5237319469
344,56850,79200,22350,0.446613581789,0.0734548765115,5.5366051197
345,57000,79400,22400,0.544763990964,0.978216015655,5.5492520332
346,57150,79600,22450,0.426404782285,0.171096946508,5.561644077
347,57300,79800,22500,0.440800626356,0.456827910855,5.574098110
348,57450,80000,22550,0.469432129266,0.0539812019558,5.5869960784
349,57600,80200,22600,0.439060199838,0.0768650525599,5.5993621349
350,57750,80700,22800,0.47365696704,0.20025488683,5.6227290630
351,57900,80900,22850,0.466657144486,0.0787250560206,5.6351180076
352,58050,81100,22900,0.461903413649,0.0874507888174,5.6483080387
353,58200,81300,22950,0.420403761272,0.237008767117,5.6606750488
354,58350,81500,23000,0.483085504743,0.126062577766,5.6730811595
355,58500,81700,23050,0.487893353699,0.142728440276,5.685637950
356,58650,81900,23100,0.434877161619,0.152245211667,5.6982369422
357,58800,82100,23150,0.476657712549,0.16226638774,5.7111599445
358,58950,82300,23200,0.44306765098,0.191053901999,5.7236011028
359,59100,82500,23250,0.442433662663,0.316997813846,5.7361719608
360,59250,83000,23450,0.448394536826,0.158483251503,5.759437084
361,59400,83200,23500,0.51885242156,0.488416482509,5.7727000713
362,59550,83400,23550,0.447857198655,0.113491183523,5.7849431037
363,59700,83600,23600,0.474083530307,0.0521553063839,5.796975135
364,59850,83800,23650,0.443401895787,0.0886056922289,5.8090860843
365,60000,84000,23700,0.476770092944,0.0521952378568,5.8215780258
366,60150,84200,23750,0.488003006711,0.217730548248,5.833675146
367,60300,84400,23800,0.390448525507,0.613889876134,5.8458509445
368,60450,84600,23850,0.44192750608,0.105487868725,5.8579239845
369,60600,84800,23900,0.487226283357,0.300395630943,5.8702101707
370,60750,85300,24100,0.419879212143,0.458428057532,5.8930590152
371,60900,85500,24150,0.401838374298,0.498377886197,5.9052691459
372,61050,85700,24200,0.44133150326,0.20291207714,5.9174671173
373,61200,85900,24250,0.504112987904,0.599798350894,5.9297549724
374,61350,86100,24300,0.476615565389,0.0922181160513,5.9418599605
375,61500,86300,24350,0.421720393194,0.351907772744,5.9542069435
376,61650,86500,24400,0.424721452378,0.217918049433,5.9662871360
377,61800,86700,24450,0.464140023516,0.149723984767,5.9785480499
378,61950,86900,24500,0.455081277606,0.183032107607,5.9904711246
379,62100,87100,24550,0.450515686394,0.0885694492475,6.0029599666
380,62250,87600,24750,0.510545147148,0.49053171262,6.0264110565
381,63150,87800,24800,0.460090921275,0.00782015499499,6.0642631053
382,63300,88000,24850,0.457293883298,0.0063630258972,6.0765960216
383,63450,88200,24900,0.44066452873,0.0747930936121,6.0888950824
384,63600,88400,24950,0.415554589789,0.183163148042,6.1009249687
385,63750,88600,25000,0.473353611843,0.0771017004043,6.1129901409
386,63900,88800,25050,0.454312925548,0.0318016297614,6.1249279975
387,64050,89000,25100,0.428989230397,0.125209296976,6.1374490261
388,64200,89200,25150,0.451919746831,0.0863166430139,6.1493771076
389,64350,89400,25200,0.512790469403,0.545055720967,6.1615431308
390,64500,89900,25400,0.435301966332,0.204357247058,6.1852481365
391,64650,90100,25450,0.431405896987,0.384763440268,6.1974339485
392,64800,90300,25500,0.486206377233,0.405074275039,6.2102229595
393,64950,90500,25550,0.411909779275,0.301234069545,6.222388029
394,65100,90700,25600,0.455082135159,0.0647937790579,6.2345390319
395,65250,90900,25650,0.421054491733,0.320426840534,6.246893167
396,65400,91100,25700,0.469632603357,0.238278040206,6.2594130039
397,65550,91300,25750,0.462447504447,0.225681153796,6.2715430259
398,65700,91500,25800,0.450561502506,0.180995439226,6.2837319374
399,65850,91700,25850,0.484085731962,0.537188776403,6.2970261573
400,66000,92200,26050,0.408047470005,0.319106673242,6.3206560611
401,66150,92400,26100,0.429858205764,0.185581426779,6.3330330848
402,66300,92600,26150,0.375015001572,0.559240919447,6.3450901508
403,66450,92800,26200,0.440522454541,0.0223822266299,6.3578481674
404,66600,93000,26250,0.438833906792,0.212892316207,6.3706450462
405,66750,93200,26300,0.50934934623,0.55902475621,6.3834049701
406,66900,93400,26350,0.408640545807,0.527045664754,6.3957641124
407,67050,93600,26400,0.43847003074,0.107914362778,6.4082829952
408,67200,93800,26450,0.375681656721,0.606969230238,6.4211201667
409,67350,94000,26500,0.525208883691,0.854534796913,6.4338171482
410,67500,94500,26700,0.401989841023,0.333871115838,6.458485126
411,67650,94700,26750,0.439747057597,0.0634554198751,6.4706079959
412,67800,94900,26800,0.483954610966,0.28236208876,6.4829850196
413,67950,95100,26850,0.411925993225,0.348083480598,6.4953579902
414,68100,95300,26900,0.444053049008,0.0323193449033,6.5083019733
415,68250,95500,26950,0.445526016171,0.0272285673636,6.5214149951
416,68400,95700,27000,0.441011383778,0.0992238671413,6.5345280170
417,68550,95900,27050,0.446235715973,0.0250209799882,6.5500550270
418,68700,96100,27100,0.472145445119,0.242087452002,6.5687849521
419,68850,96300,27150,0.42968859608,0.0628580024537,6.5863630771
420,69000,96800,27350,0.475914563983,0.252822321836,6.6242020130
421,69150,97000,27400,0.510363014509,0.557444948414,6.6470091342
422,69300,97200,27450,0.429888794022,0.362638351804,6.6634640693
423,69450,97400,27500,0.409111660121,0.417452227569,6.676859140
424,69600,97600,27550,0.448532338352,0.0737729581025,6.6911540031
425,69750,97800,27600,0.542799280954,1.01015989933,6.7052421569
426,69900,98000,27650,0.420359234896,0.305440549457,6.7195830345
427,70050,98200,27700,0.476536096344,0.223278725975,6.7336590290
428,70200,98400,27750,0.492557849238,0.307469443093,6.7483670711
429,70350,98600,27800,0.437969086616,0.331728272589,6.7624461650
430,70500,99100,28000,0.455300465218,0.242589045241,6.789287090
431,70650,99300,28050,0.448262056402,0.097204677001,6.8032550811
432,70800,99500,28100,0.401632907175,0.459800879535,6.816768169
433,70950,99700,28150,0.462770294287,0.118130715137,6.8314969539
434,71100,99900,28200,0.452373537892,0.0554148229561,6.8456790447
435,71250,100100,28250,0.443293035548,0.0363975409799,6.8596751689
436,71400,100300,28300,0.461312428659,0.0351791302568,6.8752551078
437,71550,100500,28350,0.488377814693,0.33958373193,6.8898849487
438,71700,100700,28400,0.448474551353,0.0393223054715,6.9040019512
439,71850,100900,28450,0.457165038024,0.0514152966328,6.9187369346
440,72000,101400,28650,0.489365417481,0.279577661172,6.944916009
441,72150,101600,28700,0.429296013412,0.36217693905,6.9576101303
442,72300,101800,28750,0.49994146854,0.351319428864,6.9716851711
443,72450,102000,28800,0.483863639999,0.266455597047,6.9851930141
444,72600,102200,28850,0.449501903008,0.0736331609667,6.9979150295
445,72750,102400,28900,0.471529011721,0.0797029933411,7.0107741355
446,72900,102600,28950,0.499141123343,0.435389083305,7.023653030
447,73050,102800,29000,0.454040261906,0.0904932579989,7.0376210212
448,73200,103000,29050,0.444449670151,0.211117730541,7.0507631301
449,73350,103200,29100,0.423026018586,0.241014733793,7.064090013
450,73500,103700,29300,0.418274023189,0.444566150917,7.0880711078
451,73650,103900,29350,0.462597473487,0.15476001926,7.1049420833
452,73800,104100,29400,0.482763101221,0.181009382112,7.1188759803
453,73950,104300,29450,0.496724421178,0.698922347495,7.1370460987
454,74100,104500,29500,0.453961855173,0.0242153201119,7.1559979915
455,74250,104700,29550,0.456161537375,0.24135914457,7.171380996
456,74400,104900,29600,0.458759565805,0.0255076431135,7.1873159408
457,74550,105100,29650,0.47450871677,0.132191684772,7.2036499977
458,74700,105300,29700,0.45005671917,0.104110774033,7.2187540531
459,74850,105500,29750,0.44625211983,0.214084174198,7.2353670597
460,75000,106000,29950,0.454269998757,0.0146166728484,7.270684957
461,75150,106200,30000,0.441793961537,0.0584913371203,7.2853741645
462,75300,106400,30050,0.409209145206,0.243400287966,7.2981071472
463,75450,106600,30100,0.42485358279,0.243189543451,7.31119108
464,75600,106800,30150,0.484382908368,0.169225680237,7.3275320529
465,75750,107000,30200,0.411875155959,0.288164504179,7.3430371284
466,75900,107200,30250,0.460746027346,0.298048192904,7.361482143
467,76050,107400,30300,0.494214462684,0.59340409951,7.3832750320
468,76200,107600,30350,0.44651982088,0.0287501631511,7.402341127
469,76350,107800,30400,0.459484231991,0.105591221075,7.4208581447
470,76500,108300,30600,0.448408223728,0.105782896951,7.4642031192
471,76650,108500,30650,0.494299416273,0.23602889162,7.4831731319
472,76800,108700,30700,0.473545479541,0.20608823341,7.5010089874
473,76950,108900,30750,0.454307240743,0.150982527466,7.5147750377
474,77100,109100,30800,0.460359711346,0.0302159614378,7.5312380790
475,77250,109300,30850,0.448059755479,0.0288123062407,7.5462419986
476,77400,109500,30900,0.434184680465,0.271315766568,7.5594339370
477,77550,109700,30950,0.420330070419,0.219526579843,7.5722579956
478,77700,109900,31000,0.473140784899,0.200922701218,7.5845789909
479,77850,110100,31050,0.475759138331,0.0580816633959,7.5974581241
480,78000,110600,31250,0.420740219746,0.342950255793,7.6203401088
481,78150,110800,31300,0.442940904792,0.0537392901346,7.6330380439
482,78300,111000,31350,0.465478680014,0.0721117587616,7.6484789848
483,78450,111200,31400,0.464277879291,0.221553122161,7.6633689403
484,78600,111400,31450,0.483691905789,0.148221519863,7.6790080070
485,78750,111600,31500,0.406470705719,0.449202739081,7.6952941417
486,78900,111800,31550,0.477829117271,0.17339910297,7.7094459533
487,79050,112000,31600,0.44507876199,0.129042299649,7.7255370616
488,79200,112200,31650,0.526110911751,0.728922685274,7.7394299507
489,79350,112400,31700,0.461685415727,0.0776655172375,7.758295059
490,79500,112900,31900,0.454358412733,0.0257224300626,7.7897729873
491,79650,113100,31950,0.468101961709,0.140953846537,7.8041760921
492,79800,113300,32000,0.461091746104,0.0686316677738,7.8224611282
493,79950,113500,32050,0.4499607856,0.0153517862944,7.8419699668
494,80100,113700,32100,0.473873332664,0.223941035657,7.8575510978
495,80250,113900,32150,0.472948324131,0.237760222343,7.8753180503
496,80400,114100,32200,0.425866763604,0.400917921682,7.8924691677
497,80550,114300,32250,0.453069950693,0.299719795039,7.9095571041
498,80700,114500,32300,0.472821591677,0.120414882098,7.9251251220
499,80850,114700,32350,0.496466556485,0.157110104833,7.9383339881
500,81000,115200,32550,0.406121608033,0.422107164842,7.9619531631
501,81150,115400,32600,0.463188026152,0.05982740412,7.9748320579
502,81300,115600,32650,0.425912801363,0.325855357261,7.9876220226
503,81450,115800,32700,0.423145164331,0.329908830578,8.0011210441
504,81600,116000,32750,0.469111743956,0.0972461757516,8.0140650272
505,81750,116200,32800,0.466011704988,0.190638610598,8.0304651260
506,81900,116400,32850,0.416747446346,0.213827309825,8.049177169
507,82050,116600,32900,0.477749356784,0.175757527853,8.0620260238
508,82200,116800,32950,0.398192885138,0.614350946878,8.0796389579
509,82350,117000,33000,0.467855867963,0.0221048820821,8.0972490310
510,82500,117500,33200,0.41753531361,0.462314056655,8.1259870529
511,82650,117700,33250,0.449725297289,0.15400487019,8.1392109394
512,82800,117900,33300,0.448261782391,0.0997023673641,8.1517450809
513,82950,118100,33350,0.46194534496,0.253833606163,8.1643381118
514,83100,118300,33400,0.41535804925,0.247134759078,8.1766681671
515,83250,118500,33450,0.447532684478,0.0158642559693,8.1893460750
516,83400,118700,33500,0.461318808565,0.0992733580691,8.2017090320
517,83550,118900,33550,0.480801063094,0.289015855139,8.2184171676
518,83700,119100,33600,0.433445394847,0.0408615344328,8.2312741279
519,83850,119300,33650,0.448933577382,0.203386130442,8.2437231540
520,84000,119800,33850,0.42148923469,0.299721615474,8.2722411155
521,84150,120000,33900,0.421096959698,0.311850916841,8.2851231098
522,84300,120200,33950,0.463965572461,0.177179189647,8.2977330684
523,84450,120400,34000,0.432763438539,0.114951598667,8.3103821277
524,84600,120600,34050,0.525841426096,0.66073727392,8.3232040405
525,84750,120800,34100,0.470161154168,0.243793171765,8.3356151580
526,84900,121000,34150,0.44621481049,0.28630555353,8.3481681346
527,85050,121200,34200,0.469641015637,0.204765408433,8.3608679771
528,85200,121400,34250,0.443363880375,0.291716867232,8.3734509944
529,85350,121600,34300,0.40987609712,0.354869564192,8.3860640525
530,85500,122100,34500,0.447988958312,0.0250632844514,8.4104509353
531,85650,122300,34550,0.43611271518,0.11286834913,8.4232721328
532,85800,122500,34600,0.415887149633,0.247085722948,8.4358601570
533,85950,122700,34650,0.482604211236,0.269914984494,8.4486789703
534,86100,122900,34700,0.461008657944,0.07612472621,8.4612679481
535,86250,123100,34750,0.541872032536,0.859750488568,8.4743740558
536,86400,123300,34800,0.422301674323,0.312569137771,8.4871859550
537,86550,123500,34850,0.432824257368,0.232743893701,8.4996540546
538,86700,123700,34900,0.434746549829,0.118614816644,8.5129170417
539,86850,123900,34950,0.464012257435,0.0721502307285,8.5254189968
540,87000,124400,35150,0.455611065866,0.204719119052,8.5511579513
541,87150,124600,35200,0.463415368328,0.0542690422087,8.564311981
542,87300,124800,35250,0.426113954887,0.29027613878,8.5774309635
543,87450,125000,35300,0.424041818513,0.276150196682,8.591947078
544,87600,125200,35350,0.430483959245,0.172590456409,8.6051020622
545,87750,125400,35400,0.499663353883,0.305422254606,8.6187419891
546,87900,125600,35450,0.457136527084,0.0538654333435,8.6314051151
547,88050,125800,35500,0.479529580765,0.35414568978,8.6445460319
548,88200,126000,35550,0.485943242481,0.35181246445,8.6576609611
549,88350,126200,35600,0.461555227826,0.0157902852032,8.6716489791
550,88500,126700,35800,0.467370726507,0.0141811234115,8.6963880062
551,88650,126900,35850,0.410674321172,0.496299512999,8.7099549770
552,88800,127100,35900,0.469985467645,0.224261004862,8.7229990959
553,88950,127300,35950,0.477312764917,0.139507394426,8.7367720603
554,89100,127500,36000,0.497695771145,0.37483931048,8.7510499954
555,89250,127700,36050,0.490782846066,0.420564743073,8.7643589973
556,89400,127900,36100,0.416746322209,0.558404202155,8.7773759365
557,89550,128100,36150,0.437694391991,0.130174848097,8.790287971
558,89700,128300,36200,0.443862222867,0.164405954972,8.8027870655
559,89850,128500,36250,0.492338196737,0.372050138113,8.8157260417
560,90000,129000,36450,0.454086279995,0.0424334855602,8.8392140865
561,90150,129200,36500,0.4495575804,0.0494335861483,8.8517091274
562,90300,129400,36550,0.432107677291,0.452343449578,8.8640911579
563,90450,129600,36600,0.472234122734,0.239845739029,8.8768639564
564,90600,129800,36650,0.422058405954,0.439153602472,8.8893401622
565,90750,130000,36700,0.455804421628,0.179572693421,8.9018411636
566,90900,130200,36750,0.440062602248,0.0219743857808,8.9141671657
567,91050,130400,36800,0.47201179985,0.176008641937,8.9269051551
568,91200,130600,36850,0.480901931775,0.0889848718437,8.939335107
569,91350,130800,36900,0.445661875002,0.0618060796764,8.9518730640
570,91500,131300,37100,0.459578214418,0.144427926797,8.9751501083
571,91650,131500,37150,0.459402948196,0.0341908062976,8.9875850677
572,91800,131700,37200,0.419007433379,0.418574599091,9.000334978
573,91950,131900,37250,0.468962794229,0.108443507006,9.0128231048
574,92100,132100,37300,0.493899166496,0.38763816596,9.0253629684
575,92250,132300,37350,0.433590025053,0.115337221051,9.0380799770
576,92400,132500,37400,0.436305277638,0.0633086552535,9.0506801605
577,92550,132700,37450,0.461195204756,0.284875593516,9.0631549358
578,92700,132900,37500,0.423953904169,0.237042557734,9.0754499435
579,92850,133100,37550,0.417459464674,0.323980887403,9.0884699821
580,93000,133600,37750,0.419846514533,0.32553908259,9.113453149
581,93150,133800,37800,0.428355155338,0.22786688837,9.1260540485
582,93300,134000,37850,0.398673366812,0.543576412654,9.138528108
583,93450,134200,37900,0.432493244742,0.18021122875,9.1511530876
584,93600,134400,37950,0.474524772325,0.180346810211,9.1639640331
585,93750,134600,38000,0.461053903531,0.198286967355,9.1857860088
586,93900,134800,38050,0.452193956398,0.0992718751705,9.2028579711
587,94050,135000,38100,0.487196314646,0.317543822413,9.2151639461
588,94200,135200,38150,0.513496066147,0.575321181794,9.2282831668
589,94350,135400,38200,0.414958417167,0.274629881067,9.2409591674
590,94500,135900,38400,0.458010120267,0.0703581937528,9.2639851570
591,94650,136100,38450,0.501769589184,0.407312013574,9.2770240306
592,94800,136300,38500,0.460744940596,0.044964986298,9.289600133
593,94950,136500,38550,0.447543424569,0.0560213516891,9.3021981716
594,95100,136700,38600,0.444619526118,0.191836233098,9.3148870468
595,95250,136900,38650,0.497782122213,0.436464123598,9.3272900581
596,95400,137100,38700,0.429900158255,0.24092168062,9.3396861553
597,95550,137300,38750,0.445258110047,0.00662301394672,9.3520801067
598,95700,137500,38800,0.425996827301,0.0759484372905,9.3644709587
599,95850,137700,38850,0.427635592692,0.226973029877,9.3773951530
600,96000,138200,39050,0.388938595947,0.522239362773,9.4005031585
601,96150,138400,39100,0.424870472907,0.186016519634,9.4129221439
602,96300,138600,39150,0.395265510883,0.276016497243,9.4251551628
603,96450,138800,39200,0.444600033073,0.125496671483,9.4377629756
604,96600,139000,39250,0.489558604283,0.42132479422,9.4502820968
605,96750,139200,39300,0.486926659017,0.33813456854,9.4628560543
606,96900,139400,39350,0.470307461273,0.292966282365,9.4753360748
607,97050,139600,39400,0.413370311333,0.237701406618,9.487895011
608,97200,139800,39450,0.429634913873,0.291909593694,9.5009031295
609,97350,140000,39500,0.446940785818,0.0335032725609,9.5148110389
610,97500,140500,39700,0.44340667107,0.0966264577359,9.5389130115
611,97650,140700,39750,0.485454610904,0.489992571775,9.5513839721
612,97800,140900,39800,0.409511620983,0.398225360545,9.5640220642
613,97950,141100,39850,0.459433129453,0.0689818670383,9.5774049758
614,98100,141300,39900,0.438694166213,0.111058426552,9.5898189544
615,98250,141500,39950,0.476272776953,0.255483900137,9.6019711494
616,98400,141700,40000,0.554907198516,0.929878823978,9.6142661571
617,98550,141900,40050,0.466833570446,0.183209096209,9.6263971328
618,98700,142100,40100,0.521700960266,0.743932165219,9.6391270160
619,98850,142300,40150,0.42817297605,0.140424619014,9.6515130996
620,99000,142800,40350,0.503622833235,0.510201843013,9.6747059822
621,99150,143000,40400,0.467359326499,0.0892672405599,9.6869361400
622,99300,143200,40450,0.468230932057,0.109979858417,9.6993350982
623,99450,143400,40500,0.466506852265,0.075573104114,9.7116110324
624,99600,143600,40550,0.455659762544,0.0149102619723,9.7236671447
625,99750,143800,40600,0.405090176886,0.496933202475,9.735656976
626,99900,144000,40650,0.474965120072,0.275986845863,9.7480170726
627,100050,144200,40700,0.429294147932,0.293736776545,9.7603831291
628,100200,144400,40750,0.433109773007,0.142074990187,9.7724730968
629,100350,144600,40800,0.435692045078,0.181015056193,9.7846071720
630,100500,145100,41000,0.448031060924,0.153274720553,9.8077461719
631,100650,145300,41050,0.442846022849,0.212733334893,9.8200941085
632,100800,145500,41100,0.472159039412,0.0896049298214,9.8325500488
633,100950,145700,41150,0.431285225106,0.148452193316,9.8447790145
634,101100,145900,41200,0.395275461544,0.485703034084,9.8568730354
635,101250,146100,41250,0.443976838267,0.0448331300597,9.8692541122
636,101400,146300,41300,0.463419915172,0.0235523211845,9.8817770481
637,101550,146500,41350,0.492014088529,0.408245732506,9.8941831588
638,101700,146700,41400,0.479206697681,0.470899419821,9.9065439701
639,101850,146900,41450,0.438095830466,0.0623783000903,9.9190990924
640,102000,147400,41650,0.496330246774,0.340862062841,9.9422130584
641,102150,147600,41700,0.440331658454,0.323453665197,9.9541809558
642,102300,147800,41750,0.460103913232,0.0126624125142,9.9662301540
643,102450,148000,41800,0.428717619758,0.368548174625,9.9782750606
644,102600,148200,41850,0.517057473046,0.588944130597,9.9907240867
645,102750,148400,41900,0.466303200017,0.0656982732719,10.002921104
646,102900,148600,41950,0.495308734298,0.319540654628,10.015150070
647,103050,148800,42000,0.456522772115,0.240432789734,10.027275085
648,103200,149000,42050,0.517555383183,0.61242207581,10.039633989
649,103350,149200,42100,0.436403965539,0.45591853179,10.051608085
650,103500,149700,42300,0.421929340986,0.389068413952,10.074722051
651,103650,149900,42350,0.469177146384,0.163571556161,10.087494134
652,103800,150100,42400,0.447372496489,0.222902485787,10.099881172
653,103950,150300,42450,0.477903198608,0.250021146677,10.112151145
654,104100,150500,42500,0.405000922276,0.423345061636,10.124595165
655,104250,150700,42550,0.421713392377,0.45632328608,10.146245956
656,104400,150900,42600,0.439780184011,0.286795805184,10.167248010
657,104550,151100,42650,0.479039781422,0.314632326453,10.187747955
658,104700,151300,42700,0.421802233998,0.109612762093,10.208469152
659,104850,151500,42750,0.430747362035,0.373173216056,10.221058130
660,105000,152000,42950,0.446825343847,0.0605479318854,10.244900941
661,105150,152200,43000,0.498188706686,0.389316540053,10.257549047
662,105300,152400,43050,0.474400124453,0.218040147997,10.269663095
663,105450,152600,43100,0.442545708051,0.398873069203,10.282402992
664,105600,152800,43150,0.507188745811,0.679047608428,10.294422149
665,105750,153000,43200,0.42016991546,0.374028989843,10.306954145
666,105900,153200,43250,0.484642843896,0.395885776368,10.319338083
667,106050,153400,43300,0.392556873488,0.762969079678,10.340963125
668,106200,153600,43350,0.415540116665,0.30904600277,10.353264093
669,106350,153800,43400,0.465336529822,0.0830575152843,10.365577936
670,106500,154300,43600,0.429882214459,0.204966729112,10.388746976
671,106650,154500,43650,0.445946675765,0.0296492582842,10.400849103
672,106800,154700,43700,0.490178158535,0.506366790589,10.413085937
673,106950,154900,43750,0.487476173661,0.415573094242,10.426473140
674,107100,155100,43800,0.415116255006,0.417453155675,10.438974142
675,107250,155300,43850,0.483796043153,0.192427097726,10.452373027
676,107400,155500,43900,0.437035866107,0.142042936321,10.466371059
677,107550,155700,43950,0.461485194937,0.0814861707734,10.479560136
678,107700,155900,44000,0.478311925769,0.290283758745,10.493349075
679,107850,156100,44050,0.458304078537,0.0908014658055,10.506842136
680,108000,156600,44250,0.460147677795,0.163542860468,10.531976938
681,108150,156800,44300,0.413106838184,0.688404170598,10.545360088
682,108300,157000,44350,0.477434541959,0.269033919565,10.558845996
683,108450,157200,44400,0.473516089582,0.116179745455,10.572296142
684,108600,157400,44450,0.462583545665,0.201938969892,10.585972070
685,108750,157600,44500,0.465494593117,0.117509022391,10.598612070
686,108900,157800,44550,0.457196536291,0.040307235471,10.615360975
687,109050,158000,44600,0.446543349095,0.0747109936977,10.627864122
688,109200,158200,44650,0.455546799743,0.142305765158,10.64728808
689,109350,158400,44700,0.473706333258,0.282015586382,10.660032033
690,109500,158900,44900,0.428171174522,0.29108303242,10.683299064
691,109650,159100,44950,0.450505120207,0.0875476173116,10.695285081
692,109800,159300,45000,0.500924652451,0.34126632436,10.707949161
693,109950,159500,45050,0.501324743606,0.424749056146,10.720896959
694,110100,159700,45100,0.481445205188,0.122124760994,10.746788978
695,110250,159900,45150,0.433920241732,0.186625483108,10.764168024
696,110400,160100,45200,0.460196755068,0.196494651075,10.793596029
697,110550,160300,45250,0.450874927909,0.0175931563806,10.818598985
698,110700,160500,45300,0.474126233139,0.155101142539,10.856057167
699,110850,160700,45350,0.45483047723,0.115215394243,10.876729965
700,111000,161200,45550,0.476946345585,0.157734065939,10.91771411
701,111150,161400,45600,0.508849687706,0.336647574569,10.932712078
702,111300,161600,45650,0.488183504907,0.216036666613,10.946681022
703,111450,161800,45700,0.483821391634,0.0464283646502,10.959764003
704,111600,162000,45750,0.402499259117,0.500230309843,10.97268700
705,111750,162200,45800,0.433866231865,0.324375758782,10.994822025
706,111900,162400,45850,0.45861293781,0.0607418324614,11.00764107
707,112050,162600,45900,0.461128788521,0.149682089326,11.022830963
708,112200,162800,45950,0.429208789517,0.0796769013388,11.043282985
709,112350,163000,46000,0.49048180752,0.32835111543,11.05671811
710,112500,163500,46200,0.456992060625,0.0225068827278,11.086658000
711,112650,163700,46250,0.486118771331,0.338968924636,11.100142002
712,112800,163900,46300,0.42649566427,0.428074534272,11.118244171
713,112950,164100,46350,0.467641403192,0.177144911835,11.132157087
714,113100,164300,46400,0.420473347468,0.435228245299,11.145622968
715,113250,164500,46450,0.440352410644,0.195990079964,11.158872127
716,113400,164700,46500,0.505686711314,0.407926871887,11.173077106
717,113550,164900,46550,0.453641106176,0.149142996498,11.188832044
718,113700,165100,46600,0.427864761474,0.267576763488,11.208580970
719,113850,165300,46650,0.479797903589,0.179158369544,11.228058099
720,114000,165800,46850,0.456201735021,0.169724031716,11.261394977
721,114150,166000,46900,0.474676301599,0.049129124778,11.280220031
722,114300,166200,46950,0.44441169561,0.215605941189,11.297408103
723,114450,166400,47000,0.45344700723,0.028345872526,11.310651063
724,114600,166600,47050,0.503733797642,0.345041506758,11.323945045
725,114750,166800,47100,0.50011982357,0.418802006765,11.336410999
726,114900,167000,47150,0.422234718202,0.208402092579,11.348591089
727,115050,167200,47200,0.463852856197,0.14922978868,11.364696025
728,115200,167400,47250,0.46956838599,0.151095575318,11.38107013
729,115350,167600,47300,0.436755208687,0.347170834956,11.396700143
730,115500,168100,47500,0.432527620478,0.505060450551,11.423342943
731,115650,168300,47550,0.483227359632,0.0673815929424,11.436666011
732,115800,168500,47600,0.478209550851,0.0608949202193,11.456623077
733,115950,168700,47650,0.473912210562,0.099184315074,11.47190213
734,116100,168900,47700,0.49572632086,0.108279956042,11.487152099
735,116250,169100,47750,0.49843352961,0.251942314205,11.502834081
736,116400,169300,47800,0.472704152045,0.250055481389,11.520169973
737,116550,169500,47850,0.443648623029,0.0851967159374,11.536443948
738,116700,169700,47900,0.463649929224,0.0707439892834,11.550214052
739,116850,169900,47950,0.44164004727,0.113220030676,11.565582990
740,117000,170400,48150,0.459256406851,0.0136208329423,11.59837508
741,117150,170600,48200,0.440135833306,0.10144382195,11.616883993
742,117300,170800,48250,0.489894088679,0.241077694082,11.632862091
743,117450,171000,48300,0.475620672743,0.0527853295762,11.649094104
744,117600,171200,48350,0.426815952584,0.519420286821,11.668668031
745,117750,171400,48400,0.472706508391,0.0189283415223,11.686553955
746,117900,171600,48450,0.43600196037,0.443448668461,11.701229095
747,118050,171800,48500,0.418420247359,0.441237118289,11.717501163
748,118200,172000,48550,0.435448221267,0.102703555391,11.731985092
749,118350,172200,48600,0.470659900573,0.297794391924,11.749910116
750,118500,172700,48800,0.519789079755,0.501594794898,11.778376102
751,118650,172900,48850,0.495316338523,0.476760313483,11.796301126
752,118800,173100,48900,0.454019318479,0.146341310217,11.814404964
753,118950,173300,48950,0.489760847293,0.33810826345,11.834401130
754,119100,173500,49000,0.483671464698,0.233301518304,11.850885152
755,119250,173700,49050,0.473638098732,0.136383172214,11.867254018
756,119400,173900,49100,0.441045805678,0.327182164073,11.883483171
757,119550,174100,49150,0.443870531292,0.292628053366,11.896656036
758,119700,174300,49200,0.43835543666,0.304025270002,11.909923076
759,119850,174500,49250,0.467065414021,0.159454326885,11.92648696
760,120000,175000,49450,0.443004443518,0.125055190276,11.956117153
761,120150,175200,49500,0.454764821793,0.0282629008696,11.970899105
762,120300,175400,49550,0.404215629721,0.415475972114,11.984049081
763,120450,175600,49600,0.445092029506,0.310232364738,11.997694015
764,120600,175800,49650,0.464815368223,0.107398663561,12.010730028
765,120750,176000,49700,0.477099968081,0.259431295429,12.031968116
766,120900,176200,49750,0.433283807218,0.148876210659,12.049014091
767,121050,176400,49800,0.40544813736,0.548541449245,12.070053100
768,121200,176600,49850,0.433734024149,0.247826257126,12.082870006
769,121350,176800,49900,0.468971247832,0.143989557159,12.10413193
770,121500,177300,50100,0.468200146845,0.147964225156,12.136983156
771,121650,177500,50150,0.432350587507,0.137683182441,12.149703025
772,121800,177700,50200,0.481035726032,0.326524161254,12.166958093
773,121950,177900,50250,0.481250554932,0.329926902385,12.179824113
774,122100,178100,50300,0.475333842624,0.246873088854,12.201096057
775,122250,178300,50350,0.455669744543,0.0986507564616,12.215257167
776,122400,178500,50400,0.473846258093,0.297594230585,12.236504077
777,122550,178700,50450,0.412062413468,0.219862704738,12.25568509
778,122700,178900,50500,0.493000777862,0.215359474946,12.272886991
779,122850,179100,50550,0.402913880919,0.5215949044,12.287587165
780,123000,179600,50750,0.422682775464,0.529025605997,12.314598083
781,123150,179800,50800,0.430442796777,0.239928211246,12.327763080
782,123300,180000,50850,0.405626647019,0.381612175426,12.347452163
783,123450,180200,50900,0.497413925311,0.450856326643,12.363701105
784,123600,180400,50950,0.442347595641,0.0171665094755,12.381850004
785,123750,180600,51000,0.446651432678,0.128448808872,12.402840137
786,123900,180800,51050,0.482218243611,0.222554544552,12.416008949
787,124050,181000,51100,0.414483140504,0.407371791833,12.432291984
788,124200,181200,51150,0.462222751042,0.240757845519,12.44914412
789,124350,181400,51200,0.42749975196,0.115268681144,12.461584091
790,124500,181900,51400,0.40108608898,0.462831872148,12.490658998
791,124650,182100,51450,0.448193644847,0.072034200323,12.505031108
792,124800,182300,51500,0.503904557438,0.590148332316,12.518190145
793,124950,182500,51550,0.465737789095,0.254536953709,12.534974098
794,125100,182700,51600,0.44336109629,0.161610455616,12.550970077
795,125250,182900,51650,0.492037315097,0.420442297741,12.570088148
796,125400,183100,51700,0.422537517258,0.384047661371,12.584300041
797,125550,183300,51750,0.445465988001,0.277331866303,12.602291107
798,125700,183500,51800,0.464875234589,0.014468448952,12.619461059
799,125850,183700,51850,0.475707259155,0.0497616859048,12.632097005
800,126000,184200,52050,0.472580232506,0.113874197469,12.660176992
801,126150,184400,52100,0.444178068674,0.0667923821638,12.678286075
802,126300,184600,52150,0.459786594648,0.159138284532,12.694607019
803,126450,184800,52200,0.454825234388,0.0549534164183,12.709875106
804,126600,185000,52250,0.442676430357,0.0101954318247,12.722510099
805,126750,185200,52300,0.489753306808,0.330952420146,12.735393047
806,126900,185400,52350,0.428005679885,0.289099852053,12.756183147
807,127050,185600,52400,0.466568053442,0.123045685284,12.769870042
808,127200,185800,52450,0.444870296344,0.0641525239609,12.784301042
809,127350,186000,52500,0.49813271483,0.351094126916,12.800744056
810,127500,186500,52700,0.441707120314,0.0639122423602,12.828395128
811,127650,186700,52750,0.399702608303,0.512029761621,12.847653150
812,127800,186900,52800,0.398828578046,0.3393563813,12.860248088
813,127950,187100,52850,0.490934075158,0.196953313523,12.876177072
814,128100,187300,52900,0.462705532694,0.119066792105,12.893095016
815,128250,187500,52950,0.411047257918,0.294839831273,12.90802311
816,128400,187700,53000,0.481280941143,0.467727512843,12.926124095
817,128550,187900,53050,0.446285770019,0.193435727041,12.940536975
818,128700,188100,53100,0.405392796804,0.616380482693,12.953237056
819,128850,188300,53150,0.420051218235,0.160287797888,12.96954512
820,129000,188800,53350,0.447562341753,0.0138992296756,12.995306968
821,129150,189000,53400,0.460951929654,0.0577039669792,13.013708114
822,129300,189200,53450,0.396097246884,0.410815330238,13.028185129
823,129450,189400,53500,0.464926151369,0.186240660217,13.043220043
824,129600,189600,53550,0.487731879873,0.543568132342,13.061417102
825,129750,189800,53600,0.423366342493,0.203955408789,13.077001094
826,129900,190000,53650,0.419448496677,0.256227030121,13.092405080
827,130050,190200,53700,0.45125635041,0.0406115137882,13.109460115
828,130200,190400,53750,0.46038519235,0.196281622152,13.123034000
829,130350,190600,53800,0.450068703328,0.0753495161712,13.139407157
830,130500,191100,54000,0.430675699462,0.319730336766,13.170204162
831,130650,191300,54050,0.470900721635,0.398529332165,13.185605049
832,130800,191500,54100,0.442902857549,0.00763614107697,13.204839944
833,130950,191700,54150,0.434698679547,0.12352554502,13.219017028
834,131100,191900,54200,0.371214802967,0.60442345505,13.235042095
835,131250,192100,54250,0.459381134891,0.169759147356,13.251491069
836,131400,192300,54300,0.45390320089,0.10433752247,13.26670098
837,131550,192500,54350,0.46088399415,0.0391828063162,13.281622171
838,131700,192700,54400,0.418649115787,0.230105990901,13.299121141
839,131850,192900,54450,0.479451490269,0.254987716453,13.314196109
840,132000,193400,54650,0.482960176803,0.262095514834,13.342481136
841,132150,193600,54700,0.446224028881,0.101125509695,13.362848997
842,132300,193800,54750,0.395731482237,0.334653382825,13.376219034
843,132450,194000,54800,0.437685431003,0.0457312939424,13.388880014
844,132600,194200,54850,0.474640789054,0.36929778848,13.41177105
845,132750,194400,54900,0.490942163363,0.454914988737,13.432487964
846,132900,194600,54950,0.423384574467,0.177984577455,13.4483051
847,133050,194800,55000,0.481236742508,0.317705526015,13.469939947
848,133200,195000,55050,0.482512146682,0.337202155226,13.487240076
849,133350,195200,55100,0.435671396746,0.0322534773311,13.50854611
850,133500,195700,55300,0.486988920633,0.181398658693,13.541811943
851,133650,195900,55350,0.49878497352,0.381542240965,13.559047937
852,133800,196100,55400,0.457224703367,0.0463515437195,13.579113006
853,133950,196300,55450,0.449245734566,0.0957150167328,13.593958139
854,134100,196500,55500,0.47481135076,0.154532349707,13.610818147
855,134250,196700,55550,0.465171139062,0.202578673398,13.626494169
856,134400,196900,55600,0.423300717043,0.261779049159,13.64201307
857,134550,197100,55650,0.485155243754,0.240233400458,13.65820312
858,134700,197300,55700,0.449824707875,0.0892501556374,13.678722143
859,134850,197500,55750,0.432749046597,0.140252827429,13.691087007
860,135000,198000,55950,0.444349778224,0.0821015285106,13.714786052
861,135150,198200,56000,0.439259054001,0.288206629766,13.734730958
862,135300,198400,56050,0.401019339892,0.367553409793,13.748836994
863,135450,198600,56100,0.426573243309,0.354122384122,13.763432025
864,135600,198800,56150,0.409586630999,0.512004264536,13.778212070
865,135750,199000,56200,0.439535226355,0.121996826899,13.790631055
866,135900,199200,56250,0.552608072573,0.955575771412,13.80344295
867,136050,199400,56300,0.46970890835,0.146466570302,13.816056013
868,136200,199600,56350,0.431697220667,0.215766974669,13.828933000
869,136350,199800,56400,0.476657840538,0.0100046537987,13.841460943
870,136500,200300,56600,0.428750672455,0.176922971716,13.865466117
871,136650,200500,56650,0.46607646161,0.18807642849,13.878352165
872,136800,200700,56700,0.490905549622,0.267615352873,13.891144990
873,136950,200900,56750,0.46647312432,0.232206274921,13.903990030
874,137100,201100,56800,0.531991846625,0.608556417654,13.916965007
875,137250,201300,56850,0.464454646785,0.0723465317853,13.929700136
876,137400,201500,56900,0.446031294608,0.0782148548233,13.950682163
877,137550,201700,56950,0.44194017491,0.199060093261,13.966642141
878,137700,201900,57000,0.385147125627,0.599363191028,13.980914115
879,137850,202100,57050,0.425273832603,0.332789894863,14.000859975
880,138000,202600,57250,0.401855029183,0.363198714,14.026160001
881,138150,202800,57300,0.409818220397,0.243964426225,14.04223513
882,138300,203000,57350,0.457887229864,0.0340537289126,14.0607240
883,138450,203200,57400,0.450139845956,0.131880863048,14.0744750
884,138600,203400,57450,0.422176269629,0.139334448743,14.087114095
885,138750,203600,57500,0.441469405548,0.047908787253,14.099903106
886,138900,203800,57550,0.438083174466,0.0761034139808,14.113165140
887,139050,204000,57600,0.466351670891,0.286856563691,14.126304149
888,139200,204200,57650,0.545177427819,0.845047437497,14.139651060
889,139350,204400,57700,0.477250677672,0.516663800201,14.153397083
890,139500,204900,57900,0.468248214945,0.0824633938676,14.181776046
891,139650,205100,57950,0.452675965527,0.110008948438,14.200359106
892,139800,205300,58000,0.515440881164,0.527786456763,14.217714071
893,139950,205500,58050,0.474398350116,0.0922649442071,14.230810165
894,140100,205700,58100,0.461775308444,0.0119456743823,14.244846105
895,140250,205900,58150,0.422382512638,0.34730366535,14.257930040
896,140400,206100,58200,0.434810388826,0.373216603116,14.27100706
897,140550,206300,58250,0.387008332691,0.555871832305,14.28396296
898,140700,206500,58300,0.454252877947,0.0452524328448,14.297153949
899,140850,206700,58350,0.483018923857,0.359779259952,14.310389995
900,141000,207200,58550,0.502046232182,0.501334122961,14.335215091
901,141150,207400,58600,0.487995455971,0.281475258596,14.348474025
902,141300,207600,58650,0.475581955673,0.181753230812,14.361636161
903,141450,207800,58700,0.389321082675,0.718646789255,14.374472141
904,141600,208000,58750,0.43784044514,0.369147114411,14.387866973
905,141750,208200,58800,0.517688268124,0.679007403063,14.403872013
906,141900,208400,58850,0.433456639765,0.26454345298,14.416804075
907,142050,208600,58900,0.434851897693,0.128818433067,14.429944038
908,142200,208800,58950,0.426908351372,0.089579418501,14.447034120
909,142350,209000,59000,0.45704071015,0.0701537635536,14.466356992
910,142500,209500,59200,0.472300935043,0.0767452190319,14.497725963
911,142650,209700,59250,0.526268336361,0.764919225622,14.514546155
912,142800,209900,59300,0.445661156206,0.0615448252369,14.529616117
913,142950,210100,59350,0.458982547807,0.018272030108,14.543282985
914,143100,210300,59400,0.499165232501,0.346458650378,14.56058502
915,143250,210500,59450,0.488450028079,0.227594256146,14.57398295
916,143400,210700,59500,0.441497863855,0.12811950649,14.590114116
917,143550,210900,59550,0.419246285416,0.48212564065,14.608736038
918,143700,211100,59600,0.371315972549,0.890038825139,14.621966123
919,143850,211300,59650,0.488381930195,0.191274216293,14.635143041
920,144000,211800,59850,0.430744237854,0.342099194479,14.66212701
921,144150,212000,59900,0.420673756197,0.169189511717,14.676511049
922,144300,212200,59950,0.478458085679,0.225801216239,14.689161062
923,144450,212400,60000,0.403887611119,0.443836151594,14.701938152
924,144600,212600,60050,0.514063145626,0.684107638302,14.717333078
925,144750,212800,60100,0.466601900577,0.221436315972,14.730535030
926,144900,213000,60150,0.441528297813,0.182376015096,14.743210077
927,145050,213200,60200,0.431693777717,0.0537983737643,14.756329059
928,145200,213400,60250,0.440376659365,0.0255188730425,14.770147085
929,145350,213600,60300,0.465947251025,0.110081326864,14.783123016
930,145500,214100,60500,0.434411495282,0.284989555922,14.808815956
931,145650,214300,60550,0.439182394188,0.218974275066,14.821695089
932,145800,214500,60600,0.409325777662,0.334776867065,14.836953163
933,145950,214700,60650,0.410037379517,0.35362034564,14.849765062
934,146100,214900,60700,0.474553695946,0.141843703246,14.862400054
935,146250,215100,60750,0.437180088077,0.0900785169232,14.875020027
936,146400,215300,60800,0.514154551221,0.626127888249,14.889287948
937,146550,215500,60850,0.456372732991,0.0477391167697,14.902081966
938,146700,215700,60900,0.444319786842,0.264857518678,14.916145086
939,146850,215900,60950,0.424944657924,0.188708110061,14.929552078
940,147000,216400,61150,0.478553213853,0.281508556308,14.954072952
941,147150,216600,61200,0.459326379936,0.0769581540984,14.968974113
942,147300,216800,61250,0.437565476242,0.225335264308,14.98206305
943,147450,217000,61300,0.482214307364,0.358157373197,14.995639085
944,147600,217200,61350,0.462755734832,0.04421152609,15.010055065
945,147750,217400,61400,0.480777198829,0.186555112384,15.022640943
946,147900,217600,61450,0.453390068892,0.0625920366379,15.035542964
947,148050,217800,61500,0.413501781498,0.384715835242,15.047997951
948,148200,218000,61550,0.494532354719,0.385458941652,15.064919948
949,148350,218200,61600,0.437971639318,0.264486803748,15.077605009
950,148500,218700,61800,0.471456865007,0.200422335299,15.102467060
951,148650,218900,61850,0.45388330998,0.171235853407,15.115645170
952,148800,219100,61900,0.471209013062,0.12020225543,15.130095958
953,148950,219300,61950,0.416493787199,0.446886227798,15.142899036
954,149100,219500,62000,0.51545701619,0.594106683717,15.155895948
955,149250,219700,62050,0.467879177953,0.253258884368,15.171590089
956,149400,219900,62100,0.424938397564,0.483898169797,15.186262130
957,149550,220100,62150,0.499838620253,0.401407072655,15.199681997
958,149700,220300,62200,0.507232653649,0.417284290289,15.213874101
959,149850,220500,62250,0.417332182119,0.200860580789,15.227220058
960,150000,221000,62450,0.426344935759,0.27968227572,15.254276037
961,150150,221200,62500,0.373547196622,0.73361501498,15.268728017
962,150300,221400,62550,0.455718768887,0.0941289271461,15.284394979
963,150450,221600,62600,0.45928227733,0.0659905890049,15.299564123
964,150600,221800,62650,0.482122368236,0.350321420822,15.314372062
965,150750,222000,62700,0.451711488108,0.052905445524,15.328351020
966,150900,222200,62750,0.4715615009,0.268868529374,15.343582153
967,151050,222400,62800,0.453214035966,0.0724403379813,15.357048034
968,151200,222600,62850,0.481701931868,0.377465134546,15.371034145
969,151350,222800,62900,0.469191959954,0.223632882556,15.385314941
970,151500,223300,63100,0.428053921895,0.342905367077,15.410788059
971,151650,223500,63150,0.413843874431,0.298448648893,15.423779964
972,151800,223700,63200,0.467705434238,0.242553991371,15.437544107
973,151950,223900,63250,0.433332008525,0.245941761627,15.45114111
974,152100,224100,63300,0.450387052386,0.0168643358624,15.464224100
975,152250,224300,63350,0.44691394471,0.180976567078,15.477231979
976,152400,224500,63400,0.416157538021,0.265463455555,15.490543127
977,152550,224700,63450,0.426986779013,0.206722540602,15.50367498
978,152700,224900,63500,0.415289334953,0.282491851156,15.517230033
979,152850,225100,63550,0.409208144633,0.224039569531,15.530182123
980,153000,225600,63750,0.449025988695,0.168618205153,15.558395147
981,153150,225800,63800,0.419576152862,0.13075269229,15.571818113
982,153300,226000,63850,0.424392907325,0.0164575706565,15.58511900
983,153450,226200,63900,0.45141570943,0.16130572089,15.598278999
984,153600,226400,63950,0.476215216996,0.132173309871,15.611994981
985,153750,226600,64000,0.457546100068,0.207384180728,15.628374099
986,153900,226800,64050,0.469042378784,0.118728989553,15.641553163
987,154050,227000,64100,0.464499033225,0.189477305398,15.655082941
988,154200,227200,64150,0.461455014126,0.180635990693,15.668055057
989,154350,227400,64200,0.51449352578,0.575852140042,15.681293964
990,154500,227900,64400,0.477283616693,0.16908941075,15.707071065
991,154650,228100,64450,0.472632517719,0.178119868808,15.721251010
992,154800,228300,64500,0.438390529842,0.0513538535136,15.7347850
993,154950,228500,64550,0.414205178852,0.203161100786,15.747689008
994,155100,228700,64600,0.476009665186,0.0463544271989,15.761244058
995,155250,228900,64650,0.480731104025,0.211529138308,15.774220943
996,155400,229100,64700,0.433573101912,0.392494728967,15.787132978
997,155550,229300,64750,0.410540093205,0.397937007177,15.800608158
998,155700,229500,64800,0.42807932222,0.193277113495,15.813889026
999,155850,229700,64850,0.439953349904,0.131862485131,15.826617002
1000,156000,230200,65050,0.448799284332,0.0743425996342,15.851650953
