1.0,1.0,1.0,1.0
-0.0804932611664,-0.0437455982522,0.00312699502773,0.0312503431948
0.229609817842,0.0830329366013,0.279826285329,0.124420728781
-0.0123861198707,-0.075656858358,0.188950611381,0.0984267312144
0.0951096119568,-0.0377099204413,0.297313010179,0.136950395561
-0.0490559937052,-0.135747885954,0.244143632252,0.123376634372
0.102764340476,-0.0688704184373,0.359363719974,0.159160543401
-0.0517211635417,-0.164011101219,0.284897607073,0.137464615734
-0.00882107954027,-0.150320053495,0.333364355675,0.154607752533
-0.00615478417721,-0.17403314635,0.370351876293,0.172312678822
0.0589522091854,-0.13529642479,0.397545045915,0.175598027448
-0.0100907090378,-0.167867741028,0.35049774858,0.160469820356
0.0368147276461,-0.139685899319,0.375895162349,0.166850599037
-0.0102101808013,-0.165900301097,0.349409904659,0.157212183625
0.0590366763636,-0.123691942427,0.382854487958,0.168767773524
0.0123272732693,-0.146672693068,0.347638541565,0.157122709123
-0.0163614676773,-0.167300038121,0.335978005207,0.152636555308
0.011906538306,-0.153566213528,0.357325029715,0.158646323909
0.0437433000857,-0.132437244533,0.370300327827,0.162254134696
-0.0450382174479,-0.184083414203,0.326527607295,0.149228436145
-0.0298459862603,-0.178536867812,0.34040649688,0.154010163306
-0.00220187914316,-0.167186172711,0.361626917666,0.159800939781
-0.00367643525177,-0.168995896624,0.362182280869,0.15998940564
-0.00212787666861,-0.16641091525,0.361232173356,0.159747424403
-9.32222235821e-05,-0.163833096459,0.360213315375,0.159432673326
-0.00298048803359,-0.167608815609,0.361835313015,0.16002095984
-0.00466139153797,-0.16911118641,0.361884399919,0.160053419218
-0.00341643739363,-0.167654139955,0.361361338836,0.159849012422
-0.00347860652593,-0.167709336018,0.361475371441,0.159817013525
-0.00424353487455,-0.168626793068,0.361855047696,0.159951796976
-0.00609381542892,-0.171078215,0.362965913711,0.160300713683
-0.00500396373582,-0.170132808894,0.362479625261,0.160153499751
-0.00382057727216,-0.168675596516,0.361531106864,0.159889707678
-0.00542409205419,-0.170587793659,0.362526869467,0.160059667236
-0.00460107900188,-0.169532143643,0.362082278328,0.160003171949
-0.00438162598874,-0.169254418483,0.362026946974,0.159975562386
-0.00305312654501,-0.167891636851,0.361417121058,0.15983639579
-0.0027207460189,-0.167775719943,0.361688285257,0.15988087446
-0.00330401950618,-0.168398862151,0.36193271504,0.159926299601
-0.00455326424564,-0.169777198918,0.362586972908,0.160042126843
-0.00418748481923,-0.168967038207,0.361973406666,0.159861821053
-0.00617149942043,-0.17139535303,0.363026064009,0.160072333743
-0.00446352548471,-0.168619647532,0.362188434838,0.159974139309
-0.00486012172913,-0.169209640919,0.362369272444,0.16002019228
-0.00401335425107,-0.167811529346,0.362049098768,0.160005833588
-0.00442216856862,-0.1685327713,0.36229533337,0.160063474104
-0.00280218334919,-0.165942506011,0.361614513137,0.160030843531
-0.00347840506242,-0.167129835191,0.361972418311,0.160055463755
-0.00431081293905,-0.168576086771,0.362367866814,0.160089904874
-0.00519487444607,-0.170064243097,0.363014022037,0.160224642559
-0.00598853171499,-0.171225156257,0.363338727561,0.160358423004
-0.00804176813729,-0.174597774209,0.364544952481,0.160531584899
-0.00957161672915,-0.175842080704,0.365189527006,0.160603855368
-0.0111305290098,-0.17618393422,0.365721574972,0.160835789349
-0.0117265341921,-0.176586171778,0.365724391721,0.160872663553
-0.0132839090621,-0.177651121936,0.366154301402,0.161201528237
-0.0128901575236,-0.177758003709,0.366252977435,0.16128042075
-0.0145331364517,-0.178696945844,0.366634636048,0.161411942369
-0.0122962091179,-0.178525429219,0.365642999479,0.161038829897
-0.0100917542462,-0.177537885465,0.365367456473,0.160799796395
-0.0132609352146,-0.179244590309,0.366279125223,0.161138682352
-0.012701293753,-0.178791425336,0.366125047744,0.16110051029
-0.0142053496224,-0.180657247837,0.36697973117,0.16135162054
-0.0118257440625,-0.178757212453,0.365665767425,0.160989631802
-0.0123001669821,-0.179133959751,0.36597566639,0.161066014156
-0.011825067801,-0.178356420853,0.365848749915,0.16105989421
-0.00946827635959,-0.175814393282,0.364732262953,0.160711653622
-0.0081860929025,-0.17400104778,0.364072822992,0.160592569778
-0.00918132104543,-0.1749102566,0.364132446726,0.160596434913
-0.00982124065716,-0.175743297328,0.364427639507,0.160709610571
-0.0102511446548,-0.176031728198,0.364591296732,0.160773930869
-0.0101131657257,-0.176389607765,0.36468060373,0.160795335792
-0.0110417838976,-0.177020241156,0.365046410147,0.160847127596
-0.0110668460179,-0.177037093744,0.365064427288,0.160832458115
-0.0105240294565,-0.177009699365,0.364669717484,0.160782446347
-0.0140003658645,-0.179443974117,0.366217060622,0.16108278717
-0.0142527622072,-0.179252795574,0.366439239316,0.161252088474
-0.0151326265773,-0.180259839333,0.366762372159,0.161227032463
-0.0162000512803,-0.181132822371,0.367299800123,0.161344055992
-0.0163508406563,-0.181338276962,0.367289916296,0.161298977443
-0.0147048217377,-0.180382176702,0.366569494222,0.161186251403
-0.0155550001969,-0.180528654739,0.367075771536,0.161330200894
-0.0163804820658,-0.181113439599,0.367490387649,0.161492965113
-0.0149043844273,-0.180250119429,0.36692392521,0.161277362071
-0.0126658445422,-0.178138940254,0.366298229246,0.161174025473
-0.0131749994822,-0.178623283216,0.366366471482,0.161224952494
-0.0158797897295,-0.180803480051,0.367287258428,0.161485026541
-0.0164593230765,-0.180938678373,0.367448891052,0.161590449011
-0.0155698668115,-0.180331829526,0.367179507162,0.161530874804
-0.0150968081753,-0.180054751846,0.366812878826,0.161452751395
-0.0151810544404,-0.17998400382,0.366846785936,0.161485416019
-0.015137726944,-0.180173071986,0.366833092335,0.161454941753
-0.0168604054409,-0.182167204231,0.367132446026,0.161712737284
-0.0195479428087,-0.184232149851,0.368341498946,0.162340719481
-0.0192039391971,-0.183726430248,0.368433563743,0.162399694596
-0.0203990921001,-0.185199896272,0.368701787517,0.162541425524
-0.0203192383307,-0.185365726866,0.368532136374,0.162496609375
-0.0186298814336,-0.184238909326,0.367799009765,0.16206980545
-0.0199479986086,-0.185379327595,0.368349606597,0.16231960638
-0.0188491513643,-0.18470429411,0.367714565628,0.162110103762
-0.0168810052803,-0.183114364013,0.366927049506,0.161747170216
-0.0195920200097,-0.185300436085,0.368009014485,0.162241799008
-0.0187293387622,-0.184470133832,0.367746083889,0.162050365341
-0.0185671176985,-0.184356660604,0.367737479909,0.16207123868
-0.0191682471163,-0.184928618188,0.36799323903,0.162251755273
-0.0180557044033,-0.183754325039,0.367643768455,0.162038202665
-0.0161002047477,-0.181731182182,0.367014735851,0.161647506013
-0.0154444498801,-0.181180888037,0.36682892086,0.161500160453
-0.0157618294861,-0.181544416003,0.366877288216,0.161533118787
-0.0144537373214,-0.180210184484,0.366550075839,0.161235471703
-0.0153861113027,-0.18130963126,0.366934092361,0.161464299963
-0.0145651092559,-0.180478370134,0.366819879449,0.161341658696
-0.0130781112013,-0.179143748136,0.366257433285,0.161029847917
-0.0129634274909,-0.179059209676,0.366267296779,0.161041398878
-0.0153901219614,-0.18098196958,0.367279029683,0.161638395682
-0.0145027349711,-0.18028254327,0.366979536466,0.161399715635
-0.0138228964804,-0.179842989241,0.366658168582,0.161254960933
-0.0159799795704,-0.181602399243,0.367544180391,0.161798358719
-0.0129183693703,-0.179031635132,0.366294643949,0.16110359495
-0.0133516880914,-0.17942008942,0.366433260523,0.161204045502
-0.0119312547245,-0.178391543712,0.365869175378,0.160860535016
-0.00987447884698,-0.176735803776,0.364981055881,0.160411805656
-0.00863610308831,-0.175656718213,0.364544894399,0.160160836703
-0.00850613269208,-0.175425387173,0.364589297259,0.160187361565
-0.0121246459546,-0.178749007647,0.365747733736,0.160846552327
-0.0124945828186,-0.179194729955,0.365828851796,0.160889630313
-0.0150322280941,-0.181481133979,0.366647151451,0.161414526769
-0.0138899759908,-0.180398046746,0.366210721019,0.161213941557
-0.0130498773318,-0.179680887766,0.36603806607,0.16103110188
-0.0136993643944,-0.180284074844,0.366225483559,0.161185875402
-0.0133992914216,-0.180001471851,0.366159791146,0.161149984289
-0.0127880917808,-0.179415997419,0.365981877981,0.161045914761
-0.0128530385943,-0.179598143253,0.366018888619,0.161074377233
-0.0111512372351,-0.178727825287,0.365200811113,0.16072070351
-0.00990170122842,-0.178015222683,0.36454682508,0.16044382204
-0.0131774528361,-0.179623179712,0.366047566064,0.161117245041
-0.0137107977293,-0.179835445681,0.366291748412,0.161155107543
-0.0123623459359,-0.179125542206,0.365581614957,0.160924177486
-0.00838885355526,-0.177173253155,0.3637431742,0.160158280729
-0.00886868225289,-0.177463879565,0.364043194106,0.160295495146
-0.0102416936448,-0.17822692625,0.364629034275,0.160592005977
-0.00827802289124,-0.177341084695,0.363703260711,0.160171313937
-0.00947730679914,-0.17783600264,0.364401253322,0.160399140188
-0.00948371717866,-0.177975506468,0.364382249413,0.160360830219
-0.00825160284668,-0.17761486309,0.363791461296,0.16012062239
-0.00968407191753,-0.17824858684,0.364432709152,0.160293942562
-0.00847128067594,-0.177733532469,0.363798172137,0.160169052926
-0.0104095429432,-0.178623256938,0.364735448495,0.160472474737
-0.00642407851621,-0.176898565556,0.362662128111,0.159805893203
-0.00594690556554,-0.176610332,0.362383518501,0.159689172496
-0.00752492245784,-0.177323414229,0.363200691569,0.159955407938
-0.00737233886508,-0.177273148331,0.363134939715,0.159853403249
-0.0102568551635,-0.178429981698,0.364329761184,0.160443010467
-0.00784277427402,-0.177412583491,0.36321057742,0.159967155399
-0.00897223606643,-0.177918746706,0.363777914268,0.160196932464
-0.0123381592883,-0.179323615644,0.365226669283,0.160901809728
-0.0124355612328,-0.17931237017,0.36519432375,0.160846090028
-0.016702449249,-0.180904255456,0.367047133083,0.161675118405
-0.0153229791017,-0.180254642827,0.366480370249,0.161466679526
-0.0135575605165,-0.179614030094,0.365707730833,0.161157255646
-0.0114067494384,-0.178748813767,0.364909610012,0.160720290506
-0.00895339109682,-0.17778388782,0.363823524417,0.16021690112
-0.0105420149518,-0.178419207566,0.364436033123,0.16047341721
-0.0110875146889,-0.178702492857,0.364572303098,0.160585384989
-0.0129354438426,-0.179573534897,0.365241407035,0.160853753671
-0.014354162908,-0.180270105894,0.365781740975,0.161126732825
-0.012790810288,-0.179491133545,0.365357658625,0.160840101915
-0.0134150042267,-0.179859387773,0.365635168423,0.160949400026
-0.0124879312718,-0.179340544053,0.365352771174,0.160811581126
-0.0136809751145,-0.179959996514,0.365759501789,0.160964888157
-0.0172338735711,-0.181572420475,0.36698724643,0.161599092353
-0.0178002405575,-0.18194729831,0.367314709237,0.161776464105
-0.0170143330827,-0.181386331779,0.367121397565,0.161706697463
-0.0162844370206,-0.180997417649,0.366884362228,0.161670412521
-0.0168606990102,-0.181297461745,0.367202681389,0.161716938736
-0.0149559828816,-0.180185315383,0.366572647519,0.161477927749
-0.0144585352196,-0.179837494971,0.366533630127,0.161480252573
-0.0173605588319,-0.181463906277,0.367637381825,0.161916610168
-0.018289334061,-0.181968005531,0.367946681809,0.162084974328
-0.0178563992497,-0.181804403501,0.367941916734,0.162023947681
-0.0179977698224,-0.181801484985,0.367968978031,0.16208111198
-0.0165523833912,-0.18106124577,0.367299375535,0.161872407204
-0.0167824923039,-0.1812192836,0.367496949723,0.161919401352
-0.0174265787709,-0.181473507728,0.367754754735,0.162057272527
-0.016545226512,-0.181123238492,0.36743229153,0.161905925508
-0.0174443460717,-0.181564122724,0.367766933583,0.162141103825
-0.0230789169136,-0.184238625153,0.369993088679,0.163383718533
-0.0233094791609,-0.184468750237,0.370020540507,0.163425822344
-0.0217058359094,-0.183813176913,0.369318999568,0.163032637087
-0.0196765721267,-0.182866506055,0.368507715391,0.16257451048
-0.0193147987664,-0.182842833631,0.368442063878,0.162505615598
-0.0191621904483,-0.182807634398,0.368220858954,0.162463245325
-0.0177481554203,-0.181889765321,0.367631353338,0.162128054479
-0.0169783264801,-0.181392425176,0.367307307289,0.161894833555
-0.0150757491597,-0.180321262494,0.366375541918,0.161350390925
-0.0132224055255,-0.179198276229,0.365550217361,0.160844785049
-0.0144860908137,-0.179927038217,0.365967376162,0.161160968892
-0.0141305759288,-0.17985983213,0.36585770865,0.161067129795
-0.0137526057497,-0.179663794809,0.365609496473,0.160960041352
-0.0147430943003,-0.180343433172,0.366026744991,0.161162954401
-0.0168458560267,-0.181690394929,0.367127475785,0.161793973046
-0.0180435321824,-0.182325388417,0.367749361545,0.162119941027
-0.0194399525771,-0.183115768307,0.36828049676,0.162471724729
-0.0170697582992,-0.181888592545,0.367182406312,0.161842717431
-0.0181466673377,-0.182489113016,0.367659260843,0.162188560238
-0.0173615769743,-0.182023195226,0.367225074382,0.162055919496
-0.016989485295,-0.181786590636,0.367039174299,0.161948093592
-0.0156609247008,-0.180917714121,0.366468358681,0.161679018157
-0.0151008220203,-0.18057458352,0.366246934543,0.161557975167
-0.0151851224642,-0.180671067069,0.366256968506,0.161595845071
-0.0158049459601,-0.181023834677,0.366544152891,0.161760730803
-0.015573254565,-0.18080748374,0.366483410616,0.161739661195
-0.0142097625739,-0.179711949204,0.365977643138,0.161274807692
-0.011987134613,-0.177968615115,0.365264098424,0.160466180315
-0.0112943250922,-0.177430217072,0.365113161057,0.160264386886
-0.0107599827929,-0.177046085157,0.365013872228,0.160108811687
-0.012312999384,-0.178407393235,0.365580230718,0.160689724136
-0.00978746668167,-0.176469251654,0.364741755411,0.159779643397
-0.00785901204005,-0.174936264314,0.364146145171,0.159085873528
-0.00848895042431,-0.175487872499,0.364374388484,0.159302249473
-0.0056064429372,-0.173253073519,0.36340498247,0.158260416561
-0.00447080474963,-0.172244851813,0.362983344547,0.1578621219
-0.00198028594886,-0.170314160346,0.362120512048,0.157128454902
-0.0048343987606,-0.172537132845,0.362960432801,0.157960524713
-0.00721902399719,-0.174413834533,0.363634968275,0.158614814899
-0.00845935842424,-0.175486648904,0.363900740712,0.158913279514
-0.00760258558498,-0.174831002843,0.36370485931,0.158695221194
-0.00663750595886,-0.174099178932,0.363382794483,0.158449780992
-0.00519874936147,-0.173142249139,0.363036912507,0.158055510921
-0.0072697932801,-0.174560690187,0.363841578412,0.158727035524
-0.00592969681478,-0.173561897739,0.363401683389,0.158332226953
-0.00215674774863,-0.170620926739,0.362367259198,0.157264234596
-0.00497899353089,-0.172717658745,0.363501355854,0.158323083878
-0.00587131120853,-0.173427856076,0.363810964455,0.158659097169
-0.00643087777582,-0.174008637017,0.364046890707,0.158881451409
-0.00584953436795,-0.173506568405,0.363766525675,0.158702339916
-0.00524636296257,-0.173047332162,0.363615753748,0.15852072255
-0.00576574298177,-0.173371258377,0.363774462176,0.158711238976
-0.00705493167311,-0.174231721621,0.364218988772,0.159186987362
-0.00856089354938,-0.175392379747,0.364698907591,0.159705401139
-0.0086822384005,-0.17546101157,0.364809840574,0.159767535081
-0.00966103778896,-0.176162525462,0.365243614042,0.160190807066
-0.0100056757262,-0.176350371886,0.365434857803,0.160402369123
-0.0102411359288,-0.176544067412,0.365609135205,0.160575112553
-0.0113413295876,-0.177215718255,0.366091137254,0.161147687778
-0.00903523979285,-0.175601644162,0.365026976775,0.159713499767
-0.00809404585859,-0.174965271985,0.364594936889,0.159171245773
-0.00963708271749,-0.17614807403,0.365231104571,0.160088324385
-0.00840898092562,-0.175426180458,0.364650883752,0.159486363162
-0.00933947585046,-0.176222877547,0.364971251468,0.160056936938
-0.00855721554444,-0.17568954265,0.364660357105,0.15962598332
-0.00986941728196,-0.176473497215,0.365198991553,0.160339320558
-0.00777328813944,-0.174943597538,0.364481331448,0.159631655257
-0.00488647863812,-0.17277028022,0.363618682545,0.158708683428
-0.00437174890642,-0.172356894529,0.363458043121,0.158534285014
-0.00518387068261,-0.173170677224,0.363888504759,0.15886869406
-0.00619587542182,-0.173908263628,0.364353346073,0.159266357666
-0.00694211536622,-0.1744348027,0.364590276209,0.159577923223
-0.00580126673452,-0.173598648989,0.36415669783,0.159172803501
-0.00604293638672,-0.173739729899,0.364165077503,0.159188166893
-0.00588450432976,-0.173627600276,0.364085268896,0.159130295179
-0.00523594256303,-0.173154772891,0.363835264289,0.158917812793
-0.00417652646735,-0.172378543665,0.363533423017,0.158663324758
-0.00474539036184,-0.172790918394,0.363708246359,0.158815753406
-0.00221029409263,-0.170959586613,0.362694740342,0.157997943544
-0.00662303366622,-0.17415555635,0.364406124333,0.159396539892
-0.00388302565455,-0.172164513551,0.363342540625,0.158566884054
-0.00360321103524,-0.171940653878,0.3632011165,0.158465092843
-0.0033968067666,-0.171808370628,0.363020995274,0.158399398731
-0.00569819901388,-0.173596355941,0.364052628763,0.159186140056
-0.00348651298707,-0.171985349235,0.363132114962,0.158427035392
-0.00397878508139,-0.172216178553,0.363348051193,0.158595530725
-0.00462501328473,-0.172597155374,0.363541154557,0.158708789247
-0.00404850447215,-0.17219754399,0.363372629809,0.158599037115
-0.00363415993705,-0.171784496938,0.363152684243,0.158537158628
-0.00642604779606,-0.17376427426,0.364209286962,0.159241018674
-0.0059274046908,-0.173354976671,0.363947038271,0.159050420137
-0.0058557699498,-0.17327523228,0.363779754492,0.158964651162
-0.00597154409113,-0.173344663248,0.363878646504,0.159052953155
-0.00683973670738,-0.173877342427,0.364234531708,0.159345397022
-0.00833119801263,-0.174962567656,0.364721026605,0.159739607895
-0.0101535123672,-0.176308083303,0.365314970669,0.160229618297
-0.0145304150143,-0.178934137256,0.366544022795,0.161317562469
-0.0146602875089,-0.178951720587,0.366356017529,0.161254593597
-0.0145657859213,-0.178911336632,0.366304363095,0.161269484631
-0.0147265857308,-0.179107460308,0.366508580248,0.16136055315
-0.0157566656291,-0.17976240816,0.36687422159,0.161655634347
-0.0172575064991,-0.180643250517,0.367456474257,0.162107961155
-0.0199023801471,-0.182168535762,0.368046075525,0.162614460568
-0.0194689104956,-0.182012143958,0.368204519179,0.162682914305
-0.0223442192044,-0.183828227932,0.369016690709,0.163369499395
-0.0225405921429,-0.18404474384,0.369012844572,0.163383299637
-0.0237412670379,-0.184822658501,0.369274670238,0.163624642044
-0.0220610066502,-0.183706538949,0.368732288128,0.163150025035
-0.0218800832777,-0.183631811255,0.368671309101,0.163173577004
-0.0193640467608,-0.181986784273,0.367741437385,0.162500420479
-0.0175601475276,-0.18071621717,0.367085673631,0.161953451792
-0.0185139726261,-0.181424361551,0.367435270936,0.162251328351
-0.0169627837893,-0.180312345161,0.366856017447,0.161835672633
-0.0184044406296,-0.181264991234,0.36732536413,0.162289019633
-0.0172679019746,-0.180457213993,0.366960669059,0.161994873439
-0.0156711179784,-0.17938352737,0.366366851593,0.161547433759
-0.0167340963119,-0.180058559866,0.366623463481,0.161810455546
-0.0179004784293,-0.180760236071,0.366886612305,0.162102105672
-0.0175342153451,-0.180506817546,0.366815344298,0.162062188695
-0.0174455211824,-0.180393125596,0.366726670494,0.162080781698
-0.0155328541539,-0.179172237382,0.366333877508,0.161659092178
-0.0147511129919,-0.178660568898,0.366173292642,0.161530188942
-0.0103434764792,-0.175884466389,0.365280086626,0.160488390724
-0.00933422805566,-0.175188507862,0.365100901831,0.160245834363
-0.00797068498234,-0.174235117388,0.364798095528,0.159929840317
-0.00699597717854,-0.173621221397,0.364508698736,0.159695220886
-0.00587723776229,-0.172846024174,0.364152838558,0.159484228272
-0.00473035832253,-0.172040820611,0.36381903057,0.159252422156
-0.00238494611145,-0.170260991067,0.363115890238,0.158745558719
-0.00380726451384,-0.171318293574,0.363520772934,0.15907740205
-0.00338679717931,-0.170949366726,0.363289882276,0.158979710941
-0.00197780330731,-0.169907444463,0.362773972559,0.158612382358
-0.000211284881001,-0.168659520733,0.362258866848,0.158225951538
-0.00232465931447,-0.170165584354,0.362912970049,0.158713490044
-0.00361025323793,-0.171096711605,0.36325608569,0.158988785237
-0.00692018058159,-0.173499146043,0.364231437067,0.159754100895
-0.00630652607928,-0.173041644284,0.364036349718,0.159606022489
-0.00445549462579,-0.171754981827,0.363560475323,0.159187693999
-0.00643510493658,-0.173102266676,0.364120869318,0.159661396268
-0.00576882198081,-0.172599786889,0.363920087914,0.159511324758
-0.00425354703926,-0.171528517742,0.363438906311,0.159167890138
-0.00508647829093,-0.172131610367,0.363683378825,0.159379171297
-0.00582002051974,-0.172659934762,0.363922517292,0.159570925485
-0.00338759923084,-0.170984634682,0.363202020643,0.159001504401
-0.00600608264898,-0.172888056644,0.363973013548,0.159603101736
-0.00713012355278,-0.173719875596,0.364332018944,0.159856071935
-0.00659606550637,-0.173328180181,0.364221043196,0.159750163498
-0.00677969815783,-0.173550157466,0.364265786946,0.159779997638
-0.00537554263326,-0.172528626889,0.363883439878,0.159425863384
-0.00461976111406,-0.171962897149,0.363595235273,0.159251813656
-0.00385013403449,-0.171381515619,0.363429203942,0.159060106758
-0.00704861380612,-0.173742414439,0.364358009881,0.159886244977
-0.00737017321766,-0.173930751943,0.364429855629,0.159949989197
-0.00874729109946,-0.174993927753,0.364870925476,0.160328004635
-0.0121285307507,-0.177577654343,0.365884188612,0.161258451595
-0.011329356621,-0.177053133773,0.365607408389,0.160990174209
-0.0122627213479,-0.177736192375,0.365829490347,0.161224503367
-0.0125670730126,-0.177947095144,0.365937530223,0.161355898445
-0.0136578469164,-0.178834529095,0.366366956174,0.161684053627
-0.0132696682549,-0.17856437593,0.366218008903,0.161627297364
-0.0183873307443,-0.182880616854,0.368140376415,0.163052040221
-0.0175172570287,-0.182245001213,0.367861467197,0.162847358821
-0.0150788666415,-0.180216592452,0.366918645755,0.162150577112
-0.0147931810446,-0.18003813669,0.366827884,0.162079779373
-0.0144554529253,-0.179636849389,0.366682209302,0.162027626802
-0.0154226604013,-0.180454245453,0.366986114225,0.162260600609
-0.0158305031241,-0.180779913725,0.367121084199,0.162380360899
-0.0162816113864,-0.181230412234,0.367297133166,0.162566182137
-0.0150155875156,-0.180186700533,0.366821163974,0.162196979145
-0.0156636015195,-0.180739250312,0.367044870068,0.16239350245
-0.0163181232813,-0.181331247275,0.367211912327,0.162579062291
-0.0155036803803,-0.180751898942,0.36694271136,0.162349803624
-0.0163815239817,-0.181335121576,0.367226507158,0.162597294895
-0.015429459229,-0.180569850172,0.366944927139,0.162325277601
-0.0137329750768,-0.179191647785,0.366320649336,0.161813680182
-0.0146620059287,-0.18002028014,0.366770058472,0.162138023519
-0.0168597699827,-0.18225691833,0.36738553545,0.163083963966
-0.0174160239829,-0.182785160589,0.367590564556,0.163310524128
-0.0175687515367,-0.18297425076,0.367594249287,0.163304942658
-0.0171405719979,-0.182588434396,0.367438789045,0.163154751314
-0.0173340466228,-0.182760577023,0.367438490679,0.163231876847
-0.0182469546518,-0.183784120674,0.367706474223,0.16352682901
-0.0155616249608,-0.181065206948,0.367010750772,0.162462528965
-0.0150952799382,-0.180637481136,0.366909853596,0.162259000647
-0.0163402335714,-0.181754502327,0.367134440093,0.162666263774
-0.0142378037247,-0.179788954365,0.366524974985,0.161845795025
-0.0122894442315,-0.177351386352,0.366020571347,0.160988413232
-0.0114759089161,-0.176388797271,0.365785896578,0.160658182605
-0.0138755499194,-0.179409475003,0.366441233161,0.161813459292
-0.0142415402191,-0.179829402589,0.366514262229,0.162007830721
-0.0128464459912,-0.178084183079,0.366141002897,0.161364225581
-0.0120259483803,-0.17705684261,0.365982890036,0.160983634368
-0.0125592274365,-0.177593979442,0.366039336957,0.161153718615
-0.0117843594884,-0.176603627799,0.365762431968,0.160776060849
-0.0121206180102,-0.177218435517,0.36589344692,0.160991953605
-0.0139754501583,-0.179687984736,0.366351141182,0.16179163629
-0.0139754494761,-0.179687984448,0.366351140431,0.161791635657
-0.013990742481,-0.179708382118,0.3663440865,0.161793685121
-0.0144197422348,-0.180195304889,0.366594384545,0.162004092322
-0.0135840437107,-0.179329054303,0.366344406361,0.161668022367
-0.0139710775684,-0.179730160022,0.366487431879,0.161863150546
-0.0140976130413,-0.179932914691,0.366523126493,0.161957210727
-0.013573239592,-0.179383103004,0.366400096654,0.161789170755
-0.0132313424183,-0.178888247906,0.366305498233,0.161620510229
-0.0157698071818,-0.181614594766,0.367170691441,0.162646005198
-0.0147982242635,-0.180755256091,0.366899850797,0.162232614717
-0.0131996882464,-0.178607407486,0.366329573735,0.16146220758
-0.0147753919624,-0.180884488639,0.366812290495,0.162203464215
-0.013560212289,-0.179190484625,0.366389936538,0.161652842269
-0.0132474969354,-0.178909974157,0.366263950505,0.161481070557
-0.0120043894749,-0.177167473764,0.365876650909,0.16096271863
-0.0129218090982,-0.178417538151,0.366142606003,0.161337309438
-0.0139131749817,-0.179785247784,0.366590799967,0.161807855109
-0.013160644925,-0.178767019922,0.366293730579,0.161495667139
-0.015336411843,-0.181791804879,0.367042662754,0.16251621277
-0.0140914039829,-0.180130175153,0.366688164582,0.161971072053
-0.0133692789443,-0.179313438029,0.366598123631,0.161675828046
-0.0110422405278,-0.176894863749,0.36619973705,0.160700662978
-0.0109299421949,-0.176791586176,0.366137568495,0.16067286222
-0.00993335892155,-0.175847436122,0.365849959764,0.160237922175
-0.0123362613634,-0.178305154455,0.366322203344,0.161310553333
-0.0100682963577,-0.17596480899,0.365873089308,0.160275894837
-0.00962865523788,-0.175399862255,0.365739394577,0.160101164868
-0.00709723016581,-0.172788578763,0.365317519329,0.159022662611
-0.0107807333646,-0.176642358387,0.366085260744,0.160703268001
-0.0093158893509,-0.175143618651,0.365753274345,0.160047338104
-0.00906749420802,-0.174964701718,0.365780109991,0.159960519676
-0.0102298740812,-0.176194526035,0.36595125249,0.160373032269
-0.00864524143531,-0.174542699698,0.365547418247,0.159709142589
-0.00857537842925,-0.174450656809,0.365575360715,0.159745846472
-0.00846776267554,-0.174363056946,0.365579097921,0.159712159486
-0.00894978411402,-0.174825370097,0.365707552047,0.15994665862
-0.00906622990183,-0.174908819102,0.36572894729,0.159975909875
-0.0101684004749,-0.176063587693,0.366004767725,0.16045623085
-0.00992237735971,-0.175892782519,0.366022902113,0.160400440871
-0.0109805320242,-0.177005843691,0.366178085199,0.160823920859
-0.0136127584165,-0.179489623459,0.366831111725,0.161810745631
-0.0119563249605,-0.177886409752,0.366451561267,0.161239894374
-0.0100491133936,-0.17606336316,0.366034290467,0.160566482358
-0.00961999799756,-0.175730048293,0.365852058319,0.160377364171
-0.0142339635268,-0.180222890852,0.366893320324,0.162035313601
-0.0127661365735,-0.17884359347,0.36649190515,0.161495370607
-0.0137799954838,-0.179691011322,0.366634398213,0.161872691553
-0.0152042325231,-0.181061845051,0.366960285325,0.162417189781
-0.01369018417,-0.17959454677,0.366623126599,0.161875426371
-0.0147993972948,-0.180743018278,0.366878814374,0.162358654578
-0.0144034055632,-0.180344572737,0.366847918089,0.162159526198
-0.0123077420155,-0.178168425099,0.366253350107,0.161282249221
-0.0117829245155,-0.177604392963,0.366123260669,0.161036408137
-0.0115602033581,-0.177370580647,0.366104970774,0.160923171512
-0.0114408405911,-0.177222884489,0.366101538231,0.160898781383
-0.0116177493788,-0.177377545206,0.36614617465,0.161007609086
-0.0131093524783,-0.178803614664,0.36645427652,0.161557156431
-0.0129900351026,-0.178656278213,0.366463286398,0.161539697519
-0.0127452090167,-0.178429750527,0.366399916014,0.161427931058
-0.013956875461,-0.1796400329,0.366651121357,0.161889809315
-0.0123596038255,-0.177273525196,0.365764518124,0.160940442275
-0.0138346489146,-0.179343947017,0.366495821712,0.161673173428
-0.0149278576141,-0.180906729762,0.367014339879,0.162227951965
-0.0145983448874,-0.180361986242,0.366794297117,0.162038872148
-0.0149428598396,-0.180736541802,0.36693132737,0.162210633216
-0.0168113716543,-0.183282506918,0.367831601826,0.163249278247
-0.0163629386675,-0.182600435805,0.367506033005,0.162992612114
-0.0154808243591,-0.181360528618,0.367105459931,0.162466829701
-0.0144226489347,-0.180015805019,0.366604116331,0.161890027464
-0.0125167885548,-0.177377771057,0.365665050947,0.16084419927
-0.0131534573935,-0.178071237261,0.365801612492,0.161026168562
-0.0139944822496,-0.178793841133,0.366012686719,0.161270510694
-0.0171159939879,-0.18184117123,0.366755075459,0.162353809276
-0.0170051915696,-0.181788764945,0.36674973984,0.162317917719
-0.0159061021535,-0.180704218195,0.366459591003,0.161916389938
-0.0159638337123,-0.180859511681,0.366477512335,0.161934300227
-0.0165713726541,-0.181365608078,0.366588249666,0.162176203528
-0.0161286525793,-0.180887909242,0.366477721324,0.162042581394
-0.0152081525121,-0.180010796889,0.366290242012,0.161796089267
-0.0152010730393,-0.180022909735,0.366349712029,0.161771193773
-0.0150278781133,-0.179931119857,0.366420135258,0.161887145091
-0.0140040971069,-0.179645423879,0.366716722194,0.162003843526
-0.0129273950232,-0.179283511589,0.366894654762,0.162057563164
-0.0137066608385,-0.17953522836,0.366813502649,0.161994107794
-0.0124594175366,-0.178932113173,0.366875750363,0.162022339967
-0.0138010699381,-0.179408418154,0.366696843902,0.162038180752
-0.0164358967304,-0.180634193056,0.366587902082,0.16210268144
-0.0165490690229,-0.180788557491,0.366670829689,0.16220655387
-0.0170627444829,-0.180978119014,0.366676089875,0.162215839278
-0.0166459605566,-0.180697708135,0.366650922027,0.162270561789
-0.0175299206189,-0.181256774982,0.366414574446,0.162145949045
-0.0182734175842,-0.181886780603,0.366273248745,0.162090482154
-0.0177040885506,-0.181478340538,0.366381082722,0.162159064156
-0.017621616783,-0.181377931707,0.366401689531,0.16223514721
-0.0177252294672,-0.181562684165,0.366475279808,0.162278172585
-0.016686996972,-0.180694313129,0.366543913709,0.162285903418
-0.0158930354185,-0.18002496108,0.366691136492,0.162383659669
-0.0166530744569,-0.180620975748,0.366590584311,0.162328487164
-0.0168250162605,-0.18085875011,0.366553302453,0.162333307444
-0.0155165018176,-0.17983406784,0.366699499858,0.162458969102
-0.0152896867111,-0.179607329285,0.366631553416,0.162387174187
-0.015603095546,-0.179801632916,0.366623471302,0.162473265496
-0.0166297173228,-0.180473994696,0.366749809624,0.162718178706
-0.0173132820037,-0.180741329002,0.366679424462,0.162798346802
-0.0152587001607,-0.17959860987,0.366627757349,0.162453581934
-0.0159760616869,-0.180027049792,0.366570330437,0.162518416424
-0.0165410443107,-0.180656677453,0.366824585898,0.162771074951
-0.0198015296183,-0.182773382552,0.367060807255,0.163396253212
-0.0194119472137,-0.182659947121,0.367086948861,0.163333171841
-0.019404135589,-0.182644513769,0.367186181461,0.163405291486
-0.0200475762485,-0.183156056905,0.367529035699,0.163625973762
-0.0198833472296,-0.18280082401,0.367478830024,0.163701815997
-0.0200074889973,-0.182790033722,0.367612862792,0.163745897702
-0.0207671879533,-0.183658704106,0.367810889127,0.163962542647
-0.0216834159035,-0.184406260269,0.368036318626,0.164264730738
-0.0201951390702,-0.183271046221,0.367787426382,0.164222483286
-0.0189974726915,-0.182444118018,0.367516732977,0.163952588643
-0.0186658517722,-0.181795963064,0.367367275381,0.163829389571
-0.0190153153248,-0.182432860604,0.367315156317,0.163452028058
-0.0175705437145,-0.181229638358,0.367206909772,0.163621534475
-0.0178673859207,-0.181556208864,0.367354232073,0.163812949942
-0.0165209388871,-0.180376926597,0.36717766591,0.163730953547
-0.0148496753656,-0.179221757957,0.366673045528,0.163029930159
-0.0152975556322,-0.179677776099,0.366827060845,0.16324450731
-0.0161992067982,-0.180516160135,0.367125533459,0.163629847227
-0.0152262228041,-0.179630494296,0.366856699752,0.163417335704
-0.0159330219581,-0.180306717912,0.366947788438,0.163465876489
-0.0129967535106,-0.178050581273,0.366159261867,0.162531917021
-0.0127952812104,-0.178138897477,0.365925832233,0.162024773692
-0.01042093667,-0.1764363781,0.36514303991,0.161047843757
-0.0112350093976,-0.176967647933,0.365395961271,0.161410290367
-0.0115932224227,-0.177388268557,0.365416149012,0.161312345429
-0.0127485865187,-0.178391471994,0.365690808658,0.16151670964
-0.0118144699674,-0.177469019858,0.365661331015,0.161896060971
-0.0117403881735,-0.17739667284,0.365635473742,0.161879968024
-0.0111798263136,-0.177095024362,0.365447905554,0.161520978597
-0.0126445388084,-0.178105166874,0.365859451591,0.16189176313
-0.0128325126121,-0.178182235406,0.365872311642,0.161940860809
-0.0117028777379,-0.177470787222,0.36547003727,0.161430577182
-0.0102572765058,-0.176461037061,0.365146638691,0.161139447721
-0.00844627245398,-0.175223005401,0.364470117562,0.160346456413
-0.00735111852359,-0.174442030741,0.363980596249,0.1597217336
-0.00678108497059,-0.174065425829,0.363863561661,0.159655579003
-0.0105369773937,-0.176636400015,0.365190115615,0.161155078549
-0.0118905359587,-0.177581527791,0.365641969449,0.161708083975
-0.0102480895726,-0.176415487173,0.365028742889,0.16099610898
-0.0113633221064,-0.177268616179,0.365420116389,0.161322418746
-0.00975745522718,-0.176169544502,0.364906119331,0.160732027956
-0.00776779296735,-0.174730356851,0.364193680708,0.15999054277
-0.0075688190064,-0.174585210743,0.364007838029,0.159877129058
-0.0070528935307,-0.174179784056,0.363912340419,0.159912046721
-0.00584323894555,-0.173271024505,0.363617377467,0.15973145122
-0.00737478044943,-0.174391120818,0.36421162337,0.160383348336
-0.00781723800862,-0.174637739107,0.364363747669,0.160577159043
-0.0124620856683,-0.17803070943,0.365938344215,0.162104125681
-0.010813060418,-0.176796516041,0.365404501209,0.161675123632
-0.00965212861744,-0.175856979287,0.365071798861,0.161368018348
-0.00912538578748,-0.175323753334,0.364939321872,0.161380699357
-0.00950376011848,-0.175664390544,0.365085986586,0.16153594842
-0.0107110511697,-0.176416545044,0.365542662283,0.162147916975
-0.0108476752859,-0.176678670793,0.365546874711,0.16185959184
-0.00968835382014,-0.175565848348,0.365086492805,0.162131106686
-0.00880984008618,-0.174557359741,0.364975527881,0.162782596007
-0.00819764813871,-0.173871569624,0.364781804981,0.162900548605
-0.00929364156855,-0.174936644558,0.36505036949,0.162442509648
-0.00913905148715,-0.174698000306,0.365017496234,0.162486932318
-0.0104327414335,-0.175959327495,0.365382516107,0.162161273918
-0.0115594602155,-0.177371258121,0.365600148973,0.161406499838
-0.0115978105588,-0.177391568841,0.365597843396,0.16149953738
-0.0115598993374,-0.177403094732,0.365495709693,0.161360258797
-0.00878954263723,-0.175990259613,0.364784104121,0.160212992294
-0.0100818735311,-0.176691162114,0.365191610602,0.160804272631
-0.0107188086278,-0.177040199397,0.365214610769,0.160916397317
-0.0128615567497,-0.178116122692,0.365816324034,0.161828697106
-0.0151381039419,-0.179434815865,0.366427474493,0.162733723959
-0.0123489692016,-0.177724611,0.365869370017,0.161980044178
-0.011596373864,-0.177321456033,0.365613090868,0.161734350006
-0.0105963972774,-0.176826543168,0.365261224045,0.161281192311
-0.0125596208265,-0.178046889019,0.365793982576,0.161983518732
-0.0127917321655,-0.178170190457,0.365850644238,0.162080595475
-0.013201497704,-0.178400761894,0.366116708281,0.16254329446
-0.0109989401402,-0.17644351428,0.365283505145,0.162099535946
-0.0122788798338,-0.177492089056,0.36583723959,0.162581579805
-0.00982540503099,-0.175773952918,0.364799433666,0.161464159829
-0.0108673524961,-0.176435051445,0.365251010192,0.161958964509
-0.0109869007032,-0.176563073073,0.365344707192,0.162187249086
-0.0119103928183,-0.177441863376,0.365790627402,0.162464512584
-0.0121907917052,-0.177829810375,0.365808017722,0.162327100701
-0.0118421969104,-0.17772646592,0.365693905153,0.16216468288
-0.0125028094565,-0.178279907927,0.365886846964,0.162260502645
-0.012635176054,-0.178378341425,0.365910131329,0.162457486522
-0.0102248953172,-0.176414526094,0.364360649434,0.162128377518
-0.0107391943355,-0.176769738838,0.364577434034,0.162162207827
-0.0128004972387,-0.17863991505,0.365886704814,0.162097104712
-0.0123977836527,-0.177974119373,0.365616158523,0.162627172419
-0.0120716893112,-0.177827204934,0.365488164168,0.162578221888
-0.0136369541423,-0.179061278999,0.366409659321,0.162819505161
-0.0123961128386,-0.178065728188,0.36571000223,0.162766633297
-0.0108005733904,-0.176507494547,0.364749916676,0.162875850568
-0.00905211446016,-0.175001017298,0.36369179036,0.162626424118
-0.00851938379828,-0.174047387688,0.364028797149,0.16223580639
-0.00698772474746,-0.171944910146,0.36459847541,0.160797046391
-0.0064921660337,-0.171281370884,0.364798940086,0.160388568429
-0.00684216549502,-0.172083799472,0.364360411449,0.160839950166
-0.00742327038212,-0.172868810201,0.364216577487,0.161334101349
-0.00763432115322,-0.173379689549,0.364037338572,0.161608884336
-0.00833456976564,-0.174828233498,0.36368683007,0.161785519804
-0.00993687328869,-0.177141261902,0.363209495456,0.162992379805
-0.00927852031206,-0.176000396529,0.363580496681,0.162540326892
-0.00914965549161,-0.175623129657,0.363773426125,0.162256566974
-0.0109482286201,-0.177396361777,0.364234561956,0.162774667674
-0.0109221024419,-0.177633515943,0.363990127182,0.162703153783
-0.0107038616899,-0.177377410395,0.363991193539,0.162566129084
-0.00982933187798,-0.176712373649,0.363802480345,0.162242721789
-0.0118909167747,-0.178664583227,0.364719361699,0.162237939672
-0.0108482870417,-0.177550417456,0.36429165935,0.162439385978
-0.0108153424943,-0.177545919909,0.364204695572,0.162437042654
-0.0106407712069,-0.177256804439,0.364329768372,0.162524426508
-0.00969047547627,-0.176339755963,0.364222056538,0.162106676766
-0.00733440084493,-0.17400482101,0.363475465624,0.161602760428
-0.00660638062462,-0.172994954491,0.363281927042,0.161532419576
-0.00535126319992,-0.171620240491,0.362771809533,0.161410488457
-0.00478292703692,-0.171029932207,0.362674430927,0.161000177455
-0.00652274091736,-0.17321478553,0.363181073781,0.161268308742
-0.00797178495942,-0.175012583979,0.363742790199,0.161302441287
-0.0092691834957,-0.17657651157,0.364230404265,0.161514902591
-0.00812083463155,-0.175331716261,0.363668122489,0.161420752463
-0.00682906396473,-0.173828318729,0.363230233902,0.161119187837
-0.00685622426205,-0.174058937364,0.36304462012,0.161421710502
-0.00635947171794,-0.173557848905,0.362874108443,0.16108348829
-0.00875855227843,-0.175792910387,0.363544913885,0.1619761523
-0.00698054863245,-0.17389879128,0.362911577237,0.162003964409
-0.00740364434587,-0.174018928284,0.363014779494,0.162288600911
-0.00686772343798,-0.173420060881,0.362676389659,0.162527688005
-0.00828829033951,-0.174417567522,0.363161353348,0.163089484551
-0.0127970521985,-0.178736819469,0.364698192721,0.163988546999
-0.013533569947,-0.179524647646,0.364758997098,0.16425575148
-0.0171043340998,-0.182738839791,0.365718239846,0.16538631449
-0.0164754170153,-0.182174440225,0.3657066796,0.164900371781
-0.0190656755973,-0.184358190319,0.366502622551,0.165772518296
-0.0187452409508,-0.183993703897,0.366601845678,0.165430081056
-0.0181753779959,-0.183455562803,0.366457917867,0.165075233681
-0.0178742338458,-0.183115366707,0.366513609441,0.164749632694
-0.0179234950454,-0.18304235621,0.366682470632,0.164576568254
-0.0155739863993,-0.18097691846,0.366110703709,0.163639884228
-0.0170102003179,-0.182221554175,0.366526130448,0.164335287908
-0.0156187783299,-0.181028335317,0.366273642097,0.163639140391
-0.0149278286535,-0.180406272664,0.366065131578,0.163387372464
-0.0139844411173,-0.179795611039,0.365742493828,0.163204143585
-0.0148939786661,-0.18048269373,0.366208441031,0.16337836194
-0.0139663882144,-0.179747191173,0.365915243161,0.163259756141
-0.0143294345385,-0.180090573874,0.366037655455,0.163273249471
-0.0136246041102,-0.179525673015,0.365752477906,0.163145904328
-0.0114241154122,-0.17775137142,0.364927948702,0.162937987755
-0.0116537050245,-0.177905199646,0.365020986659,0.163001498902
-0.0117413070474,-0.178044591605,0.365072199449,0.163045609517
-0.0135978983519,-0.179475716512,0.365733278055,0.163251881579
-0.0157058026411,-0.181256963988,0.366516398357,0.163543803653
-0.0160344173821,-0.181600649256,0.366742553354,0.163585860572
-0.0175158193662,-0.182833767999,0.367251787689,0.163711185159
-0.0159586990284,-0.181558496099,0.366923714989,0.163140754665
-0.0159415590275,-0.181612029548,0.366894230144,0.163163288599
-0.0141389413196,-0.180136500485,0.366444531346,0.162580660446
-0.0169383635043,-0.182420095376,0.366988990268,0.163605856719
-0.0172347138183,-0.182700449443,0.36704165992,0.163735491153
-0.0187613325397,-0.183917135837,0.367357623879,0.164238957595
-0.0176024597182,-0.182872922086,0.367051015801,0.163824714347
-0.0204607887448,-0.185362420155,0.367687161853,0.16476762551
-0.0182992669973,-0.183569089551,0.367234751672,0.164021767721
-0.0164419656866,-0.182060219253,0.366851033587,0.163377826706
-0.017320067672,-0.182736563612,0.367241574288,0.163570370017
-0.0162232424401,-0.181831585891,0.366807614982,0.163413569549
-0.0174108849663,-0.182884189031,0.367257684744,0.16362020602
-0.015501455236,-0.181086186204,0.366557091259,0.1634065573
-0.0133844173909,-0.179145386925,0.365772078079,0.163057359194
-0.0120696722096,-0.178030173976,0.36533756997,0.162876840956
-0.0135646498535,-0.179279412537,0.36588429533,0.163072829484
-0.013108640453,-0.178950964742,0.365796231563,0.163060609793
-0.0113920287316,-0.177447605372,0.365189673312,0.162858816913
-0.011076382713,-0.177231507772,0.365069942798,0.162791189126
-0.0130056644204,-0.178994882971,0.365795447015,0.163133140668
-0.0140547776991,-0.179964455383,0.366157252235,0.163332684067
-0.0120947665646,-0.178051896882,0.365389263514,0.162955775419
-0.0154498845305,-0.181183872184,0.366650164614,0.16362609549
-0.0136112193675,-0.179551745958,0.365998908007,0.163290807624
-0.0155690931892,-0.18130224886,0.366715101926,0.16363134801
-0.0118718772618,-0.177905614325,0.365406218797,0.16298262472
-0.010326643017,-0.176551616882,0.364865107539,0.162586960057
-0.00983742538327,-0.176166581561,0.364620497993,0.162483802291
-0.00880554325687,-0.175185966349,0.364208259435,0.162258804178
-0.00880411549468,-0.175090573603,0.364048044985,0.162268060918
-0.0114594359368,-0.177518798645,0.365194788245,0.162615133376
-0.0135316119407,-0.17933552331,0.365933392869,0.162874834611
-0.0114276734962,-0.177410968336,0.36512228351,0.16259481707
-0.0124356522337,-0.178242291324,0.365505444279,0.162747985899
-0.0117068689418,-0.177591194621,0.365212102885,0.162667106491
-0.0112548186083,-0.177094458338,0.36494816326,0.162572964649
-0.012743383061,-0.17833002191,0.365476696372,0.162816689337
-0.0122899640263,-0.177823303795,0.365271341539,0.162684904473
-0.0132038361443,-0.178560813108,0.365678379029,0.162821241571
-0.0100743165257,-0.174528071345,0.363975684154,0.16109285986
-0.0111672730343,-0.175898486041,0.364417196051,0.161701214657
-0.0115805664417,-0.176663676825,0.364614456348,0.161985704943
-0.0123680535179,-0.177789913443,0.36498225615,0.162349326533
-0.0129327279534,-0.178480077896,0.365306631194,0.162661051353
-0.0130334640283,-0.178693345478,0.365329756836,0.162688750814
-0.0133896665544,-0.179183217877,0.36555859834,0.162878635858
-0.0140292171974,-0.180197978323,0.365956828219,0.163319151717
-0.0153655509658,-0.182015629,0.366778166243,0.16407922774
-0.0141328060854,-0.180293643917,0.366140253805,0.163409133428
-0.0137097440627,-0.180052462346,0.36607732271,0.163406492347
-0.0152154883144,-0.181082960314,0.366194116222,0.163384966372
-0.0171029073587,-0.182626462922,0.366516295834,0.163416107581
-0.0176383440549,-0.183085329479,0.366606018779,0.163466621656
-0.0168222418333,-0.182521183366,0.366549013859,0.163491870602
-0.0177796092277,-0.183384939573,0.366886008957,0.163677663337
-0.0177425145782,-0.183487186917,0.366906593257,0.16377096989
-0.018437060435,-0.184015936044,0.367005422723,0.163799962034
-0.0189529918654,-0.184554125773,0.367174372291,0.163884241156
-0.0196580511146,-0.185046074983,0.367243802878,0.163950790623
-0.0210375229455,-0.186711989113,0.367684581184,0.164276997513
-0.0220159967852,-0.187600722113,0.36797660473,0.164456394722
-0.0222343347838,-0.187700992202,0.368012657091,0.164522992538
-0.0200690198805,-0.185471355834,0.367375656667,0.164041752739
-0.0186326923722,-0.184073360813,0.366950507913,0.163735162148
-0.0189029805199,-0.18422039903,0.366981339295,0.16382591279
-0.0182095608413,-0.18338589743,0.3666571225,0.163602593442
-0.0178558462375,-0.182983253365,0.366516159754,0.163530402161
-0.0193278013594,-0.184452034895,0.366992547785,0.16386212467
-0.0192695595119,-0.184345222869,0.366965409391,0.163905623161
-0.0207382626999,-0.185786525155,0.367356121422,0.164213541243
-0.0188640312001,-0.184164647515,0.366936274754,0.1639760372
-0.0196307294697,-0.184835909903,0.367092142701,0.16410977336
-0.0176921229822,-0.18320348425,0.366650091612,0.163810405011
-0.0168471512018,-0.182455165175,0.366466786301,0.163711828054
-0.0186554165496,-0.184109293799,0.366955992442,0.163971301967
-0.0179988278032,-0.18343370138,0.366747346466,0.163821533166
-0.0168216278517,-0.182459709782,0.366505181004,0.163665320338
-0.0175243491363,-0.183196088251,0.36663221377,0.163758619837
-0.0167934027763,-0.182453750494,0.366430225679,0.163592071463
-0.0169422904785,-0.18264919439,0.366428000581,0.163568511843
-0.0160020129427,-0.18175291751,0.366146721182,0.163541596042
-0.0160941107545,-0.181972531428,0.366238100407,0.163576030778
-0.017553564076,-0.183239723828,0.366523133924,0.163684911512
-0.0194126838032,-0.185035360644,0.367125051538,0.163927638387
-0.018489828717,-0.184099619034,0.366799897121,0.163812293444
-0.017769362615,-0.183386421405,0.36646584699,0.163720045391
-0.0185230497472,-0.18416614577,0.366865147054,0.163897475204
-0.0169820841779,-0.182733965735,0.36640230626,0.163693966974
-0.0147177217394,-0.180486239737,0.365597390051,0.163392083543
-0.0149348913042,-0.18070155843,0.365621080531,0.163389771826
-0.0152021868608,-0.180909885483,0.365697937834,0.163415343464
-0.0156030431723,-0.181182546953,0.365759633088,0.163460746158
-0.0160419038485,-0.181528102014,0.365866903677,0.163469990927
-0.0172383583277,-0.182393009883,0.366218077005,0.163709625849
-0.0185885624982,-0.183412831737,0.366782432846,0.163993452163
-0.0180944715357,-0.183160753916,0.366604271399,0.163873683641
-0.0177852790218,-0.182899517747,0.366522612386,0.163798727131
-0.0172633787742,-0.182600361939,0.36642581493,0.163663600481
-0.0172928485841,-0.182684049326,0.366442742991,0.163694458286
-0.0169560354372,-0.182209581369,0.366329545182,0.163713076112
-0.0178154803333,-0.1835319726,0.366727157523,0.163762546484
-0.0180273481546,-0.183739889751,0.366818436658,0.163774946163
-0.0160641807238,-0.18068919349,0.365757157552,0.163564291789
-0.0161518685397,-0.180650567828,0.365789386121,0.163584909139
-0.0145118317188,-0.177924604173,0.364878998025,0.163425816854
-0.0128784874346,-0.175307618297,0.36401914565,0.163219443261
-0.0125331691017,-0.174810293534,0.363903147969,0.163192093723
-0.0136075981002,-0.176879416478,0.364569319264,0.163345699816
-0.0154056944705,-0.179966558564,0.365525580569,0.163525568225
-0.0171597294542,-0.182831183079,0.366422319449,0.163718000564
-0.0166002685955,-0.181942761042,0.366119027292,0.163648285682
-0.0177982860206,-0.184115479783,0.366761855555,0.163720761078
-0.0186453220601,-0.185277623268,0.367111160189,0.163809970868
-0.0191716317774,-0.186110311423,0.36741121126,0.163843607109
-0.0179900982644,-0.184086286693,0.366810086298,0.163692188158
-0.0169736729254,-0.182386815812,0.366354647608,0.163582401835
-0.0158718973111,-0.180468865718,0.365772757781,0.163462918514
-0.0164412465445,-0.181399493693,0.366034909553,0.163552170396
-0.0169431722527,-0.182181578437,0.366320755809,0.163664818077
-0.0168054651073,-0.181925825436,0.366180053396,0.163652015202
-0.0152949503362,-0.1795260496,0.365427999991,0.163498651489
-0.0141887548324,-0.177800089036,0.364923544399,0.163365169789
-0.0145626871532,-0.178488667585,0.365118938314,0.163415843549
-0.0154801152377,-0.180216687359,0.365631535823,0.163548061707
-0.0149697565395,-0.179370878995,0.365416151777,0.163456727406
-0.0130335389301,-0.17608607179,0.364447313772,0.163289255786
-0.0120874343523,-0.174665117654,0.363945095113,0.163185868752
-0.0126068007074,-0.175468419755,0.364189094251,0.163243088386
-0.013109858405,-0.176377679977,0.364439578923,0.163270177909
-0.0126210910522,-0.175598625786,0.364252767961,0.16320818018
-0.0138938590536,-0.177354304815,0.364798749337,0.163427850543
-0.0151354265924,-0.179244986468,0.365358616339,0.163528514257
-0.0161368648632,-0.180849051707,0.36593073524,0.163652154904
-0.0165567590901,-0.181312595392,0.366129426564,0.163701201894
-0.0177396527511,-0.1830804251,0.366722832786,0.163863997412
-0.0170151886555,-0.18193182023,0.366512213899,0.163836493713
-0.0177992797681,-0.183270934907,0.366882774844,0.163893993375
-0.0157822249499,-0.180183081625,0.365897138897,0.163708665436
-0.0137962735997,-0.177096521722,0.364999408966,0.163498017043
-0.0128320973537,-0.176053175445,0.364650760331,0.163360708265
-0.0113005890459,-0.174150611133,0.363985176111,0.16308039418
-0.0130595763026,-0.176385929837,0.364707467547,0.163395336161
-0.0129922542921,-0.17632230154,0.364686175516,0.163396840067
-0.0124689700043,-0.17561000784,0.364393975584,0.163350289769
-0.0133342401331,-0.176665663419,0.36473164125,0.163468903392
-0.0117127123394,-0.174829609924,0.364139949145,0.163186603183
-0.0126941518718,-0.176247941364,0.364711597648,0.163343797762
-0.0123532857799,-0.175879661652,0.364736321007,0.163344911638
-0.010453304493,-0.173519823302,0.363836317493,0.163035963776
-0.010723156443,-0.173972066323,0.363969710131,0.163032990978
-0.0132403475721,-0.177193770447,0.365029864507,0.16333197841
-0.0142888096608,-0.178688804395,0.365495359092,0.163469453552
-0.0135880433072,-0.177993841424,0.365276201803,0.163404075705
-0.0153063385543,-0.180317222644,0.365951993023,0.163628041772
-0.0137490899889,-0.178137710266,0.365306688298,0.163462661944
-0.0125131485631,-0.176609148853,0.364748469212,0.163270501705
-0.0125935739217,-0.176671068038,0.364803910676,0.163315019271
-0.0127965472224,-0.176733909261,0.364803371197,0.163307075898
-0.0132033394638,-0.177435784892,0.364976442591,0.163326345225
-0.0134113143464,-0.178069693499,0.365168655367,0.163394363878
-0.0128281345375,-0.177013508859,0.364824265769,0.163289346581
-0.0125732751046,-0.176535321712,0.364558964499,0.163256853505
-0.0125717272105,-0.176413533681,0.364532442649,0.163253742868
-0.0137190775894,-0.178283156604,0.365030121893,0.163342659732
-0.0126840341691,-0.176504355702,0.364474624277,0.163287994891
-0.0122106207097,-0.175599441406,0.364115877026,0.163270157276
-0.0124705396485,-0.176286958178,0.364436173815,0.163295072091
-0.0137706083521,-0.178466288505,0.3651783372,0.163382373921
-0.0135568571772,-0.178103279227,0.365084460552,0.163393848371
-0.0111132093166,-0.175814229517,0.363312052418,0.163213906376
-0.0095295833984,-0.17437689823,0.362253206774,0.163065982556
-0.0104585935369,-0.175107418192,0.362811186986,0.163115627186
-0.0111859601057,-0.17566261473,0.363440649361,0.163263744985
-0.00980745098361,-0.174275242952,0.362401744973,0.163178197651
-0.0121071623016,-0.176527382921,0.364232004448,0.163362340695
-0.0111647822541,-0.175637597561,0.363518426168,0.163288330705
-0.00821373647353,-0.172871398742,0.361369382273,0.163046978981
-0.00747993317047,-0.172252984193,0.360935182159,0.162971990456
-0.00757335740166,-0.17248307132,0.361219607525,0.162966899257
-0.00724573386428,-0.172156790716,0.360955911747,0.162951046763
-0.00517401690382,-0.170486417736,0.359894296432,0.162876302401
-0.0061914459406,-0.171469142399,0.360635775667,0.162936742685
-0.00903255593161,-0.173944995181,0.362357057886,0.163044687193
-0.0080197795261,-0.173184257554,0.361901283994,0.162984141301
-0.00667467819986,-0.172212974088,0.361229861005,0.162844818104
-0.00675604688601,-0.172367849503,0.361220183698,0.162741250762
-0.00779101989977,-0.173367811168,0.361926813536,0.16279785727
-0.00840018486377,-0.173779479807,0.362519249238,0.162864392227
-0.00666687416587,-0.172526037519,0.361581449426,0.162678948868
-0.00880947437324,-0.174181076035,0.362616910281,0.163003021459
-0.00880810693391,-0.17417120862,0.362566861989,0.16302205575
-0.00813836754631,-0.17392640161,0.362397319358,0.162949477503
-0.00513651508446,-0.171660086982,0.361299117786,0.162593568674
-0.00602526329179,-0.17239114842,0.3617213348,0.162749723356
-0.00647513837303,-0.172889407099,0.361923708852,0.162766002311
-0.0066182821334,-0.172973966133,0.361916323771,0.16272123968
-0.00542310401646,-0.171978197871,0.361336843774,0.162561370715
-0.00674465174657,-0.172987176115,0.361905437708,0.162736132369
-0.00803093010254,-0.173891780235,0.362318041825,0.162854959091
-0.00745527808699,-0.173442447538,0.361961107997,0.162722964411
-0.00598548730806,-0.172090441856,0.361376434634,0.162629504406
-0.00582122975453,-0.171809600708,0.36125393396,0.162627479988
-0.00763110521605,-0.173957156971,0.362714560641,0.162854141242
-0.01005623779,-0.17594923713,0.364077712285,0.163393005972
-0.00931164940092,-0.175252266131,0.363893457715,0.163211226447
-0.0109552822691,-0.17676553569,0.364893320651,0.163571668756
-0.0128775979082,-0.177811535882,0.365697514424,0.16394827525
-0.0129136006214,-0.177514910238,0.365691960803,0.16399045444
-0.0138421098013,-0.178082075764,0.366018318892,0.164097993938
-0.0158847612389,-0.178975635671,0.366422970559,0.164513898262
-0.0156681475425,-0.178897215966,0.366421435212,0.164499833827
-0.0150330668646,-0.179002501471,0.366507656887,0.164295738737
-0.0159404241106,-0.179800135479,0.36719743698,0.164439484335
-0.0169769630091,-0.180742863888,0.367836510801,0.164563310349
-0.015582508952,-0.180041234124,0.367482718449,0.16428459373
-0.0167753544305,-0.180982641134,0.367985101491,0.164523313393
-0.0164818837296,-0.18006581208,0.367363646567,0.164577865132
-0.0156781050657,-0.179817198301,0.367224959999,0.164416085059
-0.0150593573401,-0.180027416249,0.367322495062,0.164200987379
-0.0134798562359,-0.179185352242,0.366795682339,0.163875346774
-0.0114853997136,-0.178112710777,0.366129354585,0.163496103839
-0.00956003686233,-0.176851461843,0.365285801104,0.163100899379
-0.00680241227675,-0.175041388859,0.364074013418,0.162598689237
-0.00614836610866,-0.174815787462,0.364004787208,0.162425077222
-0.0112296535951,-0.178138104768,0.366138517388,0.163367174045
-0.0118868886021,-0.178399995033,0.366124163209,0.163478124754
-0.0108130989096,-0.177356661746,0.365450576481,0.163258093435
-0.0107239642389,-0.177345290268,0.365372421504,0.163227132715
-0.00972957211412,-0.176959493703,0.365151113163,0.163009383813
-0.0106836745723,-0.177698221719,0.365628273646,0.163172770771
-0.0120064942692,-0.178772184004,0.366286729032,0.163421910334
-0.0133682738564,-0.179514388123,0.366853184391,0.163724546805
-0.0165429335036,-0.181673399295,0.368216483441,0.164350181208
-0.0169876487878,-0.181784449237,0.368289627475,0.164468838731
-0.0165507887746,-0.181380743114,0.36794490514,0.164422905528
-0.0153855809332,-0.181066595823,0.367760998283,0.164170321671
-0.0120565335948,-0.179427701751,0.366731277925,0.163438738138
-0.0102634759648,-0.178203645259,0.365916894093,0.163034848904
-0.00816740415649,-0.177267669124,0.365276051234,0.162568825853
-0.00694239827115,-0.1763159433,0.364785944,0.162346444814
-0.00677339421663,-0.17625586991,0.364805555517,0.162245793206
-0.00601004815719,-0.175762586969,0.364449281073,0.162090917154
-0.0053626093784,-0.175173452892,0.364173860158,0.161993076029
-0.00562745015149,-0.175194400032,0.364141163885,0.162045395314
-0.00525887204825,-0.174931872246,0.364056220799,0.16192106286
-0.00671907152633,-0.175819031203,0.36441085577,0.162240458777
-0.0108842109446,-0.178337908473,0.365327248298,0.162917056758
-0.0133837436004,-0.180267677849,0.366212609535,0.163300394739
-0.0137502175559,-0.180649736797,0.36642210748,0.16329306837
-0.0131626061506,-0.180243327045,0.366205068104,0.163113053519
-0.0161923651674,-0.182031661559,0.367411605761,0.163800963118
-0.0168294771409,-0.182400260047,0.367770622665,0.16397986426
-0.0167754274259,-0.18239453558,0.36767925134,0.163991743795
-0.0147478482998,-0.181211364086,0.366845642642,0.163528707135
-0.0125459104361,-0.179797781876,0.365830428123,0.162972904219
-0.00935724113743,-0.177962621459,0.364636613039,0.162167960659
-0.00908167987475,-0.177714657851,0.364452559186,0.16203974846
-0.0109910194207,-0.178948351543,0.36513979135,0.162446151431
-0.0139440151954,-0.1806456604,0.366324630761,0.163206107533
-0.0153824991553,-0.181596760682,0.366771189399,0.163402124304
-0.016264073355,-0.182084850029,0.366914590111,0.163528850535
-0.0127917146981,-0.17959052424,0.365967892904,0.16304826055
-0.010934666438,-0.178367517709,0.365456481666,0.162731602147
-0.0142596105462,-0.180704400268,0.366376918577,0.163224532233
-0.0129417898612,-0.179782370692,0.365992497795,0.163000691975
-0.0122884390851,-0.179422518337,0.365845466812,0.162911787329
-0.0118181923768,-0.179109035326,0.365697071588,0.162787378064
-0.0120774980149,-0.179282029001,0.365652363051,0.162825593404
-0.0123599294251,-0.179412407845,0.365565544436,0.162867895639
-0.0155343004128,-0.183919920383,0.36764601949,0.163833308879
-0.0152625775107,-0.183363502533,0.367351359026,0.163770211201
-0.0153179329323,-0.18329647597,0.367323576319,0.163764779826
-0.0166562669736,-0.185382662416,0.368168991149,0.164143690641
-0.0175289616901,-0.186440646253,0.368591111243,0.164348132923
-0.0170625427385,-0.185771452419,0.368370348418,0.164177816484
-0.0150595763587,-0.182766918467,0.367001589679,0.16350219583
-0.0114361853525,-0.177541814109,0.364674938422,0.16241489419
-0.0120828010301,-0.178581941494,0.364984841844,0.162569419332
-0.010606111226,-0.176425483495,0.363916995028,0.162119999661
-0.00999458792146,-0.175449625086,0.363667421613,0.161960839265
-0.0108532622773,-0.176606940661,0.363984556407,0.162191787054
-0.00912799389921,-0.17400254483,0.363143648143,0.161712655762
-0.0117634662191,-0.177733231521,0.364245669131,0.162481672554
-0.0125792817292,-0.17903022213,0.364605739138,0.162691237101
-0.011909903643,-0.178175144584,0.364420548524,0.162519684611
-0.0117469355612,-0.178212639243,0.364518058462,0.162478206958
-0.0116870638826,-0.178114534825,0.364542417911,0.162478916855
-0.0120909707503,-0.178752121664,0.364731677954,0.162543027994
-0.0110744367018,-0.177180892036,0.364373352152,0.162264783309
-0.0101090804126,-0.175995204426,0.363761253206,0.161983419252
-0.00866244431419,-0.174079342811,0.362812225046,0.161586425242
-0.0071496805172,-0.172039962576,0.361834534755,0.161133305219
-0.0077933468749,-0.172706816127,0.362217962149,0.161305678639
-0.00737687437377,-0.172245836711,0.361951241699,0.161179674982
-0.010039855003,-0.175886700354,0.363674681123,0.161978350162
-0.0102846536724,-0.176210276365,0.363883026505,0.162069049568
-0.00912062633778,-0.174544444942,0.363043067554,0.161712762721
-0.00841336501671,-0.173586279783,0.362694748675,0.161586654801
-0.00956682714137,-0.175148179773,0.363378678597,0.161914776182
-0.00982720314404,-0.175584265679,0.363467019446,0.161991966602
-0.00883385093959,-0.174211362854,0.362894796518,0.161722071393
-0.0104484255742,-0.176135074753,0.363702939748,0.162179643589
-0.0106530042189,-0.176426380769,0.363836040987,0.162243581072
-0.0115049890466,-0.177617012696,0.364357391562,0.162524216578
-0.0112186219874,-0.177347794833,0.364216586468,0.162505709185
-0.00951034716207,-0.175401963175,0.363435367411,0.162036692797
-0.0111412679357,-0.177502382842,0.364215388867,0.162435808015
-0.0100197834939,-0.175973954939,0.363640127592,0.16213506642
-0.0108918205287,-0.177117524124,0.364088710474,0.162384325277
-0.0101306171083,-0.176363904599,0.363811088363,0.162127118371
-0.0106376863032,-0.176967533789,0.364014924382,0.162299089247
-0.00879761220955,-0.174555495775,0.363185957328,0.161710741816
-0.0113097415395,-0.177706354081,0.364321487645,0.162547737607
-0.0123485185714,-0.178960778359,0.364704778238,0.162887290173
-0.0102328915667,-0.176460642563,0.363737653335,0.162164043259
-0.0119050663259,-0.178340765525,0.364356219177,0.162591086282
-0.0136224127328,-0.180414717769,0.365027478228,0.163085258207
-0.0128367550154,-0.179596269366,0.364865534407,0.162894425344
-0.0116646228485,-0.17820111126,0.364396112002,0.162527025904
-0.00861579377413,-0.173811269542,0.362933155253,0.161697011421
-0.00905489210876,-0.174433018059,0.363189150785,0.161901911755
-0.0093411157189,-0.174842118489,0.363324592994,0.162062690564
-0.0108351510402,-0.177010506366,0.364105148251,0.162477206028
-0.0110894437302,-0.177337365865,0.364262471422,0.162549601319
-0.0121937103304,-0.178951264186,0.364780602585,0.162861584767
-0.0118851430312,-0.178622495024,0.364678589751,0.162755057394
-0.013497974521,-0.180950440241,0.365492192214,0.163284083876
-0.01449662188,-0.182412480773,0.366065162627,0.163628648786
-0.0130556324601,-0.18037221788,0.365381152818,0.163192989472
-0.0118073467666,-0.17886106126,0.365315086631,0.162585779319
-0.0131461096519,-0.180159709867,0.365841498369,0.163447961996
-0.0116960394908,-0.179275271121,0.36559049591,0.162452331831
-0.0114556466616,-0.179191583689,0.365379747037,0.162075479067
-0.0106564729427,-0.178072299464,0.365195772018,0.161393789198
-0.00950045368055,-0.176272856988,0.364668178358,0.160776447451
-0.00850721910909,-0.175009890507,0.364266496108,0.160198395154
-0.0073076315872,-0.173104396632,0.363575855595,0.160043849759
-0.00657840288391,-0.171821647549,0.363538816921,0.160110088284
-0.00772664585146,-0.17287730137,0.364251083796,0.161191710621
-0.00710957944622,-0.172280002633,0.364147061296,0.16058692964
-0.00709414976235,-0.172210615419,0.364199578415,0.160586061566
-0.00764800079444,-0.172647160345,0.363905018913,0.160803735699
-0.00819406931731,-0.173176587419,0.363867258593,0.16124430199
-0.00918817487791,-0.17416978554,0.364123667128,0.162210298645
-0.00970162067925,-0.174720324545,0.364275072644,0.162587307761
-0.0104302282029,-0.175485855251,0.364166129898,0.163134306514
-0.0112364921176,-0.176303745885,0.364246122355,0.16389165712
-0.0137342632703,-0.178816033697,0.364502665431,0.165971813707
-0.0144279155044,-0.1796842461,0.364636342189,0.16659019825
-0.0148105311559,-0.180937514971,0.364916588611,0.166211168363
-0.0147617547776,-0.180414962016,0.364768046891,0.166473110692
-0.0142153432305,-0.179445772049,0.364726734123,0.166535643348
-0.0143191637006,-0.179607633701,0.364756263081,0.166233455628
-0.0147588994576,-0.18098270814,0.365028218058,0.165598788169
-0.0134507602312,-0.178686668805,0.364273143797,0.165255528692
-0.0122531080995,-0.176253941647,0.363520429682,0.165385788114
-0.0116975680906,-0.17504204934,0.363195119149,0.165400725797
-0.0113302229984,-0.174429959789,0.363131445529,0.165524556266
-0.0110741607234,-0.174333515696,0.363300352528,0.165251278608
