0,300,200,50,4.98601494526,3.94852269434,0.0248150825
1,700,400,100,0.756742236449,2.97981524423,0.048470973968
2,1100,600,150,0.832457313808,2.03182796456,0.073227882385
3,1450,800,200,0.531851926735,0.464332257913,0.09779787063
4,1850,1000,250,0.516262201362,1.36375030433,0.12390208244
5,2250,1200,300,0.543530975913,1.25918591041,0.15011787414
6,2650,1400,350,0.489147951358,1.2356991745,0.18352389335
7,3050,1600,400,0.406835050575,0.58811683533,0.21351003646
8,3450,1800,450,0.423883156398,0.0777427839143,0.23933696746
9,3850,2000,500,0.52475140964,0.875312150981,0.26333904266
10,4250,2200,550,0.520640854949,1.15278478776,0.28965687751
11,4650,2400,600,0.383204978452,0.232810264307,0.31352996826
12,5050,2600,650,0.435143136673,0.298922666574,0.33769297599
13,5450,2800,700,0.524179718807,0.645417145982,0.36252999305
14,5850,3000,750,0.506451023159,1.22584599084,0.39068388938
15,6250,3200,800,0.532006323466,1.03210399538,0.41617608070
16,6650,3400,850,0.46437341334,0.880966396657,0.43969702720
17,7050,3600,900,0.494551652887,0.92281436559,0.46421504020
18,7450,3800,950,0.483098448391,0.711898702621,0.4905800819
19,7850,4000,1000,0.460480632352,0.519359174267,0.51475286483
20,8250,4220,1060,0.441403666918,0.679239135714,0.53959393501
21,8650,4420,1110,0.537257202303,0.960978454921,0.56448197364
22,9050,4620,1160,0.512838467633,1.29055535548,0.58995389938
23,9450,4820,1210,0.534721511584,1.14228471869,0.61703491210
24,9850,5020,1260,0.490599467369,0.610118673542,0.64318490028
25,10250,5220,1310,0.479256873055,0.517750232599,0.67141509056
26,10650,5420,1360,0.453781434822,0.754745663133,0.69796991348
27,11050,5620,1410,0.459127347868,0.594847045587,0.72568106651
28,11450,5820,1460,0.451978205892,0.28409634441,0.75259089469
29,11850,6020,1510,0.370466139728,0.426609144804,0.77882099151
30,12250,6220,1560,0.495834128339,0.882031941206,0.80980992317
31,12650,6420,1610,0.479681044387,0.779460248921,0.83354687690
32,13050,6620,1660,0.529889232893,1.09359454521,0.85740399360
33,13450,6820,1710,0.515239460138,0.906387694472,0.88237905502
34,13850,7020,1760,0.53122659501,0.923759636388,0.90933203697
35,14250,7220,1810,0.523729563221,1.4689219347,0.93256306648
36,14650,7420,1860,0.507495516423,1.16729578793,0.95598006248
37,15050,7620,1910,0.464597316703,0.978469638678,0.97937798500
38,15450,7820,1960,0.465239710532,0.852098391429,1.0050790309
39,15850,8020,2010,0.476494145378,0.239619460479,1.0309178829
40,16250,8240,2070,0.491217525702,0.339203545972,1.059134006
41,16400,8440,2120,0.472332011357,0.604030540076,1.0740258693
42,16550,8640,2170,0.494165987627,0.0828205165957,1.0885539054
43,16700,8840,2220,0.456942788265,0.885029891534,1.1087839603
44,16850,9040,2270,0.44140225702,0.877499752798,1.1246359348
45,17000,9240,2320,0.460665481648,0.290380088283,1.1401500701
46,17150,9440,2370,0.459462411188,0.591400931478,1.1549170017
47,17300,9640,2420,0.455812454103,0.314854159139,1.1699779033
48,17450,9840,2470,0.440249161895,0.497623953307,1.1848678588
49,17600,10040,2520,0.44303658295,0.774506965738,1.2005679607
50,17750,10240,2570,0.47043804081,0.357104110547,1.2160079479
51,17900,10440,2620,0.438904870021,0.50017698277,1.2311799526
52,18050,10640,2670,0.452761580462,0.320941615289,1.2450330257
53,18200,10840,2720,0.460794309907,0.37019632332,1.2592709064
54,18350,11040,2770,0.432316872391,0.431394903707,1.2729790210
55,18500,11240,2820,0.441726573396,0.315689025326,1.2866189479
56,18650,11440,2870,0.440881516757,0.5076047831,1.3038179874
57,18800,11640,2920,0.434768803771,0.12965480945,1.3176770210
58,18950,11840,2970,0.462384882343,0.168216322489,1.3313910961
59,19100,12040,3020,0.472436582574,0.0399788773205,1.3450889587
60,19250,12260,3080,0.483678127708,0.117273957398,1.3601598739
61,19400,12460,3130,0.41846090551,0.444066147311,1.3740770816
62,19550,12660,3180,0.433261454852,0.353358857016,1.3879020214
63,19700,12860,3230,0.453875182233,0.032102645441,1.4026679992
64,19850,13060,3280,0.446730809852,0.177750369776,1.4176280498
65,20000,13260,3330,0.453890635969,0.279626617086,1.4317500591
66,20150,13460,3380,0.419791769671,0.613719865437,1.4454450607
67,20300,13660,3430,0.484084131217,0.111897458496,1.4595320224
68,20450,13860,3480,0.49664943047,0.379447234652,1.4735889434
69,20600,14060,3530,0.420751881131,0.27453864437,1.4873900413
70,20750,14260,3580,0.496704338475,0.428087184164,1.5021419525
71,20900,14460,3630,0.399217139751,0.658609171427,1.518665075
72,21050,14660,3680,0.419003121677,0.379349387645,1.5362448692
73,21200,14860,3730,0.453627188067,0.0180908668649,1.5515539646
74,21350,15060,3780,0.442453119782,0.177826921199,1.567162036
75,21500,15260,3830,0.424874865055,0.475753686256,1.5824840068
76,21650,15460,3880,0.486609296102,0.462658674072,1.5980598926
77,21800,15660,3930,0.44433123436,0.0446520320929,1.6158790588
78,21950,15860,3980,0.488788811446,0.27865224049,1.6308040618
79,22100,16060,4030,0.406925864833,0.65052401645,1.6465530395
80,22250,16280,4090,0.432420632534,0.13881141296,1.6639878749
81,22400,16480,4140,0.45067635365,0.0703546631402,1.6800630092
82,22550,16680,4190,0.533649166605,0.851453943711,1.6963150501
83,22700,16880,4240,0.442489002061,0.237119495815,1.7145578861
84,22850,17080,4290,0.442475635471,0.175015539781,1.7309110164
85,23000,17280,4340,0.383580521136,0.640593060769,1.7461009025
86,23150,17480,4390,0.430022304355,0.207883221037,1.761121988
87,23300,17680,4440,0.480235340085,0.23875102508,1.7757070064
88,23450,17880,4490,0.437732279757,0.116086516685,1.7896909713
89,23600,18080,4540,0.389804266566,0.573457241128,1.8034110069
90,23750,18280,4590,0.438444900345,0.101133659196,1.8185498714
91,23900,18480,4640,0.527547996431,0.706734652157,1.8338670730
92,24050,18680,4690,0.486722029628,0.541369410892,1.8490710258
93,24200,18880,4740,0.412493804562,0.276655315273,1.8629229068
94,24350,19080,4790,0.503777707703,0.346318037249,1.8769850730
95,24500,19280,4840,0.446463060204,0.0556292923604,1.8912420272
96,24650,19480,4890,0.472526928549,0.0159133694985,1.9052319526
97,24800,19680,4940,0.451707325917,0.222574198847,1.9200639724
98,24950,19880,4990,0.452676476811,0.0530140847833,1.9347040653
99,25100,20080,5040,0.405271247946,0.549598828852,1.9492778778
100,25250,20300,5100,0.466499199243,0.124675980319,1.9714810848
101,25400,20500,5150,0.499109898559,0.522899618166,1.9866449832
102,25550,20700,5200,0.498601818492,0.595412193454,2.0007500648
103,25700,20900,5250,0.433375324298,0.153052876103,2.0150260925
104,25850,21100,5300,0.450434433025,0.194500120662,2.0300829410
105,26000,21300,5350,0.508769056002,0.447038206788,2.0535070896
106,26150,21500,5400,0.427909029519,0.154512178865,2.0709230899
107,26300,21700,5450,0.477297058027,0.122904086405,2.0966370105
108,26450,21900,5500,0.445864868923,0.0215179130195,2.1191229820
109,26600,22100,5550,0.435528653883,0.174230227744,2.1355628967
110,26750,22300,5600,0.44331962171,0.19113084853,2.1509089469
111,26900,22500,5650,0.490161646363,0.272332394126,2.1652729511
112,27050,22700,5700,0.470882218714,0.172835659635,2.1793010234
113,27200,22900,5750,0.511698396212,0.477372775572,2.1931478977
114,27350,23100,5800,0.466562883902,0.0150880454706,2.2070078849
115,27500,23300,5850,0.42972677958,0.273520473968,2.2215220928
116,27650,23500,5900,0.43528114229,0.297036919156,2.2370629310
117,27800,23700,5950,0.46136521953,0.0179311722268,2.25110101
118,27950,23900,6000,0.4808153939,0.212738518159,2.2647879123
119,28100,24100,6050,0.547395151089,0.876527829726,2.2785930633
120,28250,24320,6110,0.444499293978,0.251455620359,2.2934570312
121,28400,24520,6160,0.439352098934,0.123440459579,2.3069360256
122,28550,24720,6210,0.50827457522,0.612792993509,2.3212609291
123,28700,24920,6260,0.46977630896,0.211956035065,2.3366000652
124,28850,25120,6310,0.501830690541,0.469380097894,2.3511059284
125,29000,25320,6360,0.425460255464,0.426169074076,2.3647398948
126,29150,25520,6410,0.504881731287,0.28405595815,2.3785259723
127,29300,25720,6460,0.48131577403,0.168701435442,2.39215207
128,29450,25920,6510,0.379231121655,1.08660600314,2.4054379463
129,29600,26120,6560,0.466241595449,0.0915270750799,2.4191849231
130,29750,26320,6610,0.444817797698,0.0169219394416,2.4345810413
131,29900,26520,6660,0.471098435678,0.387933158902,2.4599390029
132,30050,26720,6710,0.514197371034,0.585023863731,2.4756910800
133,30200,26920,6760,0.478836168388,0.0139663739821,2.4931089878
134,30350,27120,6810,0.452556783296,0.19733434508,2.5089480876
135,30500,27320,6860,0.461095492125,0.099382482047,2.5252370834
136,30650,27520,6910,0.437590274549,0.368073529798,2.5528829097
137,30800,27720,6960,0.431255715292,0.0132412765538,2.5700800418
138,30950,27920,7010,0.437916498139,0.348191571183,2.5861549377
139,31100,28120,7060,0.507464398681,0.35245759381,2.6019549369
140,31250,28340,7120,0.457994723849,0.0393198228102,2.6194140911
141,31400,28540,7170,0.443945802922,0.254640318151,2.63562798
142,31550,28740,7220,0.415586330574,0.498292207666,2.6512780189
143,31700,28940,7270,0.489257952461,0.463132576749,2.6710569858
144,31850,29140,7320,0.538802604619,0.623574172387,2.6952700614
145,32000,29340,7370,0.436093931844,0.353790648146,2.7140128612
146,32150,29540,7420,0.436306401415,0.14525063456,2.7307949066
147,32300,29740,7470,0.475627933416,0.158644320533,2.7470989227
148,32450,29940,7520,0.460767739867,0.160421757722,2.7620670795
149,32600,30140,7570,0.470599722659,0.231098105555,2.776216983
150,32750,30340,7620,0.461938871984,0.132699117602,2.7901639938
151,32900,30540,7670,0.435103125217,0.262956155226,2.8038010597
152,33050,30740,7720,0.468265125383,0.0288557732007,2.817523956
153,33200,30940,7770,0.462786514083,0.0144627999621,2.8324589729
154,33350,31140,7820,0.45007153569,0.17924843398,2.8480210304
155,33500,31340,7870,0.427545485747,0.22518942147,2.8659510612
156,33650,31540,7920,0.501508898065,0.341800193381,2.8799369335
157,33800,31740,7970,0.449570037098,0.0799666462912,2.8938860893
158,33950,31940,8020,0.448489784903,0.0310533014353,2.9078230857
159,34100,32140,8070,0.437627094923,0.233256325178,2.9217450618
160,34250,32360,8130,0.464417798235,0.157333107475,2.9457380771
161,34400,32560,8180,0.431895622674,0.31298975404,2.9659719467
162,34550,32760,8230,0.490195647589,0.401739334775,2.9873530864
163,34700,32960,8280,0.460633814848,0.0656111976617,3.0116980075
164,34850,33160,8330,0.430880790849,0.536938381886,3.0344750881
165,35000,33360,8380,0.421816701191,0.396428875837,3.0646169185
166,35150,33560,8430,0.438414957899,0.206889009377,3.0893399715
167,35300,33760,8480,0.437374060222,0.165486186978,3.1046018600
168,35450,33960,8530,0.458059603441,0.0766667464505,3.1222770214
169,35600,34160,8580,0.434185356454,0.19366930366,3.1463530063
170,35750,34360,8630,0.445899658444,0.101860468508,3.1741120815
171,36650,34560,8680,0.456974408411,0.014107517179,3.2564630508
172,36800,34760,8730,0.455405760182,0.0122928807317,3.283828020
173,36950,34960,8780,0.475289872895,0.275899247926,3.3120150566
174,37100,35160,8830,0.45342376839,0.104526773235,3.3290638923
175,37250,35360,8880,0.425481427539,0.316950975003,3.3462150096
176,37400,35560,8930,0.441331080552,0.100695273104,3.3711330890
177,37550,35760,8980,0.458441763822,0.0861041297114,3.3913378715
178,37700,35960,9030,0.41665667931,0.469821409384,3.4100129604
179,37850,36160,9080,0.455479395472,0.147419403543,3.4348990917
180,38000,36380,9140,0.458356190899,0.130238624724,3.4540200233
181,38150,36580,9190,0.43520407403,0.135953497254,3.4706549644
182,38300,36780,9240,0.447010794469,0.41185156106,3.4841308593
183,38450,36980,9290,0.467577984715,0.2536428642,3.498653888
184,38600,37180,9340,0.451605375216,0.0579644776384,3.5131049156
185,38750,37380,9390,0.452202830572,0.0892768185231,3.5282080173
186,38900,37580,9440,0.458746361764,0.0255248742658,3.5418369770
187,39050,37780,9490,0.432132803453,0.245830330193,3.5581378936
188,39200,37980,9540,0.478792972438,0.172832359537,3.5733749866
189,39350,38180,9590,0.448970520669,0.0742773775882,3.5871999263
190,39500,38380,9640,0.475760010867,0.207311380993,3.6008539199
191,39650,38580,9690,0.478082655244,0.361179948297,3.6144950389
192,39800,38780,9740,0.427785065521,0.3446365842,3.6279158592
193,39950,38980,9790,0.419614917023,0.349613009857,3.6416609287
194,40100,39180,9840,0.47242293103,0.185874132611,3.656806945
195,40250,39380,9890,0.410940602515,0.311109567937,3.6706628799
196,40400,39580,9940,0.453505010079,0.0671092637367,3.6845178604
197,40550,39780,9990,0.449818109577,0.0340369289984,3.6981809139
198,40700,39980,10040,0.406149863292,0.390060295905,3.7116909027
199,40850,40180,10090,0.426489158784,0.236574344335,3.7253310680
200,41000,40400,10150,0.433908481557,0.0909107247916,3.7406699657
201,41150,40600,10200,0.488202738241,0.314038121672,3.7552609443
202,41300,40800,10250,0.423901099656,0.326057003279,3.7705678939
203,41450,41000,10300,0.428898185249,0.186594611778,3.7843270301
204,41600,41200,10350,0.449263350278,0.0549289320872,3.7979559898
205,41750,41400,10400,0.414562311376,0.385679979518,3.8115320205
206,41900,41600,10450,0.4182050282,0.15996136464,3.8251290321
207,42050,41800,10500,0.44853242645,0.0358314883788,3.8388810157
208,42200,42000,10550,0.477213189125,0.274874469615,3.8531298637
209,42350,42200,10600,0.537836192127,0.777399930001,3.8688790798
210,42500,42400,10650,0.499414039685,0.469957311881,3.8839218616
211,42650,42600,10700,0.461746751149,0.0998542074679,3.8978719711
212,42800,42800,10750,0.45036269147,0.0501984545841,3.9116809368
213,42950,43000,10800,0.472638278401,0.145479980104,3.9256038665
214,43100,43200,10850,0.419029060803,0.332254386228,3.9393520355
215,43250,43400,10900,0.457142812545,0.13237383562,3.9531259536
216,43400,43600,10950,0.476079239009,0.231248070609,3.9687609672
217,43550,43800,11000,0.440806975652,0.176376969191,3.9837138652
218,43700,44000,11050,0.504895416086,0.593555125627,3.9987440109
219,43850,44200,11100,0.442012939206,0.0963710111994,4.0141739845
220,44000,44420,11160,0.447585303717,0.0784310076183,4.0304648876
221,44150,44620,11210,0.424496731571,0.236211523403,4.0458610057
222,44300,44820,11260,0.451233614227,0.213856867154,4.061594009
223,44450,45020,11310,0.432616561938,0.209656198903,4.0788290500
224,44600,45220,11360,0.466084258521,0.250824308103,4.0947980880
225,44750,45420,11410,0.473660837746,0.0199768356801,4.1101438999
226,44900,45620,11460,0.423737369725,0.291247119775,4.1271240711
227,45050,45820,11510,0.496702619391,0.341493900551,4.14193391
228,45200,46020,11560,0.440699955509,0.104943549107,4.1573109626
229,45350,46220,11610,0.465560918785,0.244164366505,4.1736679077
230,45500,46420,11660,0.422174534643,0.229678984594,4.1893398761
231,45650,46620,11710,0.530613481058,0.599855867745,4.2041699886
232,45800,46820,11760,0.476237922493,0.372436191979,4.218930959
233,45950,47020,11810,0.473547166541,0.0696354976958,4.233753919
234,46100,47220,11860,0.415448695972,0.425204923461,4.247966051
235,46250,47420,11910,0.424517909129,0.136907346131,4.262724876
236,46400,47620,11960,0.45037930305,0.103384240541,4.2795760631
237,46550,47820,12010,0.422241541912,0.351393399083,4.2940409183
238,46700,48020,12060,0.4688408935,0.0902383031655,4.3083238601
239,46850,48220,12110,0.457931663578,0.0309461880229,4.3223459720
240,47000,48440,12170,0.456169510824,0.0306288875634,4.3382160663
241,47150,48640,12220,0.47198618477,0.0820381048216,4.3520028591
242,47300,48840,12270,0.439808390112,0.0870928943067,4.3657839298
243,47450,49040,12320,0.433009102755,0.0298906971558,4.3814640045
244,47600,49240,12370,0.458821609648,0.118005853166,4.3962280750
245,47750,49440,12420,0.447516332433,0.179671938126,4.4101889133
246,47900,49640,12470,0.430593651973,0.390122133533,4.4242420196
247,48050,49840,12520,0.438226839748,0.155443585373,4.4381098747
248,48200,50040,12570,0.46791016151,0.155465618748,4.4520640373
249,48350,50240,12620,0.428915121947,0.216567580984,4.465890884
250,48500,50440,12670,0.525878984366,0.645961894074,4.4812889099
251,48650,50640,12720,0.501459437288,0.460305974417,4.4961740970
252,48800,50840,12770,0.492465128429,0.474291893502,4.5102860927
253,48950,51040,12820,0.429748052679,0.374945975719,4.5248210430
254,49100,51240,12870,0.436878168537,0.0843807959167,4.5389618873
255,49250,51440,12920,0.46966634273,0.173247723717,4.5529329776
256,49400,51640,12970,0.439613038431,0.240869355812,4.5667328834
257,49550,51840,13020,0.43786647139,0.150525401105,4.5823750495
258,49700,52040,13070,0.446064584701,0.0742887471561,4.5965390205
259,49850,52240,13120,0.424382856835,0.339911814037,4.6105458736
260,50000,52460,13180,0.475094636909,0.201627297622,4.6260380744
261,50150,52660,13230,0.422114495984,0.205441508521,4.6397280693
262,50300,52860,13280,0.509978749812,0.487766766649,4.6537730693
263,50450,53060,13330,0.441409842146,0.149498315452,4.6675720214
264,50600,53260,13380,0.407139133515,0.506644832554,4.6837999820
265,50750,53460,13430,0.44867425288,0.0558473813993,4.6978540420
266,50900,53660,13480,0.454502196939,0.0350592976736,4.7114839553
267,51050,53860,13530,0.42113527729,0.325177821536,4.7250859737
268,51200,54060,13580,0.405042500856,0.274852888249,4.739914894
269,51350,54260,13630,0.49875723576,0.262248262789,4.7537620067
270,51500,54460,13680,0.464615459348,0.0853315056653,4.7679989337
271,51650,54660,13730,0.49677940285,0.608823199429,4.7851059436
272,51800,54860,13780,0.446818482134,0.152822583918,4.804770946
273,51950,55060,13830,0.481297598976,0.19135293477,4.8185970783
274,52100,55260,13880,0.425645743008,0.354618287191,4.8324558734
275,52250,55460,13930,0.418565040353,0.43552506891,4.8463709354
276,52400,55660,13980,0.427080040387,0.172110099327,4.8602120876
277,52550,55860,14030,0.399372860291,0.32436770969,4.8743910789
278,52700,56060,14080,0.408326703096,0.274283108003,4.8898320198
279,52850,56260,14130,0.485844010578,0.419395232853,4.9051449298
280,53000,56480,14190,0.4813937399,0.262580758574,4.9207179546
281,53150,56680,14240,0.50904749062,0.634951908057,4.9345719814
282,53300,56880,14290,0.435341590992,0.269816432431,4.9481589794
283,53450,57080,14340,0.460644930594,0.146307930493,4.9617309570
284,53600,57280,14390,0.458578022984,0.097068262773,4.9753260612
285,53750,57480,14440,0.482123572802,0.303838183441,4.9901928901
286,53900,57680,14490,0.454666130681,0.0487250198575,5.0044178962
287,54050,57880,14540,0.460999998745,0.249728655738,5.0181679725
288,54200,58080,14590,0.431971225998,0.273302807814,5.032360076
289,54350,58280,14640,0.477340840201,0.27989055712,5.0462439060
290,54500,58480,14690,0.452682242973,0.214315154188,5.0597710609
291,54650,58680,14740,0.442070581535,0.299551269927,5.0733149051
292,54800,58880,14790,0.504897536606,0.567202001249,5.0883369445
293,54950,59080,14840,0.455837204756,0.0396157287155,5.1072330474
294,55100,59280,14890,0.430435263427,0.231272281602,5.1209459304
295,55250,59480,14940,0.464248587296,0.117561751747,5.1346879005
296,55400,59680,14990,0.464163854281,0.012194295097,5.1483509540
297,55550,59880,15040,0.467394897833,0.0819083982708,5.1620910167
298,55700,60080,15090,0.457934460089,0.262080943058,5.1759510040
299,55850,60280,15140,0.43559359951,0.449277532167,5.1904618740
300,56000,60500,15200,0.480965067646,0.404281834949,5.2081549167
301,56150,60700,15250,0.454575363029,0.158797424831,5.2222440242
302,56300,60900,15300,0.475546145022,0.282111555652,5.2360770702
303,56450,61100,15350,0.43084407582,0.264841770021,5.2496988773
304,56600,61300,15400,0.45645008351,0.0180428911982,5.2634279727
305,56750,61500,15450,0.490956829839,0.240314414613,5.2772319316
306,56900,61700,15500,0.531296575021,0.779360650187,5.292022943
307,57050,61900,15550,0.476165682872,0.342681454989,5.3077530860
308,57200,62100,15600,0.450009196859,0.15639857362,5.3214950561
309,57350,62300,15650,0.513609429961,0.375142852649,5.3354859352
310,57500,62500,15700,0.438552414234,0.388019492398,5.3492200374
311,57650,62700,15750,0.458522384188,0.0596242209735,5.3628959655
312,57800,62900,15800,0.458641566444,0.130701059815,5.3770239353
313,57950,63100,15850,0.445488218491,0.114110099889,5.3915629386
314,58100,63300,15900,0.475124357124,0.0477344328882,5.4073228836
315,58250,63500,15950,0.434629368661,0.231472784629,5.4224059581
316,58400,63700,16000,0.473679849534,0.0227565395289,5.4366650581
317,58550,63900,16050,0.43625954181,0.269939875637,5.4510309696
318,58700,64100,16100,0.473536717024,0.132050378457,5.4655978679
319,59600,64300,16150,0.478866118431,0.0145812797337,5.5133759975
320,59750,64520,16210,0.483492156381,0.10167909526,5.5293030738
321,59900,64720,16260,0.458924059458,0.201611727592,5.5436699390
322,60050,64920,16310,0.439734602152,0.251988676412,5.5579259395
323,60200,65120,16360,0.457235487608,0.0458831313727,5.5723090171
324,60350,65320,16410,0.466750404737,0.0435350783544,5.5862209796
325,60500,65520,16460,0.448383565338,0.313564499083,5.601477861
326,60650,65720,16510,0.478856467753,0.144460369982,5.6166570186
327,60800,65920,16560,0.448824870848,0.0946908933261,5.6308789253
328,60950,66120,16610,0.434218953189,0.377445667577,5.645051002
329,61100,66320,16660,0.451387923655,0.126038690223,5.6596519947
330,61250,66520,16710,0.485177700148,0.345700413607,5.6737790107
331,61400,66720,16760,0.417497525712,0.483573354817,5.688044071
332,61550,66920,16810,0.498074073337,0.451481994186,5.7031328678
333,61700,67120,16860,0.457659835727,0.10971785599,5.7172689437
334,61850,67320,16910,0.432586836391,0.102381801053,5.7312350273
335,62000,67520,16960,0.495406425173,0.329643809562,5.7452740669
336,62150,67720,17010,0.435882962479,0.188039631068,5.7589678764
337,62300,67920,17060,0.401883801417,0.683293098529,5.7724380493
338,62450,68120,17110,0.525941258785,0.650379588314,5.7862479686
339,62600,68320,17160,0.419619174477,0.461015962726,5.8001210689
340,62750,68540,17220,0.482148816694,0.141491548393,5.8172910213
341,62900,68740,17270,0.464892575409,0.325688523331,5.8315870761
342,63050,68940,17320,0.436138447316,0.157780593535,5.8451819419
343,63200,69140,17370,0.473138555677,0.401863661052,5.8589799404
344,63350,69340,17420,0.433703110023,0.29240934179,5.8726029396
345,63500,69540,17470,0.523211728779,0.58342919353,5.8865630626
346,63650,69740,17520,0.419619181758,0.351753368229,5.9003479480
347,63800,69940,17570,0.454067704282,0.0191143586223,5.9155778884
348,63950,70140,17620,0.4317709205,0.261948005699,5.9299299716
349,64100,70340,17670,0.481193899615,0.146920009616,5.9437160491
350,64250,70540,17720,0.432909588078,0.411257637952,5.9573910236
351,64400,70740,17770,0.470723388788,0.227322979373,5.9710988998
352,64550,70940,17820,0.40370713336,0.318318544893,5.9846670627
353,64700,71140,17870,0.424483304941,0.479047220674,5.9983839988
354,64850,71340,17920,0.422178321365,0.664478783732,6.0132229328
355,65000,71540,17970,0.38244123248,0.677799865725,6.0274300575
356,65150,71740,18020,0.41272411861,0.227801270314,6.0413579940
357,65300,71940,18070,0.457348221678,0.129372022921,6.0553529262
358,65450,72140,18120,0.45284933297,0.109398679609,6.0692188739
359,65600,72340,18170,0.457395164758,0.266906250775,6.0831739902
360,65750,72560,18230,0.500797933175,0.395812538144,6.099291086
361,65900,72760,18280,0.460781438815,0.188846955328,6.1141490936
362,66050,72960,18330,0.421762495127,0.305820550711,6.1293408870
363,66200,73160,18380,0.506122151846,0.490442260681,6.1434650421
364,66350,73360,18430,0.474419493585,0.350296007608,6.1574440002
365,66500,73560,18480,0.435325403159,0.14982364967,6.1713340282
366,66650,73760,18530,0.444958198459,0.143836253349,6.1854000091
367,66800,73960,18580,0.493171691665,0.529614416473,6.1992719173
368,66950,74160,18630,0.441990061644,0.141338500667,6.2135930061
369,67100,74360,18680,0.41699390633,0.199464307088,6.228240966
370,67250,74560,18730,0.471033818601,0.432346964167,6.2420499324
371,67400,74760,18780,0.447427384659,0.154945389296,6.2556688785
372,67550,74960,18830,0.454264723036,0.00925376024772,6.2694649696
373,67700,75160,18880,0.448347631626,0.0373295201238,6.2836289405
374,67850,75360,18930,0.477763403973,0.259348574322,6.2975649833
375,68000,75560,18980,0.445732399887,0.308085441365,6.3116290569
376,68150,75760,19030,0.501889592039,0.495911945936,6.3269748687
377,68300,75960,19080,0.427108168848,0.251994695251,6.3417148590
378,68450,76160,19130,0.466113146149,0.124804258209,6.3555090427
379,68600,76360,19180,0.440711436296,0.0484592665774,6.3691918849
380,68750,76580,19240,0.474281971914,0.0714275223684,6.3846349716
381,68900,76780,19290,0.473869282215,0.117922553982,6.3984420299
382,69050,76980,19340,0.419090121904,0.333486788638,6.4121830463
383,69200,77180,19390,0.508859251547,0.547424174868,6.4276249408
384,69350,77380,19440,0.432410666567,0.379410577192,6.4417560100
385,69500,77580,19490,0.436871029616,0.177504576681,6.4555940628
386,69650,77780,19540,0.499089809454,0.330140778654,6.4694130420
387,69800,77980,19590,0.492596791353,0.469990086639,6.4832580089
388,69950,78180,19640,0.503647142408,0.445090532146,6.4970290660
389,70100,78380,19690,0.436187825644,0.206256690691,6.5107610225
390,70250,78580,19740,0.490125498494,0.559204004634,6.5257489681
391,70400,78780,19790,0.394823896934,0.63514534408,6.5400319099
392,70550,78980,19840,0.432745706495,0.310452854429,6.5548110008
393,70700,79180,19890,0.453766471396,0.121445145578,6.5686008930
394,70850,79380,19940,0.43354184963,0.431207307483,6.5821859836
395,71000,79580,19990,0.439808525849,0.293862541282,6.5958409309
396,71150,79780,20040,0.439342931864,0.0623409411066,6.6095330715
397,71300,79980,20090,0.46443328595,0.199618463972,6.6242899894
398,71450,80180,20140,0.447779188164,0.152891142363,6.6381559371
399,71600,80380,20190,0.475080771875,0.3060198411,6.6520440578
400,71750,80600,20250,0.389149277499,0.687962141663,6.6672649383
401,71900,80800,20300,0.426667155521,0.360823467258,6.681143999
402,72050,81000,20350,0.466285234714,0.0289177497102,6.6950519084
403,72200,81200,20400,0.456723664008,0.0567228681291,6.7088930606
404,72350,81400,20450,0.495014211802,0.405896717238,6.7234079837
405,72500,81600,20500,0.46115878488,0.0208061405908,6.7379479408
406,72650,81800,20550,0.411512104816,0.53654468546,6.7517399787
407,72800,82000,20600,0.490959452807,0.319312466436,6.7657048702
408,72950,82200,20650,0.443895340626,0.151246583444,6.7797529697
409,73100,82400,20700,0.500424638331,0.434327988407,6.7940909862
410,73250,82600,20750,0.465981262239,0.107526161638,6.8083899021
411,73400,82800,20800,0.46686176241,0.188699450432,6.822687864
412,73550,83000,20850,0.469600460837,0.0990870435235,6.8384668827
413,73700,83200,20900,0.440286486689,0.285479553485,6.8526730537
414,73850,83400,20950,0.445257351472,0.159918146972,6.8665258884
415,74000,83600,21000,0.41858548396,0.326266500683,6.8807039260
416,74150,83800,21050,0.451291961083,0.119016226235,6.8948578834
417,74300,84000,21100,0.441516924152,0.115897123452,6.9092519283
418,74450,84200,21150,0.415964157267,0.434111468043,6.9233710765
419,74600,84400,21200,0.453325360172,0.147078249165,6.9380390644
420,74750,84620,21260,0.476611431509,0.154956408863,6.9541749954
421,74900,84820,21310,0.442185037471,0.253048059237,6.9678809642
422,75050,85020,21360,0.498984377088,0.553031014583,6.9820570945
423,75200,85220,21410,0.471881654628,0.0995394149052,6.9960989952
424,75350,85420,21460,0.455002403638,0.169644930131,7.0102169513
425,75500,85620,21510,0.479138293802,0.247039126173,7.0243549346
426,75650,85820,21560,0.386671964869,0.53275862889,7.0395319461
427,75800,86020,21610,0.483471664972,0.417734212742,7.0545029640
428,75950,86220,21660,0.492593626435,0.499376593466,7.0683310031
429,76100,86420,21710,0.44058124263,0.325458028493,7.0819890499
430,76250,86620,21760,0.477307688554,0.453019752784,7.0958099365
431,76400,86820,21810,0.476410018671,0.13868467576,7.1094958782
432,76550,87020,21860,0.45171924766,0.0344441896846,7.1231369972
433,76700,87220,21910,0.475466913644,0.079005955246,7.1374740600
434,76850,87420,21960,0.487592681159,0.202137819124,7.1522710323
435,77000,87620,22010,0.434448185052,0.298865366918,7.1660828590
436,77150,87820,22060,0.399315142482,0.551505530841,7.1800980567
437,77300,88020,22110,0.439796981109,0.0244654260599,7.194376945
438,77450,88220,22160,0.412669822424,0.460549442435,7.208184957
439,77600,88420,22210,0.429329355788,0.290161532365,7.2232680320
440,77750,88640,22270,0.419364126363,0.192933760341,7.2400639057
441,77900,88840,22320,0.492339650066,0.552357001909,7.255734920
442,78050,89040,22370,0.46150711391,0.135362963117,7.269692897
443,78200,89240,22420,0.520700480629,0.775489799574,7.2839460372
444,78350,89440,22470,0.462619936225,0.105907652107,7.298089027
445,78500,89640,22520,0.444015253263,0.111535400621,7.3119409084
446,78650,89840,22570,0.443279473261,0.0643540704387,7.3262479305
447,78800,90040,22620,0.440004668055,0.0867120201808,7.3408699035
448,78950,90240,22670,0.417936377429,0.433003084321,7.3561348915
449,79100,90440,22720,0.447930277358,0.11038384904,7.370130062
450,79250,90640,22770,0.450211281542,0.200164372533,7.3841879367
451,79400,90840,22820,0.430243398368,0.456472332559,7.3982999324
452,79550,91040,22870,0.52209053755,0.709621538221,7.4126210212
453,79700,91240,22920,0.496509438058,0.44375690584,7.4272739887
454,79850,91440,22970,0.445126929301,0.117205001221,7.4415318965
455,80000,91640,23020,0.385939341855,0.555678014052,7.4574329853
456,80150,91840,23070,0.513337289353,0.437945131626,7.4713158607
457,80300,92040,23120,0.450732326837,0.0299797451724,7.4856679439
458,80450,92240,23170,0.387135455521,0.817644626567,7.4991278648
459,80600,92440,23220,0.452268131855,0.0542312145308,7.5128259658
460,80750,92660,23280,0.491514061291,0.445178950239,7.5288250446
461,80900,92860,23330,0.513766067685,0.586022215523,7.5436508655
462,81050,93060,23380,0.399542784681,0.390396103789,7.5590510368
463,81200,93260,23430,0.461016150172,0.120179681748,7.5728368759
464,81350,93460,23480,0.443544002392,0.0487676320378,7.5869419574
465,81500,93660,23530,0.475890980788,0.311609661658,7.6009390354
466,81650,93860,23580,0.463177690841,0.247863162039,7.6148459911
467,81800,94060,23630,0.462243767092,0.0367137596455,7.6289670467
468,81950,94260,23680,0.440287254248,0.142381406207,7.6430370807
469,82100,94460,23730,0.48865512123,0.396220018034,7.6587879657
470,82250,94660,23780,0.438561787551,0.0929074499973,7.6736319065
471,82400,94860,23830,0.519407096669,0.583068477137,7.6903998851
472,82550,95060,23880,0.462806572799,0.093691502223,7.7124619483
473,82700,95260,23930,0.397887910554,0.373606734973,7.7302019596
474,82850,95460,23980,0.480148818711,0.278602159575,7.756705045
475,83000,95660,24030,0.453872290595,0.0194716978796,7.7817919254
476,83150,95860,24080,0.413106207603,0.506547154087,7.8055579662
477,83300,96060,24130,0.456906802412,0.0235915916713,7.8293380737
478,83450,96260,24180,0.433616338748,0.1725782125,7.8551969528
479,83600,96460,24230,0.485044830466,0.285277525875,7.8804819583
480,83750,96680,24290,0.450311452307,0.0140401963736,7.9084808826
481,83900,96880,24340,0.440706576845,0.199412476515,7.9326820373
482,84050,97080,24390,0.487166891708,0.336510741065,7.9482369422
483,84200,97280,24440,0.439210027807,0.171933379411,7.9653880596
484,84350,97480,24490,0.448705452433,0.194706525373,7.979999065
485,84500,97680,24540,0.504052195146,0.430664718494,7.9954299926
486,84650,97880,24590,0.420318975412,0.272358822907,8.0105540752
487,84800,98080,24640,0.479174775818,0.135438157361,8.0245149135
488,84950,98280,24690,0.446373944788,0.0190477320756,8.0381929874
489,85100,98480,24740,0.392344300428,0.49877469542,8.0539500713
490,85250,98680,24790,0.438829067374,0.0536187355841,8.0687298774
491,85400,98880,24840,0.458721732649,0.100125498906,8.0823149681
492,85550,99080,24890,0.462127903453,0.149741027223,8.0958499908
493,85700,99280,24940,0.501470882903,0.460752427088,8.1094880104
494,85850,99480,24990,0.47009245791,0.0805036582819,8.123043060
495,86000,99680,25040,0.42201736766,0.575952084954,8.1366970539
496,86150,99880,25090,0.427113903452,0.123875729507,8.1502909660
497,86300,100080,25140,0.404527161069,0.524095107909,8.1676330566
498,86450,100280,25190,0.437495702001,0.172364154011,8.1819119453
499,86600,100480,25240,0.473778066038,0.336541353673,8.1956260204
500,86750,100700,25300,0.466402649786,0.0260190234582,8.2109448909
501,86900,100900,25350,0.486258940982,0.252639274509,8.2247900962
502,87050,101100,25400,0.455894143098,0.203565375151,8.238439083
503,87200,101300,25450,0.488979613203,0.257333590754,8.2521128654
504,87350,101500,25500,0.485940729779,0.35944224853,8.2672789096
505,87500,101700,25550,0.478314397924,0.241867220988,8.2810530662
506,87650,101900,25600,0.473775812646,0.301720829717,8.2946660518
507,87800,102100,25650,0.437190548945,0.190071131517,8.3083469867
508,87950,102300,25700,0.430349704621,0.382938687918,8.3227388858
509,88100,102500,25750,0.484698315747,0.383526544846,8.3370239734
510,88250,102700,25800,0.492546097574,0.185776086638,8.351310968
511,88400,102900,25850,0.467566973136,0.0502336382425,8.3665158748
512,88550,103100,25900,0.508609244251,0.55532308348,8.3810758590
513,88700,103300,25950,0.471082495204,0.043863403651,8.3946459293
514,88850,103500,26000,0.463198583588,0.0358057578884,8.4081640243
515,89000,103700,26050,0.463911593714,0.0206703673106,8.4217278957
516,89150,103900,26100,0.429619138733,0.42705479723,8.43513107
517,89300,104100,26150,0.428636178315,0.210431405215,8.4484879970
518,89450,104300,26200,0.460423120045,0.163319967034,8.4622628688
519,89600,104500,26250,0.410713911967,0.694757547823,8.4785709381
520,89750,104720,26310,0.434477542145,0.235030454227,8.4936790466
521,89900,104920,26360,0.437239899898,0.285356058065,8.5071358680
522,90050,105120,26410,0.465000415307,0.0114438281772,8.5205888748
523,90200,105320,26460,0.45235952189,0.0506715691444,8.5341598987
524,90350,105520,26510,0.460512599138,0.106667539597,8.5477380752
525,90500,105720,26560,0.450199938301,0.0873687353645,8.5612099170
526,90650,105920,26610,0.506179181052,0.331003920994,8.5766820907
527,90800,106120,26660,0.465645431998,0.0984767382649,8.5906479358
528,90950,106320,26710,0.444695015839,0.0578597513231,8.6041119098
529,91100,106520,26760,0.497021488049,0.336467771509,8.6177330017
530,91250,106720,26810,0.450085269779,0.103183586224,8.6311850547
531,91400,106920,26860,0.453573707301,0.137698697305,8.6445469856
532,91550,107120,26910,0.441598796023,0.0640961183621,8.6579859256
533,91700,107320,26960,0.449869231647,0.0627651426036,8.6722600460
534,91850,107520,27010,0.473782556928,0.075700793898,8.6867370605
535,92000,107720,27060,0.487600872946,0.294176139266,8.7002689838
536,92150,107920,27110,0.46016201869,0.0287142098294,8.7141849994
537,92300,108120,27160,0.413725101491,0.600285320844,8.730129957
538,92450,108320,27210,0.426485982345,0.232624141011,8.7442700862
539,92600,108520,27260,0.50102553996,0.386154434588,8.7582728862
540,92750,108740,27320,0.505559508437,0.514901374001,8.7755749225
541,92900,108940,27370,0.427649584997,0.234329542918,8.799062967
542,93050,109140,27420,0.492276845915,0.318055010255,8.8131709098
543,93200,109340,27470,0.4302570451,0.28662781064,8.8278288841
544,93350,109540,27520,0.445792905631,0.0900854335335,8.8415029048
545,93500,109740,27570,0.46325441453,0.130731349117,8.8557648658
546,93650,109940,27620,0.478398269692,0.0423324976772,8.8693158626
547,93800,110140,27670,0.403211862692,0.395789141315,8.8839449882
548,93950,110340,27720,0.470612765606,0.128761303631,8.8974258899
549,94100,110540,27770,0.47274128332,0.197945177203,8.9108910560
550,94250,110740,27820,0.436495139634,0.313901541161,8.9242780208
551,94400,110940,27870,0.41005199292,0.314126980885,8.9376170635
552,94550,111140,27920,0.488349558954,0.554289514685,8.9511790275
553,94700,111340,27970,0.507345925581,0.534570067658,8.9647579193
554,94850,111540,28020,0.434378310917,0.163868303958,8.9788939952
555,95000,111740,28070,0.428468324354,0.293878509616,8.9940080642
556,95150,111940,28120,0.495218889684,0.328250726106,9.0076758861
557,95300,112140,28170,0.449513966794,0.0526692797255,9.0212590694
558,95450,112340,28220,0.435900025191,0.137876945508,9.034888029
559,95600,112540,28270,0.439734640809,0.223897770537,9.0484740734
560,95750,112760,28330,0.448473425626,0.0672953755534,9.063755035
561,95900,112960,28380,0.455123536062,0.112940809779,9.0775749683
562,96050,113160,28430,0.41943759672,0.356569751086,9.092844009
563,96200,113360,28480,0.47813326542,0.206359992046,9.1066329479
564,96350,113560,28530,0.406427536974,0.423622367856,9.1200020313
565,96500,113760,28580,0.465075500894,0.143510581661,9.1336550712
566,96650,113960,28630,0.411412977282,0.434054136962,9.1470670700
567,96800,114160,28680,0.433779903036,0.215515432588,9.1605708599
568,96950,114360,28730,0.478079616798,0.214776054563,9.1741158962
569,97100,114560,28780,0.498437475568,0.171576211943,9.1890699863
570,97250,114760,28830,0.403655413227,0.493920718614,9.2040269374
571,97400,114960,28880,0.469551305698,0.280599584748,9.2181138992
572,97550,115160,28930,0.422849608518,0.439888733507,9.2316200733
573,97700,115360,28980,0.460604804744,0.197543796102,9.2452008724
574,97850,115560,29030,0.491631689699,0.388506852798,9.2590010166
575,98000,115760,29080,0.466386200071,0.151840818668,9.2727448940
576,98150,115960,29130,0.44296403629,0.0234397233207,9.2875878810
577,98300,116160,29180,0.432522125069,0.115745011838,9.301727056
578,98450,116360,29230,0.477724422135,0.338935801448,9.3153948783
579,98600,116560,29280,0.446522274862,0.134418596101,9.328994989
580,98750,116780,29340,0.492876185478,0.500401807916,9.3443849086
581,98900,116980,29390,0.454589787831,0.097427048407,9.3586418628
582,99050,117180,29440,0.464215234934,0.0646104624083,9.3722040653
583,99200,117380,29490,0.442808983332,0.18701909561,9.3862569332
584,99350,117580,29540,0.48640830652,0.231058461737,9.4023520946
585,99500,117780,29590,0.437671810595,0.0374003816627,9.4158608913
586,99650,117980,29640,0.417593918678,0.466971878085,9.4294490814
587,99800,118180,29690,0.508546483822,0.630987718689,9.4432020187
588,99950,118380,29740,0.419270920882,0.214401848319,9.4567799568
589,100100,118580,29790,0.474813993932,0.265177561286,9.4703640937
590,100250,118780,29840,0.496067693239,0.407274152236,9.4871740341
591,100400,118980,29890,0.461872779096,0.0591542699331,9.5019910335
592,100550,119180,29940,0.447089219766,0.220899354677,9.5154829025
593,100700,119380,29990,0.420076344171,0.226671275238,9.5291569232
594,100850,119580,30040,0.425147186116,0.45909705185,9.5426709651
595,101000,119780,30090,0.442470707047,0.279915215675,9.5563549995
596,101150,119980,30140,0.439002222495,0.322014070223,9.5699100494
597,101300,120180,30190,0.460578744295,0.015575979659,9.5834960937
598,101450,120380,30240,0.438675776326,0.139608731951,9.5987570285
599,101600,120580,30290,0.47837689093,0.250281597169,9.6130499839
600,101750,120800,30350,0.46427247387,0.156981432749,9.6284449100
601,101900,121000,30400,0.396373596282,0.625458204737,9.6418240070
602,102050,121200,30450,0.41570319666,0.139523729642,9.6579630374
603,102200,121400,30500,0.445900306471,0.100883589208,9.6723980903
604,102350,121600,30550,0.467632332177,0.158482185958,9.6860160827
605,102500,121800,30600,0.458082820738,0.122779355796,9.7013230323
606,102650,122000,30650,0.442087638046,0.172098953326,9.7169358730
607,102800,122200,30700,0.449644479543,0.165821139041,9.7314069271
608,102950,122400,30750,0.40591069636,0.384625100281,9.7450389862
609,103100,122600,30800,0.465476669844,0.277726691648,9.7586500644
610,103250,122800,30850,0.453877504698,0.0411552678647,9.7722399234
611,103400,123000,30900,0.462101825759,0.071218730026,9.7857570648
612,103550,123200,30950,0.478873211278,0.156983950958,9.8003990650
613,103700,123400,31000,0.415765172307,0.370039556563,9.8158118724
614,103850,123600,31050,0.467554611002,0.275138246331,9.8295600414
615,104000,123800,31100,0.459650034261,0.0695793975932,9.8432099819
616,104150,124000,31150,0.424906142805,0.0512428358172,9.8566970825
617,104300,124200,31200,0.460995285817,0.0379147867016,9.8702960014
618,104450,124400,31250,0.483626258424,0.350506042647,9.8839190006
619,104600,124600,31300,0.444245391109,0.0235579266614,9.8985600471
620,104750,124820,31360,0.45614526982,0.0518241280826,9.9158918857
621,104900,125020,31410,0.425080681003,0.130862915781,9.9294328689
622,105050,125220,31460,0.473190180083,0.379019684765,9.9431059360
623,105200,125420,31510,0.448436508438,0.0737844821663,9.9565839767
624,105350,125620,31560,0.444258072865,0.135407760348,9.9701659679
625,105500,125820,31610,0.447760514217,0.0633562441822,9.983664035
626,105650,126020,31660,0.423769232393,0.0949444222524,9.9973678588
627,105800,126220,31710,0.396466291823,0.614244541332,10.017147064
628,105950,126420,31760,0.436488350833,0.096367865502,10.030802011
629,106100,126620,31810,0.461118901773,0.0752204362851,10.044476985
630,106250,126820,31860,0.443004886062,0.0315284183892,10.058027982
631,106400,127020,31910,0.434979832838,0.201184545753,10.071690082
632,106550,127220,31960,0.405997331355,0.264676666315,10.085135936
633,106700,127420,32010,0.477169327815,0.257992388658,10.098876953
634,106850,127620,32060,0.479605387392,0.4003066317,10.114678859
635,107000,127820,32110,0.415700290386,0.302582726893,10.128218889
636,107150,128020,32160,0.452385586253,0.00751870995403,10.141720056
637,107300,128220,32210,0.486659069384,0.366155643255,10.155302047
638,107450,128420,32260,0.439470073283,0.124852650135,10.16890287
639,107600,128620,32310,0.405770633857,0.464117419098,10.182483911
640,107750,128840,32370,0.460046914032,0.134645187844,10.197947025
641,107900,129040,32420,0.44074716322,0.0683753315148,10.212971925
642,108050,129240,32470,0.440766520283,0.07003066797,10.227464914
643,108200,129440,32520,0.392394648977,0.439689552495,10.241472005
644,108350,129640,32570,0.422854093806,0.224545362466,10.255116939
645,108500,129840,32620,0.46978991061,0.319661609856,10.26893091
646,108650,130040,32670,0.455458088355,0.0266507302268,10.282607078
647,108800,130240,32720,0.475297535756,0.294270335288,10.2963669
648,108950,130440,32770,0.416850143551,0.276709785619,10.314635992
649,109100,130640,32820,0.440817990389,0.117765406743,10.330857992
650,109250,130840,32870,0.420503203342,0.12552801887,10.350220918
651,109400,131040,32920,0.459169628072,0.0288386028785,10.369626998
652,109550,131240,32970,0.426743430018,0.367936725059,10.38820195
653,109700,131440,33020,0.398299271138,0.237977512552,10.404025077
654,109850,131640,33070,0.43752371844,0.159196841624,10.423516988
655,110000,131840,33120,0.456989414524,0.0258104873915,10.440289020
656,110150,132040,33170,0.453502923045,0.179161512162,10.455878019
657,110300,132240,33220,0.404728846067,0.270690748527,10.471247911
658,110450,132440,33270,0.464816546719,0.260119563659,10.487140893
659,110600,132640,33320,0.514234181527,0.731991663392,10.502476930
660,110750,132860,33380,0.461621985797,0.0890083953993,10.52160000
661,110900,133060,33430,0.46921939294,0.078089147621,10.53751206
662,111050,133260,33480,0.413858208502,0.321335455825,10.554028987
663,111200,133460,33530,0.41547247809,0.209764220962,10.57015585
664,111350,133660,33580,0.503878148279,0.576396445999,10.585917949
665,111500,133860,33630,0.426293778364,0.290015615336,10.601392984
666,111650,134060,33680,0.487922627476,0.383359825589,10.616714954
667,111800,134260,33730,0.436818676138,0.229086083674,10.634368896
668,111950,134460,33780,0.485422589537,0.144035635837,10.651745080
669,112100,134660,33830,0.490868601573,0.43787724674,10.668977975
670,112250,134860,33880,0.439127174719,0.138623114255,10.684993982
671,112400,135060,33930,0.472348264104,0.25728965785,10.700960874
672,112550,135260,33980,0.45392901966,0.0290008212875,10.715652942
673,112700,135460,34030,0.443680009153,0.135814794277,10.733838081
674,112850,135660,34080,0.478641897758,0.121238687358,10.748260021
675,113000,135860,34130,0.430946173353,0.121397620546,10.764108896
676,113150,136060,34180,0.476982031489,0.339823170119,10.778954982
677,113300,136260,34230,0.467555788331,0.196219371394,10.794489860
678,113450,136460,34280,0.458288059192,0.0694152562398,10.810065031
679,113600,136660,34330,0.393312645758,0.56324680964,10.825632095
680,113750,136880,34390,0.494896455675,0.318991600089,10.843832969
681,113900,137080,34440,0.447103831037,0.0639507097657,10.859905004
682,114050,137280,34490,0.440558484143,0.00586330913539,10.873625040
683,114200,137480,34540,0.459768321419,0.161029538438,10.889708995
684,114350,137680,34590,0.411333840084,0.486985991582,10.903955936
685,114500,137880,34640,0.488739361836,0.456804615383,10.920688867
686,114650,138080,34690,0.446943378687,0.0677187614954,10.942404985
687,114800,138280,34740,0.464480176229,0.283392498169,10.956891059
688,114950,138480,34790,0.460916393568,0.0358517805199,10.970970869
689,115100,138680,34840,0.505236087349,0.602176801565,10.985307931
690,115250,138880,34890,0.492821169614,0.45155783933,11.001071929
691,115400,139080,34940,0.439866392094,0.0898860933119,11.01482987
692,115550,139280,34990,0.419834676868,0.237224990515,11.031674861
693,115700,139480,35040,0.445672872498,0.10673583887,11.046519041
694,115850,139680,35090,0.457155842078,0.117769477115,11.062121868
695,116000,139880,35140,0.433592021199,0.129012768063,11.075795888
696,116150,140080,35190,0.534185233828,0.705995289156,11.09255099
697,116300,140280,35240,0.451782713239,0.274505965618,11.107594966
698,116450,140480,35290,0.421604887275,0.215045673163,11.123514890
699,116600,140680,35340,0.460189723058,0.0156349217759,11.139589071
700,116750,140900,35400,0.445806119426,0.0611135343914,11.156534910
701,116900,141100,35450,0.46250461624,0.213328843083,11.172213077
702,117050,141300,35500,0.440298109939,0.349160802514,11.188979864
703,117200,141500,35550,0.490853763031,0.225323832571,11.204523086
704,117350,141700,35600,0.498957569886,0.325451350048,11.220239877
705,117500,141900,35650,0.46628919793,0.312705154242,11.236630916
706,117650,142100,35700,0.484994362252,0.131146910263,11.258396863
707,117800,142300,35750,0.427711416682,0.30225114629,11.275733947
708,117950,142500,35800,0.475937749451,0.265563373099,11.299417018
709,118100,142700,35850,0.509518776719,0.568957702535,11.32337689
710,118250,142900,35900,0.455611151914,0.0526222338202,11.344820976
711,118400,143100,35950,0.454466935343,0.28431889955,11.3604378
712,118550,143300,36000,0.464889495819,0.0159122176531,11.378050088
713,118700,143500,36050,0.407740233473,0.565470985428,11.396101951
714,118850,143700,36100,0.436452432104,0.292234899028,11.41225004
715,119000,143900,36150,0.458338673024,0.0122123685423,11.428165912
716,119150,144100,36200,0.456690085384,0.0901515994198,11.447813034
717,119300,144300,36250,0.383103392146,0.695621737087,11.464643955
718,119450,144500,36300,0.489589794992,0.357215179969,11.481894969
719,119600,144700,36350,0.469451911139,0.0557155379435,11.499002933
720,119750,144920,36410,0.46429003782,0.0276227038461,11.517008066
721,119900,145120,36460,0.457877934404,0.0728929739988,11.535109996
722,120050,145320,36510,0.469804561044,0.284449100839,11.552906036
723,120200,145520,36560,0.489983431845,0.205463220069,11.569482088
724,120350,145720,36610,0.493810523358,0.567517799777,11.587121963
725,120500,145920,36660,0.46577845163,0.0224122338992,11.603549957
726,120650,146120,36710,0.496346770312,0.396889389555,11.620512008
727,120800,146320,36760,0.471901290066,0.167720101882,11.637151956
728,120950,146520,36810,0.417459545681,0.354666971287,11.653234958
729,121100,146720,36860,0.427254087343,0.568795988738,11.66884589
730,121250,146920,36910,0.46976191417,0.0415699042551,11.683593034
731,121400,147120,36960,0.486396494636,0.282149102949,11.698291063
732,121550,147320,37010,0.470720489159,0.169427945812,11.713078975
733,121700,147520,37060,0.450106132933,0.149846769528,11.729070901
734,121850,147720,37110,0.431913046173,0.288987238592,11.746908903
735,122000,147920,37160,0.437270205064,0.288125678777,11.763247013
736,122150,148120,37210,0.44954005528,0.171959182054,11.779474973
737,122300,148320,37260,0.527172920971,0.610752554971,11.797230005
738,122450,148520,37310,0.444409341371,0.213643439205,11.813688039
739,122600,148720,37360,0.45802116837,0.173317695937,11.830738067
740,122750,148940,37420,0.466470726573,0.160004765378,11.850480079
741,122900,149140,37470,0.411551410008,0.401088095098,11.864413976
742,123050,149340,37520,0.461907199204,0.0831246025419,11.8797218
743,123200,149540,37570,0.426964644306,0.229562713491,11.896347045
744,123350,149740,37620,0.440017593608,0.191876127342,11.9127900
745,123500,149940,37670,0.399700730502,0.497512775205,11.929198026
746,123650,150140,37720,0.427556271248,0.306185042886,11.947306871
747,123800,150340,37770,0.459333343732,0.0700401418721,11.963912010
748,123950,150540,37820,0.456678346478,0.0261478331115,11.980715990
749,124100,150740,37870,0.424835237321,0.218636822012,11.996500968
750,124250,150940,37920,0.419715100697,0.165457154611,12.012521028
751,124400,151140,37970,0.470141438497,0.522997767334,12.027190923
752,124550,151340,38020,0.519033696052,0.704567571803,12.044566869
753,124700,151540,38070,0.519160228778,0.531841147246,12.061869859
754,124850,151740,38120,0.453042741161,0.0191540172876,12.078799009
755,125000,151940,38170,0.463848674227,0.209013460836,12.09325504
756,125150,152140,38220,0.472411916346,0.0667928302344,12.107963085
757,125300,152340,38270,0.457929539236,0.145620917006,12.123235940
758,125450,152540,38320,0.474941801177,0.146666118649,12.139055013
759,125600,152740,38370,0.466069065214,0.114167676056,12.156661033
760,125750,152960,38430,0.461399845118,0.0999009751108,12.174624919
761,125900,153160,38480,0.447887223695,0.0840543167796,12.19031095
762,126050,153360,38530,0.431100618156,0.399293290143,12.206789016
763,126200,153560,38580,0.48349603322,0.249952492058,12.222491025
764,126350,153760,38630,0.493888502631,0.202999871605,12.238125085
765,126500,153960,38680,0.423619769459,0.206871705653,12.255323886
766,126650,154160,38730,0.478009018813,0.35992758685,12.272675991
767,126800,154360,38780,0.456740848515,0.11832407573,12.293617963
768,126950,154560,38830,0.408783395377,0.447433416479,12.309689998
769,127100,154760,38880,0.525964811636,0.75515257849,12.326837062
770,127250,154960,38930,0.505272804159,0.624967369983,12.34668397
771,127400,155160,38980,0.471057832107,0.0139823869619,12.364259958
772,127550,155360,39030,0.448505321079,0.0237618773388,12.380852937
773,127700,155560,39080,0.408063759213,0.57014407441,12.403598070
774,127850,155760,39130,0.478134725223,0.0527272418708,12.424691915
775,128000,155960,39180,0.435466455249,0.448151067199,12.444563865
776,128150,156160,39230,0.483311330695,0.152094195249,12.461301088
777,128300,156360,39280,0.440043932749,0.0861041258743,12.479912042
778,128450,156560,39330,0.481911710093,0.111585522139,12.496538877
779,128600,156760,39380,0.42804943517,0.355464043737,12.512042045
780,128750,156980,39440,0.452090392185,0.112540868013,12.528974056
781,128900,157180,39490,0.470864345852,0.035605977585,12.545401096
782,129050,157380,39540,0.455288784377,0.15463694194,12.56415009
783,129200,157580,39590,0.426388320297,0.380863147782,12.581640958
784,129350,157780,39640,0.46586568165,0.111666671369,12.597328901
785,129500,157980,39690,0.443907379673,0.126601065029,12.612255096
786,129650,158180,39740,0.45829283798,0.292275420863,12.628654003
787,129800,158380,39790,0.465135775649,0.0246161153565,12.646372079
788,129950,158580,39840,0.428176341893,0.247877999263,12.663286924
789,130100,158780,39890,0.434001307844,0.228455369075,12.679073095
790,130250,158980,39940,0.503716647271,0.355374728273,12.694110870
791,130400,159180,39990,0.451435906585,0.173063005369,12.70987296
792,130550,159380,40040,0.492697174692,0.39390823804,12.723702907
793,130700,159580,40090,0.479547346539,0.368655417767,12.737256050
794,130850,159780,40140,0.428581992982,0.460312711947,12.750791072
795,131000,159980,40190,0.463317387278,0.00468323130933,12.764679908
796,131150,160180,40240,0.450535483021,0.196127762106,12.779277086
797,131300,160380,40290,0.478394853361,0.303421694716,12.793365955
798,131450,160580,40340,0.432168921002,0.150191479339,12.807596921
799,131600,160780,40390,0.454062452262,0.0436167170662,12.821304082
800,131750,161000,40450,0.461671280867,0.177491597274,12.836791038
801,131900,161200,40500,0.476141951841,0.0734904026666,12.850622892
802,132050,161400,40550,0.464059226882,0.220736231132,12.864335060
803,132200,161600,40600,0.45044034927,0.126026492043,12.879688978
804,132350,161800,40650,0.495469027813,0.252597164873,12.894202947
805,132500,162000,40700,0.464149520654,0.0137235057946,12.90781807
806,132650,162200,40750,0.415947336378,0.426861658375,12.921303987
807,132800,162400,40800,0.455055605317,0.0704156028504,12.934886932
808,132950,162600,40850,0.491568120759,0.124867745553,12.948545932
809,133100,162800,40900,0.476589184775,0.127566508617,12.962091922
810,133250,163000,40950,0.508248955143,0.405505044579,12.976975917
811,133400,163200,41000,0.443099018471,0.186991005405,12.991522073
812,133550,163400,41050,0.418858291799,0.451925966977,13.005079984
813,133700,163600,41100,0.407368084819,0.311162797792,13.018712043
814,133850,163800,41150,0.481116279383,0.46934809312,13.032424926
815,134000,164000,41200,0.446456360545,0.121943697196,13.046026945
816,134150,164200,41250,0.460620746507,0.022032697462,13.059520006
817,134300,164400,41300,0.482288034855,0.31522507463,13.073797941
818,134450,164600,41350,0.428502542426,0.49668495458,13.089078903
819,134600,164800,41400,0.486556561248,0.248795214257,13.102860927
820,134750,165020,41460,0.478451819732,0.363819373377,13.118292093
821,134900,165220,41510,0.469221806517,0.0627219801998,13.131850957
822,135050,165420,41560,0.483318424466,0.334332692339,13.145581960
823,135200,165620,41610,0.450455846888,0.149034940733,13.159165859
824,135350,165820,41660,0.431615882273,0.207931582842,13.173127889
825,135500,166020,41710,0.433956882489,0.320907875166,13.188339948
826,135650,166220,41760,0.414244715173,0.354042080018,13.202624082
827,135800,166420,41810,0.451622570285,0.0991256391519,13.216294050
828,135950,166620,41860,0.422624775047,0.458025482496,13.229804992
829,136100,166820,41910,0.419369055199,0.263548056923,13.243385076
830,136250,167020,41960,0.432601200735,0.217408611214,13.256862878
831,136400,167220,42010,0.439012798307,0.226674275745,13.270324945
832,136550,167420,42060,0.425722382787,0.188244357486,13.285265922
833,136700,167620,42110,0.486554805675,0.198835396583,13.300001859
834,136850,167820,42160,0.473748846692,0.0384354243406,13.313518047
835,137000,168020,42210,0.454301127533,0.186105664556,13.327030897
836,137150,168220,42260,0.421212821801,0.305099666103,13.340482950
837,137300,168420,42310,0.451749075146,0.0288871370058,13.353925943
838,137450,168620,42360,0.477882895553,0.37800201286,13.367534875
839,137600,168820,42410,0.434746361763,0.105992769207,13.381653070
840,137750,169040,42470,0.461104696975,0.205827478694,13.398545026
841,137900,169240,42520,0.404775406563,0.579909943962,13.411933898
842,138050,169440,42570,0.428557641759,0.0853791821279,13.425400018
843,138200,169640,42620,0.448037338151,0.0350465053196,13.43894505
844,138350,169840,42670,0.456155366501,0.0173812795147,13.452466964
845,138500,170040,42720,0.405856736733,0.375836797409,13.465820074
846,138650,170240,42770,0.461110386792,0.290614045013,13.479423046
847,138800,170440,42820,0.445328691931,0.0399356420085,13.494595050
848,138950,170640,42870,0.424257598103,0.383300974785,13.508061885
849,139100,170840,42920,0.442468743769,0.0505492386561,13.521509885
850,139250,171040,42970,0.466437236625,0.0807972467929,13.535013914
851,139400,171240,43020,0.488607737802,0.355447952999,13.548644065
852,139550,171440,43070,0.48464215317,0.255189033067,13.562166929
853,139700,171640,43120,0.398652274592,0.582630701716,13.575515031
854,139850,171840,43170,0.435746567688,0.105840278953,13.589992046
855,140000,172040,43220,0.457291941219,0.202569691808,13.604912996
856,140150,172240,43270,0.461532584127,0.166297669226,13.618433952
857,140300,172440,43320,0.475955965738,0.252302951651,13.631948947
858,140450,172640,43370,0.491815895446,0.540621055385,13.645557880
859,140600,172840,43420,0.469930853306,0.153236045345,13.659071922
860,140750,173060,43480,0.452747426526,0.0280327165057,13.674329996
861,140900,173260,43530,0.489166602964,0.539108767353,13.688615083
862,141050,173460,43580,0.511886775019,0.425484995406,13.704114913
863,141200,173660,43630,0.458577164581,0.129044978393,13.717639923
864,141350,173860,43680,0.40692188062,0.558442099226,13.731096029
865,141500,174060,43730,0.431256857205,0.34276549263,13.744513034
866,141650,174260,43780,0.428657000759,0.250835896432,13.757934093
867,141800,174460,43830,0.46549547135,0.250657284559,13.771633863
868,141950,174660,43880,0.4665897144,0.245315681222,13.785330057
869,142100,174860,43930,0.455215027496,0.163884524836,13.800669908
870,142250,175060,43980,0.450569748638,0.0275020973134,13.814898967
871,142400,175260,44030,0.440945244795,0.16117803092,13.828314065
872,142550,175460,44080,0.494540636069,0.383970659418,13.8418760
873,142700,175660,44130,0.420283023714,0.352501020555,13.855306863
874,142850,175860,44180,0.477136729387,0.169418821681,13.8689589
875,143000,176060,44230,0.510229730115,0.686921090856,13.882672071
876,143150,176260,44280,0.437141438037,0.226442418356,13.897238016
877,143300,176460,44330,0.507153176237,0.437651129273,13.912436008
878,143450,176660,44380,0.410307919978,0.581472572636,13.925793886
879,143600,176860,44430,0.480674002771,0.271507173648,13.93935799
880,143750,177080,44490,0.396470756281,0.479911196666,13.954412937
881,143900,177280,44540,0.436200925339,0.147387884511,13.967877864
882,144050,177480,44590,0.40233715888,0.357596632972,13.981325864
883,144200,177680,44640,0.493122523276,0.554871476634,13.99551105
884,144350,177880,44690,0.44448867691,0.180663028475,14.010577917
885,144500,178080,44740,0.456872178256,0.0110463358577,14.024524927
886,144650,178280,44790,0.463515057265,0.0256494720048,14.038021087
887,144800,178480,44840,0.440849404049,0.0298155421045,14.051539897
888,144950,178680,44890,0.416621395059,0.314120630403,14.064933061
889,145100,178880,44940,0.466077856034,0.138388273361,14.078474044
890,145250,179080,44990,0.478195884543,0.152471421885,14.092273950
891,145400,179280,45040,0.46231250516,0.135165442186,14.107914924
892,145550,179480,45090,0.502038954392,0.43975379637,14.122488021
893,145700,179680,45140,0.417965396387,0.457755616128,14.13584899
894,145850,179880,45190,0.505250334725,0.501509978704,14.149456024
895,146000,180080,45240,0.479916336463,0.390206860612,14.163151979
896,146150,180280,45290,0.450761115005,0.236626235908,14.176503896
897,146300,180480,45340,0.435893797424,0.41098567121,14.189794063
898,146450,180680,45390,0.415540774585,0.327501790765,14.204133987
899,146600,180880,45440,0.424850811409,0.324071249947,14.218844890
900,146750,181100,45500,0.378333955372,0.657613902233,14.233701944
901,146900,181300,45550,0.438035286347,0.237988695719,14.247173070
902,147050,181500,45600,0.478293467276,0.277098955478,14.260767936
903,147200,181700,45650,0.480977099611,0.123142079484,14.274260044
904,147350,181900,45700,0.393826467144,0.662121772771,14.287442922
905,147500,182100,45750,0.392497451892,0.262468755236,14.301128864
906,147650,182300,45800,0.421605779618,0.275475419293,14.316199064
907,147800,182500,45850,0.444808974556,0.0403570378354,14.332921028
908,147950,182700,45900,0.459494463346,0.130053427562,14.346369981
909,148100,182900,45950,0.43123561289,0.151526412228,14.359770059
910,148250,183100,46000,0.455846449151,0.384329396145,14.373250961
911,148400,183300,46050,0.46769467598,0.0981044741181,14.386708974
912,148550,183500,46100,0.411582318696,0.278497216146,14.400071859
913,148700,183700,46150,0.414589404224,0.264430955927,14.415416955
914,148850,183900,46200,0.466189107515,0.24550213247,14.429127931
915,149000,184100,46250,0.451102214326,0.1319378231,14.442655086
916,149150,184300,46300,0.450675763924,0.0241754275209,14.45618486
917,149300,184500,46350,0.437966450765,0.164903093599,14.46957588
918,149450,184700,46400,0.361398260266,0.658497781337,14.482840061
919,149600,184900,46450,0.482389380913,0.329051725002,14.496423959
920,149750,185120,46510,0.511885698882,0.709137185645,14.512954950
921,149900,185320,46560,0.510972390085,0.56371500645,14.52778291
922,150050,185520,46610,0.417676663057,0.418053199919,14.541193008
923,150200,185720,46660,0.489764121415,0.469121606658,14.554920911
924,150350,185920,46710,0.461086709324,0.188945250957,14.568501949
925,150500,186120,46760,0.440926811566,0.0191341658145,14.582113981
926,150650,186320,46810,0.455915593012,0.183989580503,14.595669984
927,150800,186520,46860,0.40839480377,0.228534726884,14.614767074
928,150950,186720,46910,0.460607039894,0.0330754909823,14.633787870
929,151100,186920,46960,0.47626697011,0.221357735845,14.649748086
930,151250,187120,47010,0.454604092558,0.0623423866878,14.66577696
931,151400,187320,47060,0.430168882743,0.093852173228,14.68099188
932,151550,187520,47110,0.37030456304,0.715705482177,14.697041988
933,151700,187720,47160,0.44433209828,0.0135938567916,14.713543891
934,151850,187920,47210,0.446325086295,0.178701235403,14.730270862
935,152000,188120,47260,0.427458075707,0.27613524445,14.744348049
936,152150,188320,47310,0.444338676935,0.0577534943489,14.761358976
937,152300,188520,47360,0.428732974349,0.283179210408,14.778367996
938,152450,188720,47410,0.396843329981,0.412542293945,14.795721054
939,152600,188920,47460,0.470461733132,0.0964867718529,14.812330961
940,152750,189140,47520,0.428186041319,0.150975811813,14.831930875
941,152900,189340,47570,0.4407307883,0.0536925378478,14.849087953
942,153050,189540,47620,0.466727529501,0.224859064789,14.866663932
943,153200,189740,47670,0.470865293937,0.432636730973,14.883640050
944,153350,189940,47720,0.461443442257,0.368626618477,14.89938187
945,153500,190140,47770,0.428553868613,0.2076732521,14.915836095
946,153650,190340,47820,0.455679690557,0.353378630503,14.93411493
947,153800,190540,47870,0.47552367802,0.137143602203,14.952075004
948,153950,190740,47920,0.438264035963,0.0954910931139,14.966925859
949,154100,190940,47970,0.446749027304,0.0313830652403,14.983222007
950,154250,191140,48020,0.491998262099,0.461445224332,14.997668981
951,154400,191340,48070,0.426251469601,0.103847631856,15.012645959
952,154550,191540,48120,0.448508869188,0.167644096936,15.031868934
953,154700,191740,48170,0.476828029424,0.479719734811,15.047890901
954,154850,191940,48220,0.494220084224,0.252755904964,15.064307928
955,155000,192140,48270,0.41336246587,0.432418595743,15.07804298
956,155150,192340,48320,0.502084061855,0.360465540799,15.092550039
957,155300,192540,48370,0.409095775797,0.374215542446,15.107625007
958,155450,192740,48420,0.492075546997,0.326106911766,15.125629901
959,155600,192940,48470,0.443533583732,0.0651964669821,15.14470100
960,155750,193160,48530,0.397320114186,0.580928251653,15.164191961
961,155900,193360,48580,0.446179433559,0.0479487752744,15.180769920
962,156050,193560,48630,0.442929240189,0.0192576706118,15.196570873
963,156200,193760,48680,0.417849251388,0.410434335998,15.211246013
964,156350,193960,48730,0.434639477634,0.0855486247777,15.229199886
965,156500,194160,48780,0.450344773932,0.0930566568275,15.245532035
966,156650,194360,48830,0.473034191463,0.179232481334,15.262405872
967,156800,194560,48880,0.44108775325,0.0214913794062,15.277518987
968,156950,194760,48930,0.456950120452,0.0703765826149,15.296803951
969,157100,194960,48980,0.440228372844,0.184692494693,15.317188024
970,157250,195160,49030,0.430678164951,0.211805252433,15.332732915
971,157400,195360,49080,0.414686503581,0.287278188739,15.350888967
972,157550,195560,49130,0.433087844659,0.0686677086181,15.368610858
973,157700,195760,49180,0.496648822725,0.594706914636,15.383080959
974,157850,195960,49230,0.441963818079,0.260752885145,15.397376060
975,158000,196160,49280,0.382561435611,0.405043455857,15.415999889
976,158150,196360,49330,0.473957838438,0.395737002183,15.432353019
977,158300,196560,49380,0.469050312459,0.180660435753,15.449342012
978,158450,196760,49430,0.475285319384,0.195919070022,15.469345092
979,158600,196960,49480,0.482461400063,0.269583814725,15.485046863
980,158750,197180,49540,0.443708367352,0.134826907816,15.502373933
981,158900,197380,49590,0.422914627791,0.302693788233,15.521786928
982,159050,197580,49640,0.429638412209,0.0468354247573,15.537932872
983,159200,197780,49690,0.403700343364,0.442841969903,15.553361892
984,159350,197980,49740,0.458041344076,0.0591488285863,15.577463865
985,159500,198180,49790,0.493971006712,0.437472408735,15.600997924
986,159650,198380,49840,0.3977769802,0.455588411434,15.622397899
987,159800,198580,49890,0.439711713798,0.126405417658,15.648580074
988,159950,198780,49940,0.468684647774,0.270861780152,15.666176080
989,160100,198980,49990,0.439693547255,0.132679540959,15.682404041
990,160250,199180,50040,0.445546176321,0.084532084457,15.700136899
991,160400,199380,50090,0.499289354023,0.321304102813,15.717041015
992,160550,199580,50140,0.48674686002,0.537257234679,15.733609914
993,160700,199780,50190,0.397873148029,0.55382970877,15.749511957
994,160850,199980,50240,0.481079597234,0.197888962938,15.765115976
995,161000,200180,50290,0.498200984376,0.361905825073,15.781913042
996,161150,200380,50340,0.449561692053,0.199893207181,15.797986030
997,161300,200580,50390,0.450624160116,0.0342100454752,15.81360387
998,161450,200780,50440,0.556800414451,0.681851730646,15.827969074
999,161600,200980,50490,0.464732561557,0.225093994221,15.847640991
1000,161750,201200,50550,0.426410122512,0.33149496151,15.865937948
