0,300,200,50,4.13401313457,3.44990073331,0.021500110626
1,700,400,100,0.70540143415,2.10303270976,0.04407501220
2,1100,600,150,0.431971272647,0.87426524343,0.06570100784
3,1500,800,200,0.5041082427,0.694016951586,0.087790012359
4,1850,1000,250,0.510625128231,0.412858297572,0.10991716384
5,2250,1200,300,0.503972031667,0.693946616064,0.13231611251
6,2650,1400,350,0.49191797719,0.457043912862,0.15483617782
7,3050,1600,400,0.401080825791,0.596465753949,0.17657518386
8,3450,1800,450,0.527888188696,1.04912391513,0.1993429660
9,3850,2000,500,0.48978153977,1.81085981941,0.22182703018
10,4250,2200,550,0.64290279473,1.60979977779,0.24396896362
11,4650,2400,600,0.486552092196,0.394230331465,0.26620316505
12,5050,2600,650,0.441279182241,0.0918874188509,0.28797817230
13,5450,2800,700,0.508862267639,0.689940693209,0.31128096580
14,5850,3000,750,0.486356664413,1.22474176989,0.33331108093
15,6250,3200,800,0.556985341592,1.18765035332,0.35553812980
16,6650,3400,850,0.501753958692,1.02837187292,0.37754797935
17,7050,3600,900,0.501264099089,0.792813739187,0.39951705932
18,7500,3800,950,0.473246276897,0.241284449099,0.42544102668
19,7900,4000,1000,0.420444030466,0.835153069906,0.44702410697
20,8300,4300,1100,0.48746369065,0.948212411379,0.47309303283
21,8750,4500,1150,0.464239752044,0.214486799032,0.49736404418
22,9150,4700,1200,0.431298529944,0.225871573439,0.52169013023
23,9550,4900,1250,0.454411438351,0.058568972031,0.54381799697
24,9950,5100,1300,0.460638545945,0.0974049041322,0.56601619720
25,10350,5300,1350,0.469740275595,0.0662748131069,0.58833718299
26,10750,5500,1400,0.44025554107,0.335423451283,0.61155819892
27,11150,5700,1450,0.421806802316,0.18760580046,0.63373303413
28,11550,5900,1500,0.491608516797,0.466402500074,0.65614819526
29,11950,6100,1550,0.462221589886,1.08446364482,0.67822718620
30,12350,6300,1600,0.56964051779,1.29347594184,0.70070910453
31,12800,6500,1650,0.508046122497,0.845284333409,0.72679114341
32,13200,6700,1700,0.454022903566,0.513249867637,0.74891304969
33,13600,6900,1750,0.500663307918,0.662867157541,0.77113604545
34,14000,7100,1800,0.480944174626,0.624228833144,0.79333710670
35,14400,7300,1850,0.576761919547,1.25125169554,0.81718897819
36,14800,7500,1900,0.577415321848,1.92062435543,0.83967208862
37,15200,7700,1950,0.466385452917,0.903140543961,0.86152005195
38,15600,7900,2000,0.522938537898,0.71581495138,0.88399696350
39,16050,8100,2050,0.525816241392,0.939179022928,0.90836310386
40,16450,8400,2150,0.466837190866,0.262783564907,0.93622708320
41,16600,8600,2200,0.418158465704,0.139762852025,0.94906497001
42,16750,8800,2250,0.513882898606,0.714161586533,0.96207118034
43,16900,9000,2300,0.480564602969,0.265046571646,0.97499418258
44,17050,9200,2350,0.441460763909,0.0493982947067,0.98785018920
45,17200,9400,2400,0.461959947251,0.0652425216582,1.0006821155
46,17350,9600,2450,0.436581155058,0.236401460487,1.0134401321
47,17500,9800,2500,0.428830281636,0.0871458544417,1.0277290344
48,17650,10000,2550,0.433948848115,0.0927133698031,1.0406861305
49,17800,10200,2600,0.399057590935,0.536049987038,1.0534610748
50,17950,10400,2650,0.435599623432,0.0646607750138,1.0663931369
51,18100,10600,2700,0.506310957966,0.529373253441,1.0793759822
52,18250,10800,2750,0.467705492013,0.166422992668,1.0923211574
53,18400,11000,2800,0.46021279415,0.109384244221,1.105334043
54,18550,11200,2850,0.404695534182,0.441625657734,1.1182990074
55,18700,11400,2900,0.415271535683,0.323942038355,1.1317861080
56,18850,11600,2950,0.422444882129,0.385283368024,1.1446030139
57,19000,11800,3000,0.431270791425,0.0448253085889,1.1575200557
58,19150,12000,3050,0.463978785629,0.137097259691,1.1704821586
59,19300,12200,3100,0.458465604248,0.227912949375,1.1834011077
60,19450,12500,3200,0.39301769538,0.500724481122,1.2001931667
61,19600,12700,3250,0.428496515779,0.154998023745,1.213065147
62,19750,12900,3300,0.460368748488,0.345479895028,1.2270061969
63,19900,13100,3350,0.431611212565,0.157384388394,1.2419140338
64,20050,13300,3400,0.445552929243,0.0104653861471,1.2548999786
65,20200,13500,3450,0.467732176457,0.187964593932,1.2678442001
66,20350,13700,3500,0.437127474056,0.0611684142723,1.2807490825
67,20500,13900,3550,0.467625706729,0.198767736738,1.2938151359
68,20650,14100,3600,0.417483791958,0.489296738255,1.3065631389
69,20800,14300,3650,0.427726813551,0.137747892971,1.3195490837
70,20950,14500,3700,0.519609696617,0.652695062219,1.3347501754
71,21100,14700,3750,0.439141098831,0.0740693984145,1.3477511405
72,21250,14900,3800,0.525217318032,0.587889887854,1.3608760833
73,21400,15100,3850,0.462779876638,0.0177439145214,1.3737661838
74,21550,15300,3900,0.444247945068,0.152256818816,1.3867731094
75,21700,15500,3950,0.420926924619,0.272830487315,1.3995881080
76,21850,15700,4000,0.450534053765,0.0807670907533,1.4125690460
77,22000,15900,4050,0.433543159764,0.200546878706,1.4255139827
78,22150,16100,4100,0.513191642286,0.470720740093,1.4410510063
79,22300,16300,4150,0.445117530057,0.12675688714,1.4548990726
80,22450,16600,4250,0.434486730885,0.169697447429,1.4719221591
81,22600,16800,4300,0.440153613286,0.148051034813,1.4848260879
82,22750,17000,4350,0.407024738813,0.334220948622,1.4976410865
83,22900,17200,4400,0.532738865153,0.617628312048,1.5106310844
84,23050,17400,4450,0.404757350777,0.340085682796,1.5234470367
85,23200,17600,4500,0.478782631545,0.240539968065,1.5379769802
86,23350,17800,4550,0.490329984821,0.277343710409,1.5523450374
87,23500,18000,4600,0.471451614711,0.297624048589,1.5653340816
88,23650,18200,4650,0.416860148862,0.395701954533,1.5781559944
89,23800,18400,4700,0.42725352279,0.172069758672,1.5911240577
90,23950,18600,4750,0.500606629233,0.567830087311,1.6041541099
91,24100,18800,4800,0.478291526065,0.34156765,1.6171090602
92,24250,19000,4850,0.492913215697,0.38252304017,1.6302270889
93,24400,19200,4900,0.384267947592,0.668341884509,1.6455199718
94,24550,19400,4950,0.419551563247,0.290058979762,1.6584019660
95,24700,19600,5000,0.4866358364,0.481939192692,1.671395063
96,24850,19800,5050,0.44147920761,0.16437659015,1.6842460632
97,25000,20000,5100,0.480446833333,0.181820917545,1.6971850395
98,25150,20200,5150,0.463448099543,0.227437542182,1.7101969718
99,25300,20400,5200,0.418010912089,0.455689636778,1.7230000495
100,25450,20700,5300,0.425798395673,0.197713856292,1.7421619892
101,25600,20900,5350,0.408620646363,0.414122912674,1.7564911842
102,25750,21100,5400,0.475628905626,0.274648784023,1.7694699764
103,25900,21300,5450,0.440507401269,0.0871346127191,1.782324075
104,26050,21500,5500,0.504049969531,0.623395292007,1.7954170703
105,26200,21700,5550,0.472529721193,0.298914416589,1.8083641529
106,26350,21900,5600,0.468763646313,0.339207781549,1.8214180469
107,26500,22100,5650,0.458523820021,0.0783661447761,1.8345251083
108,26650,22300,5700,0.45988772275,0.0270253094149,1.8494331836
109,26800,22500,5750,0.434559437748,0.237417526401,1.8623349666
110,26950,22700,5800,0.433523841793,0.238009074684,1.8751521110
111,27100,22900,5850,0.455908909021,0.0207030377003,1.888075113
112,27250,23100,5900,0.491717838962,0.405824365357,1.9011161327
113,27400,23300,5950,0.502608578181,0.563745966674,1.9141461849
114,27550,23500,6000,0.449623097586,0.117185634108,1.927013158
115,27700,23700,6050,0.438881657636,0.0992908861488,1.9408130645
116,27850,23900,6100,0.388747766945,0.73149684279,1.9549570083
117,28000,24100,6150,0.410194331443,0.264729773517,1.967817068
118,28150,24300,6200,0.434689074258,0.0215099825232,1.98069715
119,28300,24500,6250,0.432457900767,0.237459126573,1.9935460090
120,28450,24800,6350,0.454110904878,0.112005762187,2.0107061862
121,28600,25000,6400,0.382430053787,0.783576702486,2.0234851837
122,28750,25200,6450,0.470617779587,0.144342545883,2.0364110469
123,28900,25400,6500,0.445049648493,0.0564324206042,2.0505959987
124,29050,25600,6550,0.403197756748,0.322884124443,2.0647931098
125,29200,25800,6600,0.464275150961,0.224130620079,2.0776929855
126,29350,26000,6650,0.453958700325,0.108992259434,2.0907070636
127,29500,26200,6700,0.458996125361,0.146916708226,2.103599071
128,29650,26400,6750,0.440838382068,0.135992949299,2.1164309978
129,29800,26600,6800,0.475537677406,0.164230784573,2.1293699741
130,29950,26800,6850,0.506293970681,0.534456694116,2.1425931453
131,30100,27000,6900,0.445753436315,0.0140414545158,2.1574239730
132,30250,27200,6950,0.483298258746,0.278611622013,2.1705350875
133,30400,27400,7000,0.477001851438,0.22659512233,2.1835100650
134,30550,27600,7050,0.500202800147,0.382253003965,2.196534156
135,30700,27800,7100,0.456267979385,0.0172068457323,2.2094290256
136,30850,28000,7150,0.467364618362,0.347258282774,2.222375154
137,31000,28200,7200,0.446975099966,0.0423418687186,2.2352821826
138,31150,28400,7250,0.429521246253,0.0848149873826,2.2490200996
139,31300,28600,7300,0.446660052119,0.0359309310451,2.2640240192
140,31450,28900,7400,0.396905681671,0.606120402996,2.281237125
141,31600,29100,7450,0.433605907805,0.289673149268,2.2942531108
142,31750,29300,7500,0.441534669379,0.125155418947,2.3072121143
143,31900,29500,7550,0.456673245029,0.129037537261,2.3201851844
144,32050,29700,7600,0.465036830725,0.169027579978,2.3331601619
145,32200,29900,7650,0.445519646708,0.0699372850824,2.3461260795
146,32350,30100,7700,0.437167861407,0.0262759303053,2.3608770370
147,32500,30300,7750,0.425884485026,0.366785469261,2.3737351894
148,32650,30500,7800,0.463091783786,0.0313051461767,2.3867151737
149,32800,30700,7850,0.461084744624,0.289108711889,2.3997299671
150,32950,30900,7900,0.483300537367,0.209324586525,2.4127080440
151,33100,31100,7950,0.462342090193,0.245462233706,2.4256420135
152,33250,31300,8000,0.453896867781,0.0451624520114,2.4386250972
153,33400,31500,8050,0.459268802902,0.122021941665,2.4519670009
154,33550,31700,8100,0.492052885517,0.18454231252,2.4667601585
155,33700,31900,8150,0.417569982449,0.344642702791,2.4795970916
156,33850,32100,8200,0.482916863686,0.439835045926,2.4925761222
157,34000,32300,8250,0.47525281826,0.150201150608,2.5055050849
158,34150,32500,8300,0.499450250638,0.330840769453,2.5185539722
159,34300,32700,8350,0.467177446693,0.0408040579543,2.531481027
160,34450,33000,8450,0.430506898007,0.302730736106,2.548727989
161,34600,33200,8500,0.451559835277,0.316199285358,2.5631120204
162,34750,33400,8550,0.436759096514,0.42625519238,2.5776510238
163,34900,33600,8600,0.473235938742,0.226024235234,2.5916330814
164,35050,33800,8650,0.408232335767,0.387380018085,2.604533195
165,35200,34000,8700,0.453254770723,0.179012950914,2.6174921989
166,35350,34200,8750,0.402548990073,0.501447896503,2.6302330493
167,35500,34400,8800,0.428207706309,0.0849164686639,2.6430971622
168,35650,34600,8850,0.450420465402,0.104975055572,2.6562991142
169,35800,34800,8900,0.406314804712,0.477122365226,2.67077398
170,35950,35000,8950,0.421772132744,0.0737185246447,2.6854951381
171,36100,35200,9000,0.443977799942,0.13169643772,2.6984341144
172,36250,35400,9050,0.479906403334,0.0868564325819,2.7114090919
173,36400,35600,9100,0.509579278279,0.62118501154,2.7244930267
174,36550,35800,9150,0.481165711561,0.216736008536,2.7375299930
175,36700,36000,9200,0.513749909475,0.557030221701,2.7506191730
176,36850,36200,9250,0.454270647572,0.011748923119,2.7651810646
177,37000,36400,9300,0.4959185453,0.596434013454,2.7797660827
178,37150,36600,9350,0.443078467059,0.0945288426353,2.7950341701
179,37300,36800,9400,0.503065114118,0.508394734605,2.8081431388
180,37450,37100,9500,0.485640728572,0.0988413418839,2.8257031440
181,37600,37300,9550,0.446882563406,0.140835977627,2.838672161
182,37750,37500,9600,0.4706054476,0.246224676395,2.8516800403
183,37900,37700,9650,0.450888572849,0.0126457770404,2.8664979934
184,38050,37900,9700,0.413570847122,0.620899747266,2.8832650184
185,38200,38100,9750,0.453873322983,0.136591922904,2.8963510990
186,38350,38300,9800,0.474555117841,0.0276571596288,2.9094631671
187,38500,38500,9850,0.472231170298,0.143830466604,2.9224829673
188,38650,38700,9900,0.428304984534,0.394050482115,2.9353320598
189,38800,38900,9950,0.435092673215,0.188457465439,2.9482131004
190,38950,39100,10000,0.426013849692,0.323384559742,2.9612610340
191,39100,39300,10050,0.46202757397,0.0210574497184,2.97725796
192,39250,39500,10100,0.413672060817,0.469344551704,2.9903790950
193,39400,39700,10150,0.401913271489,0.371561003419,3.0037679672
194,39550,39900,10200,0.49109207253,0.297909424174,3.0172891616
195,39700,40100,10250,0.510504013132,0.681218097921,3.030924081
196,39850,40300,10300,0.457208137153,0.100310914404,3.0446050167
197,40000,40500,10350,0.417491395745,0.307743731634,3.0578479766
198,40150,40700,10400,0.471363087295,0.235827259614,3.07316899
199,40300,40900,10450,0.460591919296,0.150476776052,3.0887019634
200,40450,41200,10550,0.452756312086,0.194000267258,3.106760978
201,40600,41400,10600,0.501888020909,0.442253363753,3.1205480098
202,40750,41600,10650,0.49845790142,0.396193369894,3.1341099739
203,40900,41800,10700,0.465295227688,0.17260087461,3.1490390300
204,41050,42000,10750,0.451034391185,0.408925484684,3.163612127
205,41200,42200,10800,0.438249843112,0.226741663342,3.1834981441
206,41350,42400,10850,0.456891068171,0.137843750153,3.2016999721
207,41500,42600,10900,0.46826983042,0.0338251884392,3.2169091701
208,41650,42800,10950,0.428897398954,0.167994702178,3.2311341762
209,41800,43000,11000,0.463888451767,0.239211910895,3.2458081245
210,41950,43200,11050,0.415528877025,0.354983693528,3.2603361606
211,42100,43400,11100,0.450535490308,0.102817304256,3.2748181819
212,42250,43600,11150,0.426975605775,0.276607586772,3.2943081855
213,42400,43800,11200,0.424941881604,0.200666229082,3.3163261413
214,42550,44000,11250,0.507269526352,0.465063008603,3.3304820060
215,42700,44200,11300,0.470612190406,0.0877141470849,3.3450860977
216,42850,44400,11350,0.460067495056,0.0246253554044,3.3593301773
217,43000,44600,11400,0.47345269174,0.334819959298,3.374507188
218,43150,44800,11450,0.406099988607,0.422168833351,3.396524190
219,43300,45000,11500,0.430656267108,0.353541041293,3.4110009670
220,43450,45300,11600,0.435617363927,0.0340057545432,3.4299001693
221,43600,45500,11650,0.47937096188,0.160183981614,3.4438381195
222,43750,45700,11700,0.428045247068,0.339942865479,3.4576771259
223,43900,45900,11750,0.479559999728,0.23599612577,3.4712340831
224,44050,46100,11800,0.495747890274,0.444580138765,3.4899311065
225,44200,46300,11850,0.408780154198,0.280911067027,3.5042030811
226,44350,46500,11900,0.437656058166,0.0363209060047,3.5178401470
227,44500,46700,11950,0.519223198621,0.65056303877,3.5317230224
228,44650,46900,12000,0.466184269219,0.136709181762,3.5455839633
229,44800,47100,12050,0.4860771867,0.422510747108,3.5593822002
230,44950,47300,12100,0.482338238108,0.232059839295,3.5733990669
231,45100,47500,12150,0.465676527987,0.144008382877,3.5882019996
232,45250,47700,12200,0.501175521539,0.244958938932,3.6033630371
233,45400,47900,12250,0.43601024077,0.1515487254,3.6173121929
234,45550,48100,12300,0.416956374013,0.540039223289,3.6306431293
235,45700,48300,12350,0.472737359053,0.283818737945,3.6442739963
236,45850,48500,12400,0.441960011587,0.209611113893,3.6578471660
237,46000,48700,12450,0.430909954079,0.307038555103,3.6708750724
238,46150,48900,12500,0.446207278845,0.113208080139,3.6847691535
239,46300,49100,12550,0.435383034775,0.0786023598308,3.6994462013
240,46450,49400,12650,0.430864256227,0.130064967105,3.7184000015
241,46600,49600,12700,0.477806765671,0.127827705737,3.7317221164
242,46750,49800,12750,0.46988850038,0.150845642364,3.744966983
243,46900,50000,12800,0.508500386252,0.494949552757,3.758322000
244,47050,50200,12850,0.495359521883,0.405342072702,3.7716271877
245,47200,50400,12900,0.441658837548,0.339833604938,3.7851390838
246,47350,50600,12950,0.462675468316,0.144900575005,3.7997620105
247,47500,50800,13000,0.439971133379,0.304681751126,3.814507007
248,47650,51000,13050,0.490545065586,0.227563583863,3.8276381492
249,47800,51200,13100,0.475271901751,0.325601089639,3.8408579826
250,47950,51400,13150,0.503968439033,0.616159138809,3.8547780513
251,48100,51600,13200,0.474741820782,0.0488515548721,3.868137121
252,48250,51800,13250,0.500228234719,0.240805037551,3.8818559646
253,48400,52000,13300,0.483571683936,0.232328524629,3.8970191478
254,48550,52200,13350,0.422370835031,0.223016473064,3.914985179
255,48700,52400,13400,0.472203759712,0.0806346188928,3.9289970397
256,48850,52600,13450,0.437625000166,0.513984131968,3.9425060749
257,49000,52800,13500,0.472853728543,0.0215256830168,3.9559559822
258,49150,53000,13550,0.441379092773,0.27623782675,3.9695529937
259,49300,53200,13600,0.467492416265,0.235011122082,3.9835431575
260,49450,53500,13700,0.415138349119,0.509303518421,4.0038311481
261,49600,53700,13750,0.5337142456,0.617110409059,4.0228700637
262,49750,53900,13800,0.441803500607,0.154680051275,4.036868095
263,49900,54100,13850,0.477673768211,0.144963038012,4.0510811805
264,50050,54300,13900,0.445059207834,0.146344758072,4.0649900436
265,50200,54500,13950,0.442219609162,0.295822994409,4.0788450241
266,50350,54700,14000,0.470888564004,0.114047092956,4.0932950973
267,50500,54900,14050,0.449285341069,0.0647606579578,4.1090121269
268,50650,55100,14100,0.425480934378,0.321467272466,4.1228921413
269,50800,55300,14150,0.460965553764,0.0726025115192,4.1370329856
270,50950,55500,14200,0.44847117063,0.14552090032,4.1506731510
271,51100,55700,14250,0.436580280354,0.203495046344,4.1642560958
272,51250,55900,14300,0.46857406329,0.249286609869,4.17797303
273,51400,56100,14350,0.490842215729,0.327580350091,4.1928551197
274,51550,56300,14400,0.485340916556,0.348835131999,4.2082340717
275,51700,56500,14450,0.450809495922,0.104399405907,4.2222721576
276,51850,56700,14500,0.441004712017,0.0471559896815,4.235395193
277,52000,56900,14550,0.485418426869,0.160533623899,4.2491130828
278,52150,57100,14600,0.481457637782,0.331792571535,4.2626690864
279,52300,57300,14650,0.438423903181,0.405465472929,4.2760059833
280,52450,57600,14750,0.429143526077,0.397497864323,4.2944669723
281,52600,57800,14800,0.482570138965,0.204518402761,4.3107681274
282,52750,58000,14850,0.455963851196,0.0250271164989,4.3305261135
283,52900,58200,14900,0.444130421263,0.142955616467,4.3439571857
284,53050,58400,14950,0.430739902623,0.434466818703,4.3575901985
285,53200,58600,15000,0.448743896478,0.0149503123704,4.3723921775
286,53350,58800,15050,0.459737547717,0.0808602231111,4.3874289989
287,53500,59000,15100,0.491728157738,0.225296261074,4.4069659709
288,53650,59200,15150,0.47155568581,0.178233638777,4.4290080070
289,53800,59400,15200,0.422283257772,0.324332009108,4.4433000087
290,53950,59600,15250,0.429910698373,0.0950269329258,4.4573030471
291,54100,59800,15300,0.430027477606,0.283232274036,4.4707701206
292,54250,60000,15350,0.470953188757,0.0299639625183,4.4844231605
293,54400,60200,15400,0.404281673926,0.427877567626,4.4979310035
294,54550,60400,15450,0.477641742573,0.356322339027,4.5132510662
295,54700,60600,15500,0.485379541236,0.218435069056,4.5278220176
296,54850,60800,15550,0.458346170015,0.0607057581142,4.5416979789
297,55000,61000,15600,0.473377831661,0.136862133529,4.5554401874
298,55150,61200,15650,0.465052927702,0.0301042516723,4.5691020488
299,55300,61400,15700,0.438535152906,0.229351948616,4.5824131965
300,55450,61700,15800,0.427896095714,0.143821816332,4.601488113
301,55600,61900,15850,0.453745496741,0.0247301498047,4.6163539886
302,55750,62100,15900,0.483519512031,0.105674930839,4.6309061050
303,55900,62300,15950,0.479580216531,0.244630658121,4.6443881988
304,56050,62500,16000,0.443171599354,0.227577015046,4.6576130390
305,56200,62700,16050,0.461054035388,0.0356249382041,4.6735529899
306,56350,62900,16100,0.463421705306,0.106757217783,4.6978631019
307,56500,63100,16150,0.450472051521,0.22760614701,4.7233741283
308,56650,63300,16200,0.469953325617,0.0812560083981,4.7496790885
309,56800,63500,16250,0.476921265689,0.298944689727,4.7754991054
310,56950,63700,16300,0.482768591292,0.258266776834,4.7960700988
311,57100,63900,16350,0.391809730937,0.524503520589,4.8144409656
312,57250,64100,16400,0.443095955958,0.0767691456904,4.8356230258
313,57400,64300,16450,0.439479976271,0.0575332810276,4.8493990898
314,57550,64500,16500,0.420070978189,0.302783956065,4.8633060455
315,57700,64700,16550,0.469853943373,0.134389474287,4.8792331218
316,57850,64900,16600,0.478827329729,0.438532014254,4.8935661315
317,58000,65100,16650,0.487240603452,0.458424649532,4.9094471931
318,58150,65300,16700,0.424011703775,0.521991671425,4.9253101348
319,58300,65500,16750,0.458121227025,0.0769858089217,4.9402489662
320,58450,65800,16850,0.485122825143,0.321767399191,4.9598350524
321,58600,66000,16900,0.476622852198,0.125914328559,4.9755291938
322,58750,66200,16950,0.462007330852,0.0714852692414,4.9906880855
323,58900,66400,17000,0.433679863586,0.194416950362,5.0043480396
324,59050,66600,17050,0.431531346028,0.270466167005,5.0195829868
325,59200,66800,17100,0.427068193584,0.270978677269,5.0354111194
326,59350,67000,17150,0.507229122003,0.529196935238,5.0494129657
327,59500,67200,17200,0.451002425337,0.211087778572,5.0627441406
328,59650,67400,17250,0.497720577867,0.323401212713,5.0765089988
329,59800,67600,17300,0.478871984571,0.291305859403,5.0897951126
330,59950,67800,17350,0.403174881825,0.572478254262,5.1028430461
331,60100,68000,17400,0.466351197444,0.196721899488,5.1178371906
332,60250,68200,17450,0.457013786656,0.139140105502,5.1320359706
333,60400,68400,17500,0.487373317487,0.244592974432,5.145349979
334,60550,68600,17550,0.47019295682,0.077059163646,5.1586589813
335,60700,68800,17600,0.464853536034,0.0938543990375,5.171807050
336,60850,69000,17650,0.436486150779,0.3251060221,5.1853780746
337,61000,69200,17700,0.478346116375,0.364982588265,5.1988031864
338,61150,69400,17750,0.441805453535,0.236964850565,5.2119350433
339,61300,69600,17800,0.479033624201,0.150851106727,5.2271060943
340,61450,69900,17900,0.400966177491,0.42966695152,5.2464010715
341,61600,70100,17950,0.485267121696,0.393990860784,5.2599949836
342,61750,70300,18000,0.456868554855,0.0866069137144,5.2732841968
343,61900,70500,18050,0.437629315187,0.205634783496,5.2871460914
344,62050,70700,18100,0.437281061515,0.320807012371,5.3030791282
345,62200,70900,18150,0.47226854225,0.154042912444,5.3172800540
346,62350,71100,18200,0.506388180465,0.455809470053,5.3326389789
347,62500,71300,18250,0.455037190561,0.261156502824,5.3476171493
348,62650,71500,18300,0.433584379635,0.280208621859,5.3609361648
349,62800,71700,18350,0.434223208685,0.0335996707946,5.3744451999
350,62950,71900,18400,0.496019034866,0.464240520494,5.3881561756
351,63100,72100,18450,0.421507286416,0.50824147288,5.4012980461
352,63250,72300,18500,0.468054484575,0.210491722934,5.4148650169
353,63400,72500,18550,0.386860910186,0.821617388244,5.4295890331
354,63550,72700,18600,0.430817421974,0.488655444211,5.4433090686
355,63700,72900,18650,0.500726713959,0.507229232385,5.4567229747
356,63850,73100,18700,0.49262776079,0.413138543186,5.4701170921
357,64000,73300,18750,0.435127837714,0.144168831531,5.4864339828
358,64150,73500,18800,0.462463350713,0.37685204316,5.4995770454
359,64300,73700,18850,0.456558037924,0.0241725547074,5.5125420093
360,64450,74000,18950,0.46982172895,0.170720167051,5.5317151546
361,64600,74200,19000,0.483936116965,0.273575681186,5.5469350814
362,64750,74400,19050,0.463508177967,0.062193719668,5.5601060390
363,64900,74600,19100,0.419885923136,0.361321773222,5.5730521678
364,65050,74800,19150,0.490503087523,0.201852126072,5.5869350433
365,65200,75000,19200,0.485245984172,0.375805734318,5.6000690460
366,65350,75200,19250,0.450131665146,0.160662387629,5.6132640838
367,65500,75400,19300,0.47923272025,0.128920588455,5.6268990039
368,65650,75600,19350,0.449279613567,0.0863021487587,5.6415569782
369,65800,75800,19400,0.50008022344,0.369673433038,5.6560461521
370,65950,76000,19450,0.453988355583,0.0874196324849,5.669157028
371,66100,76200,19500,0.440657960311,0.195704698692,5.6820631027
372,66250,76400,19550,0.433794946173,0.213309379108,5.6950170993
373,66400,76600,19600,0.495137265019,0.300238211815,5.7080721855
374,66550,76800,19650,0.438110240921,0.32460896112,5.7209579944
375,66700,77000,19700,0.45023494882,0.03503292868,5.7355971336
376,66850,77200,19750,0.423362439363,0.507074847174,5.7499840259
377,67000,77400,19800,0.472730065079,0.0464540768948,5.7635660171
378,67150,77600,19850,0.457664457838,0.0117915713308,5.7764921188
379,67300,77800,19900,0.47342847571,0.0308459499331,5.7901561260
380,67450,78100,20000,0.417836594265,0.335025933694,5.8078300952
381,67600,78300,20050,0.482666586368,0.263310547545,5.8212091922
382,67750,78500,20100,0.462302212166,0.0579870940373,5.8354690074
383,67900,78700,20150,0.492398740044,0.353391725927,5.8502681255
384,68050,78900,20200,0.464462717691,0.119929292552,5.8647751808
385,68200,79100,20250,0.488793125578,0.32174894398,5.8783991336
386,68350,79300,20300,0.424122042141,0.28509829997,5.8917751312
387,68500,79500,20350,0.485298130848,0.27009863323,5.9053981304
388,68650,79700,20400,0.444273937476,0.274860103216,5.9188129901
389,68800,79900,20450,0.482381755879,0.226030619227,5.9399900436
390,68950,80100,20500,0.440788177928,0.33200876871,5.9557001590
391,69100,80300,20550,0.476710439586,0.226140026038,5.971428155
392,69250,80500,20600,0.470709407102,0.167837896923,5.9883010387
393,69400,80700,20650,0.455056013696,0.0509417985687,6.0029420852
394,69550,80900,20700,0.503851418923,0.514857333949,6.0171301364
395,69700,81100,20750,0.45286021419,0.160127038296,6.0332200527
396,69850,81300,20800,0.42587207753,0.190817173234,6.0489239692
397,70000,81500,20850,0.462390127745,0.0468431244673,6.0640871524
398,70150,81700,20900,0.434316722711,0.184047102666,6.077541112
399,70300,81900,20950,0.483612126871,0.109549777367,6.0924310684
400,70450,82200,21050,0.439563729637,0.246536218605,6.111432075
401,70600,82400,21100,0.466512037273,0.0695857171375,6.1263799667
402,70750,82600,21150,0.436920177908,0.314762759966,6.1432921886
403,70900,82800,21200,0.447247955381,0.115770661433,6.1642110347
404,71050,83000,21250,0.49647321263,0.419491830074,6.1795101165
405,71200,83200,21300,0.457562807914,0.0237651544944,6.194219112
406,71350,83400,21350,0.463691528427,0.0690959851937,6.2089910507
407,71500,83600,21400,0.439336036864,0.191306325643,6.2224781513
408,71650,83800,21450,0.451753333899,0.364210107098,6.2356731891
409,71800,84000,21500,0.473446181281,0.261811474006,6.2505311965
410,71950,84200,21550,0.466134708975,0.0647087017235,6.2650351524
411,72100,84400,21600,0.427922449965,0.395032708847,6.2780749797
412,72250,84600,21650,0.444739916171,0.0689760119055,6.2910881042
413,72400,84800,21700,0.439959661738,0.15573566395,6.3040790557
414,72550,85000,21750,0.441592200879,0.0867326347272,6.3171231746
415,72700,85200,21800,0.489997289116,0.541397109162,6.3307960033
416,72850,85400,21850,0.488768145205,0.241419974415,6.3443641662
417,73000,85600,21900,0.408453136667,0.597555377676,6.3589501380
418,73150,85800,21950,0.431351439211,0.128997441079,6.3748760223
419,73300,86000,22000,0.457234772247,0.110095221985,6.3884420394
420,73450,86300,22100,0.43355092646,0.253764825323,6.4067091941
421,73600,86500,22150,0.456375964499,0.0800082327097,6.42205214
422,73750,86700,22200,0.463806091088,0.211693001052,6.4368801116
423,73900,86900,22250,0.442029446636,0.307435956443,6.4525651931
424,74050,87100,22300,0.44823208167,0.0323871713429,6.4681971073
425,74200,87300,22350,0.54223535719,0.787156505336,6.4836280345
426,74350,87500,22400,0.441861350267,0.0479238274014,6.4990620613
427,74500,87700,22450,0.457523055102,0.124555826743,6.5161530971
428,74650,87900,22500,0.434164610486,0.29090473873,6.5326480865
429,74800,88100,22550,0.39155955506,0.580330695877,6.5510950088
430,74950,88300,22600,0.451909368292,0.0388716308042,6.575471162
431,75850,88500,22650,0.463409908046,0.00541697323068,6.6202490329
432,76000,88700,22700,0.462552242191,0.137136337701,6.634061098
433,76150,88900,22750,0.468623785724,0.0285918379458,6.6480321884
434,76300,89100,22800,0.436353944271,0.174667444346,6.6627540588
435,76450,89300,22850,0.494468456821,0.364021450412,6.6770961284
436,76600,89500,22900,0.480462345081,0.170189997512,6.6906840801
437,76750,89700,22950,0.454616694933,0.0139290812039,6.70397710
438,76900,89900,23000,0.471106794965,0.0606756916902,6.7171070575
439,77050,90100,23050,0.468035398348,0.0637980223538,6.7303111553
440,77200,90400,23150,0.447400228543,0.0891040682429,6.7481980323
441,77350,90600,23200,0.493779990035,0.214229712191,6.7629950046
442,77500,90800,23250,0.516814349404,0.719415514266,6.7772531509
443,77650,91000,23300,0.421098922967,0.284883456142,6.7905039787
444,77800,91200,23350,0.447700926161,0.243738236153,6.8037559986
445,77950,91400,23400,0.504160298277,0.516640061319,6.8172090053
446,78100,91600,23450,0.429866382358,0.582405782711,6.8306009769
447,78250,91800,23500,0.434202860625,0.26516557471,6.8438689708
448,78400,92000,23550,0.440220600467,0.174658348244,6.858519077
449,78550,92200,23600,0.471410733456,0.305011649218,6.8777611255
450,78700,92400,23650,0.434130417109,0.25736504955,6.891983985
451,78850,92600,23700,0.468213143812,0.244328804741,6.9071071147
452,79000,92800,23750,0.44267125954,0.0438871779597,6.9223170280
453,79150,93000,23800,0.474581848065,0.0635016922686,6.9410021305
454,79300,93200,23850,0.437954526075,0.248286990884,6.9550230503
455,79450,93400,23900,0.444650496135,0.0318534725908,6.9744191169
456,79600,93600,23950,0.5079274912,0.53585202586,6.9885940551
457,79750,93800,24000,0.406647419123,0.318861844501,7.0020680427
458,79900,94000,24050,0.46787578528,0.185142722263,7.0164351463
459,80050,94200,24100,0.476310070474,0.0195145626502,7.0312521457
460,80200,94500,24200,0.422249509849,0.248619776133,7.0505170822
461,80350,94700,24250,0.456001043405,0.0151188561893,7.0659191608
462,80500,94900,24300,0.392360153453,0.631707412687,7.081866979
463,80650,95100,24350,0.407585603324,0.390119520157,7.0974299907
464,80800,95300,24400,0.43603255225,0.133199188731,7.1118700504
465,80950,95500,24450,0.500751493215,0.403864105731,7.1293501853
466,81100,95700,24500,0.470332054113,0.203959086056,7.1428651809
467,81250,95900,24550,0.435464265675,0.0194152868421,7.1561560630
468,81400,96100,24600,0.517261558818,0.523122045934,7.1724121570
469,81550,96300,24650,0.486396403832,0.167360854567,7.1859271526
470,81700,96500,24700,0.457744776003,0.0749725998967,7.1993370056
471,82600,96700,24750,0.457692528489,0.0100661652483,7.2419559955
472,82750,96900,24800,0.486695288362,0.146095421814,7.2556250095
473,82900,97100,24850,0.441945475406,0.0229982122912,7.2703189849
474,83050,97300,24900,0.467968348834,0.190146996338,7.2853150367
475,83200,97500,24950,0.475500236846,0.0590197430526,7.2989711761
476,83350,97700,25000,0.460579313231,0.0943655317858,7.3122980594
477,83500,97900,25050,0.51663587575,0.591236953194,7.3258640766
478,83650,98100,25100,0.4847960023,0.0813971612379,7.339243173
479,83800,98300,25150,0.465403851643,0.0320218875659,7.3540530204
480,83950,98600,25250,0.460187493063,0.0279277352887,7.373496055
481,84100,98800,25300,0.47430485766,0.0420288661116,7.3892371654
482,84250,99000,25350,0.423286857757,0.302225697174,7.4025211334
483,84400,99200,25400,0.419322670208,0.413296714477,7.4155390262
484,84550,99400,25450,0.500845601098,0.262165535351,7.4287919998
485,84700,99600,25500,0.470810276941,0.140003968304,7.4421391487
486,84850,99800,25550,0.468287155166,0.00466285184496,7.4552299976
487,85000,100000,25600,0.540282742805,0.807122888156,7.4689431190
488,85150,100200,25650,0.458190047163,0.0941899835719,7.489812135
489,85300,100400,25700,0.463389654484,0.0470353577612,7.5036821365
490,85450,100600,25750,0.42772624687,0.568099257446,7.5166630744
491,85600,100800,25800,0.435644237082,0.214370527775,7.5298931598
492,85750,101000,25850,0.453794970214,0.271727462932,7.5429701805
493,85900,101200,25900,0.486830792797,0.167804402979,7.5560691356
494,86050,101400,25950,0.432990109477,0.235528109753,7.5694451332
495,86200,101600,26000,0.45804136632,0.0519256778995,7.584155082
496,86350,101800,26050,0.454340788369,0.0233765395943,7.5974471569
497,86500,102000,26100,0.445241888845,0.240353648061,7.6105639934
498,86650,102200,26150,0.480495616655,0.359080082879,7.6238009929
499,86800,102400,26200,0.414862953375,0.486897764672,7.6369249820
500,86950,102700,26300,0.458143443266,0.111554589782,7.6549110412
501,87100,102900,26350,0.472135150526,0.127372957738,7.6684031486
502,87250,103100,26400,0.469030436585,0.0791888617789,7.6830680370
503,87400,103300,26450,0.513081045224,0.594398431407,7.6972119808
504,87550,103500,26500,0.403298845791,0.609752301472,7.7110261917
505,87700,103700,26550,0.507825496522,0.592574931872,7.725455045
506,87850,103900,26600,0.393261036495,0.869893446465,7.7386860847
507,88000,104100,26650,0.46990421865,0.173007483684,7.7522540092
508,88150,104300,26700,0.478464641863,0.104304470746,7.765974044
509,88300,104500,26750,0.467516045252,0.0482946847486,7.7802741527
510,88450,104700,26800,0.442887773882,0.253414230166,7.7960441112
511,88600,104900,26850,0.49686241528,0.517645389079,7.8101651668
512,88750,105100,26900,0.457479503302,0.0657455115302,7.8236081600
513,88900,105300,26950,0.433022746105,0.074416517244,7.8371579647
514,89050,105500,27000,0.492595126425,0.0858217305918,7.851243019
515,89200,105700,27050,0.438699618901,0.690671547202,7.8646190166
516,89350,105900,27100,0.4350621789,0.329623546809,7.8781909942
517,89500,106100,27150,0.42075927198,0.251371282515,7.8928489685
518,89650,106300,27200,0.476747767914,0.302460295146,7.9072911739
519,89800,106500,27250,0.488079645401,0.251441251758,7.9207310676
520,89950,106800,27350,0.428945433564,0.273051984394,7.9389560222
521,90100,107000,27400,0.473948504009,0.155346591699,7.952396154
522,90250,107200,27450,0.475325982477,0.322403044924,7.9655961990
523,90400,107400,27500,0.499699141394,0.510531600725,7.9789311885
524,90550,107600,27550,0.443797520892,0.0109438629456,7.9941840171
525,90700,107800,27600,0.418913243504,0.53068304409,8.0076210498
526,90850,108000,27650,0.445056620246,0.0338389648063,8.0237710475
527,91000,108200,27700,0.485107618517,0.112148821074,8.0373079776
528,91150,108400,27750,0.50826405077,0.691714436384,8.0508391857
529,91300,108600,27800,0.484795066895,0.289749356946,8.0642549991
530,92200,108800,27850,0.467399796766,0.0200243310184,8.1081731319
531,92350,109000,27900,0.464303101337,0.0162412188917,8.1218190193
532,92500,109200,27950,0.486207942274,0.126551110198,8.1352460384
533,92650,109400,28000,0.459320534847,0.0228374648368,8.1487150192
534,92800,109600,28050,0.468257951799,0.0612277512373,8.1621050834
535,92950,109800,28100,0.426090447589,0.410763369369,8.1755571365
536,93100,110000,28150,0.389981779928,0.735744495692,8.1900520324
537,93250,110200,28200,0.460244057143,0.0651197339454,8.2083451747
538,93400,110400,28250,0.473540418259,0.234662609921,8.2217700481
539,93550,110600,28300,0.442003980379,0.36471358587,8.2350471019
540,93700,110900,28400,0.473745399878,0.151353903527,8.2531561851
541,93850,111100,28450,0.449921164759,0.102623216906,8.2663919925
542,94000,111300,28500,0.463493916691,0.0670381684658,8.2797551155
543,94150,111500,28550,0.440651622263,0.0273224067472,8.2940080165
544,94300,111700,28600,0.462013000407,0.0387099396102,8.3081750869
545,94450,111900,28650,0.440949269588,0.0350682057078,8.3215131759
546,94600,112100,28700,0.496676288308,0.367223651487,8.3347411155
547,94750,112300,28750,0.418292159905,0.527613396135,8.3480081558
548,94900,112500,28800,0.462894786142,0.322541673893,8.361405134
549,95050,112700,28850,0.45020708717,0.162173702892,8.374620199
550,95200,112900,28900,0.489547715588,0.0146323510168,8.3879661560
551,95350,113100,28950,0.495840651149,0.289487812302,8.4028470516
552,95500,113300,29000,0.45826511074,0.0905095082678,8.4160680770
553,95650,113500,29050,0.448006226408,0.384913189478,8.4291460514
554,95800,113700,29100,0.477599274665,0.307446932219,8.4424340724
555,95950,113900,29150,0.460712847635,0.0706259210067,8.4555501937
556,96100,114100,29200,0.415187753414,0.485099257458,8.4684791564
557,96250,114300,29250,0.452785593888,0.0246719666551,8.4870111942
558,96400,114500,29300,0.460490767175,0.0280462607271,8.5132131576
559,96550,114700,29350,0.460725272572,0.0969145658066,8.5386981964
560,96700,115000,29450,0.460962641774,0.054475890395,8.5701639652
561,96850,115200,29500,0.474928610353,0.271066721464,8.5899581909
562,97000,115400,29550,0.455342222178,0.267721238628,8.6127882003
563,97150,115600,29600,0.432041217693,0.184745102448,8.6309921741
564,97300,115800,29650,0.435793266533,0.263357600097,8.6493251323
565,97450,116000,29700,0.517595108049,0.690865695609,8.668976068
566,97600,116200,29750,0.457290623501,0.0887311554707,8.6883850097
567,97750,116400,29800,0.445239276299,0.370536149364,8.7081639766
568,97900,116600,29850,0.444478214915,0.212787088172,8.7258679866
569,98050,116800,29900,0.4314501451,0.0187410794603,8.7393941879
570,98200,117000,29950,0.469731137584,0.0705891124854,8.7529830932
571,98350,117200,30000,0.445127122342,0.209453089175,8.7661969661
572,98500,117400,30050,0.462438218325,0.127106501835,8.7793691158
573,98650,117600,30100,0.446248680725,0.182017736251,8.7927169799
574,98800,117800,30150,0.465884549425,0.282198498636,8.8071420192
575,98950,118000,30200,0.427312911882,0.379980434478,8.8212771415
576,99100,118200,30250,0.510407833532,0.559759596289,8.8350989818
577,99250,118400,30300,0.417471563991,0.35816706451,8.848693132
578,99400,118600,30350,0.453956807539,0.0389711044679,8.8625380992
579,99550,118800,30400,0.445912196362,0.0593010386684,8.8759300708
580,99700,119100,30500,0.494151888541,0.433723053966,8.8942880630
581,99850,119300,30550,0.417667534822,0.26588368496,8.9084501266
582,100000,119500,30600,0.45141369633,0.126916907,8.9260530471
583,100150,119700,30650,0.492665947101,0.422026696216,8.9396800994
584,100300,119900,30700,0.468306190244,0.106175621376,8.9537370204
585,100450,120100,30750,0.448236468433,0.242737497259,8.9670681953
586,100600,120300,30800,0.451734932536,0.14172405666,8.9802911281
587,100750,120500,30850,0.436597677814,0.185064677198,8.9935441017
588,100900,120700,30900,0.412338508301,0.393027113119,9.0067169666
589,101050,120900,30950,0.450516795873,0.207243274413,9.020065069
590,101200,121100,31000,0.412921056696,0.413970189635,9.0334131717
591,101350,121300,31050,0.496169377692,0.542894192251,9.0469300746
592,101500,121500,31100,0.487594080306,0.409615926267,9.0603370666
593,101650,121700,31150,0.404017844581,0.618831609982,9.0734961032
594,101800,121900,31200,0.469983570471,0.207991074386,9.0869209766
595,101950,122100,31250,0.469236544691,0.241321748295,9.100365161
596,102100,122300,31300,0.459359183531,0.127306032806,9.1147541999
597,102250,122500,31350,0.501121876041,0.574820865432,9.1284480094
598,102400,122700,31400,0.463305458265,0.202525082366,9.1417369842
599,102550,122900,31450,0.453701078854,0.131787094298,9.154968023
600,102700,123200,31550,0.440534176684,0.210203643422,9.1725950241
601,102850,123400,31600,0.464687034959,0.0512183627095,9.186073064
602,103000,123600,31650,0.460833918401,0.121405198857,9.1993370056
603,103150,123800,31700,0.454405174327,0.127113195421,9.2135090827
604,103300,124000,31750,0.454869389987,0.0424922294439,9.227979183
605,103450,124200,31800,0.45125128414,0.101290942058,9.2414181232
606,103600,124400,31850,0.526473424604,0.71419531329,9.2549130916
607,103750,124600,31900,0.385752001588,0.593853490484,9.2677991390
608,103900,124800,31950,0.462657084142,0.0132230982481,9.280888080
609,104050,125000,32000,0.476050541815,0.292802360577,9.2941260337
610,104200,125200,32050,0.430042157074,0.282226624448,9.3073811531
611,104350,125400,32100,0.440286281565,0.23392816576,9.3258371353
612,104500,125600,32150,0.480858692799,0.271543602476,9.3393759727
613,104650,125800,32200,0.424527803465,0.127594089092,9.352707147
614,104800,126000,32250,0.390887412012,0.345490080268,9.3659451007
615,104950,126200,32300,0.409005475827,0.538524111135,9.3797149658
616,105100,126400,32350,0.48456659928,0.340015786867,9.3931989669
617,105250,126600,32400,0.49878214637,0.358943000452,9.4065651893
618,105400,126800,32450,0.493516406218,0.321517566456,9.4218411445
619,105550,127000,32500,0.520625512568,0.596730437582,9.4355001449
620,105700,127300,32600,0.455255891275,0.0678924768502,9.4534339904
621,105850,127500,32650,0.457357513017,0.0795673337448,9.4668450355
622,106000,127700,32700,0.460008831358,0.0634127825295,9.480452060
623,106150,127900,32750,0.425758961309,0.437354194205,9.4937031269
624,106300,128100,32800,0.475039717849,0.306126862395,9.5070559978
625,106450,128300,32850,0.442035958229,0.35042132258,9.5214500427
626,106600,128500,32900,0.429414900754,0.259442283962,9.535921096
627,106750,128700,32950,0.475413814336,0.154180615142,9.5493431091
628,106900,128900,33000,0.492706738202,0.218401797213,9.5627501010
629,107050,129100,33050,0.448988812466,0.160081588535,9.5760021209
630,107200,129300,33100,0.472105054803,0.17692529434,9.5902321338
631,107350,129500,33150,0.442078220319,0.207721220648,9.6033439636
632,107500,129700,33200,0.419708356759,0.317031529431,9.6163930892
633,107650,129900,33250,0.458510759434,0.0137205343208,9.6350831985
634,107800,130100,33300,0.454524768227,0.0331960576355,9.6483340263
635,107950,130300,33350,0.433798818381,0.14254237296,9.6614291667
636,108100,130500,33400,0.411129286632,0.576932605343,9.6744511127
637,108250,130700,33450,0.455204751392,0.0494462599785,9.6875941753
638,108400,130900,33500,0.465517233365,0.297376896917,9.7009420394
639,108550,131100,33550,0.436037291188,0.0343877356212,9.7145631313
640,108700,131400,33650,0.502307283852,0.373146858842,9.7345101833
641,108850,131600,33700,0.479201688164,0.149072373759,9.7484431266
642,109000,131800,33750,0.457177911782,0.0301754843282,9.7617201805
643,109150,132000,33800,0.484016488366,0.135734311675,9.7750151157
644,109300,132200,33850,0.467396950693,0.106917174859,9.7888710498
645,109450,132400,33900,0.452575002345,0.0347274685831,9.802013158
646,109600,132600,33950,0.471841485901,0.0315004923442,9.815268039
647,109750,132800,34000,0.437802764677,0.0486756520198,9.8290410041
648,109900,133000,34050,0.450925877361,0.0210269067451,9.8433601856
649,110050,133200,34100,0.457946079851,0.162665273533,9.8579721450
650,110200,133400,34150,0.470612363729,0.16588620408,9.8713099956
651,110350,133600,34200,0.455335487301,0.0341966468933,9.884654045
652,110500,133800,34250,0.450858330945,0.142912715157,9.8977270126
653,110650,134000,34300,0.453250572642,0.0568000866694,9.9109051227
654,110800,134200,34350,0.457660666462,0.242618407368,9.9241220951
655,110950,134400,34400,0.448626968374,0.0939790966352,9.9391341209
656,111100,134600,34450,0.436029830234,0.172422016375,9.9534080028
657,111250,134800,34500,0.503830817904,0.539782815489,9.9680840969
658,111400,135000,34550,0.452645853206,0.04875658866,9.9817461967
659,111550,135200,34600,0.503053332552,0.542214162634,9.9952571392
660,111700,135500,34700,0.468268704804,0.0167862142663,10.0129911
661,111850,135700,34750,0.431664253777,0.285045365457,10.026166200
662,112000,135900,34800,0.493186635594,0.343118713429,10.042868137
663,112150,136100,34850,0.476195279876,0.140034106613,10.056238174
664,112300,136300,34900,0.476878073741,0.115986206601,10.069658994
665,112450,136500,34950,0.517172620139,0.580568713398,10.083293199
666,112600,136700,35000,0.449120166809,0.24782718108,10.096589088
667,112750,136900,35050,0.431362682442,0.263300080155,10.109995126
668,112900,137100,35100,0.453452305372,0.0275549180446,10.123529195
669,113050,137300,35150,0.439598538876,0.332515161804,10.13856196
670,113200,137500,35200,0.461844819703,0.0708837388134,10.153469085
671,113350,137700,35250,0.476779148696,0.154205743293,10.167346000
672,113500,137900,35300,0.43460464644,0.409703517233,10.180629968
673,113650,138100,35350,0.463493617377,0.130380075157,10.194125175
674,113800,138300,35400,0.415926405335,0.462636156022,10.20736503
675,113950,138500,35450,0.47623912853,0.311393109633,10.220789194
676,114100,138700,35500,0.498753827133,0.234548856934,10.234647035
677,114250,138900,35550,0.404486282901,0.321518149495,10.248664140
678,114400,139100,35600,0.442810670283,0.0587851949169,10.262089014
679,114550,139300,35650,0.480320436558,0.288319856697,10.275458097
680,114700,139600,35750,0.463519825009,0.0653112598903,10.293641090
681,114850,139800,35800,0.45721218362,0.0270893950072,10.306996107
682,115000,140000,35850,0.508667578908,0.634004236207,10.320391178
683,115150,140200,35900,0.531485064001,0.742931863107,10.333779096
684,115300,140400,35950,0.428980281211,0.49647078918,10.348685026
685,115450,140600,36000,0.470391418138,0.174690890895,10.363331079
686,115600,140800,36050,0.420578881098,0.654660582116,10.376332998
687,115750,141000,36100,0.454688047741,0.128551025075,10.389944076
688,115900,141200,36150,0.396208076462,0.53434305472,10.403463125
689,116050,141400,36200,0.446506049589,0.0359952227941,10.416684150
690,116200,141600,36250,0.472811640161,0.0907172672151,10.429960966
691,116350,141800,36300,0.412786107142,0.427939462414,10.444336175
692,116500,142000,36350,0.455655053688,0.0814595207382,10.458404064
693,116650,142200,36400,0.499969994829,0.306597271874,10.471620082
694,116800,142400,36450,0.454729631096,0.0258329352849,10.484749078
695,116950,142600,36500,0.452907849872,0.141524595778,10.497976064
696,117100,142800,36550,0.445777927476,0.0416540701557,10.511074066
697,117250,143000,36600,0.48636085215,0.397371646858,10.524222135
698,117400,143200,36650,0.467146615072,0.249577304826,10.537379026
699,117550,143400,36700,0.463412690803,0.187762501311,10.552520036
700,117700,143700,36800,0.446763802259,0.136760381714,10.570327997
701,117850,143900,36850,0.477208217081,0.140394882089,10.583659172
702,118000,144100,36900,0.435589443277,0.180103419628,10.596896171
703,118150,144300,36950,0.554187377751,0.918036126603,10.610501050
704,118300,144500,37000,0.452137367173,0.164959455075,10.623821020
705,118450,144700,37050,0.468614967255,0.0336220501765,10.63745808
706,118600,144900,37100,0.498154514028,0.392689984501,10.652952194
707,118750,145100,37150,0.489452856382,0.290736811722,10.666844129
708,118900,145300,37200,0.477222143311,0.0803993379304,10.680225133
709,119050,145500,37250,0.450232585017,0.160314899632,10.694369077
710,119200,145700,37300,0.451575743307,0.412034036337,10.70775008
711,119350,145900,37350,0.446933806818,0.387538006881,10.721335172
712,119500,146100,37400,0.490442911104,0.393061870838,10.735093116
713,119650,146300,37450,0.5349262697,0.57699609705,10.749644041
714,119800,146500,37500,0.421566837271,0.531845228844,10.763454198
715,119950,146700,37550,0.469815658582,0.127551301804,10.776899099
716,120100,146900,37600,0.427440266775,0.320408575561,10.790130138
717,120250,147100,37650,0.485938870356,0.41002330571,10.804023981
718,120400,147300,37700,0.468806793213,0.115030745173,10.817874193
719,120550,147500,37750,0.488919503298,0.278058236555,10.831403970
720,120700,147800,37850,0.481848357087,0.182208358671,10.850005149
721,120850,148000,37900,0.421688913845,0.460708599083,10.865190982
722,121000,148200,37950,0.469414183002,0.0820525831188,10.879225015
723,121150,148400,38000,0.452934568427,0.0688611726719,10.89284300
724,121300,148600,38050,0.39649356188,0.901095080245,10.906295061
725,121450,148800,38100,0.429131526584,0.286666170976,10.919664144
726,121600,149000,38150,0.441121146333,0.488706584758,10.933278083
727,121750,149200,38200,0.468875002867,0.0603425928599,10.946846008
728,121900,149400,38250,0.499441036042,0.4524120878,10.962691068
729,122050,149600,38300,0.474670404089,0.128546081425,10.976775169
730,122200,149800,38350,0.440791824972,0.272097346833,10.990190029
731,122350,150000,38400,0.438229764587,0.0773943646593,11.003592014
732,122500,150200,38450,0.498949379312,0.242361509343,11.017333030
733,122650,150400,38500,0.446573984387,0.284454927557,11.030912160
734,122800,150600,38550,0.451772064293,0.12980355056,11.044414997
735,122950,150800,38600,0.471992503099,0.146101133501,11.05922198
736,123100,151000,38650,0.459634125506,0.0372380034258,11.07311201
737,123250,151200,38700,0.435163049914,0.195155134335,11.086759090
738,123400,151400,38750,0.474168657816,0.245568849176,11.100492000
739,123550,151600,38800,0.472099536802,0.148777844938,11.114230155
740,123700,151900,38900,0.464175265095,0.210123155054,11.132321119
741,123850,152100,38950,0.473613301617,0.103925135421,11.146090984
742,124000,152300,39000,0.451959859294,0.184574023486,11.159934997
743,124150,152500,39050,0.449077644776,0.375513525756,11.174658060
744,124300,152700,39100,0.405022426679,0.56956696266,11.187915086
745,124450,152900,39150,0.406134740401,0.39322547232,11.201177120
746,124600,153100,39200,0.444262594674,0.084010162185,11.214451074
747,124750,153300,39250,0.475398420333,0.0904723846703,11.227854013
748,124900,153500,39300,0.489764478035,0.269228817192,11.241316080
749,125050,153700,39350,0.4366428254,0.138601453599,11.254583120
750,125200,153900,39400,0.43314335713,0.277741249588,11.269453048
751,125350,154100,39450,0.451806853789,0.0182599958039,11.2833290
752,125500,154300,39500,0.450074495908,0.0524254436597,11.296741008
753,125650,154500,39550,0.437481909545,0.0219582904176,11.310178995
754,125800,154700,39600,0.469991389499,0.0718328657407,11.323523044
755,125950,154900,39650,0.471420038344,0.0589317081726,11.336889982
756,126100,155100,39700,0.462599115652,0.0568280740401,11.350314140
757,126250,155300,39750,0.484189640376,0.245983627255,11.365149021
758,126400,155500,39800,0.435756880891,0.199895089199,11.379145145
759,126550,155700,39850,0.41462231048,0.42273839781,11.392651081
760,126700,156000,39950,0.385828920965,0.601935718663,11.410483121
761,126850,156200,40000,0.415295504908,0.365117978233,11.42381215
762,127000,156400,40050,0.472500185072,0.26767164336,11.437227964
763,127150,156600,40100,0.445254634728,0.143351211679,11.450528144
764,127300,156800,40150,0.498311934103,0.506171661404,11.464683055
765,127450,157000,40200,0.45018156209,0.0273270299719,11.478993177
766,127600,157200,40250,0.422770211786,0.210446621808,11.492403030
767,127750,157400,40300,0.483322983219,0.427413959078,11.505789041
768,127900,157600,40350,0.441700679736,0.0294604409324,11.518930196
769,128050,157800,40400,0.509688665711,0.569709572407,11.532274007
770,128200,158000,40450,0.442936365784,0.1502726137,11.545433044
771,128350,158200,40500,0.441253676127,0.271324698881,11.558767080
772,128500,158400,40550,0.455185717651,0.0962844248708,11.573525190
773,128650,158600,40600,0.47399884408,0.252603838744,11.588128089
774,128800,158800,40650,0.400677367822,0.38000389894,11.601248025
775,128950,159000,40700,0.431134614004,0.23608335874,11.614346027
776,129100,159200,40750,0.497279127642,0.556072548443,11.627681016
777,129250,159400,40800,0.420575200391,0.207809686719,11.640848159
778,129400,159600,40850,0.412953799043,0.43213842414,11.653885126
779,129550,159800,40900,0.442242705535,0.15780808113,11.667375087
780,129700,160100,41000,0.445066791523,0.122316904985,11.686554193
781,129850,160300,41050,0.447079795559,0.284535167396,11.699918985
782,130000,160500,41100,0.48828409152,0.32377380073,11.713384151
783,130150,160700,41150,0.494462151202,0.450050786053,11.726844072
784,130300,160900,41200,0.430335358304,0.0853161520658,11.740205049
785,130450,161100,41250,0.468662981666,0.142336503195,11.753926038
786,130600,161300,41300,0.425837136913,0.080619222573,11.767621040
787,130750,161500,41350,0.446996639592,0.311107817915,11.781825065
788,130900,161700,41400,0.433732598519,0.0695904209002,11.795093059
789,131050,161900,41450,0.471938247335,0.392561409542,11.808546066
790,131200,162100,41500,0.464015498459,0.225836952277,11.821645021
791,131350,162300,41550,0.465165326101,0.260515255251,11.834843158
792,131500,162500,41600,0.470684623445,0.135651167722,11.847953081
793,131650,162700,41650,0.421485343065,0.429801696857,11.861078977
794,131800,162900,41700,0.43281795273,0.332249042447,11.874830007
795,131950,163100,41750,0.459170096437,0.0917302371059,11.888665199
796,132100,163300,41800,0.522995970993,0.695196583196,11.901898145
797,132250,163500,41850,0.482765841715,0.168204810731,11.915192127
798,132400,163700,41900,0.474859241324,0.204397172778,11.928316116
799,132550,163900,41950,0.451919523203,0.09115638718,11.941925048
800,132700,164200,42050,0.429856173755,0.224291180123,11.960211038
801,132850,164400,42100,0.427053813408,0.256975485298,11.973813056
802,133000,164600,42150,0.381882852316,0.55331734203,11.988356113
803,133150,164800,42200,0.507985861894,0.507832174521,12.001681089
804,133300,165000,42250,0.436190034549,0.266871156746,12.014743089
805,133450,165200,42300,0.469396040655,0.0135529127381,12.027873039
806,133600,165400,42350,0.474717604632,0.105170397713,12.041131019
807,133750,165600,42400,0.405635849631,0.380081918206,12.054157972
808,133900,165800,42450,0.450622965118,0.082032286551,12.067475080
809,134050,166000,42500,0.395712186916,0.576955583616,12.081192016
810,134200,166200,42550,0.427260573283,0.169935787815,12.095168113
811,134350,166400,42600,0.446921294821,0.0762283809307,12.108251094
812,134500,166600,42650,0.464532380545,0.050268667,12.122305154
813,134650,166800,42700,0.461542842717,0.0962963865025,12.13664698
814,134800,167000,42750,0.475550943442,0.259375917803,12.156258106
815,134950,167200,42800,0.389847641885,0.565870936616,12.174787998
816,135100,167400,42850,0.466604090996,0.083306062747,12.190330982
817,135250,167600,42900,0.43553606549,0.0690176386104,12.204997062
818,135400,167800,42950,0.426936374432,0.168294192057,12.218885183
819,135550,168000,43000,0.444163609605,0.193174772655,12.23540711
820,135700,168300,43100,0.436925192028,0.0633606066008,12.257732152
821,135850,168500,43150,0.403828484647,0.331416980667,12.271430969
822,136000,168700,43200,0.43662420162,0.0392050235854,12.28640818
823,136150,168900,43250,0.459715678142,0.090269955995,12.301809072
824,136300,169100,43300,0.409875017399,0.303642463939,12.316864967
825,136450,169300,43350,0.455332002954,0.0293907999493,12.331093072
826,136600,169500,43400,0.499407422744,0.481810385064,12.345967054
827,136750,169700,43450,0.483388705719,0.13351569978,12.360647201
828,136900,169900,43500,0.455554822311,0.00866850306096,12.374886035
829,137050,170100,43550,0.460199805633,0.0199981085779,12.390355110
830,137200,170300,43600,0.513555217584,0.771204634155,12.404973030
831,137350,170500,43650,0.439292847265,0.134627953862,12.41836118
832,137500,170700,43700,0.503970923813,0.540714085729,12.43203020
833,137650,170900,43750,0.439954823689,0.14210838762,12.445439100
834,137800,171100,43800,0.460041124533,0.0198857373213,12.458867073
835,137950,171300,43850,0.396067982201,0.432186247898,12.472112178
836,138100,171500,43900,0.48509887834,0.42087015448,12.486138105
837,138250,171700,43950,0.480246265958,0.341534841063,12.500859022
838,138400,171900,44000,0.411608210231,0.517172867687,12.514702081
839,138550,172100,44050,0.46455627733,0.183258828757,12.528266191
840,138700,172400,44150,0.446097145128,0.13125852653,12.547289133
841,138850,172600,44200,0.462689588326,0.169970277701,12.561861991
842,139000,172800,44250,0.532154910114,0.679812125511,12.577143192
843,139150,173000,44300,0.416806000943,0.357654899504,12.591799974
844,139300,173200,44350,0.499044222927,0.583447901373,12.607617139
845,139450,173400,44400,0.485688402074,0.358150691347,12.622133016
846,139600,173600,44450,0.441465254498,0.306073435976,12.635540008
847,139750,173800,44500,0.468045472122,0.205404396897,12.649665117
848,139900,174000,44550,0.406901338226,0.201131977069,12.663644075
849,140050,174200,44600,0.429323693218,0.237228143417,12.677215099
850,140200,174400,44650,0.442107632623,0.0827120082718,12.692202091
851,140350,174600,44700,0.46168258682,0.133159531465,12.706835031
852,140500,174800,44750,0.455408638647,0.0263090158558,12.720541000
853,140650,175000,44800,0.395820412892,0.633219442035,12.734273195
854,140800,175200,44850,0.463488466091,0.161229528069,12.748147010
855,140950,175400,44900,0.45720131046,0.119650376414,12.761406183
856,141100,175600,44950,0.453799177167,0.0555952784242,12.774595022
857,141250,175800,45000,0.461359285975,0.0472110723551,12.787715196
858,141400,176000,45050,0.441595375778,0.18030706973,12.802071094
859,141550,176200,45100,0.454678300047,0.0171004550724,12.815171003
860,141700,176500,45200,0.400800611377,0.44259974847,12.832617044
861,141850,176700,45250,0.420501080288,0.158955515402,12.845596075
862,142000,176900,45300,0.513200817241,0.578291649902,12.859227180
863,142150,177100,45350,0.488700368809,0.269820243492,12.872338056
864,142300,177300,45400,0.425455330158,0.137078049094,12.885540008
865,142450,177500,45450,0.469431792194,0.153311905365,12.899656057
866,142600,177700,45500,0.396433775835,0.628324087045,12.913029193
867,142750,177900,45550,0.441284373439,0.150287713537,12.926073074
868,142900,178100,45600,0.449497115533,0.0132046297842,12.93906807
869,143050,178300,45650,0.409827846725,0.369809344561,12.952012062
870,143200,178500,45700,0.471012028831,0.384860108742,12.965084075
871,143350,178700,45750,0.488257115243,0.407681955125,12.978247165
872,143500,178900,45800,0.476422509146,0.214032313074,12.991322040
873,143650,179100,45850,0.457809451959,0.0202654427037,13.006167173
874,143800,179300,45900,0.445677568992,0.0585474480067,13.019369125
875,143950,179500,45950,0.460560702608,0.0306753092162,13.034296989
876,144100,179700,46000,0.418331031706,0.186530801069,13.04837703
877,144250,179900,46050,0.441407325157,0.14366576804,13.0614371
878,144400,180100,46100,0.45541459219,0.0556205284304,13.077172994
879,144550,180300,46150,0.458179139712,0.027203477073,13.090382099
880,144700,180600,46250,0.46124096221,0.0563693189021,13.111256122
881,144850,180800,46300,0.412276739174,0.154945241547,13.124590158
882,145000,181000,46350,0.440025803605,0.261844615282,13.139222145
883,145150,181200,46400,0.446844178554,0.0926910737137,13.153093099
884,145300,181400,46450,0.468175678618,0.119225173011,13.166221141
885,145450,181600,46500,0.508238869896,0.351472588846,13.181485176
886,145600,181800,46550,0.458440297547,0.0255290960502,13.194739103
887,145750,182000,46600,0.414758017995,0.440652105053,13.209818124
888,145900,182200,46650,0.436141089776,0.465953754162,13.223133087
889,146050,182400,46700,0.444355418336,0.0203956648968,13.237792015
890,146200,182600,46750,0.49435136445,0.48235842808,13.25115513
891,146350,182800,46800,0.395135109032,0.447278830482,13.264073133
892,146500,183000,46850,0.546784649341,0.95659785004,13.277662992
893,146650,183200,46900,0.482593755026,0.30913836313,13.290796995
894,146800,183400,46950,0.476391859248,0.143173013128,13.304203987
895,146950,183600,47000,0.453379905462,0.0927323961828,13.318834066
896,147100,183800,47050,0.453530789317,0.103602208929,13.332563161
897,147250,184000,47100,0.456818476899,0.128500985454,13.345839023
898,147400,184200,47150,0.424022561413,0.486060056386,13.35887718
899,147550,184400,47200,0.426212960769,0.457228950191,13.371812105
900,147700,184700,47300,0.422607609929,0.30473095816,13.389322996
901,147850,184900,47350,0.416976485079,0.287541668336,13.402436971
902,148000,185100,47400,0.460610968012,0.168346405562,13.416671037
903,148150,185300,47450,0.428905473936,0.0483650062316,13.430981159
904,148300,185500,47500,0.507413404796,0.434663457816,13.444430112
905,148450,185700,47550,0.470256721962,0.325280192261,13.457664012
906,148600,185900,47600,0.450405950094,0.0678523873879,13.470637083
907,148750,186100,47650,0.425145186826,0.216981024165,13.483570098
908,148900,186300,47700,0.464817299979,0.0209385821619,13.496520996
909,149050,186500,47750,0.443264138229,0.0393099473068,13.509796142
910,149200,186700,47800,0.44530912897,0.121174859665,13.523727178
911,149350,186900,47850,0.49183808158,0.179268737687,13.536806106
912,149500,187100,47900,0.47592645402,0.177468824851,13.549885988
913,149650,187300,47950,0.402161391557,0.622767049886,13.562735080
914,149800,187500,48000,0.402328015432,0.454655489492,13.575569152
915,149950,187700,48050,0.462054511087,0.202477647514,13.589411020
916,150100,187900,48100,0.458216167334,0.0594447853633,13.60250401
917,150250,188100,48150,0.436357772224,0.144130821469,13.61697506
918,150400,188300,48200,0.482520776045,0.200466732846,13.630668163
919,150550,188500,48250,0.483584464656,0.476611786268,13.643790006
920,150700,188800,48350,0.41330401803,0.348279295762,13.661216974
921,150850,189000,48400,0.457912477491,0.106824609494,13.674301147
922,151000,189200,48450,0.408896534303,0.277855316688,13.687352180
923,151150,189400,48500,0.487443231994,0.417014355428,13.700685024
924,151300,189600,48550,0.441040969397,0.156667095533,13.714096069
925,151450,189800,48600,0.47112204066,0.0119040415805,13.728561162
926,151600,190000,48650,0.428820355446,0.238978418976,13.741553068
927,151750,190200,48700,0.453715988045,0.0462924399897,13.754500150
928,151900,190400,48750,0.475432506872,0.294336063627,13.767590045
929,152050,190600,48800,0.471717236719,0.236762956752,13.780647993
930,152200,190800,48850,0.472634713845,0.0693821809026,13.793827056
931,152350,191000,48900,0.421914672787,0.433337153987,13.806790113
932,152500,191200,48950,0.420059402732,0.299704572847,13.820122003
933,152650,191400,49000,0.467521087336,0.0848985657979,13.834130048
934,152800,191600,49050,0.473279009179,0.352906326425,13.847268104
935,152950,191800,49100,0.422749817511,0.21732623154,13.860231161
936,153100,192000,49150,0.450720913772,0.0448332520639,13.87326216
937,153250,192200,49200,0.461899234269,0.0352075013344,13.886224985
938,153400,192400,49250,0.475770969151,0.0270040217787,13.899296045
939,153550,192600,49300,0.483340844095,0.350755122074,13.912413120
940,153700,192900,49400,0.485939048732,0.10034092036,13.932216167
941,153850,193100,49450,0.465461474623,0.114948909262,13.945427179
942,154000,193300,49500,0.420871304425,0.305419672625,13.958362102
943,154150,193500,49550,0.446737861829,0.13400131937,13.971315145
944,154300,193700,49600,0.503701240233,0.511393003545,13.984428167
945,154450,193900,49650,0.50088646648,0.212426184004,13.997438192
946,154600,194100,49700,0.460570833042,0.221076460752,14.010514020
947,154750,194300,49750,0.461685987178,0.221912539407,14.024140119
948,154900,194500,49800,0.393381324379,0.587353523083,14.038479089
949,155050,194700,49850,0.428540561149,0.146584181906,14.051442146
950,155200,194900,49900,0.445664278006,0.281385354084,14.064326047
951,155350,195100,49950,0.509334181546,0.610271519588,14.077553987
952,155500,195300,50000,0.466477078861,0.28611556319,14.090955972
953,155650,195500,50050,0.469836753458,0.163154055922,14.10397815
954,155800,195700,50100,0.410310648935,0.470385500932,14.116873979
955,155950,195900,50150,0.483791291475,0.374008767434,14.131179094
956,156100,196100,50200,0.453172792985,0.0343670402479,14.145238161
957,156250,196300,50250,0.440908289057,0.179396126161,14.158341169
958,156400,196500,50300,0.457086662446,0.0160287486526,14.171329021
959,156550,196700,50350,0.423432331795,0.379576749072,14.184655189
960,156700,197000,50450,0.432886349004,0.147247766113,14.202695131
961,156850,197200,50500,0.437804795996,0.0045993575677,14.215723991
962,157000,197400,50550,0.428818366058,0.0256320763954,14.229696989
963,157150,197600,50600,0.471484270064,0.227039437612,14.244642972
964,157300,197800,50650,0.45511776319,0.0326182593831,14.257812976
965,157450,198000,50700,0.502225552119,0.550984082521,14.270981073
966,157600,198200,50750,0.451453858341,0.268993263911,14.283807039
967,157750,198400,50800,0.481793051959,0.147347019695,14.296805143
968,157900,198600,50850,0.432510844484,0.173611523929,14.309655189
969,158050,198800,50900,0.452545935492,0.124939803115,14.322964191
970,158200,199000,50950,0.434806488745,0.148250837611,14.337213039
971,158350,199200,51000,0.43668336204,0.292928946708,14.350793123
972,158500,199400,51050,0.454446320911,0.0926258261208,14.363867044
973,158650,199600,51100,0.447762285053,0.0919480874375,14.376865148
974,158800,199800,51150,0.422926890178,0.199905158376,14.389803171
975,158950,200000,51200,0.429319118404,0.317784600436,14.402714014
976,159100,200200,51250,0.444792521237,0.0408104964284,14.415711164
977,159250,200400,51300,0.43429765315,0.128283959459,14.42863202
978,159400,200600,51350,0.457023311151,0.0582081155346,14.443034172
979,159550,200800,51400,0.426132025644,0.0497106620632,14.456041097
980,159700,201100,51500,0.465801779808,0.336359300434,14.473612070
981,159850,201300,51550,0.40053522929,0.48496034235,14.486562013
982,160000,201500,51600,0.447551258361,0.220562323748,14.499598979
983,160150,201700,51650,0.447401828696,0.0192434423251,14.512631177
984,160300,201900,51700,0.435894821254,0.342632596934,14.525531053
985,160450,202100,51750,0.454213800531,0.138343772407,14.539545059
986,160600,202300,51800,0.476643441504,0.263943401342,14.553169012
987,160750,202500,51850,0.419952502917,0.434776696911,14.565971136
988,160900,202700,51900,0.43940642569,0.0409815795564,14.578889131
989,161050,202900,51950,0.471350233771,0.155746154877,14.591874122
990,161200,203100,52000,0.448189466894,0.156633494095,14.604995012
991,161350,203300,52050,0.394301476092,0.544896539537,14.617731094
992,161500,203500,52100,0.40406776246,0.531008185589,14.63043904
993,161650,203700,52150,0.470833896915,0.276633147865,14.644615173
994,161800,203900,52200,0.416585610266,0.208946498013,14.664061069
995,161950,204100,52250,0.463877290987,0.248051183009,14.689298152
996,162100,204300,52300,0.451467472971,0.0234855393488,14.706912994
997,162250,204500,52350,0.437296724504,0.0800184093972,14.720393180
998,162400,204700,52400,0.430747807666,0.0143603809439,14.733556985
999,162550,204900,52450,0.455040190462,0.025949850549,14.749024152
1000,162700,205200,52550,0.470564891096,0.121774112093,14.766510963
