1.0,1.0,1.0,1.0
-0.0462467347931,-0.0197478358207,0.0123760450236,0.0336251628052
0.130119573338,0.0260941669672,0.221869563923,0.105644553594
0.0309537406604,-0.0491430093529,0.198918464662,0.102640084217
0.0646293751748,-0.0489858434939,0.254894312311,0.122035555974
0.023503953742,-0.0999137359453,0.277135438682,0.128455634293
0.0872807868313,-0.0702801205104,0.324740980174,0.142777272753
-0.0513822763268,-0.160320752894,0.267611366541,0.127114118577
0.0379789669503,-0.120144201522,0.34579343257,0.154853929504
-0.0472873815629,-0.175564527307,0.307269763041,0.143806368777
0.0723292981437,-0.114271055484,0.389220359933,0.171127638669
-0.0625379868478,-0.194172327771,0.319708939902,0.151399690099
0.078699660507,-0.122986450873,0.409641323523,0.179542499105
-0.111718458281,-0.236765429608,0.317281083764,0.152993533257
0.0995140696679,-0.127072089208,0.447363671785,0.195945538878
-0.0494104397057,-0.202453595172,0.355510468404,0.167875622591
0.00823925404065,-0.172465124983,0.388468675485,0.176444483536
-0.0613907948636,-0.217096067062,0.350226230643,0.163783890113
0.0425680018225,-0.158914569254,0.413656828014,0.182805404816
-0.0356790009954,-0.199247078235,0.36294485996,0.166246080746
0.00271239374258,-0.17894051593,0.384368425805,0.172833449356
-0.0487204817995,-0.207400050057,0.354476987213,0.164378924135
-0.0460855090532,-0.205182626855,0.355260801428,0.164750248481
-0.0441192952835,-0.203688611906,0.356218322552,0.164701262983
-0.0419414033069,-0.201920162474,0.356895876528,0.164968153988
-0.0398788404381,-0.200050483605,0.35744824521,0.165089507792
-0.0388790804999,-0.199089965643,0.358135770909,0.165296433949
-0.0389476696343,-0.199146805625,0.358935731291,0.165545560272
-0.0362407310819,-0.196467316343,0.359014206131,0.165608688964
-0.0336811187292,-0.194264393263,0.358891631497,0.165513811567
-0.0322297863694,-0.192756980609,0.359011221356,0.165489430892
-0.0300575744397,-0.191368758244,0.359285537556,0.165219715409
-0.029423935813,-0.190851112338,0.3593758257,0.165248900262
-0.0262912648629,-0.187390716637,0.358338372273,0.164704857405
-0.0253745749567,-0.186874986302,0.358612145657,0.164778191747
-0.0238331666001,-0.185452869905,0.358340590529,0.16459692491
-0.0249333805317,-0.186933516146,0.359297227936,0.165043268175
-0.0247369310895,-0.186862749913,0.359581331911,0.16516843281
-0.0238005516618,-0.18597829359,0.359636927613,0.165102107641
-0.0247514526705,-0.18717718655,0.360377022907,0.165437465895
-0.0227679267619,-0.185195783076,0.360005669612,0.165161344458
-0.0229678113447,-0.1856268552,0.360492519577,0.165381369656
-0.02268415523,-0.185472376866,0.360718790514,0.165391666132
-0.0240832250396,-0.187550993181,0.362073550055,0.165981126659
-0.0216189730997,-0.184470945403,0.360671480538,0.165246679345
-0.023616874082,-0.187213520421,0.362375307442,0.166001210244
-0.0197259918498,-0.182355333815,0.360114622486,0.164841988899
-0.0200495718777,-0.182981922328,0.36079422904,0.165084878364
-0.0203175700801,-0.183379160652,0.361154977181,0.165285986792
-0.0194653873915,-0.182414618749,0.360985028776,0.165133397915
-0.0190809451782,-0.181939611431,0.360801341277,0.165035298136
-0.0188599030291,-0.181828231389,0.360882281821,0.165054525588
-0.0194690482738,-0.182840739251,0.361652922333,0.165384353106
-0.0189324759789,-0.182536763379,0.362085124035,0.165483549729
-0.0200813845298,-0.184046190099,0.362959710024,0.165927078394
-0.017743072906,-0.181338996342,0.361829148518,0.1652487467
-0.0167192498383,-0.180404898606,0.361816487408,0.165106314767
-0.0182335704741,-0.182417772462,0.362934633697,0.165653293069
-0.0210057756515,-0.185972410409,0.36467274368,0.166575558007
-0.0200835049674,-0.184797886093,0.364181320313,0.166315624428
-0.0208672950313,-0.185862148727,0.364828871168,0.166671872847
-0.0218515626438,-0.187045092364,0.365346835453,0.166927691951
-0.0186493284397,-0.183344526689,0.364070135398,0.165991481435
-0.0195593057758,-0.184582542972,0.364666888432,0.166386823708
-0.0203046828571,-0.185661174779,0.3653702037,0.16676862125
-0.0202862918722,-0.185859588384,0.365594174312,0.166850596024
-0.0192816319222,-0.184475255066,0.364879620303,0.166461537696
-0.0189673544624,-0.18401635872,0.364649636772,0.166342367585
-0.0171051030174,-0.181890862192,0.364023059074,0.165838598413
-0.0165052633455,-0.181254550222,0.363917356486,0.165668733818
-0.0178975224437,-0.183185433259,0.364977547587,0.166263678196
-0.0154570118488,-0.180197374521,0.363806167719,0.165487920262
-0.0163913320876,-0.180792419411,0.363305928508,0.165452385527
-0.0155877139419,-0.180395842139,0.363871560519,0.165521342548
-0.0172144404139,-0.181250496908,0.362685314317,0.165350063243
-0.0179359220842,-0.181736886743,0.362284555899,0.165298816535
-0.0183138149388,-0.18201654037,0.362167122124,0.165325286131
-0.0191323169829,-0.182498647362,0.361732311904,0.165289945409
-0.0200041744091,-0.183017337161,0.361308908427,0.165292824442
-0.0180310257237,-0.182091685702,0.362804708562,0.165460049726
-0.0168001642969,-0.181492752121,0.363806011043,0.165553544523
-0.0172229265115,-0.181822359471,0.363555645935,0.165557560724
-0.0159726099051,-0.180368886495,0.363094121503,0.165239860523
-0.0140088375562,-0.178694945282,0.362940968612,0.164889956187
-0.0135630010593,-0.178550244889,0.363110304287,0.164684160221
-0.0135581598477,-0.178936387798,0.363526613528,0.164813120742
-0.0142706083092,-0.179513707468,0.363450790412,0.165016052786
-0.0155560178449,-0.180855528629,0.364022200012,0.165168409683
-0.0160307570461,-0.181535636403,0.36421756926,0.165368445024
-0.0169660971807,-0.182317797253,0.364358038703,0.165377209422
-0.0158437011188,-0.180980394441,0.364242124699,0.165152378175
-0.0150365674743,-0.180357510927,0.364239194033,0.165054343742
-0.0161479355035,-0.181286858689,0.364333838851,0.165353001631
-0.0164555874145,-0.18140722899,0.364219769475,0.165405280642
-0.0172753866226,-0.182128986327,0.364395099304,0.165713218002
-0.0184505144508,-0.18326230858,0.364797875668,0.166077589314
-0.0192619683903,-0.184012181572,0.365029983646,0.166365278302
-0.0193272455394,-0.184367797737,0.365309173855,0.166431601977
-0.0198113165677,-0.185063526072,0.365884875483,0.166745596085
-0.0180004927177,-0.183639771417,0.365677064143,0.16622815141
-0.0186416931832,-0.184296964782,0.365870896309,0.166453548156
-0.0189316082674,-0.184566694253,0.365900399166,0.166547002834
-0.0202817656419,-0.185925012493,0.36654145888,0.16700840164
-0.020188995772,-0.185916952108,0.366822848689,0.16708819084
-0.0215883081027,-0.187230675942,0.367476623685,0.167533009884
-0.0184939449569,-0.18417998267,0.366171214963,0.166526428408
-0.0198441462685,-0.185656907021,0.366905331961,0.166946863755
-0.0172348460176,-0.183057162193,0.3658364236,0.166100119331
-0.0179367420583,-0.183765513713,0.36608769138,0.166365490346
-0.0163087735291,-0.182088213128,0.365386756829,0.165808000344
-0.0169010725383,-0.183048515683,0.366097907736,0.166137733019
-0.0170980675019,-0.18346350785,0.366510038505,0.16623294903
-0.0173587527567,-0.184086913697,0.366718342831,0.166496723365
-0.0184645036661,-0.18519188088,0.367339131974,0.16651015332
-0.0166425109746,-0.183256455439,0.36626263266,0.165973884801
-0.0192093618618,-0.18563453094,0.367712161512,0.166916220335
-0.0187660553718,-0.185763391556,0.36757852466,0.16674947517
-0.0186202296156,-0.185238565427,0.367638370473,0.166450090659
-0.0165237466301,-0.182964708705,0.366475848416,0.165721054419
-0.016636429231,-0.183155925297,0.366780678825,0.165650292176
-0.0124319307293,-0.178830294999,0.364484451846,0.164310658932
-0.00931628575353,-0.17497801861,0.362718896775,0.163574588279
-0.00912400318124,-0.175126563126,0.363063972924,0.16357823425
-0.0112978912303,-0.177234936346,0.363983119056,0.164466099755
-0.0115912479329,-0.177474742984,0.364100325018,0.164601903891
-0.0129898633388,-0.178781594632,0.364689919622,0.165194399318
-0.0150715501033,-0.180598354077,0.365296028381,0.165965055181
-0.0143105117731,-0.17991816147,0.36506052987,0.165672319745
-0.0139138682529,-0.179886578079,0.365342659303,0.165615255767
-0.0175601932104,-0.183007193315,0.366263263417,0.16694464367
-0.0162666203704,-0.181686120227,0.365763532104,0.166369453846
-0.0158984270205,-0.181639943894,0.366067699251,0.16631673275
-0.0154552712915,-0.180977046753,0.365732142209,0.166198747975
-0.0143042175881,-0.179737886395,0.36542149285,0.166063331669
-0.0130142604391,-0.17851371457,0.365421833529,0.166060611225
-0.0122890392472,-0.177658882999,0.365092650676,0.165911810519
-0.012955145301,-0.178313057301,0.365268640584,0.165946469856
-0.0133938936615,-0.178806459967,0.365256823722,0.165951494464
-0.0141840348167,-0.179772414312,0.365652142262,0.166014236284
-0.0141997171677,-0.179869272336,0.365730590851,0.165995606613
-0.0152282954822,-0.181117087536,0.366105904864,0.166058223352
-0.0143176000349,-0.179852712806,0.3655831284,0.165995153718
-0.0155705556389,-0.181697279393,0.366403970625,0.16595476953
-0.0145341877761,-0.179242684589,0.365553404692,0.166293691245
-0.0127167158838,-0.175747293518,0.364301948462,0.166702828135
-0.0114426360891,-0.173228237285,0.363328212118,0.166914522796
-0.0130930558085,-0.176559724495,0.364225992538,0.166262555951
-0.0124373912916,-0.175621766247,0.363735917397,0.166153313885
-0.0130924675114,-0.177057497745,0.364525613485,0.166139895847
-0.0105254746278,-0.172289765148,0.362857551471,0.166557243951
-0.00913083153095,-0.169389481511,0.36168344535,0.166769093523
-0.0091113989082,-0.169286314032,0.361255868618,0.166413723379
-0.00684603519,-0.165320200545,0.359665447706,0.166308085306
-0.00814089938511,-0.168007030521,0.360604240921,0.166120002331
-0.00750461058922,-0.167406387585,0.360310411049,0.16589155223
-0.00724668007123,-0.166942164577,0.360392805037,0.165893998386
-0.00702922099005,-0.166744618007,0.360434235503,0.165944542413
-0.00628020397987,-0.165614336591,0.360252676417,0.166047883151
-0.00688598546211,-0.166940901503,0.360893250063,0.166013440075
-0.00711909699516,-0.167232348353,0.361179050182,0.166105372864
-0.00630914264178,-0.165922738265,0.360675247266,0.166065792576
-0.00558081443786,-0.164736888627,0.36010921209,0.16586058559
-0.00359617041955,-0.162020486418,0.359265566697,0.165744267025
-0.00464864972334,-0.163740360713,0.359631236013,0.165604585743
-0.00558025005356,-0.165386296437,0.360052785966,0.165489028902
-0.00507427218906,-0.164882499761,0.359622757133,0.165160143632
-0.0029510783673,-0.161896771763,0.358643175914,0.16499957349
-0.00367938703474,-0.163107366243,0.359010240301,0.164984150046
-0.00346725823237,-0.163080356882,0.358944776363,0.164930684408
-0.00328658096765,-0.162824319851,0.358957161859,0.164947257042
-0.0023359137414,-0.161603376232,0.358528639506,0.164888313996
-0.00389551234111,-0.164044850117,0.359237481525,0.164838194709
-0.00448030252636,-0.164747496306,0.359543235652,0.165052972649
-0.000741257396405,-0.161019576969,0.357337196796,0.163398335799
-0.00193061746183,-0.162493204458,0.358123841364,0.163814555354
-0.000511803750141,-0.161080889896,0.357099588563,0.163058290664
-0.00114240923733,-0.161880147672,0.357815725632,0.16345906945
0.000578818219653,-0.159984362451,0.356808880544,0.162824401446
-0.00188944057533,-0.162763161889,0.358218935716,0.163844340278
-0.0066691190601,-0.167700057452,0.360902783521,0.165811592349
-0.0108631179268,-0.172025762386,0.363548310254,0.167611821315
-0.0140069522052,-0.17517536491,0.365221693517,0.16878734222
-0.0144479155843,-0.176114905376,0.365656719066,0.168867239509
-0.0162903707017,-0.180605801869,0.366529276253,0.168313346595
-0.0154454045424,-0.178696459264,0.366063157103,0.168408130098
-0.0161761998581,-0.181374840391,0.366129800156,0.167547256112
-0.0162483923624,-0.181966392366,0.366165848179,0.167363460134
-0.0170082801156,-0.183464304225,0.36645464593,0.16714605393
-0.0165906297804,-0.182171853642,0.366314631733,0.167345786437
-0.0162708927499,-0.181912050932,0.365982602291,0.167074088319
-0.016513412972,-0.183260405401,0.365995748722,0.166636575513
-0.0162391681925,-0.182614563515,0.366023587134,0.166794630214
-0.0163435527146,-0.182804488936,0.366126708313,0.166806068959
-0.018497018531,-0.185203794183,0.367024580634,0.167294901978
-0.0187402757803,-0.185543306458,0.367225637839,0.167412768335
-0.0201565678056,-0.187420202713,0.367985145091,0.167729670495
-0.0201206011847,-0.187779388151,0.368117242275,0.167607763167
-0.019429427127,-0.186882580499,0.367856733282,0.167534102341
-0.0214462426228,-0.189197605591,0.368734295147,0.168081568106
-0.0206996435944,-0.187899794167,0.368315878919,0.167946640105
-0.0191020539721,-0.186094362663,0.367568746772,0.167540972529
-0.0155850836746,-0.182211799015,0.366044463227,0.166604632881
-0.0144619013735,-0.180432902402,0.365444760008,0.166500217992
-0.0155638943051,-0.182134218833,0.366012978908,0.166478637178
-0.0135864099572,-0.179283704549,0.364969497602,0.166180650432
-0.011515409369,-0.176368903042,0.36391310287,0.16585000036
-0.0108889949587,-0.175644214946,0.363612992724,0.165687564602
-0.0108422013895,-0.175411794061,0.363564317206,0.165710696318
-0.00996285529293,-0.174257735643,0.36314317654,0.165577934051
-0.0084471150291,-0.171985172716,0.362229086581,0.165381779898
-0.00912422145834,-0.173640656363,0.362748198372,0.165284785564
-0.00817922039086,-0.17255095591,0.362212937673,0.16503146957
-0.00758049532356,-0.171956873623,0.361966523948,0.164840300061
-0.0111850916281,-0.176256695279,0.36350533127,0.165574323325
-0.0122133535819,-0.177571105182,0.363945757074,0.165704267244
-0.0120064890696,-0.177194496537,0.363898709133,0.165745380768
-0.0140894982032,-0.179638456033,0.364810364071,0.166138656815
-0.0128448491911,-0.178517290866,0.364310308893,0.165815898476
-0.0124974700939,-0.178159615845,0.364185001433,0.165665817704
-0.0105559126499,-0.175945393205,0.363368968111,0.165139066739
-0.00954781015914,-0.174837211216,0.362886832036,0.164838112236
-0.00852531746126,-0.173570856123,0.36243401737,0.164560802413
-0.00735337355864,-0.172515315205,0.362159114437,0.164264283954
-0.00761051976507,-0.171998384056,0.362269106747,0.164608320667
-0.00854160631766,-0.1732992114,0.362739108639,0.164757456713
-0.00960318083805,-0.174685231545,0.363276122032,0.16493972487
-0.00910045819329,-0.173671009439,0.36290323159,0.164937303734
-0.00900355795771,-0.173917458799,0.362686474272,0.164803060511
-0.00902137636658,-0.174867007645,0.362894920958,0.16448838216
-0.0107779272578,-0.176607955585,0.36333517118,0.164740556304
-0.0113529899602,-0.178157694668,0.363615136301,0.16453841077
-0.0114672631243,-0.178257709058,0.363721131527,0.164702005438
-0.0110115439774,-0.17796887836,0.363528862485,0.164467493092
-0.011442391263,-0.17838633447,0.363758282974,0.164585855756
-0.0084237171263,-0.175554356236,0.362824001372,0.163455201342
-0.00968501490041,-0.176854985651,0.363291927642,0.163953346921
-0.0104233061302,-0.17733121857,0.363631576028,0.164398256378
-0.010878509129,-0.177444720391,0.363733133923,0.164649456677
-0.00820977390002,-0.175285809739,0.362600855548,0.163273665697
-0.00959478096046,-0.176337288962,0.363126371664,0.163939301672
-0.00773219302685,-0.174645444345,0.362456038401,0.1631374673
-0.0105442018803,-0.177019315692,0.363907164113,0.164621736221
-0.0104405968261,-0.177046083394,0.363744912266,0.16445009464
-0.0120695380733,-0.18012243064,0.364959779328,0.164502242175
-0.010923657952,-0.178649921372,0.364146635326,0.164161499297
-0.0102251701656,-0.176978050447,0.363583833747,0.164336926243
-0.0114510684025,-0.178922269314,0.364283909108,0.164375495458
-0.0123598041371,-0.180405877228,0.364839391612,0.16448291453
-0.0102332060723,-0.176886899564,0.363221427083,0.164102785946
-0.0107895571263,-0.177362592847,0.363528087855,0.164387504077
-0.0108905923948,-0.177527857654,0.36365684491,0.164462469051
-0.0114867267679,-0.178010575082,0.364106477682,0.164776458625
-0.00937182287442,-0.17555808795,0.363227517011,0.164304223229
-0.00830313571901,-0.175704609562,0.362533051036,0.163175932584
-0.00892337794226,-0.176454841242,0.362724702572,0.163181645164
-0.00967631801323,-0.177580741388,0.36320056507,0.163259484424
-0.00960130119859,-0.177188560177,0.363145395284,0.163455316813
-0.00990421900017,-0.176849884639,0.363143695545,0.163692132183
-0.0122153307703,-0.17958162878,0.364131938053,0.164105364293
-0.0119160513196,-0.178750305561,0.364259456912,0.164503879524
-0.0134755589791,-0.180196718191,0.364791229693,0.164941208321
-0.013256382247,-0.17976765292,0.364676491607,0.164912922947
-0.0129169450705,-0.179690890793,0.364625635816,0.164627018367
-0.0136167540598,-0.180353503177,0.365206388978,0.16520130992
-0.0133268550564,-0.179340347427,0.364988033714,0.165166501026
-0.0151235140089,-0.182124902996,0.366494999974,0.166055944246
-0.0144953523298,-0.18130785229,0.36597510761,0.165663395196
-0.0148712199969,-0.181914398062,0.366270864341,0.165934292567
-0.01667397197,-0.185386527643,0.367465180826,0.166377669618
-0.0167427936796,-0.185790869551,0.367502519494,0.16630518757
-0.0172645148692,-0.186604492948,0.367750331847,0.166362139561
-0.0176467347707,-0.187573195304,0.368040305792,0.166363010947
-0.018026173314,-0.188253576565,0.368302332547,0.166344659455
-0.0203668481259,-0.190793543377,0.369526326607,0.166998503708
-0.020263049862,-0.190958871469,0.369433654442,0.166870497008
-0.0210695027692,-0.191638847994,0.369719113385,0.167084933365
-0.0194021284173,-0.190053492312,0.369017059626,0.166570557316
-0.0198090739399,-0.190491538126,0.36924213315,0.166734535013
-0.0186363004806,-0.189251214781,0.368608040337,0.166377346119
-0.0196785666472,-0.190275799926,0.369034284044,0.166594213834
-0.0210078507333,-0.191558821654,0.36959914043,0.166970311886
-0.0215325173251,-0.191901449717,0.369762150614,0.167073319528
-0.0203156572769,-0.190328677519,0.369159678277,0.166736039454
-0.0186086870526,-0.188042980485,0.368315193973,0.166270222452
-0.0162239702987,-0.184870320448,0.367144352525,0.165743428046
-0.0175101152467,-0.186531584946,0.367722361756,0.165949183071
-0.018230107478,-0.187422351491,0.368015208541,0.166057893579
-0.0195917381295,-0.188865108552,0.368640045075,0.166544019689
-0.019087223047,-0.188486955173,0.368401068243,0.166217131161
-0.0205600265357,-0.190455587757,0.369098470911,0.166541281614
-0.0200197790154,-0.189794367931,0.368788041164,0.166327534641
-0.020516426147,-0.19045384111,0.368956841373,0.166392621189
-0.0207424448915,-0.19062193918,0.368951022859,0.166440739449
-0.0208535100805,-0.190665682512,0.369067336228,0.166517799409
-0.0210875603091,-0.191133407381,0.369206179366,0.166574082254
-0.0198892721798,-0.188851791703,0.368725487856,0.166261494836
-0.0196786003245,-0.188545382928,0.368627237971,0.166245127719
-0.0202258832401,-0.18970232887,0.368892902848,0.166296699053
-0.0203100683015,-0.189766567546,0.368866615787,0.166313698943
-0.0206850350982,-0.19053450491,0.369000289987,0.166335926416
-0.0204848522544,-0.190203611297,0.36898616574,0.166263003944
-0.0195839213887,-0.188545471999,0.368482209181,0.166030800468
-0.018591858834,-0.187557080812,0.368054041004,0.165861006762
-0.0182301421891,-0.187386516977,0.368080558208,0.165984176814
-0.0182557274475,-0.187401546672,0.368166396247,0.166085520934
-0.0193170505521,-0.18846489135,0.368501494473,0.166096136712
-0.0216607024835,-0.190922650635,0.369375895044,0.166240483682
-0.0210063286375,-0.190155084541,0.369273033697,0.166370465333
-0.0218407900219,-0.190907062611,0.369635586642,0.166556802148
-0.0202977183946,-0.189432692233,0.369302906531,0.166553022545
-0.0208384925755,-0.189888574628,0.369277930816,0.166392970831
-0.0204078678797,-0.189422102256,0.369046361196,0.166284323214
-0.0204661094678,-0.189538573654,0.369174288343,0.166300855115
-0.0206143032448,-0.189791518346,0.369181547746,0.166317015984
-0.01896731131,-0.186360629215,0.368525607385,0.165660639078
-0.017816768602,-0.183864991191,0.368031982407,0.165177388813
-0.0172044172673,-0.182625908559,0.367815594231,0.164918538384
-0.0171370327001,-0.182774145118,0.367797672743,0.16486454053
-0.0169547911212,-0.182153196736,0.367710388795,0.1647647389
-0.0176280527611,-0.183786735315,0.368097590955,0.165123880858
-0.0184476735752,-0.185378846456,0.368346578256,0.165418834794
-0.0178113140175,-0.184145625273,0.368082953376,0.165162383039
-0.0177552448613,-0.1838492009,0.368022435742,0.165121659392
-0.0176676079652,-0.183540313506,0.367954182237,0.165080315864
-0.0170139509618,-0.182215098321,0.367791913207,0.164813750986
-0.0184768357644,-0.185365941296,0.368267443299,0.165333696772
-0.0161308848956,-0.18038001812,0.367496956454,0.164275131729
-0.0157105058447,-0.179605312279,0.367425774157,0.164171637337
-0.0152500026461,-0.178492008302,0.367276439243,0.163912429054
-0.0153659440249,-0.17888906436,0.367428269931,0.163986229001
-0.0146588068034,-0.177421182484,0.367191110283,0.163651663385
-0.0153949656966,-0.179132038225,0.367482158403,0.164024717872
-0.0154587878636,-0.179348251032,0.367584653499,0.164074743308
-0.0166752165937,-0.181714260113,0.367877843811,0.16455661367
-0.0168174107831,-0.182018721159,0.367925726194,0.164608759394
-0.0167589288161,-0.182260930042,0.367926594282,0.164621680352
-0.0192340478776,-0.186632465746,0.368505326053,0.16546048827
-0.0193574014751,-0.186824047062,0.368544940233,0.165488093793
-0.018644093256,-0.185444550357,0.368302642208,0.165166935845
-0.0180556735202,-0.184334206554,0.368134060694,0.164948789055
-0.0184305344632,-0.185086001684,0.368306766548,0.1651221138
-0.0179557899017,-0.184292573572,0.368216261165,0.164961215951
-0.0180479341142,-0.184592271053,0.368222654828,0.164973488434
-0.0182414949294,-0.185060851552,0.368361212135,0.165061051126
-0.0186091754745,-0.185789978668,0.368514526416,0.16517169625
-0.0182111697314,-0.185086333458,0.368443763182,0.16502605593
-0.0185031996052,-0.185753821766,0.3685654201,0.165134304606
-0.0191029149928,-0.186830253417,0.368760425379,0.165270237911
-0.0194584529973,-0.187457960439,0.368820614264,0.165373965534
-0.0215308851289,-0.191496647119,0.369614667927,0.16607797688
-0.0210045322867,-0.190337963204,0.369399374407,0.16589718781
-0.0217583628627,-0.191882508642,0.369719055232,0.166106192385
-0.0218099744132,-0.192080781286,0.369857206158,0.166159938689
-0.0209390227317,-0.190601541703,0.369535093501,0.165902231307
-0.0203335104386,-0.189405211023,0.369319047871,0.165767019929
-0.0196398317118,-0.187916373309,0.369084808006,0.165565339944
-0.0200736302435,-0.188801331766,0.369215429691,0.165652717294
-0.0193957895181,-0.187342332329,0.368893130737,0.165462324476
-0.0195739290674,-0.18743068661,0.368844930796,0.16547857378
-0.0220253481291,-0.192195280995,0.369799087983,0.166084553542
-0.0221201876644,-0.192304266083,0.369821172335,0.166027715159
-0.0213109105471,-0.190719307424,0.369505992765,0.16581757498
-0.0209801268443,-0.189979443931,0.369364733909,0.1657345604
-0.0214781156391,-0.190729963139,0.369486750886,0.165873333897
-0.0208826045825,-0.189810083692,0.369293825522,0.165770153265
-0.0213692596321,-0.190618062017,0.369446310807,0.16589833826
-0.0224327190025,-0.192307818032,0.369800721761,0.166110918082
-0.0241062167704,-0.195114534822,0.370463560039,0.166520121671
-0.024488172439,-0.195750064155,0.370601981958,0.166620113079
-0.0250944562497,-0.196765921836,0.370811499654,0.166771065008
-0.0236256646395,-0.194226094372,0.370334284126,0.166415388819
-0.0242073482012,-0.195106417495,0.370526696599,0.166539493792
-0.0238757513047,-0.194506922782,0.370329264582,0.166451412688
-0.0234618689222,-0.193938822674,0.370251892904,0.166369627881
-0.0223953952464,-0.192676297931,0.370020290722,0.166173293082
-0.0201461536018,-0.189622746893,0.369311229649,0.165639406187
-0.0207929944723,-0.1903679782,0.369483661279,0.165770210874
-0.0205692672821,-0.190064513363,0.369403431989,0.165712833659
-0.0188933733285,-0.187657381415,0.36891753256,0.165361148545
-0.0194506828633,-0.188651118039,0.369109509865,0.165508276095
-0.0183204702039,-0.187145749758,0.368755428323,0.165289582913
-0.0205449135531,-0.190291342172,0.369470629238,0.165771474469
-0.021439412487,-0.191472925183,0.369716430118,0.166008546708
-0.0207956953788,-0.190577095334,0.369443831052,0.165827065644
-0.0208569238907,-0.190447200101,0.369365925491,0.165823880958
-0.0215633973682,-0.191320949466,0.36963414311,0.166035638698
-0.0203545148156,-0.189680969823,0.369217241756,0.165728594313
-0.0203269996006,-0.189825536465,0.369240113366,0.165711604981
-0.0191388335721,-0.188380264915,0.368880468639,0.165418802839
-0.0167664913514,-0.185186298936,0.367955924678,0.164835169096
-0.0158128011331,-0.183874046556,0.36753912724,0.164579457421
-0.0167469064763,-0.185128750439,0.367883864524,0.164832901174
-0.0156561798881,-0.183642793492,0.367341554408,0.164548904248
-0.0132346568624,-0.180572295829,0.366202019858,0.163935940056
-0.0127174921179,-0.179811211281,0.365954291868,0.163802010869
-0.0129084968647,-0.180026085195,0.365994826544,0.163813866575
-0.0118904712667,-0.178606709521,0.365395332957,0.163477486715
-0.0171079806517,-0.185546684204,0.368023182896,0.164844314656
-0.0149646865675,-0.182623067294,0.366999577884,0.164290701032
-0.0124492145912,-0.179307498593,0.365778872351,0.163630926641
-0.0122562217269,-0.179012469532,0.365735832507,0.163593711116
-0.0114397976728,-0.177952729753,0.365326492828,0.163360574689
-0.0111308185513,-0.177573555516,0.36515538523,0.163280680641
-0.0116946669396,-0.178325313606,0.365409923926,0.163450284285
-0.0118092219338,-0.17849267279,0.365467766465,0.163471398448
-0.0126628910929,-0.179607474127,0.365947504545,0.163761844864
-0.0140662304537,-0.181397536933,0.366564345656,0.164146846798
-0.0152518233253,-0.183172457513,0.367203465036,0.164506541381
-0.0151230443782,-0.182990757689,0.367105843472,0.16443177499
-0.014946848404,-0.182650266728,0.367015050794,0.164362319597
-0.0153014685644,-0.183238153146,0.367140670894,0.164460883436
-0.0136842984358,-0.181398163511,0.366519905903,0.164041258582
-0.0134758180728,-0.181157829172,0.366427728675,0.163961861043
-0.011423175756,-0.178027314323,0.365118841433,0.162835118854
-0.00998305260425,-0.175941637075,0.364179579911,0.16206830908
-0.0100207037253,-0.176205729815,0.364337914978,0.162194913499
-0.00920616235681,-0.175054920986,0.363834790632,0.161772218295
-0.00775763054105,-0.173000919714,0.362893381914,0.161008971333
-0.00784207288109,-0.173221418251,0.362929715018,0.161064050231
-0.00653787397832,-0.171498250053,0.362130946498,0.160394407127
-0.00739839299127,-0.17280376762,0.36269963849,0.160851897623
-0.00891806136983,-0.175213158706,0.363726470942,0.16168128381
-0.00784940632374,-0.173809826774,0.363068679845,0.161126086915
-0.00602986511249,-0.17151528194,0.36207513607,0.160285458103
-0.00554032182387,-0.170897148232,0.361796995,0.159987568304
-0.00638014365894,-0.171851494266,0.362189409215,0.160383128299
-0.0064696847158,-0.172056576816,0.362234882239,0.160432453194
-0.00697909596371,-0.172747602335,0.362502732829,0.160715148195
-0.00530466578056,-0.170611548304,0.361623853464,0.159952139052
-0.00572621063655,-0.171102435511,0.361835398976,0.160133349757
-0.00500182184724,-0.170224117751,0.361446156135,0.15981916496
-0.00636468024493,-0.171959178926,0.362212936304,0.16045932829
-0.00596616239236,-0.171485304598,0.36196921896,0.160270250806
-0.00383249102297,-0.169333813502,0.361068001862,0.159441572094
-0.00500359127568,-0.170695551827,0.361708269843,0.159889297881
-0.00467922371987,-0.170275917383,0.361526397617,0.159746769126
-0.00485317654967,-0.170414754894,0.361631383152,0.159827382366
-0.00237678242481,-0.167729425883,0.360432588583,0.15878289557
-0.0042219102208,-0.169824043822,0.361327455621,0.159564710112
-0.00388036386729,-0.169507076679,0.361215472688,0.159450725727
-0.00718271454259,-0.173120217435,0.362783353085,0.160781101652
-0.00767011108603,-0.173570913184,0.363054612209,0.161001192014
-0.00746279001246,-0.173334409276,0.362935635719,0.160849247117
-0.00796471623389,-0.173968714453,0.363163193214,0.161075582205
-0.00752563684657,-0.173614145154,0.362980040013,0.160903547488
-0.00921084327031,-0.174911129922,0.363384985493,0.161452070392
-0.00827376308707,-0.174009389711,0.36302374464,0.161149073167
-0.00950724146771,-0.175201725354,0.363538696958,0.161553452101
-0.00905386321656,-0.174806423614,0.363479600199,0.161441520182
-0.0122709439136,-0.177703977488,0.364573513049,0.16258693407
-0.0122009360258,-0.177600085708,0.36449674188,0.16254043018
-0.00899950976322,-0.174819404562,0.363525049167,0.161468745778
-0.0106844924532,-0.17694665176,0.364702859355,0.162348648645
-0.0128597522698,-0.17963816763,0.366045487736,0.163312464514
-0.0112688260856,-0.177726738701,0.365174517277,0.162640093018
-0.0126306038244,-0.179477695354,0.366025145586,0.163227649813
-0.0139961997659,-0.180927248571,0.366672304058,0.163771516788
-0.01527397583,-0.182317389994,0.367336984344,0.164304851515
-0.0152726335532,-0.182375166065,0.367357804014,0.164305512843
-0.0166752532966,-0.183903535279,0.368075582024,0.164834552506
-0.0170577688057,-0.184215894818,0.36824286762,0.164908812392
-0.0173932902493,-0.184632712937,0.36832544025,0.165031451378
-0.0156799254827,-0.182748967224,0.367338680612,0.164293514293
-0.0193012056225,-0.186759049335,0.36922379034,0.165741215739
-0.0205047518,-0.188064142054,0.369806860959,0.166191733852
-0.0183723386242,-0.185535326206,0.368630691354,0.165326722481
-0.0179092448557,-0.184901254034,0.368212317197,0.16504836893
-0.0178043725159,-0.184557191801,0.368016151689,0.164986015489
-0.0192669940454,-0.186206561562,0.368701917101,0.165507013637
-0.0198152566627,-0.186679454788,0.368978803369,0.165733281463
-0.0200996768333,-0.18698078927,0.369038229565,0.165736970237
-0.0178900468782,-0.184356198041,0.367754620805,0.16484587509
-0.0198409234095,-0.186387249538,0.368655295522,0.165560665225
-0.0203670352153,-0.186906926443,0.368849434533,0.165718659342
-0.0199107337035,-0.186500408282,0.368570044262,0.165494601283
-0.0197350920923,-0.186215000596,0.368430806487,0.165412122207
-0.0209524663155,-0.187624220145,0.369030658788,0.165930288172
-0.0227667715559,-0.189443932577,0.369740670932,0.166546622424
-0.0224418100802,-0.188960386273,0.369553038567,0.166405101864
-0.0234111308513,-0.190093247953,0.370129061145,0.166794117857
-0.021463723731,-0.18799448928,0.369189802382,0.16606491174
-0.0239526009307,-0.190562770308,0.370315877004,0.166945640789
-0.0238337571203,-0.19046863136,0.37029229045,0.166901428729
-0.0232043684225,-0.189944683558,0.370068950211,0.166719237877
-0.0216368938247,-0.188639870269,0.36965001408,0.166241897371
-0.0224443386918,-0.189321612873,0.369808117881,0.166403439105
-0.0220609027821,-0.189083010572,0.369719546606,0.16631237821
-0.0207027904323,-0.187930626492,0.369295870362,0.165948976931
-0.0198336745097,-0.187170932065,0.369023455927,0.165676840843
-0.0217163672119,-0.188880955686,0.369530296443,0.166133042469
-0.0224472970813,-0.18942858771,0.369686931674,0.166317804986
-0.0227522687075,-0.189689109707,0.36971077799,0.166378372717
-0.0232016950255,-0.190229056258,0.369845392935,0.166539104067
-0.0243864917663,-0.191932159424,0.370469380085,0.166909279853
-0.0238231138779,-0.191163334113,0.37015557411,0.166753150353
-0.0238600374301,-0.191107949068,0.370135141007,0.166750502085
-0.0234135258027,-0.190579597454,0.369976425374,0.16658993428
-0.0242567340209,-0.191853243567,0.370452867429,0.166886243103
-0.0230052530367,-0.189960616148,0.36975861798,0.166485863883
-0.0204387277156,-0.185967555737,0.368282891175,0.165655939365
-0.0200092070372,-0.185489667519,0.36807469607,0.165497309906
-0.0190735996384,-0.184114525003,0.367519644762,0.1651664832
-0.0207924397382,-0.185726966477,0.367785644955,0.16559445253
-0.021230474621,-0.185955912108,0.367803696626,0.165711627843
-0.0192875270493,-0.184546657431,0.36785281858,0.165335152447
-0.0184483083178,-0.183813238766,0.367708385143,0.165086417955
-0.0180884867494,-0.183558479592,0.367700925616,0.165007719052
-0.0183718710126,-0.183708363862,0.367672092131,0.165057706169
-0.0206038100716,-0.185353376136,0.367702126416,0.165536998449
-0.0219202772453,-0.186530228252,0.367779352838,0.165820748888
-0.0235014043736,-0.187858333929,0.36790854219,0.166177791949
-0.0215638125607,-0.186536241481,0.367958916714,0.165799674296
-0.0212468619479,-0.186198628222,0.367841354526,0.165702310306
-0.0182612283903,-0.182302030593,0.366682231924,0.164968156655
-0.0180188050308,-0.182034409377,0.36655427816,0.164879461221
-0.0180072430195,-0.182342773421,0.366689527237,0.164928381505
-0.0190816400118,-0.184372509463,0.3674309356,0.165238853905
-0.0192662943058,-0.184827271918,0.367538113145,0.165278928174
-0.0192109071945,-0.184723024459,0.367428204014,0.165203166778
-0.0189568351048,-0.184367326627,0.367243860043,0.165108440754
-0.0186485030529,-0.183805346489,0.367116182961,0.16502657415
-0.0187643403949,-0.184306685347,0.367365282756,0.165042780162
-0.0176031086903,-0.18312925868,0.366802589378,0.164679168958
-0.0163340438401,-0.18197888324,0.366279431461,0.164361758512
-0.0170398702013,-0.182785214965,0.366587118091,0.16449791801
-0.0172590837716,-0.18296763764,0.366747517857,0.164600045382
-0.0160773656012,-0.181857127036,0.366209277387,0.164286867935
-0.0135367751387,-0.179338680687,0.36509300753,0.163571705055
-0.0132919560643,-0.179378629174,0.365179835368,0.163566938626
-0.0126150289968,-0.178587453987,0.364805151206,0.163352861093
-0.0138510617115,-0.179659464845,0.365367069882,0.163691923429
-0.0144609188151,-0.180421298529,0.365839772425,0.163950311187
-0.0140112690879,-0.180016515522,0.365661244476,0.16374604061
-0.0171685871725,-0.182606396149,0.366729918385,0.164678425749
-0.016806599549,-0.182228888169,0.366540623699,0.164528461119
-0.0162938701537,-0.182033845312,0.366562377749,0.164451702887
-0.0171659529804,-0.183034394421,0.36707926929,0.164749401197
-0.0150507217133,-0.181333492957,0.366407161564,0.16418999997
-0.0157794655716,-0.181803602483,0.366415631294,0.164354469215
-0.0167438078002,-0.182538073144,0.366725070044,0.164622995757
-0.0152256945255,-0.181511944954,0.366348295121,0.164217073372
-0.0153104288774,-0.181524372811,0.366327160715,0.164254091067
-0.014391951331,-0.180834569626,0.365904345381,0.164014748185
-0.0126249422384,-0.178852406618,0.364737912666,0.163319506459
-0.0168412751907,-0.183193090401,0.367546351312,0.164830014229
-0.0155042449109,-0.182002877215,0.366825807718,0.164347165185
-0.0173754433537,-0.184051931531,0.368196312531,0.165118350233
-0.0192091171451,-0.185931663669,0.369287053583,0.165780050234
-0.0193267636329,-0.186037676055,0.369469683048,0.165869476475
-0.0185408014474,-0.185326844231,0.368986760018,0.165520368283
-0.0138886137961,-0.180663551492,0.366024699227,0.163729674974
-0.0143860128423,-0.181538369698,0.366565384372,0.163926204852
-0.0159590111235,-0.182509691723,0.366507183703,0.164009742686
-0.0195917166417,-0.184386392265,0.366085932076,0.164003266417
-0.0178659062051,-0.182709953941,0.366414982903,0.164426038356
-0.0168795000326,-0.182432923644,0.366727369264,0.164207757196
-0.0143968203578,-0.180618885685,0.366910990299,0.164377760021
-0.0140870831567,-0.180795653552,0.367552861488,0.164371936007
-0.0152492848319,-0.180864167333,0.367447687663,0.164441623304
-0.018483460879,-0.183270866678,0.36730699526,0.164193138273
-0.0166856847971,-0.182536687424,0.367518377314,0.164173100568
-0.0166884294607,-0.183296436506,0.367438335043,0.163971656302
-0.0166645690151,-0.18315124914,0.367332847395,0.163961735876
-0.0160696842239,-0.183395418931,0.367455469246,0.164271415471
-0.0165602972313,-0.183616118315,0.367666592259,0.164199802905
-0.0141440345846,-0.181777911706,0.366230301303,0.164505410201
-0.0118801789356,-0.17976220236,0.364632735254,0.164749938309
-0.012423710946,-0.180105406859,0.364945292531,0.1646644225
-0.0112916487735,-0.179071613196,0.364178159529,0.164752335051
-0.0124254348592,-0.180425551942,0.365223567298,0.164808361251
-0.0127825869306,-0.181232243277,0.365746921929,0.164766448887
-0.0154977567236,-0.183468863212,0.367538963263,0.164592436116
-0.0141630058525,-0.182639683368,0.366853331163,0.164474413056
-0.011729446465,-0.181004881285,0.365450792346,0.16431981259
-0.0143590345088,-0.182263338478,0.366618093585,0.164280838902
-0.0147729102755,-0.182347940182,0.366700174385,0.164142039254
-0.0157077960721,-0.183070142708,0.367303603554,0.164333009261
-0.0165716224787,-0.183860530182,0.367977321009,0.164428174887
-0.0161407333497,-0.183714770892,0.367839784372,0.16446425565
-0.0163584204863,-0.183730143536,0.367859939125,0.164439888802
-0.0167414366103,-0.183843395039,0.36801060044,0.164382496185
-0.0162922411166,-0.183200097556,0.367517311938,0.164148336243
-0.0152326420223,-0.182545163775,0.367055634542,0.164337142793
-0.0169139504906,-0.184293671434,0.368291285583,0.164067264018
-0.018070741121,-0.185100607969,0.368917053882,0.163778842843
-0.018235132924,-0.185048101149,0.368884622126,0.163702904096
-0.0140047560457,-0.182224381001,0.366744928138,0.16459784795
-0.0118543480699,-0.180758679643,0.365652859659,0.165033827326
-0.0123521277734,-0.181084154546,0.365849650769,0.164917871047
-0.0105783975069,-0.17952724721,0.364701540745,0.165169767023
-0.00755716231426,-0.177433702071,0.363139716453,0.165799465632
-0.00985482110215,-0.179123832663,0.364462839867,0.165363069009
-0.0105025708404,-0.179472538076,0.364723724882,0.165272550869
-0.0113259254646,-0.180613231724,0.365450502218,0.165340082084
-0.0131743792079,-0.182584087209,0.366680419327,0.165299550361
-0.0120633830127,-0.181396417149,0.366004066446,0.1653218105
-0.0109928262511,-0.180610312116,0.365586684107,0.165494071698
-0.00982492888571,-0.180075387366,0.36522811667,0.165679740977
-0.00800648900559,-0.1782188137,0.364061429189,0.165736774161
-0.00900945380781,-0.178676423092,0.364417770093,0.165513810491
-0.00998517814378,-0.179587453112,0.364862153715,0.165444010541
-0.00975049226906,-0.179398420394,0.364731837281,0.165459971076
-0.0102119940478,-0.179623265536,0.36492683315,0.165262812301
-0.00864433546234,-0.178314555943,0.364055712004,0.16531121531
-0.0107934987636,-0.180172168111,0.365215109923,0.165192787111
-0.00992439811435,-0.179480633639,0.364723457717,0.165176348996
-0.0121277916829,-0.181338987386,0.365824802164,0.164974299874
-0.0127695020135,-0.181990457023,0.366169053596,0.16495455904
-0.0127383104164,-0.181772755922,0.366090784603,0.164888695034
-0.0124700715904,-0.181655890929,0.366006656196,0.164951724984
-0.0130642262427,-0.181992233196,0.366225407448,0.164842315677
-0.0128752329739,-0.181757310895,0.366148006366,0.164739264052
-0.0143692626915,-0.182880542676,0.366682810654,0.164195951188
-0.0136339626446,-0.18222931919,0.366458962348,0.164419506735
-0.0119511306633,-0.181135176972,0.365955920524,0.164913973337
-0.00939187228347,-0.179351336066,0.365109608533,0.165633171918
-0.00970096949791,-0.179673689565,0.365299356128,0.165499036802
-0.0101121470807,-0.1798350436,0.365321674275,0.165386185607
-0.0092012488337,-0.179207234931,0.364940136807,0.165634529528
-0.0109719083008,-0.180557630453,0.365668079238,0.165069600352
-0.0110612576823,-0.180527088545,0.365708109344,0.165042227251
-0.00802843935455,-0.178213384898,0.364513913905,0.165941352083
-0.00891341997325,-0.17874483943,0.364404679751,0.165784296485
-0.00891269916637,-0.178711445723,0.364410640643,0.165750646731
-0.00885850182999,-0.178665002115,0.364489965116,0.1657947944
-0.00948396508004,-0.179186740215,0.364710796393,0.165632479757
-0.00999645304729,-0.179444777616,0.364647974446,0.16557821738
-0.0102632682934,-0.179715246197,0.364780321842,0.165479093483
-0.0108640428543,-0.180017125011,0.364648783171,0.16534421992
-0.00922707210109,-0.178904539502,0.364608426272,0.165649778676
-0.00933570393392,-0.178965825888,0.36459121267,0.165582644384
-0.00939847682959,-0.179082186083,0.364572647172,0.165512129379
-0.00948169238243,-0.179154906623,0.364598159677,0.165509876526
-0.00951997370051,-0.179212006834,0.364736329541,0.165492779555
-0.00850726304871,-0.178326148207,0.364095441789,0.165694098148
-0.00790395096115,-0.177798758083,0.363668748952,0.165853653212
-0.00428666185992,-0.1744149531,0.361362416235,0.166790888007
-0.00392468084723,-0.173989521456,0.361003681906,0.166879256547
-0.00420453782789,-0.174152189947,0.36110599168,0.166825649733
-0.00459639189789,-0.174334609172,0.361238751919,0.166743386339
-0.00575188216223,-0.175396512978,0.361959536664,0.166411557246
-0.00743753668471,-0.176997124982,0.363157722657,0.165862615439
-0.00798047765861,-0.177491844302,0.363548411889,0.165764988338
-0.00772688687214,-0.177195321487,0.363440101227,0.165766189753
-0.0104434451517,-0.179873724679,0.364950098418,0.165276452479
-0.00936068808582,-0.178846991107,0.364363143761,0.16542367166
-0.00709451368988,-0.176668371471,0.363064966796,0.165767913722
-0.00499734619419,-0.174773766939,0.361922303987,0.165958431578
-0.00655841022441,-0.176270064408,0.362919005385,0.165664799675
-0.00487430466598,-0.174691517049,0.361965110158,0.165940679633
-0.00637614294416,-0.17609120977,0.362868923941,0.165732265237
-0.00616140377249,-0.176029812697,0.362690687711,0.165684261289
-0.00896874305719,-0.178081625177,0.364797305234,0.163798200874
-0.00626198840027,-0.17610054661,0.362912943566,0.165418269601
-0.00917387359003,-0.178334171492,0.364908354914,0.163413923865
-0.00785042999642,-0.177368666019,0.364035051647,0.16422156825
-0.00903520484439,-0.178172153884,0.3649111531,0.163384362123
-0.00893915364663,-0.178046046325,0.364758654738,0.16347065375
-0.00927385883675,-0.178234430842,0.36492975669,0.163298948423
-0.0100749534863,-0.178797642574,0.365471690344,0.162793098092
-0.0117684657224,-0.180040632926,0.366641704897,0.161712930799
-0.0092601009216,-0.178270742187,0.364964934613,0.163351576053
-0.0101444961558,-0.178929393439,0.36559603017,0.162583704824
-0.00924004085064,-0.178241534192,0.364887057225,0.163254761762
-0.0117359976471,-0.180179785517,0.366799215431,0.161067677227
-0.0107100948085,-0.179370520261,0.366044155032,0.16190295242
-0.0115987438152,-0.1800457095,0.3668009566,0.161058627756
-0.010608837072,-0.179244672189,0.366042025977,0.162065848298
-0.00942394235518,-0.178276172181,0.365114173743,0.163151606105
-0.00865552934879,-0.177746962817,0.364487150147,0.163829106503
-0.00698005132918,-0.176525281055,0.363219599614,0.165312319373
-0.00636623233773,-0.17606030901,0.3627904154,0.165754547153
-0.00528669095463,-0.175169079223,0.362028046192,0.166526276166
-0.0051143081167,-0.174878043156,0.361878848968,0.166596776961
-0.00433387043296,-0.174327790083,0.361385972724,0.167097519075
-0.00266131447146,-0.173068358507,0.360191166372,0.168199957681
-0.00320256503238,-0.173541831299,0.360739607289,0.167680812132
-0.00385862690368,-0.174008762895,0.361289810124,0.167202652502
-0.00478330282596,-0.174711705732,0.36196450625,0.166463745884
-0.00604658039802,-0.175680962393,0.362862904669,0.165470673456
-0.00693552071774,-0.176158587271,0.363409167623,0.164847837978
-0.00483976354988,-0.174521793305,0.361943864931,0.166330142728
-0.00551626619889,-0.175007656655,0.362240727915,0.165928841527
-0.00514683731125,-0.174544456405,0.361931903016,0.166182942017
-0.00476032699155,-0.174325641883,0.361697837877,0.166341758406
-0.00687161396167,-0.17607334281,0.363112797979,0.165139833917
-0.00834928339685,-0.177253893809,0.364008276019,0.164323070465
-0.00586666644085,-0.17517061744,0.362517107188,0.165712427978
-0.00542382347201,-0.174784485923,0.362268125033,0.165919265265
-0.00472117226527,-0.174179945669,0.361881394341,0.166322431007
-0.00624003807474,-0.175418570532,0.362741927019,0.165521478787
-0.00608446761941,-0.175248064966,0.362611874427,0.165524644452
-0.00561830872816,-0.17513205332,0.362506846364,0.16564538214
-0.00316300883366,-0.173761412447,0.361295788555,0.167085729894
-0.00274462136278,-0.173501231533,0.360934783701,0.16741803332
-0.00387349998279,-0.174080694983,0.361611930316,0.166568108371
-0.00798718192887,-0.17624768502,0.363584608788,0.164183099713
-0.00557156661314,-0.174934304723,0.362341923126,0.165637619431
-0.00463009730066,-0.174317187456,0.361894054025,0.166227787195
-0.00488273627653,-0.174465705809,0.362073789896,0.16598798512
-0.00336028827237,-0.173565793824,0.361264251047,0.166982443693
-0.00670677751586,-0.17557500717,0.363222002612,0.164777043625
-0.00500687498051,-0.17444781747,0.36252640256,0.165237869331
-0.00400665425365,-0.173775239658,0.362189735261,0.165423182263
-0.00478629855551,-0.174245503489,0.362291725657,0.165348192068
-0.00590464069552,-0.175007577271,0.362631040971,0.165073565535
-0.00177998993909,-0.172358913502,0.36117714012,0.16593759479
-0.000630730046676,-0.17144907984,0.360585104554,0.166334649052
0.000650458385364,-0.170617108488,0.360207406919,0.166545060535
0.000401754581815,-0.170773342316,0.360295933602,0.1663905048
0.00292932746206,-0.169129396483,0.359560461402,0.166721298305
0.003394570564,-0.168830681035,0.359454765161,0.166628232413
0.00243236346198,-0.169606860588,0.359851751303,0.166534876838
-0.00154311143825,-0.172673570014,0.361140405444,0.166676456214
-0.00178601738856,-0.17281216291,0.361196099492,0.166707109697
0.000322143899057,-0.171142059483,0.360445238322,0.166564909764
-0.00174302686706,-0.172809836794,0.36112170388,0.166606628545
-0.000517664699819,-0.17177796398,0.360809778682,0.16646385183
-0.00129750010208,-0.172380381845,0.360962091809,0.166472883323
-0.00332576110013,-0.173920163994,0.361657713545,0.166544861943
-0.00246550705213,-0.173260429435,0.361418548296,0.16644863185
-0.00281129818772,-0.173436925861,0.361425710844,0.166549307857
-0.0038799318039,-0.174538019911,0.361790705163,0.166793529109
-0.00659478042779,-0.177165993061,0.362590452746,0.167594750871
-0.00950020316459,-0.179420884378,0.364081306873,0.1677994685
-0.00867501162601,-0.178998769284,0.363448001733,0.167546885437
-0.00766323260721,-0.177574463687,0.363145047823,0.166477747931
-0.00909592571169,-0.178376072626,0.363021401341,0.16682323503
-0.0127224013785,-0.182080436695,0.36442694029,0.167786669907
-0.0123031554904,-0.18124855075,0.363784607187,0.167674422539
-0.0125706185029,-0.181570388728,0.364144432208,0.167147273897
-0.0106084779876,-0.179414875146,0.363191375896,0.166117629989
-0.00950694034169,-0.177990461874,0.362900172628,0.165495664614
-0.00888512116087,-0.177361236416,0.362749361491,0.165214773999
-0.00781295173321,-0.175902296072,0.362357409854,0.164695758305
-0.00642927094259,-0.174522457742,0.361969245254,0.164270392747
-0.00465395790811,-0.172707853585,0.361361830696,0.163635491552
-0.00557723897928,-0.173843106526,0.361717736462,0.164161881853
-0.00631289671488,-0.174440368514,0.362130778144,0.164038698528
-0.00775185610036,-0.175518581133,0.362632186874,0.16405567606
-0.00642114296975,-0.174117941995,0.362080966034,0.163576628924
-0.00554382249168,-0.173114571634,0.361846017632,0.163234810729
-0.00646995329867,-0.173832635306,0.362360609749,0.163276249449
-0.00357063764749,-0.171135589046,0.360984239083,0.162575841608
-0.00338300328249,-0.170431401667,0.360912140138,0.161856493068
-0.00578682927028,-0.172156749369,0.36208772158,0.161957890638
-0.0070127845283,-0.172953838482,0.362604146585,0.161971470777
-0.00802796402694,-0.174292186336,0.36309602115,0.162581778461
-0.00782156664629,-0.174119404026,0.362990190363,0.16264381006
-0.00944507470763,-0.175166206617,0.363910427652,0.162312998381
-0.00826442752347,-0.174210744174,0.363348690448,0.162063550679
-0.0119081979188,-0.177419989509,0.365177576827,0.162797847944
-0.0117065936592,-0.177579913968,0.364936655975,0.163028404274
-0.0132413944831,-0.17887684429,0.365683649307,0.163515890327
-0.0130499666745,-0.178787117136,0.365863264738,0.163421078982
-0.0144274268639,-0.179844666109,0.366373952217,0.163669904662
-0.0163265965312,-0.181729142675,0.366844658555,0.163999960677
-0.0162307531945,-0.181308608057,0.36682461601,0.163511325157
-0.013688290015,-0.178183479248,0.36604547561,0.162292177334
-0.0137310242705,-0.177958583483,0.366227890647,0.162288455314
-0.0140257839888,-0.179125298411,0.36666660538,0.162485223231
-0.0149974536543,-0.180856201446,0.366780643149,0.162981865609
-0.0149180253224,-0.180627102626,0.366708795067,0.16302690137
-0.0140571964005,-0.17967525016,0.366283522467,0.162644313961
-0.0120886913462,-0.177320372976,0.365379030963,0.161567069739
-0.0145730671704,-0.180507329293,0.366493124525,0.163037431051
-0.0150001632441,-0.180954901722,0.366759687973,0.163174146267
-0.0140241192547,-0.180294509513,0.366286458066,0.163213083254
-0.0140404616212,-0.180528857364,0.36626563688,0.163430108349
-0.0154139023741,-0.182215937469,0.366846674716,0.164207848086
-0.0172073304348,-0.183930920882,0.36773225302,0.164696236018
-0.0178695897291,-0.185136191668,0.367979429179,0.16545233182
-0.0189560148794,-0.186544509745,0.368543633509,0.165399665066
-0.0197733083814,-0.187842563828,0.368948435673,0.165474908801
-0.0221447816167,-0.191569810752,0.370215322237,0.165663316011
-0.021935930513,-0.191641514235,0.370110075787,0.165803370979
-0.0198317007078,-0.188891355212,0.368757575152,0.166145090679
-0.0181704831661,-0.186410435049,0.367798214205,0.166135822574
-0.0175098797083,-0.185067192824,0.36750899018,0.165809268543
-0.017229231364,-0.184345887463,0.367438861234,0.165569420541
-0.0170625080889,-0.184120898308,0.367173834774,0.16573609168
-0.0164108230442,-0.182788615324,0.366784059567,0.165521755263
-0.017692079361,-0.183903491775,0.367434389026,0.165476676168
-0.0158413316467,-0.182062641166,0.366569632842,0.16521739828
-0.0156860094059,-0.182637716102,0.366350311713,0.165626486883
-0.0145767675716,-0.181124988029,0.365848121486,0.165113629237
-0.0134737123819,-0.180549220904,0.365202678808,0.165329200841
-0.0127112407067,-0.179519334588,0.364878091808,0.164960894649
-0.0125317533505,-0.17919316551,0.364858634892,0.164858241234
-0.0120514407579,-0.178628950764,0.364736917293,0.164552922724
-0.0129949317776,-0.179617051289,0.365108777167,0.164657578414
-0.012557884752,-0.179469847603,0.364842904119,0.164973751977
-0.0145723803626,-0.181899052136,0.365912406373,0.165183354638
-0.0142228695605,-0.181398320894,0.365735105074,0.165101387505
-0.0133645358148,-0.180416120145,0.365334312632,0.165075719121
-0.0111666056146,-0.178121683843,0.36420738101,0.164953827811
-0.0087583302822,-0.175065781713,0.362959671857,0.164451459788
-0.00848466747665,-0.17459444004,0.362883928972,0.164333954969
-0.00838797624254,-0.174605280531,0.362975871782,0.164249906028
-0.00682428763204,-0.172788941951,0.362174480873,0.164081944272
-0.010119481996,-0.176244950034,0.363939933253,0.164187405216
-0.0114246424338,-0.177770677297,0.36469519058,0.164230278157
-0.0121010639567,-0.178449518694,0.365048865549,0.164409867802
-0.0158722848394,-0.182346967883,0.366679109051,0.164973474719
-0.0128573401937,-0.179465997347,0.365387866696,0.164457511686
-0.0151909865717,-0.181844221137,0.366385398075,0.164797870603
-0.0151122552625,-0.181900048142,0.366355705006,0.164797658028
-0.0151122543111,-0.181900047688,0.366355704531,0.164797658121
-0.0164014858196,-0.183288362353,0.366927950488,0.165000887174
-0.0141040514059,-0.180975378473,0.365868620835,0.164685584371
-0.0137983740304,-0.180796556934,0.365684050153,0.164673737642
-0.012286575688,-0.179408227001,0.365065571559,0.164403659506
-0.0147535934974,-0.182165202035,0.366442251698,0.164600180431
-0.0142823527637,-0.181682072556,0.366228710629,0.164570324668
-0.0157197643117,-0.183468130746,0.367120141835,0.164604403381
-0.0179869083271,-0.185883172623,0.36845579997,0.164850524727
-0.0176309131644,-0.185272716528,0.368063001197,0.164808570066
-0.0156590903743,-0.183114993,0.366949002456,0.164679256907
-0.0139456393528,-0.181297429766,0.366013855847,0.164566415444
-0.0127873251049,-0.180081048536,0.365434805725,0.164487953382
-0.0150199224206,-0.182269266771,0.366563779003,0.164516583403
-0.0152485158145,-0.182561848512,0.366759265088,0.164524523855
-0.0148533636283,-0.182074922988,0.366515970034,0.164546511986
-0.0144824377056,-0.181428260956,0.366214820672,0.164595317655
-0.0149693907654,-0.182154892656,0.366551769495,0.1645971291
-0.0145856206145,-0.181604336929,0.366398503618,0.164645522401
-0.0157596773514,-0.183251831504,0.367119814801,0.164512869051
-0.0165734273431,-0.184567718657,0.367635190317,0.164457371178
-0.0166107083954,-0.184494613345,0.367577975543,0.164347257996
-0.0181704767562,-0.186730178384,0.368570503835,0.164169610198
-0.0181881705442,-0.186822808802,0.368588100716,0.164181879054
-0.0167999047152,-0.184823216627,0.367737468108,0.164302983097
-0.017879767689,-0.186193390306,0.368334163756,0.164083734664
-0.0159408460603,-0.18373277646,0.367289735786,0.164482477026
-0.0151931590543,-0.182801124148,0.366944151255,0.164643070717
-0.0141873561142,-0.18159267084,0.36650115551,0.164794370688
-0.0144210852335,-0.181930656713,0.366636787258,0.164764678952
-0.0131652522201,-0.180361715167,0.365961871558,0.164981566803
-0.0152559577306,-0.182922273842,0.367128944914,0.164640844534
-0.0167615649494,-0.184714205787,0.36791959611,0.164316826683
-0.0170776112667,-0.185099143412,0.368156735916,0.164330240524
-0.0166522124494,-0.184394453065,0.367880504149,0.164475623062
-0.0166677642721,-0.184326639166,0.367760505784,0.164461662507
-0.0148748836635,-0.182481538414,0.367413492667,0.164763115853
-0.014041118983,-0.181684755008,0.367200416786,0.164832282279
-0.015089227112,-0.182731079581,0.367389707948,0.164626023438
-0.0164350742772,-0.18405928051,0.367695194453,0.164453659405
-0.0175445630325,-0.185228747975,0.367915803879,0.164273832705
-0.0156520112237,-0.183311404386,0.367497572447,0.164581017628
-0.01412587522,-0.181761925172,0.367120090759,0.164775718209
-0.0164014170627,-0.184178914477,0.367691387959,0.164427739751
-0.0156250489519,-0.183286099173,0.367486757337,0.164532088084
-0.0155736825283,-0.183197218494,0.367365397882,0.164574866312
-0.0145001555034,-0.181515316597,0.36802896329,0.164700924194
-0.0141814324125,-0.180768820818,0.368259614696,0.164815797899
-0.0144877086556,-0.181332915074,0.368002573599,0.164770810115
-0.0143086074366,-0.181103376412,0.36793135454,0.164826490126
-0.0143525357631,-0.181214142031,0.367713505516,0.164794544429
-0.0142325047473,-0.180962489416,0.367861920714,0.164812455271
-0.0139128492811,-0.180315749704,0.368085690194,0.164814281222
-0.0152178205082,-0.182365662202,0.367682634638,0.164730434168
-0.0153621281759,-0.182461892468,0.367982507013,0.164761425396
-0.0162007465363,-0.183690357976,0.368137119016,0.164688642287
-0.0145382024335,-0.181138824921,0.367526942946,0.164854430476
-0.0141825270638,-0.180496720996,0.367235787632,0.164905551731
-0.0141020819633,-0.18048823369,0.367037894274,0.164907622064
-0.0132980008645,-0.179228724681,0.36659166025,0.164971334433
-0.0139022178991,-0.180104371778,0.366824564662,0.164915581382
-0.0145720984219,-0.181121626567,0.366773146242,0.164861763193
-0.014445341691,-0.180847073871,0.36669716313,0.164865509117
-0.0138543925319,-0.179949397849,0.366445813259,0.164861096158
-0.0122751193967,-0.177648062773,0.365733954599,0.164972719559
-0.0131493986137,-0.179820509771,0.366583565918,0.164748811121
-0.0122960765641,-0.17812730412,0.365989953703,0.164842983929
-0.0125000427203,-0.178817366201,0.366237855277,0.164753878328
-0.015147453733,-0.183703773039,0.36772508437,0.16427703129
-0.0156069571559,-0.18443583729,0.368149545449,0.164261141374
-0.0151047559313,-0.18362697942,0.367476266979,0.16439204992
-0.014182552826,-0.182234534933,0.367058253618,0.164442471021
-0.0133636936102,-0.181137406616,0.366728498854,0.164485845804
-0.0148970575923,-0.183669582432,0.367607416914,0.164313447497
-0.0154859067135,-0.184992159675,0.368095933183,0.164125442491
-0.0157686446283,-0.188059177595,0.36803381414,0.163414031518
-0.0154950934725,-0.185332756349,0.367857007665,0.164013904909
-0.0152468761736,-0.183269784049,0.367916607145,0.16442118605
-0.0156785195494,-0.185782418659,0.367943785335,0.163922033667
-0.0155937962168,-0.184750248018,0.367696272877,0.164162858222
-0.0156727541793,-0.184897827708,0.367868706156,0.164141106922
-0.0156579339604,-0.186066892381,0.368015685495,0.163816737775
-0.015446512426,-0.183998868238,0.368030254165,0.16429933557
-0.0150818497973,-0.182539717696,0.36793291613,0.164506288443
-0.0148505483923,-0.180602621741,0.367457602286,0.164917816908
-0.01340575431,-0.178570988384,0.366535143081,0.164970853917
-0.0135362171759,-0.179098660285,0.366376687965,0.164892413742
-0.0110240088882,-0.174985052287,0.364739628053,0.165211677161
-0.0130089891757,-0.178033540317,0.365994535202,0.165003214164
-0.0117961662876,-0.176496474269,0.365284728539,0.164953157861
-0.0101214376337,-0.173717660119,0.364051154993,0.165147246767
-0.0103550074571,-0.17435885101,0.36438276398,0.165104764835
-0.00905916749205,-0.172642573511,0.363419110824,0.165130285706
-0.00979199095489,-0.173915565741,0.363967207572,0.164997197631
-0.00900447511709,-0.172806837697,0.363683783849,0.165028147539
-0.00962963851908,-0.174136250877,0.364067622459,0.164941074762
-0.0108806977896,-0.175987484566,0.365008536096,0.16486650617
-0.0102880019687,-0.175250497313,0.364660289223,0.16482576615
-0.00990960095054,-0.174838986084,0.36428915698,0.164796712498
-0.00980059773579,-0.174551282273,0.363926825081,0.164839899742
-0.00855622384595,-0.172430023034,0.362805214015,0.164986732225
-0.00890155872247,-0.173366609199,0.363400844979,0.164920380982
-0.0103455030736,-0.175417979566,0.364346964601,0.164907560712
-0.0111436586018,-0.176741485796,0.364962316923,0.164858566505
-0.0100725617542,-0.175334991615,0.364308738154,0.164785504821
-0.00980940724859,-0.175111681406,0.364000846174,0.164698741352
-0.0121488962531,-0.176878638823,0.365561961839,0.164987978948
-0.0115856578951,-0.176624623249,0.365290271419,0.164817469658
-0.0133422297456,-0.178341290361,0.36645165862,0.164983034534
-0.0163625806721,-0.180103711217,0.367800484232,0.165381695831
-0.0192802638152,-0.182113579107,0.369225022089,0.165802771604
-0.0194297511611,-0.182250962246,0.369326240401,0.165778394404
-0.0183494845884,-0.181545257887,0.368748351253,0.165628126442
-0.0152337695148,-0.179782235872,0.367464596845,0.165142098921
-0.012194943916,-0.177766744546,0.365948745645,0.164693888182
-0.0129156964569,-0.178537861795,0.36630793798,0.164743106751
-0.0134375113197,-0.179425157753,0.366742280149,0.164650891541
-0.0136910202674,-0.179602313559,0.366866176362,0.164669595565
-0.0147662356889,-0.180017198725,0.367209447757,0.164796040287
-0.0173802755556,-0.182225679428,0.368582275656,0.164981820857
-0.0162248214115,-0.180972025935,0.367816004234,0.16498474077
-0.0178482784265,-0.182511587642,0.368707637181,0.165088943992
-0.0169501275906,-0.182082056868,0.368340299789,0.164951663362
-0.0158786119291,-0.181568094126,0.367931039858,0.164796867217
-0.0134537660202,-0.179525164984,0.366646437686,0.164642683985
-0.0127199754211,-0.178245526524,0.366244698334,0.164833834826
-0.0120211514802,-0.176856762376,0.365795630257,0.165069837496
-0.0119110374423,-0.176572865711,0.365794872086,0.165105492452
-0.0115099983219,-0.175882385034,0.365528603181,0.165160609206
-0.0113588054851,-0.175357416725,0.365267039126,0.165186951391
-0.0102344086049,-0.17323783127,0.364572136211,0.165559949416
-0.0111163889789,-0.175360292381,0.365327358747,0.165139801887
-0.0105063443502,-0.1745960291,0.365021768742,0.165194935128
-0.0113421836654,-0.176267965764,0.365515450776,0.164885401256
-0.0112707926071,-0.175447346704,0.365325092263,0.165103810787
-0.0112457711872,-0.175637609666,0.365380499375,0.165092002203
-0.0121196704651,-0.176226375911,0.365643025073,0.165179315227
-0.0128685623876,-0.177504178936,0.366050656681,0.165038587607
-0.0112025124103,-0.175685045658,0.365272083201,0.165067648335
-0.0101766531743,-0.174461787503,0.364868115663,0.165110274242
-0.0101743985719,-0.174576939524,0.364905112391,0.165091981812
-0.0101371616337,-0.17472632624,0.364812791582,0.165017111869
-0.0100887287211,-0.174502088684,0.364723567824,0.1650172108
-0.00931566380217,-0.173708609039,0.364270237876,0.164961786098
-0.00940275495379,-0.173733103542,0.364329692126,0.165003567345
-0.0100247574577,-0.174227618994,0.364555384546,0.165105900716
-0.0108692200968,-0.175050336665,0.364916605057,0.165150831608
-0.0107228410505,-0.175185854343,0.36484287513,0.165043117388
-0.0102988465804,-0.174833252627,0.36468640269,0.165040078039
-0.0109512346828,-0.175608984788,0.365142504731,0.165043496971
-0.00865342943969,-0.173394091324,0.363909727814,0.164765719105
-0.00788332502285,-0.172753806485,0.363451808607,0.164621503126
-0.0116090912583,-0.176584175316,0.36568636779,0.164994044257
-0.0139642834611,-0.178893960566,0.366920182377,0.165187303636
-0.0149558014148,-0.18002451097,0.367339480119,0.165212416722
-0.01648108725,-0.182353906643,0.367893421423,0.165160314729
-0.0169440752485,-0.182539712996,0.367911513455,0.165187391905
-0.0173420154053,-0.183166509356,0.368156463474,0.165195785434
-0.0156865845321,-0.180440071003,0.367450084364,0.16525008245
-0.0149564894989,-0.179384696002,0.367143350406,0.165205205509
-0.013663380745,-0.177224565598,0.366581886567,0.165218923755
-0.0141663781964,-0.178394112676,0.366841093075,0.165096434349
-0.013855756407,-0.178034852607,0.366729236945,0.164985995518
-0.0135492836963,-0.177581563669,0.366618037129,0.164932301438
-0.0137761020557,-0.177946797432,0.366573742303,0.164843592618
-0.0115767355949,-0.175642321728,0.36542533665,0.164733333448
-0.0119232208166,-0.176089931589,0.365713449538,0.164724536414
-0.0141203461187,-0.178437923928,0.36690316977,0.164813675875
-0.014060493915,-0.178527377577,0.367005408628,0.164788606547
-0.0153916380242,-0.17964435756,0.367607940406,0.164852677093
-0.0127728840951,-0.176735642449,0.366080382938,0.164827467841
-0.014793387522,-0.179203173397,0.367255932219,0.164819792075
-0.0160467059946,-0.180340692506,0.367757904266,0.164769153276
-0.0153041631034,-0.179576326979,0.367330877744,0.164757322432
-0.0159950609606,-0.180362688748,0.367766126956,0.164760724872
-0.0144369847473,-0.178312509557,0.36718607511,0.164259673893
-0.01581397588,-0.180155654693,0.36758796827,0.164782842861
-0.0157589890064,-0.180399530062,0.367623402165,0.164766395011
-0.0145271661271,-0.178672814664,0.367172788971,0.164328128622
-0.0165311991415,-0.181736489658,0.367931622616,0.165053055542
-0.014877478212,-0.179446801988,0.367364406722,0.164490040597
-0.0140196610754,-0.178382604114,0.367073717842,0.164215959962
-0.0142846751144,-0.17860850946,0.367025069709,0.164342016787
-0.015500596341,-0.180239940274,0.367353838626,0.164769842953
-0.0154511085894,-0.180134418686,0.367345839634,0.164739853818
-0.0146604931409,-0.179308384433,0.366929722297,0.164858163069
-0.0165676346518,-0.181726127576,0.367695532505,0.164429049739
-0.0196754001051,-0.18553081183,0.36906177751,0.163785049473
-0.0178188492841,-0.18317101283,0.368186212301,0.164110943041
-0.0180155999546,-0.18351064987,0.368240768498,0.164078118632
-0.0173506202628,-0.182613361823,0.36804414302,0.164245240991
-0.0198047773401,-0.185719267073,0.369120551577,0.163680775752
-0.0183621668135,-0.183939948703,0.368427092713,0.163962437127
-0.0186072731557,-0.184179761932,0.368548291322,0.163858480033
-0.016354635861,-0.181480049455,0.367506840208,0.164333754614
