0,9993,29979,10000,13.8671864062,1.13256991594,8.4814407825
1,19978,59934,20000,2.92587653324,0.90991092049,16.008515834
2,29973,89919,30000,3.06280272219,1.3702955232,23.375594854
3,39962,119886,40000,2.58753435694,1.31542773337,30.900403976
4,49951,149853,50000,2.04553448757,0.935244444305,38.319939851
5,59945,179835,60000,1.76361999775,0.511110348735,45.585887908
6,69936,209808,70000,1.56087109914,0.352686083039,52.95147776
7,79927,239781,80000,1.51091344118,0.350124975768,60.542841911
8,89921,269763,90000,1.47594829953,0.347363121525,68.115486860
9,99912,299736,100000,1.36736809624,0.322985446815,75.746492862
10,109906,329718,110000,1.28912496658,0.301946507879,83.382212877
11,119896,359688,120000,1.29119727818,0.306036648933,91.272925853
12,129885,389655,130000,1.2284747538,0.289021643901,99.210936784
13,139872,419616,140000,1.19724331244,0.293221001604,107.03266191
14,149866,449598,150000,1.17302234607,0.27053863753,114.66583991
15,159854,479562,160000,1.12359926055,0.255503044611,122.64162898
16,169840,509520,170000,1.11831542759,0.259472087017,130.2355599
17,179828,539484,180000,1.11798410182,0.255382224084,138.44606590
18,189820,569460,190000,1.08645868709,0.243757151338,146.12014579
19,199806,599418,200000,1.0750439432,0.251432920501,153.52183699
20,209792,649354,220000,1.03471375265,0.244979464016,167.64926576
21,219781,679321,230000,1.04948693148,0.233097349035,175.27320289
22,229768,709282,240000,1.01895485629,0.224369528558,182.63999581
23,239749,739225,250000,1.02369158419,0.228720598458,190.17690396
24,249739,769195,260000,1.03508914677,0.227341596966,197.49241995
25,259727,799159,270000,1.00377533244,0.217782780207,204.7290048
26,269713,829117,280000,0.988189915014,0.212928085537,212.0444688
27,279706,859096,290000,0.99180976865,0.214473734138,219.37183880
28,289696,889066,300000,0.965788376927,0.206033757012,226.72989797
29,299689,919045,310000,0.981115366544,0.209223320306,234.00145578
30,309679,949015,320000,0.95254208514,0.197715013723,241.31104898
31,319668,978982,330000,0.948780278175,0.2070670925,248.47218298
32,329656,1008946,340000,0.962174904483,0.198505219609,255.65745186
33,339649,1038925,350000,0.948492976815,0.195799863603,262.94851493
34,349639,1068895,360000,0.939374115434,0.189767102506,270.20940780
35,359632,1098874,370000,0.940131281297,0.18952217747,277.29987883
36,369618,1128832,380000,0.940495333964,0.198937835826,284.48832678
37,379603,1158787,390000,0.926321220193,0.186539070126,291.58281087
38,389594,1188760,400000,0.921713152656,0.190521721987,298.73500180
39,399577,1218709,410000,0.921675611913,0.184869467702,306.1043229
40,409564,1268650,430000,0.93152345791,0.203571850189,320.35786795
41,419555,1298623,440000,0.905880009434,0.182818738641,327.66450595
42,429544,1328590,450000,0.907686690115,0.181205962886,334.77778983
43,439537,1358569,460000,0.917643005989,0.185093323195,341.99341988
44,449519,1388515,470000,0.904510583842,0.182041475113,349.31789898
45,459513,1418497,480000,0.925563334701,0.180198506946,356.75320577
46,469501,1448461,490000,0.910714677952,0.181641726674,363.77715396
47,479491,1478431,500000,0.920208739844,0.193747779033,371.12979388
48,489478,1508392,510000,0.9081546005,0.18545924831,378.19611191
49,499466,1538356,520000,0.910177618956,0.178199627388,385.65784382
50,509457,1568329,530000,0.897000136413,0.171239292668,393.08252692
51,519441,1598281,540000,0.895995071208,0.173307250991,400.46936178
52,529431,1628251,550000,0.898140629844,0.171044666607,408.07033991
53,539414,1658200,560000,0.900259791287,0.179676920539,415.3087098
54,549407,1688179,570000,0.889426168588,0.173426546204,422.57545685
55,559396,1718146,580000,0.915607773164,0.187777797899,429.87057089
56,569385,1748113,590000,0.88674103405,0.169879678705,437.23460292
57,579376,1778086,600000,0.901716330976,0.175547498921,444.43188786
58,589362,1808044,610000,0.912777753601,0.18313882074,451.7743828
59,599352,1838014,620000,0.92228764842,0.183382924673,458.73285889
60,609343,1887951,640000,0.904322148966,0.175852788354,472.63626384
61,619329,1917909,650000,0.90784029856,0.186332619185,480.29076790
62,629320,1947882,660000,0.892424338357,0.174278191337,488.73160791
63,639315,1977867,670000,0.913468268748,0.1781808601,496.51049780
64,649307,2007843,680000,0.907535240838,0.188631020071,504.93657183
65,659296,2037810,690000,0.922629546367,0.188398569569,513.025487
66,669287,2067783,700000,0.904219312489,0.176420988799,521.28978395
67,679270,2097732,710000,0.912483113339,0.193625496555,531.33717894
68,689258,2127696,720000,0.901527424494,0.173406148845,539.74470186
69,699245,2157657,730000,0.884770657131,0.17056680062,547.40952396
70,709229,2187609,740000,0.90178657739,0.175487996726,555.91236376
71,719219,2217579,750000,0.897251077762,0.174652822917,563.98198890
72,729206,2247540,760000,0.917087327146,0.181584896176,573.82839894
73,739198,2277516,770000,0.903659986859,0.179654607809,583.5552709
74,749191,2307495,780000,0.909900483375,0.181207577167,592.61524176
75,759179,2337459,790000,0.898431486806,0.183361554316,601.54947590
76,769170,2367432,800000,0.904777249847,0.187314529135,610.47953486
77,779163,2397411,810000,0.900056922923,0.184416608918,619.50469493
78,789157,2427393,820000,0.880426793438,0.167286121501,628.5252828
79,799143,2457351,830000,0.881672037246,0.190948284739,637.54027390
80,809130,2507280,850000,0.885221602233,0.178363901528,653.88151192
81,819123,2537259,860000,0.912765813023,0.183085794282,663.57637691
82,829114,2567232,870000,0.890973517645,0.182330042504,672.09003090
83,839100,2597190,880000,0.877874969087,0.170349033316,681.81754493
84,849090,2627160,890000,0.879953406349,0.172661186899,690.38436698
85,859075,2657115,900000,0.897957623176,0.180199210362,698.49800682
86,869061,2687073,910000,0.919467084433,0.187205257588,706.78084683
87,879052,2717046,920000,0.883785437982,0.17814665373,715.30859899
88,889043,2747019,930000,0.893827992048,0.180337637589,723.47332382
89,899031,2776983,940000,0.896854531614,0.19130946919,732.07037377
90,909022,2806956,950000,0.889312119922,0.16877935755,740.56299090
91,919019,2836947,960000,0.885728576955,0.171508328928,749.24698591
92,929009,2866917,970000,0.899892739291,0.193660394277,758.42847394
93,938997,2896881,980000,0.897579214479,0.174438293472,766.83050894
94,948984,2926842,990000,0.883489174407,0.168721015757,775.17678189
95,958973,2956809,1000000,0.889365059909,0.174012340899,783.14339995
96,968967,2986791,1010000,0.903101281861,0.183508820962,791.90376377
97,978951,3016743,1020000,0.887674406056,0.172295029787,800.4317138
98,988938,3046704,1030000,0.897052421584,0.176660982982,809.00901699
99,998927,3076671,1040000,0.884499063346,0.172545701393,817.55832195
100,1008916,3126612,1060000,0.892591042956,0.17113903066,834.11627578
101,1018904,3156576,1070000,0.883688543996,0.171821856242,842.29101085
102,1028897,3186555,1080000,0.88990649469,0.180740375357,850.8112969
103,1038887,3216525,1090000,0.906220843153,0.178498006882,859.21477699
104,1048875,3246489,1100000,0.880735841668,0.177278550405,866.75794696
105,1058866,3276462,1110000,0.879963264082,0.16595986403,874.41447186
106,1068859,3306441,1120000,0.889855383101,0.175481290981,882.72544479
107,1078852,3336420,1130000,0.892060590059,0.178039814128,890.54626178
108,1088841,3366387,1140000,0.886370998803,0.173270243584,898.8037979
109,1098832,3396360,1150000,0.902419270596,0.174324812706,907.16951179
110,1108823,3426333,1160000,0.889577717769,0.168515581075,915.60126781
111,1118818,3456318,1170000,0.910412401848,0.1824097317,923.94047284
112,1128807,3486285,1180000,0.894266516555,0.172941999504,932.0818247
113,1138801,3516267,1190000,0.881173677339,0.167560555215,940.55334687
114,1148791,3546237,1200000,0.894532700529,0.177856534328,948.99483799
115,1158780,3576204,1210000,0.889555555954,0.177062472276,957.14629578
116,1168766,3606162,1220000,0.887127621245,0.168797752923,965.13861894
117,1178759,3636141,1230000,0.901314129086,0.182615372236,973.25708293
118,1188749,3666111,1240000,0.878695848996,0.176762234563,981.62830185
119,1198741,3696087,1250000,0.889958229377,0.175183860577,990.07617592
120,1208734,3746040,1270000,0.894784828508,0.174667271971,1005.6945579
121,1218729,3776025,1280000,0.879272406381,0.164843038815,1013.6755628
122,1228720,3805998,1290000,0.902936968787,0.180424076571,1022.6223528
123,1238715,3835983,1300000,0.886646563997,0.178147437662,1031.3928878
124,1248702,3865944,1310000,0.891277026851,0.173236430036,1040.2772018
125,1258688,3895902,1320000,0.89834237457,0.177522041853,1048.6676018
126,1268679,3925875,1330000,0.874627269668,0.172791763338,1057.1935877
127,1278666,3955836,1340000,0.903701277311,0.183800177456,1066.1358637
128,1288655,3985803,1350000,0.903239460602,0.182273730152,1074.906099
129,1298643,4015767,1360000,0.883752239706,0.171581258348,1083.9638779
130,1308638,4045752,1370000,0.890062361641,0.187497488463,1092.5313639
131,1318630,4075728,1380000,0.896381770961,0.180801790088,1101.2040779
132,1328620,4105698,1390000,0.895307871124,0.179689655124,1109.8976697
133,1338611,4135671,1400000,0.882415995387,0.165701033677,1118.3585407
134,1348597,4165629,1410000,0.896354649762,0.188152889447,1126.5030608
135,1358592,4195614,1420000,0.891832596475,0.169961716564,1135.1179549
136,1368578,4225572,1430000,0.860638498652,0.169239975583,1143.8026318
137,1378569,4255545,1440000,0.886980571696,0.169192784935,1152.4333658
138,1388556,4285506,1450000,0.886802277824,0.165659730653,1161.0786488
139,1398546,4315476,1460000,0.887912071469,0.179018038522,1169.9299368
140,1408533,4365409,1480000,0.875405150998,0.175832100033,1186.8997409
141,1418526,4395388,1490000,0.874322233583,0.174488624714,1195.3057289
142,1428520,4425370,1500000,0.876882244748,0.166244999541,1203.7763469
143,1438510,4455340,1510000,0.890606975153,0.172475698968,1212.3741118
144,1448493,4485289,1520000,0.888834866877,0.177633177496,1220.829662
145,1458484,4515262,1530000,0.87480718847,0.168080153002,1229.350732
146,1468474,4545232,1540000,0.877701747279,0.167956454766,1238.0814549
147,1478465,4575205,1550000,0.884731094809,0.182312782303,1246.4816899
148,1488452,4605166,1560000,0.868904029548,0.164157037195,1255.2143189
149,1498445,4635145,1570000,0.86549917707,0.164242768052,1263.699819
150,1508437,4665121,1580000,0.891762838095,0.179607923735,1272.9060747
151,1518428,4695094,1590000,0.868315578076,0.162586314676,1281.4098317
152,1528414,4725052,1600000,0.883130422797,0.168550118777,1290.2337889
153,1538401,4755013,1610000,0.883304275389,0.169414500269,1299.1319179
154,1548389,4784977,1620000,0.870495195792,0.166354810003,1307.7176709
155,1558378,4814944,1630000,0.888173472264,0.172730244998,1315.7993488
156,1568370,4844920,1640000,0.876791135067,0.167216101513,1324.7407329
157,1578360,4874890,1650000,0.890280210051,0.164078070127,1333.2947819
158,1588347,4904851,1660000,0.886367109617,0.175282140977,1342.2416877
159,1598333,4934809,1670000,0.872049869502,0.166741911836,1350.8124818
160,1608324,4984768,1690000,0.860652997894,0.157846130447,1367.1439118
161,1618314,5014738,1700000,0.882100981424,0.173263142256,1375.4448127
162,1628306,5044714,1710000,0.870829028279,0.166744925433,1382.9901428
163,1638298,5074690,1720000,0.877330283176,0.175491675319,1390.1314709
164,1648287,5104657,1730000,0.873131548521,0.170285013233,1397.9201548
165,1658275,5134621,1740000,0.875575269656,0.179236720781,1405.34290
166,1668265,5164591,1750000,0.861899799368,0.15753605293,1412.6414949
167,1678259,5194573,1760000,0.85951363294,0.158716273161,1420.1995749
168,1688251,5224549,1770000,0.877251446997,0.172242806227,1427.3892958
169,1698246,5254534,1780000,0.870895747296,0.164383336748,1434.7115538
170,1708239,5284513,1790000,0.880163482612,0.173117550397,1442.1516277
171,1718235,5314501,1800000,0.86154372687,0.16357725077,1449.9693589
172,1728223,5344465,1810000,0.856301396378,0.166438459476,1457.2709319
173,1738216,5374444,1820000,0.873414183118,0.17028791624,1464.9708318
174,1748203,5404405,1830000,0.855163278086,0.160461654949,1472.281171
175,1758193,5434375,1840000,0.86421076453,0.166443229119,1479.1973459
176,1768186,5464354,1850000,0.885186086555,0.176749171985,1486.5412669
177,1778174,5494318,1860000,0.853086155886,0.157131967514,1493.7048199
178,1788164,5524288,1870000,0.875453627312,0.169967339786,1500.9382209
179,1798154,5554258,1880000,0.895207948363,0.167706948511,1508.0160129
180,1808143,5604215,1900000,0.872124369814,0.165220830444,1522.0350577
181,1818126,5634164,1910000,0.887197801906,0.167650694696,1529.3574209
182,1828117,5664137,1920000,0.889794864639,0.17563837906,1536.7077889
183,1838108,5694110,1930000,0.868246041782,0.171188604388,1544.3391618
184,1848099,5724083,1940000,0.868853574139,0.168840342084,1551.7024478
185,1858089,5754053,1950000,0.884807351537,0.171961950911,1559.0891618
186,1868077,5784017,1960000,0.864596416509,0.162653796519,1566.8810708
187,1878068,5813990,1970000,0.883154541286,0.17029851678,1573.9702148
188,1888052,5843942,1980000,0.860395304883,0.157237569829,1581.1577129
189,1898038,5873900,1990000,0.888413000511,0.175795146225,1588.1972858
190,1908032,5903882,2000000,0.874641460373,0.176899261085,1595.3528318
191,1918023,5933855,2010000,0.873467018196,0.167949310449,1602.5718088
192,1928009,5963813,2020000,0.869110441592,0.167018736374,1609.5717568
193,1937999,5993783,2030000,0.870123567383,0.16784842824,1616.7769098
194,1947987,6023747,2040000,0.864425726649,0.165323100456,1624.2195448
195,1957973,6053705,2050000,0.872973008711,0.165414846206,1631.796413
196,1967963,6083675,2060000,0.880556359326,0.176649527645,1639.0327129
197,1977959,6113663,2070000,0.870203503009,0.174786014802,1646.6106128
198,1987946,6143624,2080000,0.87852423454,0.167252573561,1653.9660708
199,1997936,6173594,2090000,0.877231949169,0.177781563614,1661.2418179
200,2007924,6223536,2110000,0.86883672128,0.178684185866,1674.95919
201,2017918,6253518,2120000,0.863203380172,0.16214156496,1682.4156467
202,2027908,6283488,2130000,0.876385167735,0.174394248587,1689.5649659
203,2037901,6313467,2140000,0.87260567439,0.168529389448,1696.6916999
204,2047887,6343425,2150000,0.875104881817,0.17217242388,1703.7589919
205,2057880,6373404,2160000,0.88041821025,0.172112281967,1711.0074679
206,2067869,6403371,2170000,0.865246674319,0.168031478657,1718.1713647
207,2077853,6433323,2180000,0.884197928974,0.181098782448,1725.2728259
208,2087847,6463305,2190000,0.881454853839,0.185171043396,1732.5304298
209,2097835,6493269,2200000,0.868770663483,0.185814257411,1739.8146638
210,2107828,6523248,2210000,0.868448841816,0.164445372715,1747.0650398
211,2117820,6553224,2220000,0.863265221964,0.179011939165,1754.4117088
212,2127805,6583179,2230000,0.853055018706,0.160947679418,1761.8099157
213,2137794,6613146,2240000,0.879702924075,0.170496739854,1769.0558347
214,2147777,6643095,2250000,0.866962241921,0.167830293289,1776.2290189
215,2157771,6673077,2260000,0.863036770769,0.158428021604,1783.1928877
216,2167753,6703023,2270000,0.883195028259,0.171436268243,1790.4042048
217,2177732,6732960,2280000,0.872674832309,0.168641474533,1797.695432
218,2187716,6762912,2290000,0.86707751712,0.181527421344,1805.2004938
219,2197711,6792897,2300000,0.868427527147,0.174348837618,1812.7089819
220,2207706,6842866,2320000,0.874964028642,0.169487066911,1827.20800
221,2217696,6872836,2330000,0.861273879608,0.162301197855,1834.8122308
222,2227685,6902803,2340000,0.883638127718,0.172519846162,1842.2817268
223,2237672,6932764,2350000,0.870227145863,0.162554090174,1849.8055849
224,2247666,6962746,2360000,0.884151138404,0.171064004776,1857.3850719
225,2257656,6992716,2370000,0.880738745988,0.178368831387,1864.9766378
226,2267647,7022689,2380000,0.870592017158,0.168424596878,1872.6014318
227,2277637,7052659,2390000,0.861385767041,0.174972027987,1880.1408028
228,2287629,7082635,2400000,0.857169537287,0.158736552249,1887.8895227
229,2297619,7112605,2410000,0.855851671211,0.163741285822,1895.4544069
230,2307608,7142572,2420000,0.872966361339,0.173558336525,1903.0882377
231,2317600,7172548,2430000,0.855916564999,0.169182583568,1910.5609979
232,2327590,7202518,2440000,0.867553196752,0.171362145693,1918.0615317
233,2337579,7232485,2450000,0.859495602823,0.16335493009,1925.2526907
234,2347569,7262455,2460000,0.866396086318,0.170107690212,1932.4224369
235,2357564,7292440,2470000,0.875301061098,0.180191856308,1939.7113709
236,2367555,7322413,2480000,0.861223736252,0.166634556034,1946.89374
237,2377542,7352374,2490000,0.862175366442,0.176517171578,1954.07187
238,2387529,7382335,2500000,0.859276787506,0.177061874004,1961.3043069
239,2397521,7412311,2510000,0.851764813284,0.1641585662,1968.5278029
240,2407510,7462264,2530000,0.854178164211,0.167391104824,1982.4262409
241,2417497,7492225,2540000,0.852974792438,0.158466115992,1989.7611908
242,2427479,7522171,2550000,0.865511590944,0.165957826982,1996.9726648
243,2437472,7552150,2560000,0.865516908577,0.169836578497,2004.1670129
244,2447463,7582123,2570000,0.866160712872,0.165393142185,2011.3239
245,2457454,7612096,2580000,0.863552272052,0.163110044511,2018.554452
246,2467443,7642063,2590000,0.877778491839,0.172775907291,2025.7018098
247,2477432,7672030,2600000,0.864769186137,0.16310198257,2032.8760697
248,2487425,7702009,2610000,0.869193887885,0.18008021354,2039.8790938
249,2497408,7731958,2620000,0.844693142957,0.165775342884,2047.0214819
250,2507400,7761934,2630000,0.86534953322,0.172084602327,2054.5336909
251,2517386,7791892,2640000,0.839995824376,0.163758463623,2061.8189289
252,2527371,7821847,2650000,0.874703488753,0.166801582498,2069.5000059
253,2537364,7851826,2660000,0.873388051741,0.170800297446,2076.9342949
254,2547353,7881793,2670000,0.865602939501,0.169928861686,2084.2713167
255,2557340,7911754,2680000,0.853986736939,0.169684852008,2091.5692818
256,2567329,7941721,2690000,0.857436703613,0.165325352783,2098.8882679
257,2577323,7971703,2700000,0.872033261307,0.164984581367,2106.189076
258,2587313,8001673,2710000,0.859248074315,0.16899216406,2113.4068398
259,2597305,8031649,2720000,0.848473193787,0.164754107332,2120.6100208
260,2607293,8081601,2740000,0.878530045646,0.166566809022,2134.39585
261,2617282,8111568,2750000,0.872501014213,0.173280820794,2141.7714018
262,2627276,8141550,2760000,0.875337300438,0.171472857605,2149.0336689
263,2637262,8171508,2770000,0.868260902057,0.16425759828,2156.4282469
264,2647257,8201493,2780000,0.858439605311,0.162121641133,2163.7669987
265,2657240,8231442,2790000,0.850226914542,0.15655089729,2171.0597698
266,2667231,8261415,2800000,0.867082108365,0.173904568428,2178.4600739
267,2677226,8291400,2810000,0.853431944277,0.171852052317,2185.7699739
268,2687215,8321367,2820000,0.844202495171,0.164003087559,2193.0703167
269,2697200,8351322,2830000,0.867391899611,0.161346604357,2200.2176499
270,2707193,8381301,2840000,0.872608798988,0.168547524328,2207.4798
271,2717188,8411286,2850000,0.858094790544,0.161381367866,2215.1289448
272,2727175,8441247,2860000,0.853794469662,0.159901887563,2222.5360069
273,2737165,8471217,2870000,0.857597327396,0.160984501439,2230.1508448
274,2747153,8501181,2880000,0.862876963771,0.168214310945,2237.5316557
275,2757145,8531157,2890000,0.865365046467,0.164201475266,2244.7198398
276,2767137,8561133,2900000,0.863870382871,0.170232348761,2252.0491678
277,2777125,8591097,2910000,0.853227220108,0.163849655584,2259.3961398
278,2787115,8621067,2920000,0.863973215166,0.164351158495,2266.7335219
279,2797101,8651025,2930000,0.854750807985,0.161299599151,2273.9183177
280,2807091,8700977,2950000,0.858416309064,0.159805560967,2287.9105219
281,2817082,8730950,2960000,0.86435967148,0.175286359897,2294.9434897
282,2827069,8760911,2970000,0.857938629361,0.164945518568,2302.1727178
283,2837060,8790884,2980000,0.855498831596,0.165878944873,2309.2131228
284,2847049,8820851,2990000,0.867065398379,0.170562175925,2316.2398688
285,2857043,8850833,3000000,0.863526349597,0.163753916682,2323.2333579
286,2867032,8880800,3010000,0.866381592214,0.185631338227,2330.3751859
287,2877021,8910767,3020000,0.872841702068,0.167056543547,2337.7233178
288,2887008,8940728,3030000,0.866967340632,0.173778906348,2344.7661528
289,2896999,8970701,3040000,0.861448428891,0.172278297582,2352.0159487
290,2906992,9000680,3050000,0.861386639834,0.166578932855,2359.2415387
291,2916984,9030656,3060000,0.85937773628,0.164067765039,2366.5901029
292,2926966,9060602,3070000,0.85918427962,0.164754445555,2373.8739168
293,2936954,9090566,3080000,0.860498605451,0.161278161623,2381.1260318
294,2946939,9120521,3090000,0.856915988342,0.165872124522,2388.4107949
295,2956930,9150494,3100000,0.864822021062,0.161752197995,2395.6766867
296,2966921,9180467,3110000,0.860661796928,0.164539809528,2402.7983369
297,2976914,9210446,3120000,0.843125701126,0.153468789412,2409.9282858
298,2986903,9240413,3130000,0.855871878723,0.164489011983,2417.0986759
299,2996894,9270386,3140000,0.87051078741,0.181567619096,2424.3264918
300,3006888,9320352,3160000,0.859075681024,0.173181325325,2438.0891618
301,3016877,9350319,3170000,0.869180848202,0.165032021926,2445.0725798
302,3026862,9380274,3180000,0.85534758964,0.164955182915,2452.2048268
303,3036851,9410241,3190000,0.860870226398,0.161589013904,2459.2654519
304,3046841,9440211,3200000,0.85510056546,0.167517182858,2466.511720
305,3056831,9470181,3210000,0.866170775224,0.165408837589,2473.7656297
306,3066822,9500154,3220000,0.835550329989,0.152487496627,2481.10020
307,3076816,9530136,3230000,0.847229449896,0.157784358257,2488.3116049
308,3086800,9560088,3240000,0.843430562894,0.166960461491,2495.6238257
309,3096790,9590058,3250000,0.84417371394,0.154313349369,2502.8867118
310,3106781,9620031,3260000,0.871745036649,0.179496588773,2509.9568078
311,3116766,9649986,3270000,0.849991551409,0.164209056473,2517.1996619
312,3126756,9679956,3280000,0.85416963144,0.160627225934,2524.1932098
313,3136743,9709917,3290000,0.868742365206,0.163837278541,2531.1769628
314,3146738,9739902,3300000,0.84509083769,0.159244930235,2538.3166527
315,3156728,9769872,3310000,0.860647905235,0.160152618315,2545.3178379
316,3166718,9799842,3320000,0.855206712767,0.169422291481,2552.5602469
317,3176706,9829806,3330000,0.857204893254,0.160804067066,2559.6827998
318,3186696,9859776,3340000,0.873588962565,0.170442888321,2566.8617579
319,3196681,9889731,3350000,0.862257736804,0.171318626542,2574.1232488
320,3206672,9939682,3370000,0.845737932321,0.158342508549,2587.7504949
321,3216662,9969652,3380000,0.845480541838,0.168135169841,2594.9732937
322,3226652,9999622,3390000,0.855780444252,0.158391363283,2602.3773038
323,3236644,10029598,3400000,0.857604495048,0.163699095313,2609.9143087
324,3246634,10059568,3410000,0.854245517216,0.162047907076,2617.4649798
325,3256621,10089529,3420000,0.854091505191,0.159373413823,2624.8196349
326,3266605,10119481,3430000,0.865191267357,0.169492373582,2632.5905709
327,3276597,10149457,3440000,0.850431427178,0.179420673514,2640.0290989
328,3286589,10179433,3450000,0.836815358915,0.160569433788,2647.361512
329,3296576,10209394,3460000,0.840505049103,0.159499097939,2654.7904968
330,3306563,10239355,3470000,0.85310236144,0.159583542154,2661.8867998
331,3316554,10269328,3480000,0.846343428186,0.165894445192,2669.2050709
332,3326542,10299292,3490000,0.855386722284,0.163776273313,2676.3192539
333,3336533,10329265,3500000,0.857360909313,0.17108758594,2683.7468378
334,3346519,10359223,3510000,0.855994396734,0.165699687421,2691.2377507
335,3356512,10389202,3520000,0.863933204149,0.165299002205,2698.508246
336,3366494,10419148,3530000,0.860030616786,0.169495566334,2705.6834278
337,3376486,10449124,3540000,0.850815830301,0.163142303547,2712.8243558
338,3386476,10479094,3550000,0.848654696538,0.166917631253,2719.9658367
339,3396467,10509067,3560000,0.841145330564,0.161696973761,2727.0129997
340,3406457,10559017,3580000,0.852559628214,0.162246071001,2740.5380158
341,3416442,10588972,3590000,0.855373698733,0.171556384787,2747.7836389
342,3426431,10618939,3600000,0.855251312141,0.168589592147,2755.1250739
343,3436423,10648915,3610000,0.853876182614,0.172869780226,2762.3871669
344,3446414,10678888,3620000,0.856668549812,0.164203206532,2769.6526868
345,3456404,10708858,3630000,0.847263219851,0.183246152007,2776.8097419
346,3466394,10738828,3640000,0.858520151792,0.165519884599,2784.0158197
347,3476382,10768792,3650000,0.84553637753,0.154809898387,2791.1514477
348,3486370,10798756,3660000,0.849045024355,0.159387922,2798.594268
349,3496360,10828726,3670000,0.843252089457,0.168869165971,2806.0587508
350,3506352,10858702,3680000,0.854868633071,0.167455763968,2813.4956579
351,3516342,10888672,3690000,0.853170681363,0.162683742603,2820.8085048
352,3526330,10918636,3700000,0.847796377028,0.162894816945,2827.9720377
353,3536320,10948606,3710000,0.850781764053,0.165279942131,2835.3598787
354,3546310,10978576,3720000,0.85158507988,0.167476032965,2842.6011128
355,3556300,11008546,3730000,0.849222116876,0.159857657069,2849.6907229
356,3566293,11038525,3740000,0.854327261978,0.173503251351,2856.9135577
357,3576286,11068504,3750000,0.869317892383,0.171357129769,2864.2227809
358,3586278,11098480,3760000,0.85659315865,0.167185495509,2871.391915
359,3596272,11128462,3770000,0.842996622777,0.163935568538,2878.4524159
360,3606257,11178409,3790000,0.846161444735,0.16721304785,2892.1158897
361,3616252,11208394,3800000,0.852374260055,0.161964265409,2899.3336489
362,3626239,11238355,3810000,0.840446244035,0.156719222882,2906.3458077
363,3636229,11268325,3820000,0.836773550946,0.155601429163,2913.558456
364,3646211,11298271,3830000,0.852534506666,0.172649793699,2920.8191258
365,3656202,11328244,3840000,0.856828121713,0.183130668785,2927.8261449
366,3666192,11358214,3850000,0.85652650049,0.168521002482,2934.9051067
367,3676182,11388184,3860000,0.846962254005,0.161700992098,2942.2866768
368,3686172,11418154,3870000,0.858162826773,0.158942074571,2949.785458
369,3696164,11448130,3880000,0.850361958293,0.158351752214,2957.1792578
370,3706158,11478112,3890000,0.85985812093,0.166878273966,2964.6780049
371,3716150,11508088,3900000,0.845484191257,0.158170399024,2972.0125539
372,3726138,11538052,3910000,0.862006245249,0.165934545382,2979.3847029
373,3736133,11568037,3920000,0.844471472576,0.156325609428,2986.7128379
374,3746126,11598016,3930000,0.854622305706,0.163442578045,2993.948453
375,3756113,11627977,3940000,0.833313109474,0.163321058831,3001.230297
376,3766104,11657950,3950000,0.830586060434,0.151213411404,3008.4253969
377,3776097,11687929,3960000,0.848833980502,0.157685670805,3015.7250928
378,3786088,11717902,3970000,0.846957119677,0.163769796374,3022.8718619
379,3796071,11747851,3980000,0.873543275446,0.170641676411,3030.1381609
380,3806058,11797796,4000000,0.841670213079,0.174298270829,3043.8257248
381,3816048,11827766,4010000,0.847036251047,0.164215296595,3050.8373479
382,3826043,11857751,4020000,0.841293720658,0.165279505926,3058.030538
383,3836036,11887730,4030000,0.850607122311,0.160037574618,3065.2151689
384,3846027,11917703,4040000,0.853069141956,0.163584717136,3072.38465
385,3856012,11947658,4050000,0.847554454306,0.159810975404,3079.6412968
386,3866006,11977640,4060000,0.852669020059,0.165990613174,3086.6249859
387,3875993,12007601,4070000,0.863945797098,0.164272239017,3093.8512058
388,3885980,12037562,4080000,0.857954715752,0.161611859378,3100.7447538
389,3895968,12067526,4090000,0.856951091215,0.159038975072,3108.0063149
390,3905958,12097496,4100000,0.83994470694,0.16782056746,3115.1651189
391,3915951,12127475,4110000,0.840560201898,0.159012127129,3122.4182348
392,3925943,12157451,4120000,0.857646660061,0.169493067743,3129.539985
393,3935929,12187409,4130000,0.850493846527,0.165054509372,3136.7787997
394,3945915,12217367,4140000,0.857493380538,0.165420848068,3144.1737508
395,3955906,12247340,4150000,0.851375169355,0.166151432421,3151.6962389
396,3965895,12277307,4160000,0.858348126754,0.164558761492,3158.932478
397,3975887,12307283,4170000,0.833658506214,0.16924255326,3166.111437
398,3985883,12337271,4180000,0.832674560083,0.162535345519,3173.7727608
399,3995878,12367256,4190000,0.844718730545,0.159199373367,3180.9802939
400,4005870,12417210,4210000,0.836461024105,0.157021856565,3194.8315789
401,4015863,12447189,4220000,0.850298255284,0.162108641297,3202.2103869
402,4025851,12477153,4230000,0.854887793764,0.170932075826,3209.3707349
403,4035839,12507117,4240000,0.848700680519,0.167675851573,3216.6821508
404,4045833,12537099,4250000,0.849911681768,0.165014850323,3223.8998689
405,4055826,12567078,4260000,0.859744326746,0.160312985285,3230.7741198
406,4065814,12597042,4270000,0.845489759136,0.172086721993,3237.7187
407,4075799,12626997,4280000,0.85375484275,0.157516291034,3244.9303908
408,4085787,12656961,4290000,0.845055780122,0.160845343709,3252.219240
409,4095778,12686934,4300000,0.8528348892,0.158825963336,3259.4736998
410,4105766,12716898,4310000,0.841829577959,0.153510358731,3266.6565318
411,4115759,12746877,4320000,0.845176648291,0.163860841259,3273.8694889
412,4125752,12776856,4330000,0.833992717335,0.156764050981,3280.8828179
413,4135740,12806820,4340000,0.849068120269,0.159058524235,3288.0041468
414,4145731,12836793,4350000,0.843877660272,0.16777919851,3295.0695538
415,4155717,12866751,4360000,0.8461765153,0.160397290067,3302.2638578
416,4165708,12896724,4370000,0.857077030042,0.16452442122,3309.4486677
417,4175704,12926712,4380000,0.852634951544,0.165164762017,3316.4848949
418,4185700,12956700,4390000,0.849303607143,0.166557937458,3323.7971937
419,4195692,12986676,4400000,0.84760215789,0.159434105617,3330.9683818
420,4205683,13036633,4420000,0.843759092943,0.153788244691,3344.5966668
421,4215671,13066597,4430000,0.852524230704,0.167113231559,3351.6865937
422,4225666,13096582,4440000,0.843062332682,0.161459072614,3359.0398
423,4235658,13126558,4450000,0.849903848838,0.157165702898,3365.9703578
424,4245647,13156525,4460000,0.839393815965,0.168334872641,3373.2661528
425,4255644,13186516,4470000,0.855053657344,0.16615850664,3380.7979898
426,4265630,13216474,4480000,0.86228040619,0.169307430376,3388.3544809
427,4275620,13246444,4490000,0.840335230658,0.164674062482,3395.7450227
428,4285610,13276414,4500000,0.832228083708,0.154694651378,3403.2731819
429,4295596,13306372,4510000,0.840942253385,0.157583948095,3410.7758369
430,4305576,13336312,4520000,0.839758200897,0.159759858399,3418.396169
431,4315564,13366276,4530000,0.862272999587,0.176958279608,3425.9124867
432,4325557,13396255,4540000,0.847962673855,0.173418328914,3433.167200
433,4335547,13426225,4550000,0.85445963497,0.173578812847,3440.0890579
434,4345536,13456192,4560000,0.853594135945,0.17496394169,3447.1222348
435,4355525,13486159,4570000,0.844173702097,0.162890022569,3454.0047638
436,4365517,13516135,4580000,0.843519405123,0.160182755368,3460.8379378
437,4375506,13546102,4590000,0.844525781855,0.163775821296,3467.9588289
438,4385495,13576069,4600000,0.860510106542,0.174149405001,3474.9880099
439,4395486,13606042,4610000,0.837360049362,0.167218622506,3482.1871178
440,4405475,13655999,4630000,0.844970081172,0.161178987946,3495.8723809
441,4415465,13685969,4640000,0.846214507638,0.162603916205,3503.2096378
442,4425456,13715942,4650000,0.848885730328,0.158171842665,3510.4063379
443,4435445,13745909,4660000,0.835602759831,0.155352603001,3517.7074019
444,4445440,13775894,4670000,0.852675207788,0.166100052807,3524.9302558
445,4455427,13805855,4680000,0.857850107521,0.171450796562,3531.8127999
446,4465423,13835843,4690000,0.838150238644,0.162671486865,3538.8148338
447,4475413,13865813,4700000,0.83974582514,0.158505509799,3545.8877739
448,4485399,13895771,4710000,0.838562094467,0.159309317624,3552.9998707
449,4495387,13925735,4720000,0.844743997974,0.167334539606,3560.0864288
450,4505379,13955711,4730000,0.837357204119,0.157496962082,3567.3217198
451,4515373,13985693,4740000,0.859169395115,0.17095494405,3574.4336938
452,4525361,14015657,4750000,0.845449897865,0.156999062473,3581.6896197
453,4535352,14045630,4760000,0.854749217261,0.167916270541,3589.0788018
454,4545341,14075597,4770000,0.853264710978,0.160033417427,3596.4038507
455,4555327,14105555,4780000,0.849239601352,0.161103760554,3603.5525548
456,4565316,14135522,4790000,0.852439466074,0.167939965912,3610.7480859
457,4575305,14165489,4800000,0.82858269837,0.164612824239,3618.0483617
458,4585297,14195465,4810000,0.845325776192,0.163969865099,3625.253467
459,4595285,14225429,4820000,0.851370003641,0.161307587889,3632.4937899
460,4605272,14275366,4840000,0.852463071299,0.17441718882,3646.169972
461,4615262,14305336,4850000,0.842664066649,0.162105943534,3653.4371039
462,4625255,14335315,4860000,0.832335413183,0.164947072918,3660.7841029
463,4635248,14365294,4870000,0.835018552145,0.152782733323,3668.0877509
464,4645237,14395261,4880000,0.844994763747,0.164743073293,3675.5910818
465,4655227,14425231,4890000,0.83057989395,0.156387083646,3683.35993
466,4665220,14455210,4900000,0.838134393498,0.155396311429,3690.757582
467,4675211,14485183,4910000,0.82511619646,0.151819224366,3698.4719998
468,4685199,14515147,4920000,0.841911426416,0.156207116407,3705.9423968
469,4695187,14545111,4930000,0.852787679896,0.165244372945,3713.254983
470,4705175,14575075,4940000,0.846970428926,0.181513885623,3720.7149989
471,4715164,14605042,4950000,0.833270733139,0.16159272821,3728.0721199
472,4725157,14635021,4960000,0.837152693721,0.166704329436,3735.1949107
473,4735148,14664994,4970000,0.847329742923,0.161361131596,3742.43440
474,4745134,14694952,4980000,0.845589967118,0.160539163707,3749.7351658
475,4755125,14724925,4990000,0.841180228354,0.164275680762,3756.9087109
476,4765113,14754889,5000000,0.845083902811,0.162167371823,3764.0496897
477,4775101,14784853,5010000,0.844463404289,0.164886725135,3771.1816799
478,4785095,14814835,5020000,0.838861891264,0.161993036904,3778.2739257
479,4795090,14844820,5030000,0.842433109003,0.15534951165,3785.5107169
480,4805074,14894754,5050000,0.829022442291,0.155189861765,3799.53535
481,4815062,14924718,5060000,0.844181095917,0.157785770252,3806.6624519
482,4825051,14954685,5070000,0.833324440702,0.162134396029,3813.5092878
483,4835036,14984640,5080000,0.844905272922,0.15322761268,3820.5284419
484,4845024,15014604,5090000,0.84263978211,0.155044967469,3827.3846969
485,4855011,15044565,5100000,0.837942890921,0.154596183496,3834.3506329
486,4865002,15074538,5110000,0.834754742683,0.15243052789,3841.5796828
487,4874995,15104517,5120000,0.844398911028,0.172921371993,3848.8924579
488,4884983,15134481,5130000,0.853686539841,0.166870224987,3855.9153637
489,4894972,15164448,5140000,0.83217934469,0.14939002832,3863.0904238
490,4904962,15194418,5150000,0.836111163947,0.162315997308,3870.3429219
491,4914950,15224382,5160000,0.834928645644,0.172086430928,3877.4318039
492,4924946,15254370,5170000,0.852796753092,0.167621082526,3884.6141188
493,4934936,15284340,5180000,0.839853302469,0.155658705807,3891.8847718
494,4944926,15314310,5190000,0.829728059276,0.154681540515,3899.0941748
495,4954917,15344283,5200000,0.843574669127,0.161300596892,3906.1617538
496,4964910,15374262,5210000,0.84610175203,0.159948495647,3913.4243109
497,4974897,15404223,5220000,0.85372635257,0.161722254815,3920.4561948
498,4984885,15434187,5230000,0.844498913735,0.168790038412,3927.5800237
499,4994866,15464130,5240000,0.835917475228,0.162897277886,3934.7182629
500,5004859,15514077,5260000,0.833750341963,0.156745268627,3948.3158338
501,5014852,15544056,5270000,0.843848620556,0.186643704754,3955.3179957
502,5024840,15574020,5280000,0.856084046793,0.173000120537,3962.6121578
503,5034827,15603981,5290000,0.839984739042,0.158878275649,3970.3342568
504,5044821,15633963,5300000,0.843117118094,0.160285448248,3977.5917038
505,5054809,15663927,5310000,0.83686735677,0.164043150779,3985.048623
506,5064799,15693897,5320000,0.845920627232,0.166090951235,3992.3989667
507,5074793,15723879,5330000,0.832356201754,0.155776908811,3999.5298199
508,5084789,15753867,5340000,0.83693154872,0.157057927595,4006.5426478
509,5094785,15783855,5350000,0.834781386258,0.158162547396,4013.6664378
510,5104771,15813813,5360000,0.841242923628,0.161260553917,4020.7183668
511,5114763,15843789,5370000,0.838945653331,0.160639747022,4027.8628168
512,5124752,15873756,5380000,0.844622196903,0.166424571243,4035.0248799
513,5134741,15903723,5390000,0.840409934184,0.156548433136,4042.1276459
514,5144723,15933669,5400000,0.842735162654,0.164620056748,4049.5258219
515,5154709,15963627,5410000,0.838331425459,0.162109348991,4056.6864378
516,5164697,15993591,5420000,0.836340289981,0.156186157223,4063.9626607
517,5174689,16023567,5430000,0.846638383568,0.161022628457,4071.0169079
518,5184679,16053537,5440000,0.829110671905,0.154458647933,4078.3337807
519,5194672,16083516,5450000,0.856015896059,0.164564662047,4085.3198678
520,5204659,16133457,5470000,0.845852016871,0.170269355316,4098.8839588
521,5214653,16163439,5480000,0.848014822805,0.162715955277,4105.918008
522,5224645,16193415,5490000,0.851280461458,0.168648505835,4112.9052178
523,5234636,16223388,5500000,0.827678548748,0.152504786462,4119.8329839
524,5244630,16253370,5510000,0.837765374413,0.153922141938,4126.8454029
525,5254622,16283346,5520000,0.826559222947,0.151098112979,4133.9522459
526,5264612,16313316,5530000,0.843793152764,0.155591283491,4141.1975429
527,5274596,16343268,5540000,0.834312361399,0.159193970436,4148.2086269
528,5284593,16373259,5550000,0.85317683726,0.163531680268,4155.3869059
529,5294585,16403235,5560000,0.848217042096,0.177866681727,4162.5577938
530,5304578,16433214,5570000,0.83055494265,0.16637280564,4169.9118189
531,5314570,16463190,5580000,0.836035762712,0.161343427009,4177.2198679
532,5324559,16493157,5590000,0.840159358398,0.162890344147,4184.6641709
533,5334553,16523139,5600000,0.850122794611,0.164725758997,4192.1784458
534,5344540,16553100,5610000,0.827700919009,0.155237078905,4199.4788699
535,5354527,16583061,5620000,0.858840661792,0.171416292754,4207.1742498
536,5364517,16613031,5630000,0.847792467227,0.166713754478,4214.4413158
537,5374503,16642989,5640000,0.842067881408,0.159502882675,4222.0140159
538,5384490,16672950,5650000,0.839418015535,0.161378879304,4229.3096528
539,5394483,16702929,5660000,0.838619206698,0.162194554433,4236.7876989
540,5404473,16752885,5680000,0.83769113176,0.154087043617,4250.886231
541,5414463,16782855,5690000,0.832220020546,0.16089471702,4258.1171717
542,5424458,16812840,5700000,0.835529169948,0.153189656647,4265.3207519
543,5434451,16842819,5710000,0.838933443741,0.157238484842,4272.5178959
544,5444444,16872798,5720000,0.832090947828,0.169893849198,4279.7339727
545,5454431,16902759,5730000,0.828181954049,0.154382460769,4286.9980659
546,5464415,16932711,5740000,0.826742500927,0.166522651086,4294.2660629
547,5474403,16962675,5750000,0.843907688966,0.158642001812,4301.4216358
548,5484392,16992642,5760000,0.830196295673,0.160784132449,4308.54964
549,5494381,17022609,5770000,0.848145462058,0.176803438319,4315.7198457
550,5504371,17052579,5780000,0.837500119492,0.159683843161,4322.8730609
551,5514354,17082528,5790000,0.847895724982,0.162713844477,4330.0911409
552,5524345,17112501,5800000,0.843182205767,0.160636818888,4337.2654268
553,5534332,17142462,5810000,0.846913233274,0.162499684146,4344.5069899
554,5544316,17172414,5820000,0.842336067047,0.15977224454,4351.8037788
555,5554306,17202384,5830000,0.835510927151,0.164132330423,4358.9677569
556,5564292,17232342,5840000,0.825827339889,0.160236166611,4366.0822157
557,5574286,17262324,5850000,0.822453183967,0.149959603539,4373.2238287
558,5584284,17292318,5860000,0.839220974194,0.164842272193,4380.47264
559,5594278,17322300,5870000,0.84342464104,0.162870093768,4387.5919988
560,5604264,17372244,5890000,0.823996705975,0.148591316637,4401.1277217
561,5614261,17402235,5900000,0.826905245041,0.154431793194,4408.7310428
562,5624254,17432214,5910000,0.845208179378,0.155642781776,4416.2245497
563,5634250,17462202,5920000,0.84393567926,0.158254098038,4423.6447439
564,5644239,17492169,5930000,0.825405807484,0.152423570331,4430.9307467
565,5654231,17522145,5940000,0.823767353072,0.159290870278,4438.2345879
566,5664219,17552109,5950000,0.83510904165,0.161992160008,4445.4494438
567,5674211,17582085,5960000,0.842348519559,0.158053817148,4452.5284888
568,5684204,17612064,5970000,0.84321607413,0.153677083323,4459.7716398
569,5694194,17642034,5980000,0.833292058622,0.160652012144,4467.0650179
570,5704185,17672007,5990000,0.83561562858,0.16135549658,4474.1465899
571,5714173,17701971,6000000,0.846187490336,0.162071035785,4481.3342487
572,5724162,17731938,6010000,0.831897797867,0.153966609215,4488.7332258
573,5734149,17761899,6020000,0.839929345376,0.169064351437,4496.0009279
574,5744139,17791869,6030000,0.848496910919,0.158166867638,4503.2159528
575,5754129,17821839,6040000,0.836840963006,0.164163327242,4510.3322727
576,5764118,17851806,6050000,0.831182603322,0.159218482288,4517.4804229
577,5774101,17881755,6060000,0.843200250754,0.174873381826,4524.4831228
578,5784090,17911722,6070000,0.835268116863,0.151202505782,4531.5325257
579,5794081,17941695,6080000,0.82338617498,0.158160404484,4538.6400148
580,5804074,17991654,6100000,0.84230204402,0.159896853366,4552.3233578
581,5814062,18021618,6110000,0.827074602678,0.158872006938,4559.3138318
582,5824053,18051591,6120000,0.840663513942,0.157890106445,4566.4534208
583,5834039,18081549,6130000,0.829881931264,0.162962569047,4573.5880827
584,5844024,18111504,6140000,0.830924793123,0.152389090502,4580.7554128
585,5854012,18141468,6150000,0.841290257605,0.157524697979,4587.9185428
586,5864000,18171432,6160000,0.846694232187,0.161257527744,4595.0106959
587,5873982,18201378,6170000,0.841111368709,0.160176247577,4602.2945017
588,5883973,18231351,6180000,0.841425838103,0.165931421414,4609.5986809
589,5893963,18261321,6190000,0.845374270676,0.162538171162,4616.7910218
590,5903957,18291303,6200000,0.840150616157,0.157086003581,4623.9424369
591,5913946,18321270,6210000,0.832186803721,0.161489715814,4631.1552739
592,5923936,18351240,6220000,0.827443945409,0.160489470124,4638.4202377
593,5933925,18381207,6230000,0.831823002994,0.155691335425,4645.6449718
594,5943914,18411174,6240000,0.838081978346,0.157011806674,4653.1112089
595,5953906,18441150,6250000,0.838783710555,0.159446204862,4660.3730528
596,5963900,18471132,6260000,0.819894044124,0.151960571494,4667.5184419
597,5973891,18501105,6270000,0.834263876703,0.163350798866,4674.673309
598,5983877,18531063,6280000,0.830143431774,0.149723771905,4682.0877089
599,5993868,18561036,6290000,0.842022395865,0.165108633837,4689.2402398
600,6003858,18610976,6310000,0.839389395237,0.174447463741,4703.1008398
601,6013850,18640952,6320000,0.836779786533,0.154260614111,4710.6411929
602,6023840,18670922,6330000,0.839451045792,0.149821854606,4718.0692789
603,6033825,18700877,6340000,0.839083194315,0.161974951258,4725.4950208
604,6043817,18730853,6350000,0.833682601326,0.156954996492,4732.8292839
605,6053808,18760826,6360000,0.841326537856,0.16647759814,4739.9957199
606,6063800,18790802,6370000,0.818648474017,0.145095828314,4747.0249347
607,6073794,18820784,6380000,0.827565442206,0.150273190527,4754.0259609
608,6083784,18850754,6390000,0.824270350905,0.153588807245,4761.0873329
609,6093774,18880724,6400000,0.845850125269,0.164943826397,4768.0935449
610,6103762,18910688,6410000,0.845195488536,0.169021355875,4775.048312
611,6113750,18940652,6420000,0.829807484445,0.154911589743,4782.1688268
612,6123731,18970595,6430000,0.83177087898,0.150095006166,4789.4245998
613,6133726,19000580,6440000,0.849410204881,0.163614565447,4796.4616329
614,6143716,19030550,6450000,0.822643083694,0.155917577925,4803.5032999
615,6153706,19060520,6460000,0.835520799699,0.155765351358,4810.7872998
616,6163698,19090496,6470000,0.82849297233,0.154024610479,4817.9553909
617,6173688,19120466,6480000,0.823172260648,0.147742516169,4825.2124929
618,6183675,19150427,6490000,0.838637210338,0.161061055821,4832.4873769
619,6193662,19180388,6500000,0.826189368642,0.15259921827,4839.6631238
620,6203657,19230359,6520000,0.82309279492,0.149091222173,4853.4306237
621,6213644,19260320,6530000,0.827359996306,0.152084363597,4860.5010709
622,6223637,19290299,6540000,0.830461851373,0.157986827918,4867.3789608
623,6233623,19320257,6550000,0.824855684929,0.158448590049,4874.3582339
624,6243608,19350212,6560000,0.821584478588,0.15816144595,4881.2448067
625,6253587,19380149,6570000,0.833643795933,0.155462588268,4888.3704638
626,6263576,19410116,6580000,0.824297776901,0.14875350173,4895.6204738
627,6273569,19440095,6590000,0.84630278086,0.168819918429,4902.522502
628,6283560,19470068,6600000,0.826814128348,0.151843024316,4909.4768698
629,6293554,19500050,6610000,0.831024095924,0.155564023377,4916.7125067
630,6303546,19530026,6620000,0.83295334651,0.157116075659,4923.9311709
631,6313537,19559999,6630000,0.833704124377,0.155303698364,4931.0914938
632,6323525,19589963,6640000,0.840268819042,0.158221891115,4938.0588557
633,6333514,19619930,6650000,0.826765331683,0.153256208331,4945.1909098
634,6343500,19649888,6660000,0.835677654426,0.160292628579,4952.259965
635,6353488,19679852,6670000,0.827773296463,0.156129234088,4959.4362559
636,6363482,19709834,6680000,0.825866868906,0.150748607121,4966.6465988
637,6373476,19739816,6690000,0.835047215236,0.156697630453,4973.8463418
638,6383467,19769789,6700000,0.831105952442,0.153383161567,4980.9998469
639,6393459,19799765,6710000,0.842375569258,0.156902364405,4988.2863819
640,6403452,19849718,6730000,0.837048929512,0.165168140687,5002.288199
641,6413444,19879694,6740000,0.839471206648,0.158917705884,5009.6402289
642,6423437,19909673,6750000,0.825004101112,0.162332313063,5016.8828818
643,6433423,19939631,6760000,0.82957893239,0.158171495285,5024.3038928
644,6443407,19969583,6770000,0.820813894656,0.152086466597,5031.4586629
645,6453400,19999562,6780000,0.821379401067,0.155558447693,5038.4428269
646,6463386,20029520,6790000,0.830746851888,0.154169474967,5045.6976039
647,6473376,20059490,6800000,0.829781251169,0.164660999423,5052.7807538
648,6483365,20089457,6810000,0.824161426867,0.153002916636,5059.8327028
649,6493357,20119433,6820000,0.841872079728,0.159952792976,5067.1349959
650,6503348,20149406,6830000,0.848069837423,0.160106764749,5074.241990
651,6513341,20179385,6840000,0.826185617055,0.174629579271,5081.3205299
652,6523334,20209364,6850000,0.824562108184,0.147942714254,5088.3540358
653,6533325,20239337,6860000,0.820851698839,0.155102177977,5095.6201047
654,6543312,20269298,6870000,0.836881974627,0.167926654785,5102.6613879
655,6553302,20299268,6880000,0.839569218263,0.157216293334,5109.9175798
656,6563296,20329250,6890000,0.829408642627,0.156799244144,5117.1150519
657,6573286,20359220,6900000,0.8284021241,0.155435250662,5124.1694829
658,6583279,20389199,6910000,0.830142306345,0.179639927058,5131.4540638
659,6593267,20419163,6920000,0.820634025806,0.149286716842,5139.0836648
660,6603259,20469117,6940000,0.83065630869,0.15337146102,5153.5869059
661,6613251,20499093,6950000,0.837732037096,0.163699440509,5161.1275188
662,6623240,20529060,6960000,0.838347044408,0.15699184004,5168.3375377
663,6633222,20559006,6970000,0.834321570831,0.159493777377,5175.7505497
664,6643212,20588976,6980000,0.837047109145,0.157389284983,5183.1500709
665,6653203,20618949,6990000,0.831570327455,0.157936292708,5190.3093018
666,6663190,20648910,7000000,0.83552033856,0.162320052859,5197.6458888
667,6673177,20678871,7010000,0.835366846384,0.164300430322,5204.8426239
668,6683166,20708838,7020000,0.847564400669,0.165396740935,5211.8711018
669,6693157,20738811,7030000,0.846034222242,0.164101568016,5218.9326448
670,6703148,20768784,7040000,0.837886006013,0.174456685908,5225.9086887
671,6713137,20798751,7050000,0.831625793135,0.156826180684,5232.9018969
672,6723123,20828709,7060000,0.831097701799,0.152319748642,5239.91334
673,6733113,20858679,7070000,0.826991176468,0.150752501049,5247.001679
674,6743101,20888643,7080000,0.820379468794,0.151267773422,5253.8158409
675,6753090,20918610,7090000,0.841677235723,0.161299885787,5260.9070987
676,6763078,20948574,7100000,0.837573247698,0.160384815885,5268.0561289
677,6773069,20978547,7110000,0.831606890689,0.154330446682,5275.0647139
678,6783056,21008508,7120000,0.841390414273,0.162640488274,5282.1844527
679,6793042,21038466,7130000,0.820946250541,0.15022971333,5289.1058058
680,6803037,21088429,7150000,0.821022082094,0.155781074644,5302.5805368
681,6813024,21118390,7160000,0.841844921228,0.153223189451,5309.6404528
682,6823012,21148354,7170000,0.814032813141,0.151928626223,5316.5817837
683,6833001,21178321,7180000,0.834541497769,0.162071313051,5323.7807397
684,6842992,21208294,7190000,0.831619385913,0.161011941028,5330.7548229
685,6852987,21238279,7200000,0.840447299638,0.186986765387,5337.8479139
686,6862979,21268255,7210000,0.837520696159,0.159727562302,5344.9061958
687,6872972,21298234,7220000,0.828172316649,0.149569230582,5351.9434769
688,6882961,21328201,7230000,0.842077074793,0.154336286997,5359.4063417
689,6892954,21358180,7240000,0.824913854541,0.16152654016,5366.7743737
690,6902946,21388156,7250000,0.832328047653,0.153585755555,5373.9604117
691,6912936,21418126,7260000,0.83849212505,0.154623848715,5381.1648318
692,6922923,21448087,7270000,0.819983437466,0.151757808841,5388.1040129
693,6932912,21478054,7280000,0.826866603643,0.154149353928,5395.3990118
694,6942902,21508024,7290000,0.836788727988,0.159012747694,5402.4119169
695,6952896,21538006,7300000,0.826000654103,0.151715059567,5409.6783688
696,6962890,21567988,7310000,0.823924474047,0.148985296105,5416.6385347
697,6972880,21597958,7320000,0.836551279921,0.163785837577,5423.6717138
698,6982869,21627925,7330000,0.822849711817,0.152078266902,5430.7835149
699,6992854,21657880,7340000,0.832507289173,0.15699830629,5438.168742
700,7002841,21707825,7360000,0.814576862628,0.145036510968,5452.0808169
701,7012829,21737789,7370000,0.826205685906,0.1509915288,5459.3000497
702,7022816,21767750,7380000,0.845812096127,0.160142919642,5466.6068069
703,7032805,21797717,7390000,0.823675277127,0.159158116238,5473.9312069
704,7042795,21827687,7400000,0.824436755415,0.158319361364,5481.2402617
705,7052785,21857657,7410000,0.835287443421,0.158407754694,5488.4963657
706,7062779,21887639,7420000,0.820763381094,0.154435789439,5495.6782908
707,7072770,21917612,7430000,0.841535622402,0.154774605192,5502.8464939
708,7082756,21947570,7440000,0.813083640081,0.145549275848,5510.1152639
709,7092738,21977516,7450000,0.831637239047,0.167495715172,5517.2646157
710,7102728,22007486,7460000,0.823197827412,0.155112067147,5524.6867508
711,7112716,22037450,7470000,0.832201186142,0.154454150773,5531.980717
712,7122704,22067414,7480000,0.827428374066,0.153143979036,5539.1005239
713,7132694,22097384,7490000,0.830931419101,0.163882905148,5546.2402398
714,7142689,22127369,7500000,0.809588928888,0.146470870732,5553.3434019
715,7152684,22157354,7510000,0.823502153675,0.15564242649,5560.5257449
716,7162671,22187315,7520000,0.824336384102,0.155343785645,5567.7404658
717,7172662,22217288,7530000,0.824375967156,0.150784363405,5575.1055228
718,7182648,22247246,7540000,0.823318072359,0.149042887868,5582.8512878
719,7192637,22277213,7550000,0.831848882295,0.173622955515,5589.9875469
720,7202623,22327153,7570000,0.832422786263,0.153315044416,5603.7442808
721,7212613,22357123,7580000,0.825988393313,0.156626925878,5610.8144938
722,7222606,22387102,7590000,0.839990233476,0.160816613394,5618.1135327
723,7232599,22417081,7600000,0.831288313867,0.160840928461,5625.2642657
724,7242590,22447054,7610000,0.830496790501,0.156346206193,5632.2338538
725,7252582,22477030,7620000,0.832193738684,0.170898957864,5639.20228
726,7262568,22506988,7630000,0.824360940706,0.157712270615,5646.3238308
727,7272561,22536967,7640000,0.823337376805,0.149240264906,5653.5191898
728,7282550,22566934,7650000,0.833604374383,0.157620792363,5660.7161247
729,7292543,22596913,7660000,0.839812800776,0.179904518842,5667.7247388
730,7302532,22626880,7670000,0.820619952843,0.153519882652,5675.038482
731,7312521,22656847,7680000,0.844335686866,0.154732360347,5682.169416
732,7322507,22686805,7690000,0.844657313024,0.163243975595,5689.2557549
733,7332500,22716784,7700000,0.824904055476,0.14901486141,5696.4374368
734,7342494,22746766,7710000,0.8242927365,0.153152014803,5703.6701028
735,7352485,22776739,7720000,0.816575265116,0.146483383139,5710.782715
736,7362473,22806703,7730000,0.829159160214,0.168211446214,5718.2618269
737,7372461,22836667,7740000,0.83309274045,0.158388352797,5725.4807059
738,7382448,22866628,7750000,0.809828507374,0.148310037655,5732.8178639
739,7392437,22896595,7760000,0.831915811831,0.160147477185,5740.0621519
740,7402425,22946547,7780000,0.833385191218,0.157688099312,5753.7491829
741,7412416,22976520,7790000,0.827170955437,0.154589507461,5760.9065468
742,7422407,23006493,7800000,0.836193506217,0.160202199711,5767.9190099
743,7432396,23036460,7810000,0.826976844875,0.153621307896,5774.9927339
744,7442387,23066433,7820000,0.832685183276,0.160966243882,5781.9132618
745,7452380,23096412,7830000,0.831480480206,0.153768862424,5789.1177029
746,7462370,23126382,7840000,0.820626044827,0.1653696897,5796.4274139
747,7472363,23156361,7850000,0.830820821267,0.151634527961,5803.631632
748,7482349,23186319,7860000,0.812073545921,0.141466146626,5810.8170728
749,7492339,23216289,7870000,0.826721099853,0.151747432655,5817.8353948
750,7502324,23246244,7880000,0.830653591637,0.164369966236,5825.0870997
751,7512308,23276196,7890000,0.829517127584,0.153985601305,5832.0015718
752,7522295,23306157,7900000,0.829959594754,0.15788070444,5839.0773217
753,7532286,23336130,7910000,0.814153411905,0.148925309304,5846.0545918
754,7542276,23366100,7920000,0.821529288934,0.152589076898,5853.3202018
755,7552267,23396073,7930000,0.814972958941,0.144106717987,5860.479731
756,7562255,23426037,7940000,0.821426650007,0.153488148719,5867.4044098
757,7572248,23456016,7950000,0.836524947708,0.165679319931,5874.4075009
758,7582238,23485986,7960000,0.825999482517,0.159210004673,5881.2973518
759,7592231,23515965,7970000,0.815660764735,0.150050308346,5888.3230848
760,7602219,23565913,7990000,0.830900888818,0.161699613749,5901.7753729
761,7612208,23595880,8000000,0.831073145293,0.163024688378,5908.8886799
762,7622199,23625853,8010000,0.81543370352,0.144868093443,5915.925103
763,7632186,23655814,8020000,0.820532683805,0.162510037612,5922.8142838
764,7642179,23685793,8030000,0.823940398179,0.146273722916,5929.884581
765,7652172,23715772,8040000,0.825404969513,0.158900893183,5937.1793868
766,7662165,23745751,8050000,0.824351041599,0.160167525035,5944.3025248
767,7672155,23775721,8060000,0.84102076745,0.169895203782,5951.2112247
768,7682141,23805679,8070000,0.814493508156,0.153303810397,5958.3932948
769,7692128,23835640,8080000,0.815272222301,0.14780048942,5965.503050
770,7702117,23865607,8090000,0.84608939789,0.160202604188,5972.5244178
771,7712104,23895568,8100000,0.822976800012,0.154216845034,5979.6383268
772,7722098,23925550,8110000,0.825511347159,0.15463779439,5986.4606699
773,7732084,23955508,8120000,0.829286217569,0.157016033193,5993.4301719
774,7742078,23985490,8130000,0.836180062646,0.172435478809,6000.2855479
775,7752066,24015454,8140000,0.826735252442,0.157023881438,6007.4979958
776,7762055,24045421,8150000,0.836284663063,0.153191527038,6014.7351088
777,7772049,24075403,8160000,0.829152974455,0.162886842813,6021.9691569
778,7782039,24105373,8170000,0.831037189973,0.153777301854,6029.0822098
779,7792028,24135340,8180000,0.817625420094,0.155177576815,6036.1738779
780,7802023,24185313,8200000,0.825497617629,0.159696435744,6050.1548988
781,7812007,24215265,8210000,0.820642874479,0.152131188801,6057.1822869
782,7821998,24245238,8220000,0.811915594286,0.154260609689,6064.2179739
783,7831991,24275217,8230000,0.822219766212,0.158375256474,6071.2852737
784,7841984,24305196,8240000,0.82658187223,0.171353771565,6078.6350867
785,7851978,24335178,8250000,0.834026546862,0.158891628543,6085.82745
786,7861972,24365160,8260000,0.809465644421,0.145747237699,6093.0273728
787,7871965,24395139,8270000,0.825468162029,0.155832402658,6100.0499467
788,7881953,24425103,8280000,0.821801207412,0.145389432142,6107.3204457
789,7891941,24455067,8290000,0.829069920146,0.15444714149,6114.462565
790,7901934,24485046,8300000,0.838302695041,0.159725480902,6121.633984
791,7911928,24515028,8310000,0.841483070949,0.164858999632,6128.7600219
792,7921923,24545013,8320000,0.830674539653,0.170574623408,6136.0155429
793,7931917,24574995,8330000,0.818032646263,0.147857970368,6143.25027
794,7941909,24604971,8340000,0.821889818429,0.160726787834,6150.4153487
795,7951901,24634947,8350000,0.823011867918,0.149913793687,6157.2167818
796,7961889,24664911,8360000,0.832335522858,0.160486737769,6164.2247288
797,7971880,24694884,8370000,0.817963582672,0.150144877872,6171.2253708
798,7981870,24724854,8380000,0.830705449662,0.16898324198,6178.45586
799,7991855,24754809,8390000,0.811772275519,0.153734833534,6185.6409449
800,8001842,24804762,8410000,0.827174923998,0.158477590129,6199.2011258
801,8011833,24834735,8420000,0.825116504024,0.159796903114,6206.7527568
802,8021823,24864705,8430000,0.851965526234,0.164966396223,6214.2296059
803,8031811,24894669,8440000,0.835218496631,0.162720440241,6221.9115829
804,8041799,24924633,8450000,0.823719408677,0.158273528545,6229.4050679
805,8051790,24954606,8460000,0.822784541029,0.14955931274,6236.8406479
806,8061779,24984573,8470000,0.820826790581,0.153798255161,6244.2239899
807,8071772,25014552,8480000,0.821256960067,0.150442310896,6251.56446
808,8081766,25044534,8490000,0.830200958648,0.154388234762,6258.9811139
809,8091756,25074504,8500000,0.83753522087,0.169960015581,6266.1964509
810,8101750,25104486,8510000,0.827817167422,0.159165822916,6273.4823179
811,8111740,25134456,8520000,0.828966274275,0.159362039143,6280.6848518
812,8121726,25164414,8530000,0.826253199371,0.153921867036,6287.8383159
813,8131718,25194390,8540000,0.832462161092,0.156715625249,6295.1562809
814,8141711,25224369,8550000,0.825117233524,0.153850805028,6302.4377808
815,8151703,25254345,8560000,0.838859828096,0.158472862205,6309.7369108
816,8161697,25284327,8570000,0.823873891301,0.151705338832,6316.97724
817,8171690,25314306,8580000,0.816323952988,0.156918949314,6324.0471358
818,8181681,25344279,8590000,0.816331915434,0.148951827159,6331.2605228
819,8191670,25374246,8600000,0.828035458812,0.156186296232,6338.3368418
820,8201658,25424180,8620000,0.82045950837,0.161596721255,6352.2106428
821,8211647,25454147,8630000,0.829455935178,0.15581324365,6359.0770659
822,8221640,25484126,8640000,0.818568691583,0.153760635727,6366.2613818
823,8231632,25514102,8650000,0.832286863569,0.163459646035,6373.5491259
824,8241628,25544090,8660000,0.818127027448,0.154705072483,6380.6988749
825,8251619,25574063,8670000,0.82139424728,0.151045672846,6387.7791118
826,8261612,25604042,8680000,0.816982637277,0.156613281507,6394.8084888
827,8271605,25634021,8690000,0.840235547707,0.158771455547,6401.9155309
828,8281595,25663991,8700000,0.833800843333,0.162966986672,6409.0418257
829,8291587,25693967,8710000,0.814500447325,0.152318899026,6416.1771137
830,8301582,25723952,8720000,0.830666994313,0.154106061281,6423.2502059
831,8311573,25753925,8730000,0.827176250969,0.156021292661,6430.3336188
832,8321559,25783883,8740000,0.819690399506,0.153041560545,6437.4688458
833,8331547,25813847,8750000,0.828248262441,0.150196018847,6444.7969338
834,8341536,25843814,8760000,0.81200220988,0.148430100592,6452.26063
835,8351527,25873787,8770000,0.826653221853,0.169434177454,6459.660811
836,8361516,25903754,8780000,0.820571143709,0.150747527457,6466.9658417
837,8371505,25933721,8790000,0.825714828233,0.151960430297,6474.2781078
838,8381493,25963685,8800000,0.815483863272,0.161438628541,6481.5976917
839,8391481,25993649,8810000,0.823075153712,0.154803874085,6488.8336629
840,8401469,26043593,8830000,0.818394202182,0.154060878163,6502.3578889
841,8411459,26073563,8840000,0.821590849369,0.153346097814,6509.4451229
842,8421452,26103542,8850000,0.830540228427,0.158664509752,6516.5917038
843,8431441,26133509,8860000,0.813142561515,0.153176639231,6523.8362269
844,8441429,26163473,8870000,0.822943533934,0.154210658874,6531.0205957
845,8451422,26193452,8880000,0.826704026426,0.156476247983,6538.2307748
846,8461407,26223407,8890000,0.81949708243,0.155034419093,6545.2750477
847,8471399,26253383,8900000,0.834232886554,0.161192831915,6552.3431048
848,8481389,26283353,8910000,0.819224503598,0.159831686775,6559.3390479
849,8491381,26313329,8920000,0.825618749834,0.155980964439,6566.5912928
850,8501370,26343296,8930000,0.840522885736,0.168548143196,6573.6010818
851,8511366,26373284,8940000,0.82092774335,0.151603934316,6580.8302278
852,8521359,26403263,8950000,0.819307859436,0.149028486141,6587.860812
853,8531348,26433230,8960000,0.834335213889,0.158052556663,6594.8338999
854,8541337,26463197,8970000,0.832841971184,0.158454001788,6602.0730438
855,8551327,26493167,8980000,0.808956713597,0.139741148913,6609.3290028
856,8561317,26523137,8990000,0.827863113961,0.158898783257,6616.6547918
857,8571308,26553110,9000000,0.811417115976,0.152558387659,6623.7348239
858,8581298,26583080,9010000,0.824258634856,0.155728322816,6630.7876417
859,8591284,26613038,9020000,0.822622975783,0.1516448118,6637.9519219
860,8601275,26662989,9040000,0.822130394532,0.160837732314,6652.336968
861,8611267,26692965,9050000,0.818113003623,0.163437601339,6659.7357668
862,8621259,26722941,9060000,0.828739291849,0.155995831601,6667.1094229
863,8631246,26752902,9070000,0.828610261169,0.161272199253,6674.6719269
864,8641240,26782884,9080000,0.817903358224,0.152881712398,6682.3074088
865,8651227,26812845,9090000,0.829990137482,0.149629046226,6689.7033109
866,8661218,26842818,9100000,0.817580158727,0.152745923428,6697.3059928
867,8671206,26872782,9110000,0.819147150334,0.156398511709,6704.7781767
868,8681193,26902743,9120000,0.820481978918,0.153456377249,6712.3734059
869,8691188,26932728,9130000,0.828023523611,0.155181648056,6719.7710819
870,8701176,26962692,9140000,0.830473208905,0.173768642004,6727.1024208
871,8711160,26992644,9150000,0.82906457169,0.156997285798,6734.1881048
872,8721148,27022608,9160000,0.824918300993,0.156509141397,6741.467863
873,8731141,27052587,9170000,0.826642147566,0.155691234575,6748.7278127
874,8741133,27082563,9180000,0.824131046717,0.15410624444,6755.8124308
875,8751128,27112548,9190000,0.811628793916,0.1463291101,6763.0802788
876,8761121,27142527,9200000,0.822943090455,0.145570177779,6770.2458257
877,8771115,27172509,9210000,0.818931614546,0.160523093316,6777.2950267
878,8781106,27202482,9220000,0.823638261871,0.168709969875,6784.6299967
879,8791093,27232443,9230000,0.819879115915,0.147333780385,6791.7797179
880,8801084,27282398,9250000,0.815447960236,0.149618846894,6805.5317068
881,8811074,27312368,9260000,0.813201495795,0.162724556703,6812.4180569
882,8821067,27342347,9270000,0.824129113052,0.155928812696,6819.3295538
883,8831057,27372317,9280000,0.817390843401,0.153681832477,6826.2376108
884,8841050,27402296,9290000,0.814508236793,0.154377504661,6833.3432798
885,8851039,27432263,9300000,0.820855700427,0.152460626609,6840.3459098
886,8861029,27462233,9310000,0.818931427855,0.150513896638,6847.4236278
887,8871018,27492200,9320000,0.827371404997,0.162225813509,6854.3892829
888,8881007,27522167,9330000,0.814674165942,0.160168237963,6861.6165368
889,8890990,27552116,9340000,0.824211027152,0.162996074224,6868.5948047
890,8900970,27582056,9350000,0.818515460873,0.155945715487,6875.51657
891,8910958,27612020,9360000,0.828693832003,0.154699252826,6883.0080399
892,8920952,27642002,9370000,0.823632519482,0.157580588487,6890.3075017
893,8930945,27671981,9380000,0.830626203483,0.159442986956,6897.6006188
894,8940931,27701939,9390000,0.834277912662,0.159094581946,6904.7109208
895,8950918,27731900,9400000,0.836638121172,0.16774446179,6911.7992968
896,8960910,27761876,9410000,0.815827759118,0.146351239045,6918.7920708
897,8970899,27791843,9420000,0.812412720941,0.157620262725,6926.1060807
898,8980888,27821810,9430000,0.825546601005,0.155079526649,6933.0458898
899,8990875,27851771,9440000,0.817932283397,0.147106904678,6940.0464618
900,9000868,27901730,9460000,0.825943512129,0.156514854719,6953.3859298
901,9010860,27931706,9470000,0.824142660008,0.152676580749,6960.4958279
902,9020855,27961691,9480000,0.817870342725,0.150665153583,6967.6053798
903,9030845,27991661,9490000,0.805997067784,0.142506342508,6974.6680858
904,9040838,28021640,9500000,0.831487672812,0.158864492078,6981.7579889
905,9050827,28051607,9510000,0.813411904914,0.148301690157,6988.9249498
906,9060812,28081562,9520000,0.82050500897,0.153010649349,6996.1377987
907,9070804,28111538,9530000,0.82789755819,0.165646265771,7003.5850319
908,9080797,28141517,9540000,0.806235020794,0.153800638301,7010.8264157
909,9090788,28171490,9550000,0.823036798028,0.157601898999,7018.3943507
910,9100784,28201478,9560000,0.81325564997,0.152448107316,7025.4382817
911,9110773,28231445,9570000,0.816230116643,0.158300565889,7032.2670998
912,9120763,28261415,9580000,0.82076108445,0.16096176732,7039.51601
913,9130756,28291394,9590000,0.817838283489,0.155703321475,7046.4860749
914,9140743,28321355,9600000,0.817130718357,0.147864920054,7053.6481318
915,9150734,28351328,9610000,0.825370800978,0.151026495667,7060.7199418
916,9160723,28381295,9620000,0.826158815866,0.150874478615,7067.9033107
917,9170714,28411268,9630000,0.830382000627,0.157391175589,7075.025973
918,9180705,28441241,9640000,0.841641956756,0.16957962976,7082.1526808
919,9190701,28471229,9650000,0.813422438952,0.149560053529,7089.2568018
920,9200697,28521193,9670000,0.830985301875,0.1503657995,7102.8450629
921,9210691,28551175,9680000,0.821935148841,0.158928930733,7110.0253148
922,9220684,28581154,9690000,0.807493206866,0.160535959712,7117.2156617
923,9230674,28611124,9700000,0.821823408857,0.15047089653,7124.4836399
924,9240661,28641085,9710000,0.819927966087,0.15061708413,7131.6653847
925,9250649,28671049,9720000,0.829228978396,0.152474214679,7138.8674118
926,9260635,28701007,9730000,0.827130829005,0.156937774337,7146.2691519
927,9270630,28730992,9740000,0.836779756195,0.159376075965,7153.2872898
928,9280623,28760971,9750000,0.81568489977,0.153393415332,7160.4301347
929,9290607,28790923,9760000,0.809532247128,0.1542812154,7167.524926
930,9300596,28820890,9770000,0.811993156479,0.1475330443,7174.5843777
931,9310586,28850860,9780000,0.814197691093,0.148161934304,7181.9052319
932,9320571,28880815,9790000,0.821554071276,0.159414999654,7189.2767188
933,9330556,28910770,9800000,0.818703975316,0.160876439723,7196.5668029
934,9340543,28940731,9810000,0.82269639928,0.155296344684,7203.9714798
935,9350533,28970701,9820000,0.817039255339,0.156650442962,7211.2979447
936,9360523,29000671,9830000,0.821384215015,0.149885914677,7218.6242699
937,9370515,29030647,9840000,0.814613525093,0.146999001996,7225.8596217
938,9380494,29060584,9850000,0.807456136867,0.149049902033,7232.9344749
939,9390480,29090542,9860000,0.81956455876,0.167489997973,7240.061824
940,9400468,29140488,9880000,0.815581229808,0.147158954229,7253.9219939
941,9410456,29170452,9890000,0.823353705387,0.154861757057,7260.8823039
942,9420451,29200437,9900000,0.818977274355,0.149497147204,7267.816706
943,9430443,29230413,9910000,0.826199974627,0.161771044492,7274.8418018
944,9440433,29260383,9920000,0.815495431828,0.151261761663,7281.8275549
945,9450421,29290347,9930000,0.815777967405,0.156433496979,7288.8041458
946,9460407,29320305,9940000,0.818981768148,0.159567393939,7295.925314
947,9470397,29350275,9950000,0.812560106338,0.148381346487,7302.804632
948,9480388,29380248,9960000,0.825231695464,0.155985588107,7309.8688688
949,9490378,29410218,9970000,0.8077540763,0.15673168869,7316.8182849
950,9500368,29440188,9980000,0.825905440789,0.146419100398,7324.2277979
951,9510357,29470155,9990000,0.818798446798,0.145402328144,7331.8683509
952,9520344,29500116,10000000,0.817966045633,0.145460931424,7339.4018738
953,9530335,29530089,10010000,0.816138679196,0.149609312321,7346.6846618
954,9540325,29560059,10020000,0.823425626855,0.164504282612,7354.2546629
955,9550311,29590017,10030000,0.822789348054,0.154483182108,7361.5190918
956,9560303,29619993,10040000,0.81443844576,0.155210995645,7368.8164539
957,9570289,29649951,10050000,0.820005089523,0.15261844835,7376.2915828
958,9580279,29679921,10060000,0.816409124494,0.151190232246,7382.5138218
959,9590267,29709885,10070000,0.811281962696,0.165511702712,7388.2322387
960,9600257,29759815,10090000,0.818190367499,0.150052600289,7397.7439079
961,9610244,29789776,10100000,0.813543212689,0.156076721922,7402.3683338
962,9620230,29819734,10110000,0.81375946961,0.152523993332,7406.9401068
963,9630220,29849704,10120000,0.807627071659,0.142982163725,7411.5768158
964,9640210,29879674,10130000,0.814379145127,0.153218646662,7416.2483239
965,9650196,29909632,10140000,0.820491126523,0.152254476939,7420.8919467
966,9660186,29939602,10150000,0.819719016991,0.15457702972,7425.581942
967,9670176,29969572,10160000,0.825628259927,0.152438626452,7430.3230309
968,9680164,29999536,10170000,0.834468391797,0.16461496625,7434.9519767
969,9690156,30029512,10180000,0.823210557562,0.150330183059,7439.866007
970,9700145,30059479,10190000,0.825890455446,0.156540180658,7444.8455359
971,9710130,30089434,10200000,0.821259667989,0.149954393657,7449.9046738
972,9720119,30119401,10210000,0.817043075196,0.147357983674,7454.9393367
973,9730110,30149374,10220000,0.82799292064,0.161594716876,7459.8276479
974,9740100,30179344,10230000,0.822298216194,0.16232181835,7464.805684
975,9750091,30209317,10240000,0.819154885719,0.160839938527,7469.767726
976,9760076,30239272,10250000,0.815779626553,0.145589223472,7474.8383228
977,9770067,30269245,10260000,0.825619583988,0.158862361956,7480.0126438
978,9780064,30299236,10270000,0.826518546789,0.154045920054,7484.9250729
979,9790059,30329221,10280000,0.825279031432,0.155778938262,7489.8946969
980,9800053,30379185,10300000,0.822431969186,0.159200805067,7499.8628418
981,9810048,30409170,10310000,0.817498429012,0.154089490818,7505.149218
982,9820035,30439131,10320000,0.817520038005,0.160588178135,7509.3790497
983,9830024,30469098,10330000,0.816295707135,0.158930354837,7514.5853748
984,9840010,30499056,10340000,0.822191966567,0.156482672922,7519.7236697
985,9849999,30529023,10350000,0.815791793922,0.156962855747,7524.7983288
986,9859993,30559005,10360000,0.825747061766,0.155305113917,7529.8769369
987,9869983,30588975,10370000,0.82316908851,0.158409037592,7535.0517849
988,9879974,30618948,10380000,0.812851051583,0.144837853262,7540.0326907
989,9889964,30648918,10390000,0.825257840537,0.160216188217,7545.1093437
990,9899951,30678879,10400000,0.816210082943,0.151010949665,7550.1955099
991,9909950,30708876,10410000,0.817813974666,0.146951584409,7555.1951019
992,9919941,30738849,10420000,0.827742759489,0.152791095219,7560.3901438
993,9929926,30768804,10430000,0.814779008154,0.153786854513,7565.6236038
994,9939917,30798777,10440000,0.826688851196,0.165766308658,7570.8082618
995,9949912,30828762,10450000,0.822498317022,0.151487079134,7575.9745447
996,9959899,30858723,10460000,0.813476762721,0.146602371602,7581.1397519
997,9969884,30888678,10470000,0.807326463252,0.150823840274,7586.047010
998,9979872,30918642,10480000,0.806850075085,0.153767020648,7590.9369649
999,9989865,30948621,10490000,0.811474981514,0.14776575576,7596.0608758
1000,9999852,30998566,10510000,0.832700004005,0.153562621299,7605.3788838
1001,10009841,31028533,10520000,0.815878478026,0.149325409758,7610.542797
