0,1000,3000,1000,9.08827405684,2.15895520972,1.4673380851
1,2000,6000,2000,13.6032839226,2.20869705874,2.8714671134
2,3000,9000,3000,2.80372020928,1.65174040022,4.3470129966
3,4000,12000,4000,3.26985507992,1.86255846302,5.8259351253
4,5000,15000,5000,1.74343119689,1.31537525615,7.2982950210
5,6000,18000,6000,1.69644069385,1.23698801597,8.7578611373
6,7000,21000,7000,1.38906163983,0.992480335698,10.195697069
7,8000,24000,8000,1.12311498365,0.607625152294,11.730234146
8,9000,27000,9000,1.00031358396,0.364962172789,13.275374174
9,10000,30000,10000,0.934772513075,0.328850207013,14.753187179
10,11000,33000,11000,0.915320245351,0.358602137419,16.279006004
11,11999,35997,12000,0.876242109583,0.271861148403,17.737778186
12,12998,38994,13000,0.892606598516,0.291875309844,19.248505115
13,13998,41994,14000,0.842095072881,0.253251282801,20.692147016
14,14998,44994,15000,0.809341072938,0.275817440921,22.172020196
15,15998,47994,16000,0.839851436866,0.270570877446,23.636303186
16,16998,50994,17000,0.801876820555,0.192982449227,25.135548114
17,17998,53994,18000,0.787991176676,0.201378605301,26.580419063
18,18998,56994,19000,0.817119830608,0.202702265219,28.038753032
19,19998,59994,20000,0.825007211736,0.212594666525,29.508342027
20,20998,62994,21000,0.769167436734,0.170072194371,30.977667093
21,21998,65994,22000,0.763515006816,0.174050845181,32.525278091
22,22998,68994,23000,0.749480800848,0.18129083256,33.992758035
23,23998,71994,24000,0.748220380021,0.160125039635,35.455347061
24,24998,74994,25000,0.740292409726,0.165623099384,37.014501094
25,25998,77994,26000,0.764753263001,0.182846628419,38.577584028
26,26998,80994,27000,0.735733052614,0.173316265871,40.107787132
27,27998,83994,28000,0.730204533478,0.155860362585,41.553073167
28,28998,86994,29000,0.748227735096,0.185971760934,43.086179971
29,29998,89994,30000,0.707462645261,0.128970532846,44.546895980
30,30998,92994,31000,0.73067931024,0.139077272954,46.086980104
31,31998,95994,32000,0.75244861085,0.175735409631,47.538267135
32,32998,98994,33000,0.727017196704,0.136723665009,48.96618914
33,33998,101994,34000,0.709766008042,0.255811633363,50.393105983
34,34998,104994,35000,0.717811517316,0.136596838292,51.920974016
35,35998,107994,36000,0.697891485697,0.172171638575,53.41318702
36,36998,110994,37000,0.703440182314,0.129299206927,54.982946157
37,37998,113994,38000,0.721792030659,0.139552400131,56.447786092
38,38998,116994,39000,0.713069939717,0.118307675187,57.898706197
39,39998,119994,40000,0.710020107023,0.131087365877,59.452946186
40,40998,122994,41000,0.701708896482,0.111206991883,60.926127195
41,41998,125994,42000,0.705524683025,0.133951588641,62.400850057
42,42998,128994,43000,0.7171147855,0.149995111835,63.877534151
43,43998,131994,44000,0.696161564707,0.185954783553,65.396622180
44,44998,134994,45000,0.695744332777,0.128596394122,66.867511987
45,45998,137994,46000,0.707166551658,0.140624604308,68.429987192
46,46998,140994,47000,0.727575477505,0.176407712185,70.113826036
47,47998,143994,48000,0.700531895826,0.153805589098,71.638594150
48,48998,146994,49000,0.728369336368,0.15120053211,73.158012151
49,49998,149994,50000,0.701161391815,0.118319050765,74.722280025
50,50998,152994,51000,0.692775224545,0.150655592095,76.177826166
51,51998,155994,52000,0.703811840211,0.116506610219,77.672477006
52,52998,158994,53000,0.682736849266,0.103248986846,79.186765193
53,53998,161994,54000,0.699984084644,0.152504812056,80.760535001
54,54998,164994,55000,0.704591323885,0.123450984455,82.274094104
55,55998,167994,56000,0.688147630314,0.127832059132,83.76263809
56,56998,170994,57000,0.705802705308,0.120097789986,85.281437158
57,57998,173994,58000,0.692634957188,0.132620019229,86.745731115
58,58998,176994,59000,0.688957521449,0.178102628366,88.229798078
59,59998,179994,60000,0.707306029233,0.116975427645,89.735121011
60,60998,182994,61000,0.687799835267,0.120766278658,91.169135093
61,61998,185994,62000,0.70162364229,0.145736050881,92.589812040
62,62997,188991,63000,0.692541614878,0.125054801972,94.124934196
63,63997,191991,64000,0.678866514806,0.119527433298,95.736265182
64,64997,194991,65000,0.684493162449,0.256239304046,97.212149143
65,65997,197991,66000,0.681349610316,0.108164723564,98.721299171
66,66997,200991,67000,0.692346724642,0.133138510246,100.17623400
67,67997,203991,68000,0.69560519568,0.120563511033,101.66601705
68,68996,206988,69000,0.684824821563,0.0992605875629,103.10977816
69,69996,209988,70000,0.705916804983,0.143619240648,104.54743599
70,70996,212988,71000,0.683613624939,0.136260244083,106.04504609
71,71995,215985,72000,0.684684248152,0.123039925967,107.48825001
72,72995,218985,73000,0.683361388714,0.150309042164,108.96295714
73,73995,221985,74000,0.683095677255,0.114787295536,110.42360806
74,74995,224985,75000,0.685979747879,0.168278925128,111.88021397
75,75995,227985,76000,0.6869225565,0.0954438172765,113.46244502
76,76995,230985,77000,0.701748800554,0.139576287215,114.9959671
77,77994,233982,78000,0.686192579703,0.118391877791,116.43193912
78,78994,236982,79000,0.669161524258,0.0959520338771,117.98552918
79,79994,239982,80000,0.676685920208,0.110206194262,119.4456050
80,80994,242982,81000,0.692935777452,0.107160838558,120.92944002
81,81992,245976,82000,0.696437032778,0.165475821631,122.41636514
82,82992,248976,83000,0.662330775584,0.139065624383,123.91250920
83,83992,251976,84000,0.689389615157,0.0955023670042,125.36572003
84,84992,254976,85000,0.681284731016,0.106314772215,126.85143208
85,85992,257976,86000,0.682990033976,0.0989640351578,128.28942704
86,86992,260976,87000,0.692920166713,0.120901798235,129.75114798
87,87992,263976,88000,0.678880965622,0.123104855822,131.18876600
88,88992,266976,89000,0.675534067558,0.165412849198,132.62698817
89,89992,269976,90000,0.683852613338,0.10302250613,134.09704399
90,90992,272976,91000,0.682365079849,0.112250319436,135.5533351
91,91992,275976,92000,0.666345739361,0.0943362428053,136.99566507
92,92992,278976,93000,0.672501948768,0.130805798394,138.5168521
93,93992,281976,94000,0.6635726795,0.088748008793,140.05084
94,94991,284973,95000,0.687069057767,0.12670225067,141.48816013
95,95991,287973,96000,0.678544825712,0.0977456801532,143.01200699
96,96991,290973,97000,0.674767735631,0.131926958392,144.4924120
97,97991,293973,98000,0.68067673362,0.101852445107,145.96633219
98,98991,296973,99000,0.680734436939,0.116907237624,147.41851210
99,99991,299973,100000,0.685884727335,0.0902678473938,148.91929817
100,100991,302973,101000,0.672594980952,0.0820510383601,150.40029001
101,101990,305970,102000,0.675767308519,0.0815986589159,151.86200118
102,102990,308970,103000,0.681751386513,0.115465526029,153.31020903
103,103989,311967,104000,0.674822542162,0.112590969879,154.80930805
104,104989,314967,105000,0.684474998196,0.0888180706176,156.27002501
105,105989,317967,106000,0.667136256973,0.0819624718458,157.75346207
106,106989,320967,107000,0.682770514063,0.0957514185338,159.41089105
107,107989,323967,108000,0.667023745882,0.0967867695346,160.91920614
108,108989,326967,109000,0.68218862139,0.134048311379,162.40228104
109,109989,329967,110000,0.669507169171,0.188141382687,163.85023808
110,110989,332967,111000,0.68654091539,0.162765866,165.44327712
111,111989,335967,112000,0.667514852569,0.0894457747839,166.8784689
112,112989,338967,113000,0.689920848066,0.130401323403,168.34393501
113,113989,341967,114000,0.680228028185,0.119546670675,169.78372311
114,114989,344967,115000,0.67453997029,0.0917882475476,171.25725197
115,115989,347967,116000,0.678573489655,0.11540952586,172.72737216
116,116989,350967,117000,0.676572629121,0.15722918262,174.20691013
117,117989,353967,118000,0.679105555006,0.129125892302,175.65404510
118,118988,356964,119000,0.680502509665,0.0964101624306,177.16706514
119,119988,359964,120000,0.665509811549,0.114702099526,178.82438707
120,120988,362964,121000,0.673470981257,0.124632114302,180.28066301
121,121988,365964,122000,0.666348407754,0.0824480071684,181.72039818
122,122988,368964,123000,0.663258489464,0.126461594607,183.23036217
123,123988,371964,124000,0.676102971502,0.0941463451871,184.68983316
124,124988,374964,125000,0.663199300053,0.0873610947796,186.12584209
125,125988,377964,126000,0.655970921792,0.0894708508192,187.59397602
126,126988,380964,127000,0.67344689755,0.126915435395,189.0599310
127,127987,383961,128000,0.68141478302,0.111906597086,190.52002596
128,128987,386961,129000,0.666256386524,0.102707719748,192.00428104
129,129987,389961,130000,0.66776887195,0.101258972177,193.46716904
130,130987,392961,131000,0.67078748139,0.114438586896,194.88900399
131,131987,395961,132000,0.667291744655,0.154741246017,196.31077408
132,132987,398961,133000,0.675210603013,0.0799342478478,197.81053614
133,133987,401961,134000,0.67179061747,0.108284688914,199.27051997
134,134987,404961,135000,0.671274396898,0.126761469136,200.70418119
135,135987,407961,136000,0.682090458967,0.103984625631,202.20853400
136,136987,410961,137000,0.679439396117,0.125663671718,203.65074014
137,137987,413961,138000,0.654308593912,0.178787090859,205.13753008
138,138987,416961,139000,0.681034232004,0.0994482494671,206.62856912
139,139987,419961,140000,0.671754832469,0.0938600310713,208.18635106
140,140987,422961,141000,0.679446516307,0.10594034577,209.7254769
141,141987,425961,142000,0.665115155868,0.0889644096529,211.17669796
142,142987,428961,143000,0.671713805549,0.116558700379,212.58844399
143,143987,431961,144000,0.665052351149,0.0829155979535,214.08788204
144,144987,434961,145000,0.672790441415,0.105417175457,215.58942413
145,145987,437961,146000,0.675045088849,0.0770517394801,217.09404015
146,146987,440961,147000,0.678656227398,0.109083069222,218.67486119
147,147987,443961,148000,0.672173303227,0.118654691532,220.17598700
148,148987,446961,149000,0.675449046204,0.107620208639,221.62213110
149,149987,449961,150000,0.673089579575,0.0991623333966,223.06167697
150,150987,452961,151000,0.657749016186,0.135654197506,224.54722404
151,151987,455961,152000,0.671258026041,0.102875603998,226.14076614
152,152987,458961,153000,0.676265899713,0.115325827977,227.76462912
153,153987,461961,154000,0.667504329517,0.107250800975,229.33210110
154,154987,464961,155000,0.668986850649,0.102056806595,230.90099120
155,155987,467961,156000,0.679255971613,0.100037957562,232.38838601
156,156987,470961,157000,0.673093400819,0.0942425687042,233.82766318
157,157987,473961,158000,0.666965664678,0.085366556313,235.28706502
158,158987,476961,159000,0.669839165652,0.0918778365819,236.75897407
159,159987,479961,160000,0.673274440242,0.10872225065,238.28882598
160,160986,482958,161000,0.673230206366,0.113246156694,239.78813219
161,161986,485958,162000,0.675358853369,0.136153704786,241.28201103
162,162986,488958,163000,0.672112624556,0.120660545025,242.72872304
163,163986,491958,164000,0.67663361966,0.107416092543,244.21362400
164,164986,494958,165000,0.672850418256,0.134408777021,245.68443012
165,165986,497958,166000,0.664777897731,0.101597987491,247.14710116
166,166986,500958,167000,0.67157602978,0.0951102599845,248.63407111
167,167986,503958,168000,0.669012065601,0.130905614877,250.13912510
168,168986,506958,169000,0.662167574419,0.0774373347318,251.59091997
169,169986,509958,170000,0.665189452506,0.085782208793,253.01998901
170,170986,512958,171000,0.664777887263,0.136223751025,254.47054719
171,171986,515958,172000,0.652518536371,0.104761404076,255.99621915
172,172986,518958,173000,0.657662264719,0.0910078097908,257.40465402
173,173986,521958,174000,0.644309237847,0.0991668694508,258.84805417
174,174986,524958,175000,0.652209519323,0.0842389618321,260.31872105
175,175986,527958,176000,0.66804654288,0.110998740239,261.76896309
176,176986,530958,177000,0.665656803275,0.110674341292,263.19945406
177,177986,533958,178000,0.672583112663,0.0818432887502,264.66273212
178,178986,536958,179000,0.670731832434,0.0758686708703,266.12952017
179,179986,539958,180000,0.663222223782,0.100025987144,267.57102298
180,180986,542958,181000,0.670182508419,0.140232156044,269.00505113
181,181986,545958,182000,0.660274652549,0.0885946157842,270.45627307
182,182986,548958,183000,0.671557297746,0.0893537244826,271.86441516
183,183986,551958,184000,0.662709249537,0.088205329626,273.32151007
184,184986,554958,185000,0.658458159155,0.0822510874345,274.75154399
185,185985,557955,186000,0.679826090001,0.100814283246,276.20476603
186,186985,560955,187000,0.659854381927,0.0687820468416,277.64130806
187,187985,563955,188000,0.666504856914,0.0970445370927,279.08335208
188,188985,566955,189000,0.668516387087,0.116875299655,280.52208805
189,189985,569955,190000,0.669046527002,0.0970397471268,281.92828416
190,190985,572955,191000,0.654385874157,0.0981189469386,283.37864112
191,191985,575955,192000,0.659868096509,0.0965013507312,284.8709971
192,192985,578955,193000,0.668309463991,0.085640119404,286.35263109
193,193985,581955,194000,0.662472771126,0.0880807264471,287.81046104
194,194985,584955,195000,0.65836006202,0.0863111122615,289.29871797
195,195985,587955,196000,0.656279203989,0.107672365009,290.78419518
196,196985,590955,197000,0.659023524125,0.114114736443,292.26605796
197,197985,593955,198000,0.66839550981,0.0924257037916,293.7386491
198,198985,596955,199000,0.668252258124,0.140604161458,295.09779214
199,199985,599955,200000,0.670746204063,0.101409957424,296.49517512
200,200985,602955,201000,0.653448933123,0.0789486399133,297.98474407
201,201985,605955,202000,0.667099367255,0.120254642368,299.44350910
202,202985,608955,203000,0.667615553745,0.0741118898364,300.89686512
203,203985,611955,204000,0.680038347313,0.125076630237,302.34566712
204,204985,614955,205000,0.661034954316,0.118510250686,303.81521797
205,205985,617955,206000,0.659787009605,0.0994599834126,305.27103614
206,206985,620955,207000,0.662183217016,0.137146215509,306.72461819
207,207984,623952,208000,0.651107569999,0.101101252891,308.18111801
208,208984,626952,209000,0.667799667419,0.114303245169,309.66128110
209,209984,629952,210000,0.662779330239,0.0849177657177,311.10771918
210,210983,632949,211000,0.664126016931,0.0864636458065,312.54208803
211,211983,635949,212000,0.662397334226,0.0953657401282,313.99359297
212,212983,638949,213000,0.660491730316,0.0944284557974,315.4141740
213,213983,641949,214000,0.667722845831,0.114413427444,316.88563203
214,214983,644949,215000,0.66821228259,0.099487265965,318.35404014
215,215983,647949,216000,0.656983635342,0.0974344185779,319.89610314
216,216983,650949,217000,0.662980052606,0.126710775672,321.45346808
217,217983,653949,218000,0.658789805331,0.0724654214313,322.93336415
218,218983,656949,219000,0.667735342393,0.0838174623637,324.42557907
219,219983,659949,220000,0.678642017245,0.134012479726,325.97381401
220,220983,662949,221000,0.650553362413,0.104188284797,327.50517702
221,221983,665949,222000,0.646361686165,0.0877264788141,329.01421904
222,222983,668949,223000,0.665762146111,0.115653474147,330.57719302
223,223983,671949,224000,0.666794227232,0.07227491952,332.0499641
224,224983,674949,225000,0.659031935327,0.0914630465303,333.55963206
225,225983,677949,226000,0.661945967499,0.118979303065,335.04522800
226,226983,680949,227000,0.660562300239,0.123065526728,336.50698208
227,227983,683949,228000,0.652157659012,0.0744964642183,338.00392317
228,228983,686949,229000,0.674992006655,0.0793956896644,339.44753003
229,229983,689949,230000,0.667689755558,0.100592389128,340.99364304
230,230983,692949,231000,0.660423996832,0.0829602379844,342.53771805
231,231982,695946,232000,0.65771141161,0.138234366758,344.09856820
232,232982,698946,233000,0.674699967868,0.0995211899171,345.59529805
233,233982,701946,234000,0.660433623434,0.073043929031,347.00126314
234,234982,704946,235000,0.662394896496,0.0738748956473,348.49284911
235,235982,707946,236000,0.657691777425,0.0972916543642,350.03359103
236,236982,710946,237000,0.658937377965,0.100351091991,351.67631506
237,237982,713946,238000,0.664804123761,0.0996438985111,353.4314739
238,238981,716943,239000,0.654748231566,0.0670961009023,355.2653219
239,239981,719943,240000,0.660617260826,0.0707170582206,356.88682508
240,240981,722943,241000,0.658732129186,0.0976944284667,358.35799813
241,241981,725943,242000,0.662082641215,0.0863631946935,359.82520699
242,242981,728943,243000,0.652606128662,0.0960890047739,361.42291808
243,243981,731943,244000,0.681708168424,0.0849350746306,362.99801707
244,244981,734943,245000,0.665431020817,0.0811101854925,364.6624040
245,245981,737943,246000,0.658861375554,0.0745349674371,366.27908897
246,246981,740943,247000,0.660827380579,0.105705017959,367.9961450
247,247981,743943,248000,0.663413711051,0.0769603008718,369.5210101
248,248981,746943,249000,0.67229367257,0.073725110748,371.03955507
249,249981,749943,250000,0.649956068748,0.151645876719,372.49682617
250,250981,752943,251000,0.667386569775,0.107448636576,373.97350001
251,251981,755943,252000,0.659425460471,0.0926390278934,375.49450302
252,252981,758943,253000,0.656681349534,0.138690095793,377.05687212
253,253980,761940,254000,0.654119939369,0.078104151155,378.52804017
254,254979,764937,255000,0.658425407985,0.10741442846,379.98878002
255,255979,767937,256000,0.667449158228,0.141774649618,381.4439570
256,256979,770937,257000,0.661834779674,0.106554439117,382.88496899
257,257979,773937,258000,0.67221651339,0.0903570551327,384.37024998
258,258979,776937,259000,0.655115143419,0.0805902829279,385.86042618
259,259979,779937,260000,0.653176108312,0.0897053629068,387.28528904
260,260979,782937,261000,0.670531499137,0.0744343178437,388.78098797
261,261979,785937,262000,0.657448634403,0.138264225309,390.2022340
262,262979,788937,263000,0.677885095308,0.0953602524395,391.64518499
263,263979,791937,264000,0.667425317908,0.119425255112,393.11096811
264,264979,794937,265000,0.660200173148,0.100909820883,394.56390309
265,265979,797937,266000,0.653986064501,0.120770866099,396.04016804
266,266979,800937,267000,0.659747787016,0.0795126374431,397.5464181
267,267979,803937,268000,0.661059222477,0.0922547025309,398.98952412
268,268979,806937,269000,0.663685725674,0.126852086563,400.48233699
269,269979,809937,270000,0.654239555202,0.0693082629016,401.94660210
270,270978,812934,271000,0.657699494301,0.091498102841,403.41174817
271,271977,815931,272000,0.655496308897,0.084082820154,404.90578317
272,272977,818931,273000,0.664056825837,0.115810798679,406.40032815
273,273977,821931,274000,0.654453173219,0.0964217044305,407.86131620
274,274977,824931,275000,0.659032157225,0.0972989464987,409.42693805
275,275977,827931,276000,0.655379741041,0.0885150214816,410.86344814
276,276977,830931,277000,0.657482401496,0.0978775639099,412.28688597
277,277977,833931,278000,0.657392557639,0.128880023637,413.82014799
278,278977,836931,279000,0.658674974148,0.074818063305,415.28469610
279,279977,839931,280000,0.665564199262,0.0976990355396,416.69934010
280,280976,842928,281000,0.655380461409,0.0893737690737,418.10487103
281,281976,845928,282000,0.671700064708,0.159837407383,419.60074400
282,282976,848928,283000,0.659838828351,0.140682101888,421.11112713
283,283976,851928,284000,0.656944412206,0.091077067847,422.61826515
284,284976,854928,285000,0.662866691804,0.0932578612507,424.11474013
285,285976,857928,286000,0.658457045087,0.0769450713745,425.51112914
286,286976,860928,287000,0.671879177452,0.0697552787452,426.95415306
287,287975,863925,288000,0.666874988634,0.0873062623612,428.3749201
288,288975,866925,289000,0.651111788446,0.0911069178807,429.81356120
289,289975,869925,290000,0.668023926728,0.0852932126727,431.30092215
290,290974,872922,291000,0.647383818308,0.105267524286,432.82820916
291,291974,875922,292000,0.646385546201,0.0979657834346,434.26938605
292,292974,878922,293000,0.663850035509,0.125374886875,435.70314407
293,293974,881922,294000,0.660104860987,0.0714831956744,437.16402912
294,294974,884922,295000,0.66816240687,0.20222084632,438.6027460
295,295974,887922,296000,0.655008429573,0.0799324836663,440.03480601
296,296974,890922,297000,0.650980186403,0.110887657999,441.46053314
297,297974,893922,298000,0.661769802851,0.086315924528,442.90412211
298,298973,896919,299000,0.661257159052,0.0954337512239,444.34628319
299,299973,899919,300000,0.652907201347,0.0847951011177,445.78371214
300,300973,902919,301000,0.671420389762,0.106330332783,447.23621296
301,301973,905919,302000,0.657571495365,0.0760911888604,448.72169613
302,302973,908919,303000,0.665876102537,0.077828961963,450.15529203
303,303973,911919,304000,0.652696849851,0.100470758339,451.58968901
304,304973,914919,305000,0.649236822217,0.147014023447,452.99531912
305,305973,917919,306000,0.661216160384,0.163442287703,454.42975711
306,306972,920916,307000,0.652502561148,0.0917626732904,455.97408103
307,307971,923913,308000,0.667460157506,0.0943524649272,457.4585781
308,308971,926913,309000,0.657803963178,0.0946268087093,458.92390704
309,309971,929913,310000,0.671355465671,0.106046826086,460.37752914
310,310971,932913,311000,0.662410606067,0.0960030539204,461.8103380
311,311971,935913,312000,0.66308074316,0.0849235406181,463.31479120
312,312971,938913,313000,0.657937817297,0.122154872599,464.75687718
313,313971,941913,314000,0.648940176012,0.0814875778942,466.2141079
314,314971,944913,315000,0.654190112402,0.0675679893762,467.6669421
315,315971,947913,316000,0.668549383203,0.117640398722,469.12547397
316,316971,950913,317000,0.655715366878,0.074846332324,470.64090013
317,317971,953913,318000,0.647107623087,0.0800890812059,472.16215419
318,318970,956910,319000,0.653548249935,0.07818688281,473.62367105
319,319970,959910,320000,0.646498972319,0.0985766321964,475.06404614
320,320970,962910,321000,0.651170618115,0.122915898871,476.5841660
321,321970,965910,322000,0.671591757665,0.0773743731818,477.99923014
322,322970,968910,323000,0.665057318311,0.106884395894,479.38091397
323,323970,971910,324000,0.659234062674,0.0823051153295,480.89163804
324,324970,974910,325000,0.645082278929,0.0815886569768,482.34657406
325,325970,977910,326000,0.66396841494,0.0901021475183,483.81668996
326,326969,980907,327000,0.668110472218,0.171256947789,485.2940270
327,327968,983904,328000,0.660712576945,0.115968791603,486.75681710
328,328968,986904,329000,0.662030247441,0.111941024144,488.20542502
329,329967,989901,330000,0.651733849265,0.0860099817342,489.68153810
330,330967,992901,331000,0.661152273726,0.107783694272,491.11684417
331,331967,995901,332000,0.664790072313,0.0849150217154,492.572233
332,332967,998901,333000,0.660390541856,0.0903337014396,494.00965404
333,333967,1001901,334000,0.651493173078,0.086294099244,495.44971919
334,334967,1004901,335000,0.656971647862,0.0976054696042,496.92021703
335,335967,1007901,336000,0.66227521553,0.0875976805183,498.34266710
336,336967,1010901,337000,0.660733526125,0.138293762125,499.78221511
337,337967,1013901,338000,0.669466989115,0.127800685633,501.25013399
338,338967,1016901,339000,0.665802910753,0.0820357158171,502.67544913
339,339967,1019901,340000,0.655945384354,0.115532782937,504.12092208
340,340967,1022901,341000,0.662319571627,0.078031032167,505.59127116
341,341967,1025901,342000,0.662570050813,0.125363499091,506.9700601
342,342967,1028901,343000,0.660877119585,0.116039540285,508.38524103
343,343967,1031901,344000,0.664037465779,0.114382977552,509.85552215
344,344967,1034901,345000,0.665017159192,0.0794194225253,511.34876608
345,345967,1037901,346000,0.653203904249,0.122774717159,512.82276296
346,346966,1040898,347000,0.661882453407,0.0993260387177,514.32847309
347,347966,1043898,348000,0.662581652715,0.0850191920299,515.82289314
348,348966,1046898,349000,0.651645595687,0.0994144128286,517.33782911
349,349966,1049898,350000,0.675563160537,0.127709328135,518.8611509
350,350966,1052898,351000,0.66096838839,0.0773024687623,520.38994002
351,351966,1055898,352000,0.674915605407,0.117058266865,521.86145901
352,352966,1058898,353000,0.650314007952,0.0709277073619,523.33916306
353,353965,1061895,354000,0.66218621251,0.073912786232,524.80042910
354,354965,1064895,355000,0.65866310944,0.0709172930551,526.29409003
355,355965,1067895,356000,0.661167803459,0.0956352206746,527.74040818
356,356964,1070892,357000,0.656974916417,0.0791125412389,529.20928001
357,357964,1073892,358000,0.643281100318,0.0902265293522,530.63735699
358,358964,1076892,359000,0.654092829433,0.101392109853,532.10676813
359,359964,1079892,360000,0.662425412234,0.0895517246517,533.56565308
360,360962,1082886,361000,0.647038240538,0.103563472828,535.02273416
361,361962,1085886,362000,0.670314448398,0.118698664076,536.46048498
362,362962,1088886,363000,0.655401968602,0.11622389793,537.89164209
363,363962,1091886,364000,0.650911862011,0.0946820726241,539.31890416
364,364962,1094886,365000,0.653643598985,0.128889927334,540.77624201
365,365962,1097886,366000,0.648072627364,0.0972563423037,542.19439506
366,366962,1100886,367000,0.652160821513,0.180118992049,543.64408516
367,367962,1103886,368000,0.668622049376,0.184077271095,545.0997021
368,368962,1106886,369000,0.649026508965,0.112150088427,546.56285905
369,369962,1109886,370000,0.664041638561,0.108726295089,548.01976513
370,370962,1112886,371000,0.658623241309,0.0998972398473,549.48091101
371,371962,1115886,372000,0.665957014299,0.0945302463129,550.95230197
372,372962,1118886,373000,0.658989827868,0.107197910495,552.44379806
373,373962,1121886,374000,0.664586656514,0.069576635293,553.86533808
374,374962,1124886,375000,0.661136679892,0.0878605913248,555.26278305
375,375962,1127886,376000,0.651408531063,0.0683048833832,556.60669708
376,376961,1130883,377000,0.656768624967,0.089092792335,558.06877899
377,377961,1133883,378000,0.667676237667,0.106189575816,559.52736020
378,378961,1136883,379000,0.665939026192,0.127138273237,560.96946501
379,379960,1139880,380000,0.665509358114,0.0698299900752,562.39478802
380,380960,1142880,381000,0.663722941715,0.179300499435,563.86041212
381,381959,1145877,382000,0.660054312919,0.0613797466801,565.30940604
382,382959,1148877,383000,0.667813281656,0.0618596555885,567.00700902
383,383959,1151877,384000,0.667983763085,0.0889193223739,568.67724800
384,384959,1154877,385000,0.667388295988,0.0889971765364,570.18621301
385,385959,1157877,386000,0.670255823007,0.0793402238462,571.63225412
386,386959,1160877,387000,0.661875050918,0.0612397035177,573.09542417
387,387959,1163877,388000,0.65465104937,0.0673340972488,574.55036306
388,388959,1166877,389000,0.658811196129,0.0971503907306,575.95988798
389,389959,1169877,390000,0.658360307863,0.0775119064413,577.39102196
390,390959,1172877,391000,0.655800897021,0.144245656519,578.76728701
391,391959,1175877,392000,0.662005450818,0.0783000862276,580.12095999
392,392959,1178877,393000,0.659493093001,0.127411182326,581.62446618
393,393959,1181877,394000,0.665657972976,0.107805221766,583.08337497
394,394959,1184877,395000,0.664340105573,0.109365660161,584.52467608
395,395958,1187874,396000,0.641645239168,0.0918623284417,585.96707701
396,396958,1190874,397000,0.655626012065,0.0935787656475,587.40566706
397,397958,1193874,398000,0.647612388085,0.113097056164,588.85768413
398,398958,1196874,399000,0.660806575414,0.0977092990828,590.26931619
399,399957,1199871,400000,0.656748832956,0.0827495861528,591.7113339
400,400957,1202871,401000,0.650966185136,0.0854995190364,593.17687010
401,401956,1205868,402000,0.658113038789,0.0719401577438,594.62042498
402,402956,1208868,403000,0.649254020754,0.0665846477511,596.08516311
403,403955,1211865,404000,0.657374559959,0.118810529271,597.49229502
404,404955,1214865,405000,0.650946077062,0.0812133881738,598.94329500
405,405955,1217865,406000,0.659322109332,0.10967240078,600.42264199
406,406954,1220862,407000,0.657024891325,0.0947700168544,601.84436798
407,407954,1223862,408000,0.653633528123,0.0604473113263,603.19903206
408,408954,1226862,409000,0.657062991048,0.0715687491842,604.6702120
409,409954,1229862,410000,0.665871675568,0.0676893379851,606.13353705
410,410954,1232862,411000,0.647640421646,0.130926546446,607.56227016
411,411954,1235862,412000,0.653466460925,0.0922813582081,608.99004507
412,412954,1238862,413000,0.658058197168,0.0976653670366,610.43835306
413,413953,1241859,414000,0.664213431147,0.118155911066,611.84606409
414,414953,1244859,415000,0.665023674521,0.0823750611499,613.29921507
415,415953,1247859,416000,0.665310579663,0.0857848510739,614.73679614
416,416953,1250859,417000,0.665081112496,0.0912127437294,616.15616297
417,417953,1253859,418000,0.657290414649,0.0760624977793,617.60132718
418,418953,1256859,419000,0.652497156653,0.107706250518,619.03296303
419,419953,1259859,420000,0.654571020786,0.117309805823,620.50329399
420,420953,1262859,421000,0.666648352886,0.111127589787,621.97624111
421,421953,1265859,422000,0.661240692697,0.0820131337821,623.42340207
422,422953,1268859,423000,0.658074347903,0.0850124704508,624.90490603
423,423953,1271859,424000,0.66100503575,0.0756763132792,626.33934402
424,424953,1274859,425000,0.659151046921,0.10068614155,627.70589804
425,425953,1277859,426000,0.658850039589,0.102434793977,629.15154910
426,426953,1280859,427000,0.654821500747,0.0834487598378,630.60142207
427,427953,1283859,428000,0.651703302871,0.100104527663,632.04132413
428,428953,1286859,429000,0.663480288352,0.0834852442981,633.46982812
429,429953,1289859,430000,0.66911049238,0.0839767413407,634.93203020
430,430953,1292859,431000,0.654825156295,0.0714568687621,636.35585308
431,431953,1295859,432000,0.651961488746,0.0680195308759,637.81095719
432,432953,1298859,433000,0.66408357231,0.134420519021,639.21100902
433,433953,1301859,434000,0.660903792753,0.0887738441835,640.64286804
434,434953,1304859,435000,0.648435650813,0.107197617747,642.0916860
435,435953,1307859,436000,0.661557667859,0.0822366773876,643.55207300
436,436953,1310859,437000,0.654506164887,0.0866360409455,644.97039699
437,437952,1313856,438000,0.664639828721,0.061681459724,646.40851497
438,438952,1316856,439000,0.665523877992,0.0826759952051,647.84081006
439,439952,1319856,440000,0.668987168269,0.113128509935,649.31007599
440,440952,1322856,441000,0.655468389846,0.0632707589512,650.74057817
441,441952,1325856,442000,0.665366111587,0.080804396871,652.11752605
442,442952,1328856,443000,0.646379823206,0.110732844183,653.62264299
443,443952,1331856,444000,0.649479601807,0.0899031030722,655.05705809
444,444952,1334856,445000,0.673203326199,0.0905799973609,656.51262402
445,445952,1337856,446000,0.653517709262,0.146485462942,657.95758199
446,446952,1340856,447000,0.661378098234,0.0623988393115,659.37239313
447,447952,1343856,448000,0.651369528138,0.125210159429,660.81347608
448,448952,1346856,449000,0.67385353662,0.10221503943,662.29874014
449,449952,1349856,450000,0.660677280715,0.0767802144972,663.75764608
450,450952,1352856,451000,0.642040496901,0.0890417463254,665.21767616
451,451952,1355856,452000,0.651086116645,0.177180442852,666.61003804
452,452952,1358856,453000,0.652261613689,0.16004325743,668.05877399
453,453952,1361856,454000,0.667905495386,0.0783387754531,669.52226114
454,454952,1364856,455000,0.656433841452,0.108229336563,670.96950411
455,455952,1367856,456000,0.666657107957,0.109984075647,672.41466116
456,456952,1370856,457000,0.667753874685,0.135225887867,673.81233215
457,457952,1373856,458000,0.663811557334,0.0803644186697,675.19634318
458,458952,1376856,459000,0.654477675342,0.140951920171,676.69245219
459,459952,1379856,460000,0.65944143593,0.0712502204536,678.14226818
460,460952,1382856,461000,0.660352725483,0.072371908645,679.58822917
461,461952,1385856,462000,0.655437343129,0.128939441762,681.04514312
462,462952,1388856,463000,0.654046012435,0.0933257699479,682.46990609
463,463952,1391856,464000,0.655601181668,0.0810862247336,683.87033820
464,464952,1394856,465000,0.670747139545,0.075778585371,685.30190420
465,465952,1397856,466000,0.651177181582,0.0678980447669,686.7233421
466,466952,1400856,467000,0.659849093715,0.0617229887293,688.18161702
467,467952,1403856,468000,0.656969804547,0.0916200273497,689.60844707
468,468952,1406856,469000,0.676787207954,0.119604204678,691.07165598
469,469952,1409856,470000,0.660155263903,0.107299156404,692.54879498
470,470952,1412856,471000,0.64709085616,0.0763513319952,693.98676109
471,471952,1415856,472000,0.661332895686,0.0920171710517,695.42681717
472,472952,1418856,473000,0.659183959181,0.0855574692732,696.86607909
473,473952,1421856,474000,0.653625674735,0.113297617658,698.30232310
474,474952,1424856,475000,0.661296514349,0.0880528884138,699.76970219
475,475952,1427856,476000,0.665011103154,0.0837025509235,701.24748396
476,476952,1430856,477000,0.662202640642,0.148234797741,702.65208005
477,477952,1433856,478000,0.657972636107,0.0814661642283,704.0971541
478,478952,1436856,479000,0.662941068573,0.0661210900122,705.5422601
479,479952,1439856,480000,0.654112873782,0.0745411998105,706.98568201
480,480952,1442856,481000,0.647836481488,0.0743591585414,708.41615700
481,481952,1445856,482000,0.657656626465,0.10144140082,709.86620807
482,482952,1448856,483000,0.663790420961,0.106733797489,711.24389505
483,483952,1451856,484000,0.653688180103,0.0847018569307,712.66320300
484,484952,1454856,485000,0.662847369389,0.083239021884,714.09473204
485,485952,1457856,486000,0.659022757488,0.0928438358013,715.54046106
486,486952,1460856,487000,0.651252062765,0.129981378991,716.99711704
487,487952,1463856,488000,0.654895863414,0.0707010615821,718.42968106
488,488952,1466856,489000,0.652728075066,0.0858357817053,719.86145210
489,489952,1469856,490000,0.650718764538,0.0924275376331,721.32237315
490,490952,1472856,491000,0.657726067876,0.0622522223641,722.70616817
491,491952,1475856,492000,0.665714999754,0.0609799948236,724.06805205
492,492952,1478856,493000,0.657415524884,0.0649137828674,725.53962898
493,493952,1481856,494000,0.660544733243,0.0911411126547,726.97483706
494,494952,1484856,495000,0.661881388908,0.0840850183938,728.43514919
495,495952,1487856,496000,0.661969111659,0.113875786811,729.93745398
496,496952,1490856,497000,0.67010963341,0.076568194027,731.3833010
497,497952,1493856,498000,0.663417665884,0.0855398941239,732.81535410
498,498952,1496856,499000,0.651869447768,0.0874642215028,734.28877019
499,499952,1499856,500000,0.649922094944,0.0789447180884,735.7324180
500,500952,1502856,501000,0.660006301464,0.0645068140844,737.19211912
501,501952,1505856,502000,0.665901636396,0.107091129567,738.72377800
502,502952,1508856,503000,0.652680021213,0.0627427200847,740.22434306
503,503952,1511856,504000,0.651193446785,0.0686883198583,741.63421511
504,504952,1514856,505000,0.669346323029,0.0791030101499,743.12773704
505,505952,1517856,506000,0.657012916933,0.0826027102024,744.55928301
506,506952,1520856,507000,0.651612367264,0.0842949119546,746.0193669
507,507952,1523856,508000,0.653803850773,0.0936800495998,747.46046209
508,508952,1526856,509000,0.667324732916,0.0859949785771,748.86647319
509,509951,1529853,510000,0.655972762089,0.0906627840512,750.41357517
510,510951,1532853,511000,0.666918021403,0.103148742431,751.91223812
511,511951,1535853,512000,0.657495548202,0.0557861431464,753.37518715
512,512951,1538853,513000,0.65525032863,0.108067180243,754.83858299
513,513951,1541853,514000,0.64891698472,0.0560061359756,756.30148410
514,514951,1544853,515000,0.656106166727,0.0724153599247,757.71794009
515,515950,1547850,516000,0.649044211367,0.0755646252581,759.14970302
516,516950,1550850,517000,0.666874477988,0.08141281545,760.59648799
517,517949,1553847,518000,0.670381599811,0.114335022718,762.02074503
518,518949,1556847,519000,0.66170387271,0.103233805949,763.4533150
519,519949,1559847,520000,0.653320107413,0.122174013641,764.92612004
520,520949,1562847,521000,0.669475916079,0.0876418937477,766.47007298
521,521949,1565847,522000,0.657607031188,0.120599272889,768.03222417
522,522949,1568847,523000,0.653014754664,0.125467778446,769.70926618
523,523949,1571847,524000,0.660344459055,0.0654943682567,771.24407219
524,524949,1574847,525000,0.672542581857,0.108481676696,772.67897510
525,525949,1577847,526000,0.664556521635,0.093037389064,774.13160204
526,526949,1580847,527000,0.648526779132,0.0869577589118,775.64685010
527,527949,1583847,528000,0.658988420432,0.0824418231684,777.07968807
528,528949,1586847,529000,0.656349527918,0.0645038503899,778.50460815
529,529948,1589844,530000,0.649698472034,0.0989576368267,779.98036718
530,530948,1592844,531000,0.658562493014,0.0625811126256,781.44275307
531,531948,1595844,532000,0.652661240778,0.0746802069511,782.88053607
532,532948,1598844,533000,0.657385279983,0.0751927517659,784.32109904
533,533948,1601844,534000,0.652535258938,0.0975373430136,785.75475215
534,534946,1604838,535000,0.651141938551,0.0634618373737,787.22140598
535,535946,1607838,536000,0.654166379032,0.0607935335029,788.62230300
536,536946,1610838,537000,0.671635171159,0.11025174484,790.10127115
537,537946,1613838,538000,0.6612885725,0.0810626468389,791.53952097
538,538946,1616838,539000,0.656906116672,0.0983749962942,792.98283219
539,539945,1619835,540000,0.660518287553,0.079373801913,794.41313099
540,540945,1622835,541000,0.665381574255,0.128222350318,795.90261101
541,541945,1625835,542000,0.650612028335,0.0863390250846,797.31224107
542,542945,1628835,543000,0.650052138324,0.182307439855,798.76717615
543,543945,1631835,544000,0.652669894679,0.124004194526,800.22227597
544,544945,1634835,545000,0.659758411307,0.0701492495647,801.64808416
545,545945,1637835,546000,0.662070814123,0.187350818612,803.11674213
546,546945,1640835,547000,0.660457423802,0.127202604019,804.55398511
547,547945,1643835,548000,0.653371099575,0.103292440007,805.94272398
548,548945,1646835,549000,0.660125181537,0.104338389948,807.41066503
549,549945,1649835,550000,0.65964249718,0.122862731496,808.87531018
550,550944,1652832,551000,0.658540908362,0.0791461313864,810.3357369
551,551944,1655832,552000,0.656099830652,0.0944681441805,811.79301500
552,552944,1658832,553000,0.650980028439,0.118892157263,813.2274761
553,553944,1661832,554000,0.651616931479,0.0759725903051,814.6738619
554,554944,1664832,555000,0.661185781085,0.0883894279355,816.13712406
555,555944,1667832,556000,0.656718531295,0.105344260633,817.66903209
556,556944,1670832,557000,0.645949082289,0.0780690582014,819.09437608
557,557944,1673832,558000,0.660742975274,0.116187949476,820.44474911
558,558944,1676832,559000,0.642487118304,0.073905199503,821.84223413
559,559944,1679832,560000,0.666177302949,0.0665465031462,823.31124019
560,560944,1682832,561000,0.654115952931,0.0998659529711,824.79492497
561,561943,1685829,562000,0.647810745869,0.0736857915603,826.23195099
562,562943,1688829,563000,0.650256609925,0.0889757847868,827.68557000
563,563943,1691829,564000,0.651708858795,0.0796778901141,829.12306404
564,564943,1694829,565000,0.658368390249,0.072247223806,830.57340097
565,565943,1697829,566000,0.651299252587,0.0528033017577,832.00432014
566,566942,1700826,567000,0.660445665844,0.103216101574,833.44931602
567,567942,1703826,568000,0.656627714877,0.0883464730797,834.8794941
568,568942,1706826,569000,0.654773720467,0.126343174978,836.34390497
569,569942,1709826,570000,0.645844639927,0.110006044593,837.80234003
570,570942,1712826,571000,0.643692191527,0.191818604833,839.2337629
571,571942,1715826,572000,0.657541813964,0.162904239478,840.69059014
572,572940,1718820,573000,0.664611229222,0.0660928516037,842.12583804
573,573940,1721820,574000,0.655270482748,0.104534058762,843.59415698
574,574940,1724820,575000,0.653798479745,0.0632547388312,845.00502204
575,575940,1727820,576000,0.666777169384,0.0911193121495,846.40911912
576,576940,1730820,577000,0.661669097879,0.073280047003,847.86276507
577,577940,1733820,578000,0.651678376586,0.0714159064911,849.29518914
578,578940,1736820,579000,0.653416952545,0.0962602099674,850.75007915
579,579940,1739820,580000,0.649290819075,0.115882863108,852.19929909
580,580940,1742820,581000,0.658139653245,0.070516713646,853.6390540
581,581940,1745820,582000,0.66575741173,0.10517598996,855.08497619
582,582940,1748820,583000,0.661910350996,0.0736949101732,856.53958916
583,583940,1751820,584000,0.647245944308,0.109866023905,857.98915314
584,584940,1754820,585000,0.666365069077,0.0752424045974,859.44203114
585,585940,1757820,586000,0.656795501736,0.0992746125354,860.90248417
586,586940,1760820,587000,0.662519533433,0.0761375672271,862.42047214
587,587939,1763817,588000,0.657574949684,0.0605235914683,863.97698402
588,588939,1766817,589000,0.637510633282,0.100193626794,865.45606017
589,589939,1769817,590000,0.657190639591,0.0590574963391,866.94657897
590,590939,1772817,591000,0.652819508458,0.0515889820539,868.49601411
591,591939,1775817,592000,0.660519570113,0.0845186445911,869.94763708
592,592939,1778817,593000,0.639358920159,0.0512584206473,871.52690005
593,593939,1781817,594000,0.671879591191,0.0773009901305,872.97542715
594,594939,1784817,595000,0.659144233913,0.0500668161187,874.44223713
595,595939,1787817,596000,0.655368362326,0.0877454313105,875.87771201
596,596939,1790817,597000,0.663839661603,0.0855818852901,877.32263898
597,597939,1793817,598000,0.650428191454,0.0765018733721,878.74757409
598,598938,1796814,599000,0.661537770265,0.090204890308,880.16352701
599,599938,1799814,600000,0.65760608675,0.0701715086169,881.59821200
600,600937,1802811,601000,0.65740149752,0.0798671090111,883.04784917
601,601937,1805811,602000,0.6528978797,0.0814057960445,884.48157501
602,602937,1808811,603000,0.661612308701,0.107736673865,885.91315913
603,603937,1811811,604000,0.657040467675,0.0773096923638,887.36847114
604,604937,1814811,605000,0.660245485331,0.124387668454,888.79086899
605,605937,1817811,606000,0.649979463449,0.118245300802,890.2328870
606,606937,1820811,607000,0.656539137732,0.0610648769676,891.6543700
607,607937,1823811,608000,0.67253614616,0.119395861277,893.03825998
608,608937,1826811,609000,0.664442463786,0.102348392584,894.41443419
609,609936,1829808,610000,0.655378393119,0.0900289808882,895.88080406
610,610936,1832808,611000,0.65904766895,0.0983015459332,897.33323216
611,611936,1835808,612000,0.649857444325,0.0997311956304,898.7811520
612,612936,1838808,613000,0.655433519547,0.131961990256,900.20142912
613,613936,1841808,614000,0.655045816248,0.0816180658822,901.63140702
614,614936,1844808,615000,0.666299122731,0.108363146592,903.05882811
615,615936,1847808,616000,0.666938040365,0.103548879968,904.51107716
616,616936,1850808,617000,0.662647561595,0.0903404157514,905.96847009
617,617935,1853805,618000,0.657872623952,0.0688659807521,907.45636415
618,618935,1856805,619000,0.656027916405,0.0991225195097,908.92350697
619,619935,1859805,620000,0.656311845982,0.0715350567037,910.38129520
620,620935,1862805,621000,0.660900889061,0.0948398225542,911.80484700
621,621935,1865805,622000,0.652614296676,0.0934589916319,913.30428600
622,622935,1868805,623000,0.65217535894,0.099460580695,914.88183617
623,623935,1871805,624000,0.654665518614,0.0960012264527,916.42811608
624,624935,1874805,625000,0.655820083787,0.070718913301,917.95366311
625,625935,1877805,626000,0.653198400925,0.0792896187843,919.54935407
626,626935,1880805,627000,0.655428257354,0.0705649934148,921.14757919
627,627934,1883802,628000,0.660213882742,0.101481138937,922.6932561
628,628934,1886802,629000,0.647977931948,0.100191818146,924.22680616
629,629934,1889802,630000,0.649195728518,0.0819878153207,925.7214291
630,630933,1892799,631000,0.663380262126,0.0697993088588,927.20750117
631,631933,1895799,632000,0.657350580428,0.108587839645,928.76014113
632,632932,1898796,633000,0.667978378666,0.0747434098083,930.22738099
633,633932,1901796,634000,0.652065931684,0.0917641556475,931.68699598
634,634932,1904796,635000,0.662365463278,0.121767760434,933.11435604
635,635932,1907796,636000,0.65498732214,0.0978338221578,934.57583403
636,636932,1910796,637000,0.66358979316,0.116719616832,936.04816007
637,637932,1913796,638000,0.663840929423,0.0889783552784,937.48121213
638,638932,1916796,639000,0.652583530658,0.0931075470438,938.95555400
639,639932,1919796,640000,0.654584678489,0.0931075106029,940.46763205
640,640932,1922796,641000,0.642960465739,0.0988941874567,941.8664140
641,641932,1925796,642000,0.657247937457,0.106032999407,943.37545108
642,642932,1928796,643000,0.644159253153,0.0901724272457,944.83421707
643,643932,1931796,644000,0.666046154762,0.0768904466418,946.2877161
644,644932,1934796,645000,0.668937687529,0.0720018264217,947.77482914
645,645932,1937796,646000,0.647782437346,0.0738775591136,949.22113704
646,646932,1940796,647000,0.650953691777,0.087638209856,950.68019413
647,647932,1943796,648000,0.650273705366,0.0940589211657,952.13604903
648,648932,1946796,649000,0.649513041959,0.110647147217,953.61791706
649,649932,1949796,650000,0.668540388001,0.0757731199251,955.05716013
650,650931,1952793,651000,0.655219099419,0.135134585457,956.49237608
651,651931,1955793,652000,0.656994991182,0.0994175868718,957.96277499
652,652931,1958793,653000,0.65769517864,0.0821050890256,959.43223905
653,653931,1961793,654000,0.644423206769,0.126908432961,960.87597703
654,654931,1964793,655000,0.656217526726,0.0708300402366,962.32764816
655,655931,1967793,656000,0.657827829634,0.139622122962,963.79922008
656,656931,1970793,657000,0.66213906628,0.0742829645075,965.24162507
657,657931,1973793,658000,0.65187304322,0.0936993821101,966.65411901
658,658931,1976793,659000,0.670597019706,0.0653467838403,968.11253118
659,659931,1979793,660000,0.65678856931,0.0670171974933,969.64451503
660,660931,1982793,661000,0.656621594941,0.0773142154091,971.20723199
661,661931,1985793,662000,0.648846999713,0.127667678536,972.86413097
662,662931,1988793,663000,0.645705632806,0.0898302124084,974.43191099
663,663931,1991793,664000,0.66012083817,0.0945315669012,975.89049816
664,664931,1994793,665000,0.659244074463,0.0697075707527,977.33916211
665,665931,1997793,666000,0.651963843654,0.0828022341138,978.79701209
666,666931,2000793,667000,0.652507501951,0.0750942544686,980.30426597
667,667931,2003793,668000,0.654771656444,0.0620494799791,981.77240419
668,668931,2006793,669000,0.654182547433,0.137721065323,983.2294421
669,669931,2009793,670000,0.662663474303,0.150508654568,984.68754100
670,670931,2012793,671000,0.651992686579,0.107618031069,986.10381817
671,671931,2015793,672000,0.657528818791,0.104183367616,987.57037210
672,672930,2018790,673000,0.655577398732,0.0897009877406,989.04461097
673,673930,2021790,674000,0.663651475264,0.0758783649796,990.51075601
674,674930,2024790,675000,0.651553483201,0.166045591432,992.00702309
675,675930,2027790,676000,0.648881709513,0.0958434851008,993.49075508
676,676930,2030790,677000,0.652018072479,0.133995793623,994.92946314
677,677928,2033784,678000,0.650694031538,0.123082958621,996.35102319
678,678928,2036784,679000,0.650578251864,0.0724370141351,997.82710719
679,679928,2039784,680000,0.65012562217,0.0964552768302,999.2537660
680,680928,2042784,681000,0.639677719665,0.0995189214737,1000.7463040
681,681928,2045784,682000,0.662200625229,0.128376898076,1002.1758191
682,682928,2048784,683000,0.66060747123,0.177183356182,1003.6022100
683,683928,2051784,684000,0.648895645223,0.0594206696971,1005.0372891
684,684928,2054784,685000,0.651819368919,0.0850942348751,1006.51892
685,685928,2057784,686000,0.655412264215,0.0927684705543,1007.9436140
686,686928,2060784,687000,0.657138791418,0.11114634645,1009.4069840
687,687928,2063784,688000,0.649760299847,0.0763930973963,1010.8519821
688,688928,2066784,689000,0.648854032971,0.0568268422963,1012.3518731
689,689928,2069784,690000,0.648511063122,0.0565704272434,1013.7858071
690,690928,2072784,691000,0.659477548244,0.107986053465,1015.1959891
691,691928,2075784,692000,0.65806487354,0.0764835038774,1016.7438859
692,692928,2078784,693000,0.664119537034,0.0653841128802,1018.2077171
693,693928,2081784,694000,0.662306840767,0.111572543917,1019.6616041
694,694928,2084784,695000,0.653681623625,0.0908547795612,1021.1529970
695,695928,2087784,696000,0.656116282184,0.0891365609853,1022.615379
696,696927,2090781,697000,0.65111498709,0.0763373303058,1024.097299
697,697927,2093781,698000,0.664667580913,0.0570480779417,1025.5350310
698,698927,2096781,699000,0.656140394284,0.0942185567819,1027.0124900
699,699927,2099781,700000,0.660214073107,0.0827978312306,1028.4495701
700,700927,2102781,701000,0.655600879775,0.0705579331425,1029.9277360
701,701926,2105778,702000,0.661513188054,0.0840536470011,1031.4284801
702,702926,2108778,703000,0.659197270442,0.119493197124,1032.8432660
703,703926,2111778,704000,0.647131933921,0.108013734977,1034.3011710
704,704926,2114778,705000,0.651308654737,0.0719525449287,1035.75171
705,705926,2117778,706000,0.655542887419,0.0829376259405,1037.1966481
706,706926,2120778,707000,0.657929429519,0.0676488533002,1038.614715
707,707926,2123778,708000,0.659805291481,0.0873596020145,1040.0986900
708,708926,2126778,709000,0.668773918881,0.0890461163181,1041.5396761
709,709926,2129778,710000,0.654705695066,0.0818014578977,1042.9800460
710,710926,2132778,711000,0.653295402818,0.134760646525,1044.4476380
711,711926,2135778,712000,0.645855686279,0.105798699291,1045.8938870
712,712925,2138775,713000,0.652519984413,0.114915983738,1047.3267180
713,713925,2141775,714000,0.661186932898,0.0868653295832,1048.7833960
714,714925,2144775,715000,0.650710853679,0.0880303982667,1050.2850570
715,715925,2147775,716000,0.666085074202,0.0634721094768,1051.728377
716,716925,2150775,717000,0.64478488225,0.0835390948335,1053.1614880
717,717925,2153775,718000,0.660290775696,0.0732552131852,1054.6205601
718,718925,2156775,719000,0.666184879397,0.0750025209713,1056.0989401
719,719925,2159775,720000,0.652837189019,0.0916809110755,1057.5532059
720,720925,2162775,721000,0.656561127415,0.0681739672062,1058.9977309
721,721925,2165775,722000,0.650605148125,0.123312561188,1060.4963500
722,722925,2168775,723000,0.661808146425,0.0734703112419,1061.9545450
723,723924,2171772,724000,0.65126044417,0.135465217708,1063.3674511
724,724924,2174772,725000,0.651014274151,0.083258053953,1064.881959
725,725924,2177772,726000,0.657687450395,0.0799023295908,1066.3443150
726,726924,2180772,727000,0.655747977525,0.105993199473,1067.7999010
727,727924,2183772,728000,0.667335884654,0.102737702821,1069.2253830
728,728924,2186772,729000,0.653273008535,0.116686347733,1070.6689851
729,729923,2189769,730000,0.659398792544,0.12713377525,1072.1076190
730,730922,2192766,731000,0.661338396129,0.132275983513,1073.5453419
731,731922,2195766,732000,0.650986646767,0.0868603307246,1075.0232021
732,732921,2198763,733000,0.651782476193,0.0816131171615,1076.5013589
733,733919,2201757,734000,0.663774294589,0.107535945266,1077.9730961
734,734919,2204757,735000,0.662116645049,0.141310613598,1079.4413521
735,735918,2207754,736000,0.655399263009,0.114424296108,1080.9320740
736,736918,2210754,737000,0.661989715637,0.073658700301,1082.41351
737,737918,2213754,738000,0.656691450089,0.0584816838994,1083.816785
738,738918,2216754,739000,0.65511377054,0.0940450891825,1085.2616670
739,739918,2219754,740000,0.655186355931,0.0901661427958,1086.7160751
740,740918,2222754,741000,0.642453554519,0.104233873828,1088.2199730
741,741918,2225754,742000,0.653652678131,0.105309580621,1089.7154731
742,742918,2228754,743000,0.666501204418,0.145629978132,1091.1979141
743,743918,2231754,744000,0.658918011122,0.132253061714,1092.6315271
744,744918,2234754,745000,0.661659872257,0.0817025832779,1094.1128981
745,745918,2237754,746000,0.640333657119,0.103817780329,1095.5861260
746,746918,2240754,747000,0.654369313776,0.0675761832532,1097.0567221
747,747918,2243754,748000,0.647597015077,0.15339710877,1098.4717731
748,748918,2246754,749000,0.653991268181,0.0958586102922,1099.9080951
749,749918,2249754,750000,0.656192699263,0.0872995129342,1101.3707041
750,750918,2252754,751000,0.672524368943,0.0730598391625,1102.8267080
751,751918,2255754,752000,0.658134233503,0.0725018405133,1104.27229
752,752918,2258754,753000,0.660754662615,0.0723879777357,1105.7912640
753,753918,2261754,754000,0.657726284874,0.180862362222,1107.2841930
754,754918,2264754,755000,0.654151793275,0.070549675125,1108.7542481
755,755918,2267754,756000,0.656956658588,0.0762875246067,1110.2221620
756,756918,2270754,757000,0.652057348732,0.0714654320969,1111.6671550
757,757918,2273754,758000,0.650860168192,0.0628822386301,1113.1407091
758,758918,2276754,759000,0.656088917312,0.0976448771896,1114.5623960
759,759918,2279754,760000,0.646796459009,0.0728953512915,1116.034871
760,760918,2282754,761000,0.654948156042,0.0576167113674,1117.4897201
761,761918,2285754,762000,0.652781246243,0.107744932047,1118.9602460
762,762918,2288754,763000,0.657080889583,0.0791985706411,1120.439505
763,763918,2291754,764000,0.659279118127,0.081087979719,1121.8712830
764,764918,2294754,765000,0.659561178936,0.114799406099,1123.2991781
765,765918,2297754,766000,0.670877689973,0.0806961053021,1124.7263810
766,766918,2300754,767000,0.665085793868,0.0968171990267,1126.1823370
767,767918,2303754,768000,0.659347834349,0.0851688633145,1127.5893111
768,768918,2306754,769000,0.647960424683,0.0750429643917,1129.0399260
769,769918,2309754,770000,0.661581390512,0.133093049944,1130.4691371
770,770918,2312754,771000,0.660507493332,0.080582782008,1131.916577
771,771918,2315754,772000,0.664900104683,0.107330287506,1133.3880770
772,772918,2318754,773000,0.647965403213,0.0936081591762,1134.8516831
773,773918,2321754,774000,0.652031762351,0.0794383594975,1136.3447170
774,774917,2324751,775000,0.663910491004,0.0700355466381,1137.7831151
775,775916,2327748,776000,0.655255662856,0.0612524269081,1139.2785270
776,776916,2330748,777000,0.666664540046,0.0577445859324,1140.76120
777,777916,2333748,778000,0.657094288691,0.0852896341447,1142.2240650
778,778916,2336748,779000,0.658710888876,0.0588624437692,1143.6819531
779,779915,2339745,780000,0.652550222762,0.130675517901,1145.1170530
780,780915,2342745,781000,0.660064448915,0.101828906371,1146.5573270
781,781914,2345742,782000,0.652411278656,0.107627089422,1148.0147190
782,782914,2348742,783000,0.65471438896,0.105635341317,1149.4384310
783,783914,2351742,784000,0.666762483555,0.0748211837765,1150.8900301
784,784914,2354742,785000,0.66107543363,0.0708002586378,1152.3248360
785,785914,2357742,786000,0.659868267969,0.116168528257,1153.7968590
786,786914,2360742,787000,0.662560187194,0.0774546282963,1155.2499170
787,787914,2363742,788000,0.656466830194,0.117165905172,1156.6715769
788,788914,2366742,789000,0.664494781806,0.104298114808,1158.1004970
789,789914,2369742,790000,0.647531084887,0.153893408735,1159.5345981
790,790914,2372742,791000,0.662431800743,0.138360140512,1161.0664331
791,791914,2375742,792000,0.653495427829,0.0922932386928,1162.54501
792,792913,2378739,793000,0.670140972424,0.113536807066,1164.0179071
793,793913,2381739,794000,0.663589306763,0.0933601164164,1165.4877450
794,794913,2384739,795000,0.648550800888,0.109330201175,1166.9820711
795,795913,2387739,796000,0.654501354637,0.128621647597,1168.4770209
796,796913,2390739,797000,0.653425098348,0.0843446844702,1169.9909081
797,797913,2393739,798000,0.655620475628,0.0701860193391,1171.63462
798,798913,2396739,799000,0.659694736231,0.0820811996316,1173.3289990
799,799913,2399739,800000,0.655816068956,0.0985386377923,1175.1960780
800,800913,2402739,801000,0.660447215963,0.0620602849663,1176.6572401
801,801913,2405739,802000,0.663303360512,0.077739907951,1178.0836420
802,802913,2408739,803000,0.658934521369,0.0990330011586,1179.5334651
803,803913,2411739,804000,0.647712745835,0.0713777961696,1181.053973
804,804913,2414739,805000,0.644988799089,0.151796795365,1182.5282571
805,805913,2417739,806000,0.654005201357,0.12085867689,1183.9852871
806,806913,2420739,807000,0.653279795621,0.0685252603731,1185.4408869
807,807913,2423739,808000,0.662042050789,0.0558775682799,1186.9435141
808,808913,2426739,809000,0.667339409756,0.158279091515,1188.3927471
809,809913,2429739,810000,0.649336857264,0.121973815832,1189.8285250
810,810913,2432739,811000,0.663916517614,0.0744005112019,1191.2920861
811,811913,2435739,812000,0.665977221608,0.0898481463857,1192.7533140
812,812913,2438739,813000,0.662724332968,0.119369294485,1194.2062661
813,813912,2441736,814000,0.667662758801,0.0752699734313,1195.6659071
814,814912,2444736,815000,0.658501807375,0.0701039446237,1197.1541771
815,815912,2447736,816000,0.663050111108,0.14625335716,1198.6022121
816,816912,2450736,817000,0.65731667965,0.0762174875755,1200.0532591
817,817912,2453736,818000,0.652677886137,0.0894213705162,1201.5300941
818,818912,2456736,819000,0.659876358322,0.0743500151416,1202.9747550
819,819912,2459736,820000,0.665549497721,0.114125389708,1204.4451689
820,820912,2462736,821000,0.667807485118,0.0903545513521,1205.8802080
821,821912,2465736,822000,0.649763292092,0.0892696788098,1207.3426890
822,822912,2468736,823000,0.655469698133,0.0736958420038,1208.8645839
823,823912,2471736,824000,0.660965665166,0.0534075769463,1210.3442261
824,824912,2474736,825000,0.643077433043,0.0826903652244,1211.8366880
825,825912,2477736,826000,0.64996764917,0.08385439148,1213.3017871
826,826912,2480736,827000,0.655866816602,0.0848139824816,1214.7509431
827,827912,2483736,828000,0.653279316075,0.071612521427,1216.2678301
828,828912,2486736,829000,0.645734486658,0.119377505783,1217.7370121
829,829912,2489736,830000,0.667492869891,0.149935823925,1219.1964659
830,830912,2492736,831000,0.656692566638,0.0901548044799,1220.6789751
831,831912,2495736,832000,0.654164411477,0.0605585937025,1222.1740741
832,832912,2498736,833000,0.64605960078,0.124773201839,1223.6347680
833,833912,2501736,834000,0.673044747406,0.0851619022908,1225.0733940
834,834912,2504736,835000,0.648273178871,0.120400028526,1226.5199279
835,835912,2507736,836000,0.65334564966,0.0689242344403,1228.0120520
836,836912,2510736,837000,0.656480887771,0.0859417653011,1229.4710810
837,837912,2513736,838000,0.652745450195,0.0595090442879,1230.93736
838,838912,2516736,839000,0.648701722738,0.0927378090373,1232.3926210
839,839912,2519736,840000,0.659171216548,0.097244995516,1233.8473269
840,840912,2522736,841000,0.653590126168,0.168961770606,1235.2560231
841,841912,2525736,842000,0.661463958305,0.187756377337,1236.7911851
842,842912,2528736,843000,0.659456387114,0.0893843698708,1238.2598431
843,843912,2531736,844000,0.650718927586,0.0848705695886,1239.725495
844,844912,2534736,845000,0.659562632568,0.0694621095751,1241.1758880
845,845912,2537736,846000,0.65076984871,0.0787067436326,1242.6118171
846,846912,2540736,847000,0.664051933955,0.0843716595804,1244.0703170
847,847912,2543736,848000,0.655708044171,0.0758125172423,1245.525075
848,848912,2546736,849000,0.648141418998,0.085505914832,1246.9834401
849,849912,2549736,850000,0.647677653419,0.0775747776777,1248.4094591
850,850912,2552736,851000,0.658250919444,0.0784268609556,1249.8888020
851,851912,2555736,852000,0.649564814472,0.137408315773,1251.3101420
852,852912,2558736,853000,0.658262180286,0.106353148155,1252.7533280
853,853912,2561736,854000,0.653398770826,0.137805216752,1254.1955490
854,854912,2564736,855000,0.656262116027,0.0897867802258,1255.6323230
855,855912,2567736,856000,0.658281860631,0.0722690594876,1257.0807349
856,856912,2570736,857000,0.651416821233,0.105966186645,1258.5017340
857,857911,2573733,858000,0.644783045621,0.185188657759,1259.9466891
858,858911,2576733,859000,0.6539209216,0.167864747787,1261.3929121
859,859911,2579733,860000,0.6580159011,0.0545877963538,1262.8709511
860,860911,2582733,861000,0.653069150237,0.0738445679552,1264.3361060
861,861911,2585733,862000,0.646853788986,0.130023050661,1265.7770521
862,862911,2588733,863000,0.651326958869,0.0679475178339,1267.2805230
863,863911,2591733,864000,0.642063922775,0.13690968172,1268.7413480
864,864911,2594733,865000,0.664299145031,0.0824334557912,1270.1932961
865,865911,2597733,866000,0.648428407436,0.056829886109,1271.6360421
866,866911,2600733,867000,0.657746222631,0.122205551786,1273.1121749
867,867911,2603733,868000,0.647267757158,0.0803035399429,1274.5746340
868,868911,2606733,869000,0.654783499358,0.0731768934469,1276.0376601
869,869911,2609733,870000,0.656504933654,0.0735875117312,1277.4910111
870,870911,2612733,871000,0.648139603512,0.05625275445,1278.9795200
871,871911,2615733,872000,0.658804821938,0.170881407755,1280.4318151
872,872911,2618733,873000,0.650338774891,0.109017618965,1281.8383250
873,873911,2621733,874000,0.650884374901,0.0691971101333,1283.183857
874,874911,2624733,875000,0.651749301956,0.0850992976331,1284.6693160
875,875911,2627733,876000,0.657886565781,0.124424988254,1286.0937709
876,876911,2630733,877000,0.646058667842,0.10113388378,1287.5474591
877,877911,2633733,878000,0.646202606749,0.0852314059822,1289.0452761
878,878911,2636733,879000,0.65654765641,0.0716486228711,1290.4866921
879,879911,2639733,880000,0.652186627023,0.0970276584013,1291.9778070
880,880910,2642730,881000,0.662138311313,0.0742998004348,1293.4384200
881,881910,2645730,882000,0.646730333704,0.0642002883684,1294.8879821
882,882910,2648730,883000,0.660053506865,0.157834268768,1296.3394720
883,883910,2651730,884000,0.659979827071,0.098092110481,1297.7737660
884,884910,2654730,885000,0.661405993809,0.081992358018,1299.2121059
885,885910,2657730,886000,0.657001308949,0.0662902597095,1300.6651620
886,886910,2660730,887000,0.659180633471,0.100410149046,1302.1133229
887,887909,2663727,888000,0.652645074888,0.18464832416,1303.6075720
888,888909,2666727,889000,0.659330422363,0.0468536559933,1305.0809850
889,889909,2669727,890000,0.659257715692,0.0571013825603,1306.5390360
890,890909,2672727,891000,0.65317745049,0.0646353043128,1307.9524450
891,891908,2675724,892000,0.650487823965,0.0930020334123,1309.4366180
892,892908,2678724,893000,0.666784913049,0.135316333519,1310.8827409
893,893908,2681724,894000,0.668388985207,0.146651009222,1312.3661291
894,894908,2684724,895000,0.668887303124,0.113615331562,1313.7797191
895,895908,2687724,896000,0.663978434684,0.0823484724638,1315.2484290
896,896908,2690724,897000,0.657896950883,0.0669794272986,1316.7027401
897,897908,2693724,898000,0.645336643605,0.0805050830644,1318.1759340
898,898908,2696724,899000,0.653630351444,0.10226980809,1319.6228351
899,899907,2699721,900000,0.659193178052,0.0761650346522,1321.0706160
900,900906,2702718,901000,0.66139357135,0.0822558397692,1322.5545380
901,901906,2705718,902000,0.658366407405,0.0801724471257,1324.0256371
902,902906,2708718,903000,0.655900778368,0.0811594270362,1325.4684581
903,903906,2711718,904000,0.65981237436,0.126141515786,1326.9314889
904,904906,2714718,905000,0.656019658799,0.109921924824,1328.4071261
905,905906,2717718,906000,0.66692654373,0.118010367778,1329.928481
906,906906,2720718,907000,0.6572241702,0.0748506584251,1331.3185741
907,907906,2723718,908000,0.65016336272,0.0622648229223,1332.8303291
908,908906,2726718,909000,0.65288234425,0.0874874396017,1334.3008601
909,909905,2729715,910000,0.647135722808,0.0536427415702,1335.7570359
910,910905,2732715,911000,0.657754288366,0.106090086452,1337.2219910
911,911905,2735715,912000,0.663994891986,0.0767021090603,1338.7002141
912,912905,2738715,913000,0.649615020439,0.0936047433871,1340.191299
913,913905,2741715,914000,0.659471117772,0.0629210729044,1341.6723470
914,914905,2744715,915000,0.645278205599,0.0934459612521,1343.1750531
915,915905,2747715,916000,0.656387941603,0.124799974311,1344.6525311
916,916905,2750715,917000,0.6718861572,0.0974299112944,1346.1081349
917,917905,2753715,918000,0.656166853827,0.0971356966672,1347.5434501
918,918905,2756715,919000,0.657460469906,0.163521801454,1348.9881880
919,919905,2759715,920000,0.661975173533,0.0474050990945,1350.4293501
920,920904,2762712,921000,0.655515055788,0.0669712373447,1351.9006900
921,921904,2765712,922000,0.655018663746,0.0756350341757,1353.3237760
922,922904,2768712,923000,0.654928425453,0.0985327430157,1354.7553260
923,923904,2771712,924000,0.651223305949,0.0652330498557,1356.2226011
924,924904,2774712,925000,0.650754364215,0.065692364666,1357.7120881
925,925904,2777712,926000,0.664541689856,0.148445125731,1359.1199619
926,926904,2780712,927000,0.651641053176,0.0949768357786,1360.5260441
927,927904,2783712,928000,0.647055204018,0.102204471759,1361.9705531
928,928903,2786709,929000,0.649609194726,0.0986692813068,1363.4294691
929,929903,2789709,930000,0.653791027978,0.0598538288419,1364.8629040
930,930903,2792709,931000,0.656921148477,0.0818027537099,1366.3305699
931,931903,2795709,932000,0.662354578812,0.17686102588,1367.759311
932,932903,2798709,933000,0.661061912425,0.0679865935402,1369.2109429
933,933903,2801709,934000,0.64965647063,0.0835175063101,1370.6367051
934,934902,2804706,935000,0.658946585418,0.0658005896858,1372.1350719
935,935902,2807706,936000,0.665672906866,0.068425388157,1373.697269
936,936902,2810706,937000,0.644231777931,0.0903019475409,1375.2535290
937,937902,2813706,938000,0.6557229328,0.0660068771855,1376.8382871
938,938902,2816706,939000,0.642856922294,0.12033660248,1378.3429701
939,939902,2819706,940000,0.655939868129,0.0823813275981,1379.7638931
940,940901,2822703,941000,0.654551560102,0.0616201638197,1381.231748
941,941901,2825703,942000,0.666263719829,0.0884628996661,1382.7135710
942,942901,2828703,943000,0.650245789649,0.0702875171739,1384.1694421
943,943901,2831703,944000,0.656503900737,0.0690771941925,1385.5770189
944,944901,2834703,945000,0.655127169819,0.0584529722928,1387.0674090
945,945900,2837700,946000,0.648126748111,0.0743419935946,1388.5383889
946,946900,2840700,947000,0.654604842727,0.104350123284,1390.0455620
947,947900,2843700,948000,0.651391290872,0.0868809729045,1391.5164511
948,948900,2846700,949000,0.659075918521,0.0931486780513,1392.9570891
949,949900,2849700,950000,0.666220622723,0.0903723193112,1394.3939690
950,950900,2852700,951000,0.656232256958,0.112320013956,1395.8183951
951,951899,2855697,952000,0.651734228234,0.0739096643049,1397.2811269
952,952899,2858697,953000,0.662355657587,0.0946672874922,1398.7328751
953,953899,2861697,954000,0.655973098781,0.094785235006,1400.1722381
954,954899,2864697,955000,0.654234302555,0.0791378143209,1401.6353721
955,955899,2867697,956000,0.649886049381,0.0820753224898,1403.1449751
956,956899,2870697,957000,0.660770020851,0.115654311888,1404.5676791
957,957899,2873697,958000,0.654784043381,0.0952164920279,1405.9748730
958,958899,2876697,959000,0.659962817901,0.0841548704902,1407.4080519
959,959898,2879694,960000,0.655409478399,0.0766030287005,1408.8665051
960,960898,2882694,961000,0.658965117335,0.092157357856,1410.3476431
961,961898,2885694,962000,0.649145139174,0.110225156596,1411.8167731
962,962897,2888691,963000,0.658728542349,0.07244110631,1413.2701811
963,963897,2891691,964000,0.653480854912,0.0785369703991,1414.7331700
964,964897,2894691,965000,0.67398224273,0.0862516338823,1416.2013020
965,965897,2897691,966000,0.653410297208,0.060503138254,1417.7003111
966,966897,2900691,967000,0.651242744531,0.15003076936,1419.1457290
967,967896,2903688,968000,0.643944039921,0.0837713174366,1420.6273050
968,968895,2906685,969000,0.662172669997,0.0814034068649,1422.0818550
969,969895,2909685,970000,0.654610551036,0.0840024199801,1423.5626990
970,970895,2912685,971000,0.641198047348,0.119672361703,1424.9879159
971,971895,2915685,972000,0.645979647216,0.0826202908044,1426.4512531
972,972895,2918685,973000,0.650529261881,0.0890678429747,1427.9237670
973,973895,2921685,974000,0.652270724415,0.0763843340182,1429.3000531
974,974895,2924685,975000,0.652489120527,0.0790792350348,1430.7227029
975,975895,2927685,976000,0.658403926404,0.0768615791666,1432.1566209
976,976895,2930685,977000,0.669614249693,0.0892128626682,1433.5554120
977,977895,2933685,978000,0.655597450527,0.0761692243256,1435.0054771
978,978895,2936685,979000,0.655482949,0.0661517889159,1436.4299759
979,979895,2939685,980000,0.65055590422,0.0771301394794,1437.8697571
980,980895,2942685,981000,0.662920633343,0.106358772524,1439.3004701
981,981895,2945685,982000,0.659909491964,0.0670989939731,1440.7428669
982,982895,2948685,983000,0.651686960372,0.0704487868023,1442.1828169
983,983894,2951682,984000,0.656251613284,0.111989150952,1443.61622
984,984894,2954682,985000,0.651721878425,0.0886613016024,1445.0425891
985,985894,2957682,986000,0.653275150898,0.0954579873894,1446.4704849
986,986894,2960682,987000,0.662959686002,0.162167446497,1447.9274051
987,987894,2963682,988000,0.663173697805,0.0541606132179,1449.3536441
988,988894,2966682,989000,0.664191192539,0.0991901354848,1450.7996821
989,989894,2969682,990000,0.666697016138,0.0812903433066,1452.179639
990,990894,2972682,991000,0.657927661038,0.0591020128556,1453.583995
991,991894,2975682,992000,0.650280587174,0.0856998603884,1455.0352501
992,992894,2978682,993000,0.654645564032,0.124002446921,1456.4663491
993,993894,2981682,994000,0.647234492743,0.116271218201,1457.9136421
994,994894,2984682,995000,0.652866264584,0.117380147162,1459.3777010
995,995894,2987682,996000,0.652684248698,0.130196659322,1460.7976880
996,996894,2990682,997000,0.650587016816,0.140479551493,1462.2122430
997,997894,2993682,998000,0.662175172679,0.0905363895085,1463.6541001
998,998894,2996682,999000,0.660949245531,0.10301751291,1465.07858
999,999893,2999679,1000000,0.65250730317,0.0555756955803,1466.5400140
1000,1000893,3002679,1001000,0.657211487774,0.0900870381937,1468.0007171
1001,1001893,3005679,1002000,0.662130687001,0.0693710947237,1469.4263200
