-0.0734485756635,-0.0719773668874,0.05152491893,0.0450451888215,-0.0754289553221,0.0472691886823,-0.0662088585179,0.0584146294785,0.0538416944366,-0.0784789798602,-0.0707388305666,0.054877661081,0.0409087749624,-0.0877668575285,-0.07046054075,0.0468935858523,0.0504028362965,-0.0758165032311,-0.0694663954498,0.0468792707639,0.058891209049,-0.0499622876219,-0.0724510614081,-0.0724398811515,-0.0806359479206,-0.0721725717646,-0.0808413726745,-0.0776255527046,-0.0711085145211
0.716465570787,0.70607233035,-0.0553150469692,0.111055658977,0.640780774017,0.0270980350282,0.762811746719,0.00354790460993,0.00985445230879,0.786925709833,0.728802369157,-0.0378312500092,0.0900808842088,0.5937527421,0.750494349314,-0.0651308725114,0.0462274213376,0.711140533898,0.774662178508,0.019425900434,0.0876530906647,0.739000785789,0.720372817242,0.738289799672,0.748928625232,0.700200101392,0.631791008781,0.711547156304,0.637784517319
-0.0418447907245,-0.0630974275523,4.94765741076e-05,0.106566926565,-0.182254767673,0.0401677482274,0.0205943081108,0.0602680614374,0.0277429136577,0.0897449889257,-0.0138418984893,-0.0779376841861,0.13222020397,-0.264488864499,-0.0123129818481,0.029272917388,0.0486198758763,-0.0108418044755,0.0384927906148,-0.01143762598,0.0109719934026,-0.0855945172494,-0.0952063802224,-0.0486774270258,-0.0416134392873,-0.0661462531119,-0.170456310744,-0.0992841315236,-0.127074537128
0.284453504709,0.243477483902,0.000942071538176,0.0320650480832,0.136465661122,0.0443922146911,0.359731515985,0.0701370839125,0.0717502059527,0.357892969281,0.332436379841,-0.0582125211505,0.131161831879,0.103125622547,0.327430214872,0.0514896975134,0.0662399297803,0.278453707198,0.387845421978,-0.019792741347,0.00497128297356,0.283744079062,0.306234745793,0.313282065147,0.306944180309,0.28095704557,0.119333572022,0.248803819595,0.187454460575
-0.18125762295,-0.226123516667,-0.00488446200591,0.0350776373738,-0.344972064276,0.0127439428417,-0.0920871214284,0.106696348958,0.0950253363042,-0.097196124074,-0.138459863389,-0.0443982843657,0.120980575099,-0.426294319565,-0.146197537143,0.0543461621375,0.0131258058652,-0.206597747949,-0.0769081852579,-0.00594389563139,0.0382796192145,-0.121524253227,-0.163743833074,-0.158960178964,-0.187138366201,-0.180630659199,-0.387757093064,-0.247743219349,-0.277541004755
0.229930669339,0.178770416619,-0.0153728201244,0.0312304325945,0.0409030680956,0.0226284717159,0.335967085913,0.114767420249,0.108540982291,0.282757813845,0.278573987494,-0.0151641298804,0.124664366826,-0.0223447439435,0.266835535989,0.0613419471456,-0.00235010392019,0.181784810624,0.341962821055,-0.00916963758245,0.0483549203531,0.316977645794,0.267740972761,0.268496596446,0.242748909851,0.224764345748,-0.0243616294388,0.160570058428,0.0980562924498
-0.091531613326,-0.141797824663,-0.0223825955737,0.026836602619,-0.319834654254,0.0204681399137,0.0216764893136,0.094380340616,0.120390105977,-0.034499030241,-0.0352939999336,0.00375817608373,0.107140030906,-0.386083181461,-0.0440931433984,0.0513424682512,0.00698994572955,-0.140034122734,0.0292185227353,-0.0124760854034,0.026582898253,-0.0255946934529,-0.0689854977773,-0.060902029786,-0.0969204331163,-0.105570321859,-0.36989674,-0.182992335065,-0.228039918303
0.188875519376,0.130661819198,-0.0430906118766,0.0240448965309,-0.0486530195724,0.0381058646008,0.308040536045,0.0810681978996,0.119485469588,0.21608110683,0.251903124656,0.010311810501,0.0873295114302,-0.0741319159123,0.232711504771,0.0266405400746,0.0173813696959,0.13088922338,0.318481111192,-0.025169309723,0.0477962900922,0.255459418441,0.224250487686,0.230089036217,0.202291788484,0.178607273467,-0.117573813801,0.101706507761,0.0317259914454
-0.045322784723,-0.107914571205,-0.0424497128294,0.0291635490863,-0.293335370603,0.0320021816543,0.0758782843099,0.0819489809792,0.123117808329,-0.0140698418652,0.0186266575153,0.0112696399553,0.0771641453569,-0.310307609219,-0.00263405620973,0.0285176917057,-0.00701771974734,-0.0969230221291,0.0893457668247,-0.0157685191129,0.041834564595,0.00564614806494,-0.0238364784187,-0.0132041123931,-0.0424367274346,-0.0638793196009,-0.369359821546,-0.147073177018,-0.204901537707
0.124227991481,0.0608045765867,-0.0391434708382,0.0229401733829,-0.138885680131,0.047649800285,0.255705678226,0.0933501767387,0.122939710331,0.13724259939,0.192994910411,0.00469913807586,0.0604491407954,-0.128254353487,0.173688206041,0.013047415296,0.00656487457106,0.0916988630221,0.25468155545,-0.00509093777765,0.0324895125847,0.162742417327,0.163214798235,0.168125487844,0.133370818088,0.109214209899,-0.219723134053,0.028491454207,-0.04664608105
-2.17641280517e-05,-0.065310313218,-0.0409893456426,0.0430386982277,-0.265120606271,0.0549891780032,0.13582603644,0.0848838019423,0.106429171901,0.0109742163649,0.0723530439439,-0.000471964238223,0.0666739548374,-0.265104277587,0.0466043738654,-0.0118335427623,0.00248402179067,-0.044911036825,0.130469139386,-0.000581027561196,0.0375679176436,0.0343425980464,0.0225432435732,0.0350468767397,0.00541570711148,-0.0173703762725,-0.365499885747,-0.107472545358,-0.177110612642
0.0938478279757,0.023654560753,-0.0412829366345,0.0460264647254,-0.177805604722,0.065289159612,0.240199320649,0.0698892182908,0.0898633264417,0.106900505626,0.172098782942,-0.00134257328377,0.0589105213168,-0.153574087734,0.135517697991,-0.000743501581017,0.0016606899142,0.0382794473792,0.224651194281,0.00343406484495,0.0448101191258,0.102178183948,0.12797167218,0.138132279687,0.104911221617,0.0782846392668,-0.279324402716,-0.00757990782699,-0.0910369982436
0.0295513847228,-0.0460063670363,-0.033552570942,0.0314034450117,-0.250531762364,0.0586781516608,0.177959241912,0.0682583936067,0.0845048520137,0.0460436024736,0.107004526934,0.00352938029789,0.0559921062851,-0.208772811082,0.0725299310679,0.00410636773245,0.0048348504443,-0.0381254410536,0.159562109233,0.00624544637558,0.0502838889316,0.0188831391005,0.048125123592,0.0675895250328,0.0391580215323,0.0122042970968,-0.350164440342,-0.0798554001711,-0.160662123709
0.0652699892387,-0.00777591095044,-0.0363968917186,0.0428938682189,-0.215173036269,0.0444387244304,0.213365148477,0.0551003184784,0.0755303533802,0.0887123521098,0.139457822215,-0.00431726497161,0.0430631663782,-0.163435523389,0.10674621286,-0.011640368941,0.0153132936385,-0.0065032652967,0.191220131279,-0.00155800292742,0.0364740110786,0.0403911654814,0.0820127923982,0.105766483915,0.0784284839809,0.0488212708731,-0.320649350955,-0.04396157703,-0.130509325826
0.0599826477681,-0.0225829076465,-0.0296541226585,0.0389195664683,-0.227070572714,0.0405116686182,0.205127043093,0.051579817641,0.0757825886448,0.0820161010444,0.131623940904,-0.00290690498855,0.0423132221885,-0.152917428066,0.0963314835518,-0.00599687146509,0.0214404759293,-0.0300703423759,0.182035851556,-0.00317105994977,0.0342537374575,0.0285783343047,0.0692535757147,0.0969150878087,0.072575700083,0.0408873580487,-0.335197868477,-0.055481425766,-0.143577769126
0.0710932938414,-0.0219972713532,-0.0213128532238,0.0348188870385,-0.216349647557,0.0293393255308,0.21881216872,0.0562476245504,0.0729379654516,0.0833037038014,0.145886005389,-0.000801603892773,0.0445331844322,-0.12907518984,0.11032972661,-0.00256921690452,0.0262212436528,-0.0245309042528,0.19482326854,0.00783053845369,0.0336968643425,0.0310476097354,0.0788607967667,0.111024757555,0.0840751633328,0.052189015767,-0.329673741097,-0.0457434752498,-0.137610877975
0.0622279678934,-0.0343696647941,-0.0193422926274,0.0324252597779,-0.227188341374,0.0269416377572,0.210103079327,0.0542496866116,0.0751955125874,0.0620165446873,0.136560459813,-0.0013798350404,0.0401439559407,-0.129727774162,0.100103978608,-0.00311801236698,0.0238691554354,-0.035802611047,0.181825828422,0.00906844806294,0.0319653893762,0.013698336945,0.0611996685788,0.0989789116721,0.076314317003,0.0428933341931,-0.348426161737,-0.0591469380929,-0.152115649887
0.0687485307961,-0.0311342121042,-0.0207916714107,0.033104590382,-0.222639216123,0.0274757876442,0.217847178302,0.053058801727,0.0758545420943,0.0646267217029,0.143884708811,-0.00636687733826,0.0364337619683,-0.113629270018,0.107095886706,-0.00592313207972,0.0243769453633,-0.0311645860818,0.186734362533,0.011499103997,0.0285717899895,0.0164240898012,0.0635457501659,0.105550517064,0.0835330216476,0.0497238108169,-0.348119096571,-0.0550402016282,-0.151650186784
0.0745816468241,-0.0295392381211,-0.0246610878028,0.0305139835151,-0.221114461421,0.0255929629619,0.224746057466,0.0502079703854,0.0783728629155,0.057042192656,0.148123419349,-0.00422890844197,0.0418705008443,-0.0967386972743,0.109640433416,-0.00566971998966,0.0196769687724,-0.0230603306261,0.191679151795,0.0135663378713,0.0286340087819,0.0247272912337,0.067048644352,0.108755492674,0.0892099136276,0.0527757777086,-0.352239851001,-0.0545495734514,-0.152012789759
0.0661398529953,-0.0405856853016,-0.0243406501399,0.0293328511668,-0.233454315346,0.0221013489115,0.220608051987,0.0478893091516,0.0703083890674,0.0415379582047,0.138349862848,-0.00620548820326,0.0429875397071,-0.102054363491,0.102031648451,-0.0098146827787,0.0206243330322,-0.035196437031,0.184190921577,0.0132047145309,0.0291684698407,0.0196236988487,0.0546355820109,0.0986146031898,0.0803018669741,0.0443107568732,-0.368967938076,-0.0658660246848,-0.164836044472
0.0694043106227,-0.044124183561,-0.0144570336751,0.0274890797745,-0.232449457979,0.0238611572198,0.224991759772,0.0475258829363,0.0686740719683,0.0523616730995,0.139859663646,-0.00479194849339,0.0418936910856,-0.099453387327,0.103729064476,-0.00835085571581,0.0175310258668,-0.033688280991,0.185966875131,0.0169212386356,0.0312310662236,0.0103378139897,0.0518957315301,0.0985767917802,0.0839351198067,0.045445205705,-0.369349694428,-0.0653119312535,-0.167153856274
0.0727352064184,-0.0461625368026,-0.0127599885193,0.0270290072011,-0.231146533008,0.0254282749393,0.228186259082,0.051716154182,0.0688719192273,0.0538469706651,0.14318198928,0.00407666490806,0.0386833947849,-0.0938286578841,0.105137474185,-0.00925471517655,0.0269451175852,-0.0369936384926,0.190818783598,0.0165289454738,0.0225386916991,0.0107987242204,0.0508489535568,0.100958110547,0.0877984849761,0.0489891737736,-0.368912057461,-0.0628927831527,-0.166776454808
0.0715808552274,-0.0532181834869,-0.0184208478172,0.0290954661118,-0.235299618794,0.0209076761469,0.228803041749,0.0477829829854,0.0622694490624,0.0491763607639,0.140321564082,-0.00235859080505,0.0413428381018,-0.0918260631672,0.104866358686,-0.00575656014649,0.0248520176376,-0.0357155026579,0.189024669495,0.0172474379944,0.0242218490249,0.00404424152854,0.0454723904244,0.0975997427106,0.0864124983076,0.0488903780188,-0.375478788956,-0.0656911620967,-0.170844142787
0.0764641427877,-0.0478072750855,-0.0170145629437,0.0358796051161,-0.231765638934,0.0148869860689,0.234856300142,0.0428250134489,0.0660585059936,0.054726716839,0.144247860117,-0.00429986827798,0.0419466886934,-0.0820276524293,0.108959871793,-0.0118068946461,0.0139950245478,-0.0328753771787,0.188331777327,0.0132909539053,0.0262666435511,-0.000554640916927,0.0483656461895,0.101882169851,0.0928251556868,0.0535257722431,-0.375086885241,-0.0627733280109,-0.169543402481
0.0783839925532,-0.0475015689675,-0.0190528744405,0.0332719126215,-0.232151398396,0.016358294457,0.23777592647,0.0394786972982,0.0637989777009,0.0635512107438,0.145823996953,-0.000960807887317,0.0406395091159,-0.0755106602423,0.109569019375,-0.0115656888746,0.0145953585627,-0.0403310915314,0.189981075707,0.0105228160723,0.0231947341282,-0.00143646877191,0.0497769534935,0.104639107031,0.0958555163394,0.0561990729561,-0.37727363316,-0.060539416723,-0.169519442508
0.0782085692478,-0.0516464786645,-0.0186163366371,0.0308939780814,-0.233957562827,0.0129887300437,0.236587073178,0.0382639510757,0.0616066386854,0.0635954239435,0.145536033879,-0.000615446914559,0.0397836189269,-0.0755588563606,0.105856228432,-0.0114345762442,0.0121182255628,-0.0444345668348,0.190146049167,0.00811489056336,0.0263535611024,-0.00137751310174,0.0485184752599,0.103464373866,0.0958522148733,0.0555931911913,-0.384422081066,-0.063508649153,-0.174214592125
0.073533744755,-0.0601230988523,-0.0205386801397,0.0306175393066,-0.238207458408,0.0120293216347,0.23087088804,0.0375530019292,0.0656228578903,0.0541065577867,0.139660102522,-0.00409601940409,0.03541942752,-0.0740421979789,0.100280530066,-0.0118268990659,0.00591312454497,-0.0507482832269,0.184126252907,0.00967979499245,0.0323001880834,-0.0178073098465,0.0402697760484,0.0974193508983,0.0910830031792,0.0499669062492,-0.395531141415,-0.0713051530274,-0.182578665497
0.077138782452,-0.0615903027147,-0.0191989410398,0.0307837149048,-0.235426499998,0.00809075287422,0.235505515237,0.0419276664201,0.0603306514979,0.0539516793002,0.141903804756,-0.00457272605136,0.0313678656181,-0.0689283617287,0.105357320551,-0.0157996339387,0.00617731189031,-0.0418792524883,0.187846189959,0.0114120677003,0.0299955601478,-0.00909469373002,0.0446525859804,0.102306359342,0.0964407010815,0.0530033919127,-0.396695497416,-0.0685926895726,-0.181603740727
0.0814262162804,-0.0591978648089,-0.0145466748217,0.0263775060037,-0.233277935939,0.0105304009941,0.242132594635,0.0403321852376,0.058242265243,0.0584471015581,0.148652955865,-0.00824858657723,0.0317381772108,-0.0647743565904,0.110020604864,-0.0156709258061,0.00882733192057,-0.035079466568,0.193590212465,0.0106859209707,0.0291780440195,-0.00598734476579,0.0488057240266,0.108313526306,0.101413500498,0.0582466451817,-0.394523396521,-0.0637770395357,-0.178733729303
0.0825739023987,-0.0598064554782,-0.011423037952,0.0243964687265,-0.232783228484,0.00832169427031,0.244913783281,0.0404161259346,0.0563536577214,0.0604985287963,0.150705610197,-0.00396591811787,0.0311212342404,-0.0655411295814,0.110344350991,-0.0145902163205,0.00703022642461,-0.0356950914658,0.193881910843,0.0124367316446,0.0230498944421,-0.00953656906046,0.0519124768646,0.110167800947,0.102511907224,0.061107240837,-0.397608574019,-0.0634240025095,-0.179520501763
0.084393197585,-0.0592470429892,-0.00769890902806,0.027164601789,-0.233088363176,0.0111385762362,0.2471334847,0.0431430440666,0.0529279987231,0.0591759271555,0.150878016975,-0.00849482199063,0.0271220030509,-0.0620945157302,0.109112469128,-0.0115334042476,0.0133953762789,-0.0305429373695,0.193178599227,0.0141093716948,0.0205012309444,-0.012520305572,0.0500627406523,0.110788093438,0.105026961136,0.0617824659125,-0.399761650223,-0.06363067502,-0.180412199249
0.0825775868203,-0.0655111761367,-0.00668392316624,0.027685602322,-0.232897568736,0.00882694847336,0.245075827193,0.0407701809636,0.0532233282437,0.0554012541489,0.14780463038,-0.00986711928441,0.0250681720543,-0.0683959101986,0.106797571105,-0.00790718648064,0.0142593631955,-0.0335351988458,0.190129118668,0.0194547893115,0.0185228431728,-0.0176690574541,0.0424713957077,0.105792110652,0.103837033509,0.0596517447167,-0.405689906048,-0.0681904435203,-0.185039101302
0.085436749576,-0.0643371233004,-0.00706727833747,0.0286739267111,-0.23203640929,0.0135732241349,0.247498462352,0.0391443634867,0.0536364301075,0.0574941207632,0.150554115431,-0.0126458279403,0.0238927258532,-0.0644303115608,0.108492251069,-0.00592271019714,0.013380355385,-0.0297163078146,0.190134440526,0.0132701489253,0.0175427769968,-0.0142764332857,0.0435324308726,0.108993792037,0.107301316754,0.0627611518051,-0.40585622752,-0.0656957163004,-0.1845794889
0.0833817960116,-0.0664737158551,-0.00836579906716,0.0298274818985,-0.236136226701,0.0127377796519,0.247260494415,0.0371504308706,0.0543870035249,0.0567652322948,0.147987867521,-0.0142829109415,0.0234507281594,-0.0678041299509,0.106809687058,-0.00589665319699,0.0110194208197,-0.0344001022313,0.188770125668,0.00929032584798,0.0160986758791,-0.0196635261517,0.0411681184011,0.107029519274,0.105242966698,0.0603301330986,-0.411481264974,-0.0684254817985,-0.188337560272
0.084612348544,-0.0656591033686,-0.0100533396638,0.0307557482917,-0.236534997184,0.0127610895302,0.249830702539,0.035788460501,0.0531142013196,0.0564119975061,0.150874427313,-0.0181039777191,0.0216060677217,-0.0664637178993,0.108074801975,-0.00783963955073,0.0128118291032,-0.0376553104921,0.190295819445,0.00491329253246,0.015375957281,-0.0180046246878,0.0397419623612,0.107822768861,0.106735259664,0.0612771773577,-0.412471167965,-0.0677976517067,-0.188934461279
0.0879714057516,-0.0659274400863,-0.00622309501284,0.0307157581756,-0.233234135865,0.0129172759564,0.253155315789,0.0362878932786,0.0490102609585,0.0588897346641,0.154542529474,-0.0162097657405,0.0213014869065,-0.0616963937048,0.110559950411,-0.00221927352489,0.0172965938315,-0.0349973364135,0.192613867573,0.00665317452345,0.0124008660822,-0.0144025239048,0.0400051116604,0.109063916239,0.110618576503,0.0652893466361,-0.412529601555,-0.066095254532,-0.1881397919
0.0878151825347,-0.0677597877419,-0.00741624967903,0.0306919827276,-0.235287728239,0.0151504386778,0.252181818442,0.0349157736464,0.0451845484828,0.0579557419044,0.153911931029,-0.0145462747978,0.018792028924,-0.0621630672059,0.110522687217,3.19224811293e-05,0.0175855022677,-0.0382683922867,0.190380319525,0.000762370448482,0.0120602964814,-0.00844283386828,0.0414264200682,0.109765019874,0.110491560205,0.0639131924618,-0.416999876085,-0.0679216023838,-0.190698941174
0.0860130496144,-0.0709408940938,-0.00999019018703,0.0300842255559,-0.241097827193,0.0204496329479,0.251617800383,0.0331616688045,0.044118094939,0.0543607310819,0.15099366767,-0.0145136485223,0.0201460425744,-0.064243476832,0.106841675059,-0.00513471461349,0.0194160471335,-0.0396099538027,0.187471795239,0.000465935602445,0.0133189935186,-0.0071392566693,0.0379288038605,0.107828680489,0.108410630891,0.0604848341386,-0.422187754423,-0.07183792694,-0.195252223695
0.0918726042294,-0.0671424211785,-0.00587706986949,0.0246344554078,-0.236792583102,0.0220655344274,0.258669591554,0.0336508032423,0.044538190884,0.0601273796661,0.156822442373,-0.0144385455485,0.0213860957502,-0.060077545846,0.113755754702,-0.00718360255287,0.0188734301764,-0.0354976356237,0.194412778714,0.000298838138854,0.0147886221352,-0.00194573053247,0.0438580972071,0.114106634752,0.114901745657,0.065997340123,-0.418109659443,-0.0667077974214,-0.191624367346
0.0916829838842,-0.0683595528647,-0.00680469266329,0.0237901177399,-0.237504438263,0.0212308269891,0.259239986698,0.0363750590889,0.04540108726,0.0592214488175,0.155864369487,-0.0122083098165,0.0197133797845,-0.0606489534748,0.112941581441,-0.00452367228597,0.020067258898,-0.0362462474928,0.193322426508,0.000528159007752,0.0153293592992,-0.00654674570938,0.0428629615608,0.113828950456,0.115218347085,0.0670414000408,-0.421179961697,-0.0671289719565,-0.192954796794
0.0937536829047,-0.0679536180077,-0.00905744631867,0.0214038975568,-0.2354523354,0.0196442934459,0.261982548573,0.0334311830121,0.0444897645735,0.0641547651974,0.157505241522,-0.013608099318,0.0188844934169,-0.0574741651643,0.113468335261,-0.00620441094341,0.0209158773396,-0.0369013779586,0.194208737016,0.000159722546156,0.0145273021803,-0.00789273810461,0.0399085608313,0.114072951567,0.117428993762,0.0700762458264,-0.421431334005,-0.0662542338019,-0.192699514948
0.0937582622151,-0.0679779656174,-0.00905255296257,0.0214046575825,-0.235478921867,0.019636369636,0.262004192913,0.0334238808852,0.0444754062696,0.0641489263312,0.157511996717,-0.013608023346,0.0188735335785,-0.0574638577207,0.113467520048,-0.00620052729716,0.0209163689478,-0.0369175514305,0.194211629483,0.000168067932115,0.0145209936094,-0.00792141965652,0.03989372906,0.114074009576,0.117437209431,0.070077738153,-0.42149015133,-0.0662716485152,-0.192733954289
0.0937668568101,-0.0679853310215,-0.0090557484139,0.0213980375291,-0.235492478292,0.0196327247187,0.262022766003,0.0334167066716,0.0444710503247,0.0641520471792,0.157525554985,-0.0136140660019,0.0188765910784,-0.0574576510654,0.11347600456,-0.00620180827244,0.020911016177,-0.0369169961226,0.194223931884,0.000169169889381,0.0145179920056,-0.00792610792182,0.0398983315058,0.11408523798,0.117447758187,0.0700842118827,-0.42151795234,-0.0662752891809,-0.192747254736
0.0937714311416,-0.0679948814311,-0.00905548870339,0.0213847599065,-0.235508250311,0.0196356667008,0.262036662774,0.033412182446,0.04446866227,0.0641543095318,0.157530244429,-0.0136122336522,0.0188777000531,-0.0574586563714,0.113476542101,-0.0062081536228,0.0209031421462,-0.0369258374593,0.194230155633,0.000168534876969,0.0145147729433,-0.00793580400263,0.039896389,0.114090149435,0.117455491185,0.07008772857,-0.421552352208,-0.066283506731,-0.192765155529
0.093775103828,-0.0680221577939,-0.00905277288971,0.0213764623923,-0.235536407655,0.0196306512907,0.262058374065,0.0334020244477,0.0444605094065,0.0641477176453,0.157533915214,-0.0136134789795,0.0188698217524,-0.0574391091656,0.113475071752,-0.00621615096839,0.0209000832047,-0.0369505976717,0.194230801225,0.00016637179283,0.014506703201,-0.0079641379284,0.0398810749887,0.114090933831,0.117462035876,0.0700888883053,-0.421608837425,-0.0663004167366,-0.192799670124
0.0937796004432,-0.0680388000015,-0.00904804363578,0.0213701658982,-0.23556307172,0.0196281812642,0.262078032349,0.0333916370483,0.0444547831804,0.0641389115377,0.1575401063,-0.0136136356724,0.0188618375607,-0.0574209331668,0.113476082166,-0.00622382466998,0.0208972684681,-0.0369670783908,0.194237210252,0.000173061835259,0.0145028249816,-0.00798635350584,0.0398753484996,0.114095051142,0.11746956482,0.0700894658762,-0.421660365142,-0.0663144572194,-0.192828602076
0.0937833337725,-0.0680589588543,-0.00905219749568,0.0213727355197,-0.235592280173,0.0196194185772,0.262098574197,0.0333887783551,0.0444427482377,0.0641223755346,0.157547732545,-0.0136129595277,0.0188495567845,-0.0574059900947,0.113477808506,-0.00622669946963,0.0208949726131,-0.0369848665815,0.19424011816,0.000174394037357,0.0144961850891,-0.00800049681909,0.0398723308425,0.11410198763,0.117476531198,0.0700884208323,-0.421712722743,-0.0663286432521,-0.192858146861
0.0937872440227,-0.0680748063416,-0.00904246950084,0.021364227843,-0.235613975805,0.0196203543563,0.262112095175,0.0333858066442,0.0444362434611,0.0641215593433,0.157552784507,-0.0136078609851,0.018844344652,-0.0573924339971,0.113477470823,-0.00622996794045,0.0208932792788,-0.0369971007013,0.194240480369,0.000178257057601,0.0144909617052,-0.0080265261331,0.0398634417079,0.114104706636,0.117483100664,0.0700914167345,-0.421753548479,-0.0663395025812,-0.19288183284
0.0937915402241,-0.0680947845008,-0.00904076015915,0.0213621028739,-0.235638223503,0.0196124115937,0.262130789702,0.0333743598414,0.0444238789752,0.0641143963944,0.157560311353,-0.0136079656926,0.018830042264,-0.057377629122,0.113477883218,-0.00623148858636,0.0208966247166,-0.0370137190849,0.194241950873,0.000179575836611,0.0144815766495,-0.00805670554788,0.039854190222,0.11410747623,0.117490411236,0.0700933080723,-0.421809931401,-0.0663540920591,-0.192912282561
0.0937977708104,-0.0681157210843,-0.00904513928108,0.0213627308809,-0.235668660773,0.0196040705791,0.262157163976,0.0333590993268,0.0444178560098,0.0641043207245,0.1575679757,-0.0136105861892,0.0188231118406,-0.0573619333305,0.113480418903,-0.00624720537461,0.0208887592042,-0.0370290233019,0.194247087445,0.000177808564542,0.0144758918372,-0.00808426591421,0.039847362656,0.114114072997,0.1175001923,0.0700953510693,-0.42187764922,-0.0663725266814,-0.192948172316
0.0937985890714,-0.0681461644992,-0.00904975848393,0.021354762278,-0.235708480778,0.0195936307538,0.262181078529,0.0333483259696,0.0444116408064,0.0640814537929,0.157575271589,-0.0136104936551,0.0188071649013,-0.0573454584939,0.113476569384,-0.00626147268737,0.0208786889886,-0.0370491423256,0.194248331261,0.000179311735097,0.0144705299494,-0.00812025593374,0.0398300457021,0.114113413958,0.117505156627,0.0700925243188,-0.421950672319,-0.0663953243261,-0.192991317783
0.0938013390231,-0.0681657247433,-0.00905605987114,0.0213468488723,-0.235731991029,0.0195921911889,0.262197877628,0.0333356841927,0.044403820241,0.0640755481045,0.157580692992,-0.0136148682147,0.0187967934366,-0.0573315290943,0.113475598292,-0.00627048279174,0.0208764928027,-0.0370703331677,0.194250520143,0.000175935406449,0.0144661366939,-0.00814257559379,0.0398189399145,0.114114235807,0.11751165227,0.0700926162653,-0.421999753671,-0.066410314583,-0.19301995063
0.0938050728875,-0.0681715138741,-0.00905608700253,0.0213495610724,-0.235744648625,0.0195910613074,0.262211766998,0.0333313332306,0.0444003644572,0.0640687046294,0.157586153536,-0.0136079473748,0.0187881248117,-0.0573305536884,0.113477796215,-0.00627350781819,0.0208703788021,-0.0370700355696,0.194251582045,0.000173551741645,0.0144672275547,-0.00814564592925,0.039817888862,0.114118786483,0.117517445616,0.0700954119616,-0.422029938338,-0.0664152855137,-0.193034001381
0.093808653661,-0.0681774695042,-0.00905201772584,0.0213505659857,-0.235758890923,0.0195887640122,0.262223781538,0.0333290624784,0.0443925610152,0.0640609996515,0.157592930952,-0.0136064248508,0.0187847873828,-0.0573229414205,0.11347983409,-0.00627135870301,0.020871128462,-0.0370723853352,0.194255979742,0.00016855873801,0.01446241144,-0.00814909392102,0.0398169833873,0.114123580588,0.117522958421,0.0700974415057,-0.422057001026,-0.0664212785752,-0.193048321729
0.0938131335945,-0.0681896012273,-0.00904923511511,0.0213530236723,-0.235777320879,0.0195857466619,0.26223719987,0.0333277140487,0.0443836954805,0.0640587376705,0.157597768417,-0.0136026224104,0.0187753333961,-0.0573147583895,0.113482048387,-0.00627461812255,0.0208709511764,-0.0370792583951,0.194258347914,0.000170637956863,0.0144627758866,-0.00816318657376,0.0398108754547,0.1141268851,0.117530187683,0.0701001306809,-0.422093497686,-0.0664302893148,-0.193068753016
0.0938167377682,-0.0682044352399,-0.00904491424742,0.0213514981756,-0.235793559175,0.0195807576533,0.262251629764,0.0333185216859,0.0443770350021,0.0640533122636,0.157601831915,-0.0136011221158,0.0187661426965,-0.0573055500831,0.113484213412,-0.00627628999059,0.020868907863,-0.037081828487,0.194262292825,0.000173889021546,0.0144568595967,-0.00818204898064,0.0398018892637,0.11412954723,0.117536254961,0.0701005080013,-0.422127838693,-0.0664400990514,-0.193089500833
0.0938202687062,-0.0682135305207,-0.00904779795295,0.0213518550652,-0.23581355549,0.0195745153712,0.262268847194,0.0333180305088,0.044372565484,0.0640469614387,0.157608711502,-0.0135967991058,0.0187558841945,-0.0573008041791,0.113487076134,-0.00628103034727,0.0208700860458,-0.037089742854,0.194268857394,0.00017844020845,0.0144564926167,-0.00819014032795,0.0398002873374,0.114134187325,0.117542224799,0.0701019554842,-0.422165152248,-0.0664494654046,-0.193108831276
0.0938221443103,-0.0682346030027,-0.00905040469635,0.0213443730896,-0.235836150303,0.019573058223,0.262279557193,0.0333070411536,0.044368209106,0.0640395317711,0.157611017718,-0.0136004540885,0.0187483380221,-0.0572925223995,0.113487915743,-0.00628495710281,0.0208725663767,-0.0370981152362,0.19427024553,0.000177824999722,0.0144514528187,-0.00821425745203,0.0397893123956,0.114134328103,0.117546891954,0.070101152428,-0.422211522687,-0.0664633058805,-0.193135657325
0.0938277661958,-0.0682353782487,-0.00905241520597,0.0213415338216,-0.235844705219,0.0195716457775,0.262292482584,0.0333046091467,0.0443684495732,0.0640415532374,0.157617833012,-0.0135969983991,0.0187435555205,-0.0572885098081,0.11349455774,-0.0062861024519,0.0208717160248,-0.0370943041095,0.194277605991,0.000178636339609,0.0144520995878,-0.00822081144928,0.0397911620752,0.114140186334,0.117554557884,0.0701056401658,-0.422228896546,-0.0664650748332,-0.19314317043
0.0938291244003,-0.0682546390916,-0.00904548439365,0.0213397774159,-0.235863670119,0.0195746736061,0.262306335803,0.0333011391576,0.0443610668712,0.0640342055445,0.157621164157,-0.0135968277163,0.0187348737354,-0.0572770320393,0.113494618875,-0.00629168684913,0.0208660360872,-0.0371087678008,0.194278779546,0.000180620978811,0.014449034576,-0.00823890482594,0.0397791134478,0.114139120588,0.117558955898,0.07010541826,-0.422269540221,-0.0664778189907,-0.193167698844
0.0938345291259,-0.0682677169374,-0.00904562519903,0.0213370459242,-0.235883730097,0.0195682802924,0.262323192268,0.0332969553447,0.0443562705849,0.0640307459256,0.157627916856,-0.0136046935523,0.0187264847712,-0.0572716754562,0.113499336566,-0.00629740819442,0.0208647784961,-0.0371148468638,0.194286842793,0.000180350208193,0.014445333781,-0.00824861216408,0.0397782907569,0.114144751058,0.117566751124,0.0701073222818,-0.422312092829,-0.0664887113191,-0.193190213747
0.0938580586728,-0.0682971476911,-0.00904320580613,0.0213233979412,-0.235905530055,0.0195747129187,0.262368958687,0.0332783498844,0.0443345021682,0.0640366605272,0.157650985726,-0.0136109142059,0.0186998479123,-0.0572418451352,0.113510148911,-0.00629537399326,0.0208732856687,-0.0371255075603,0.194298403486,0.00016747067847,0.0144312029704,-0.00826159115644,0.0397663658985,0.114161129733,0.117598482985,0.0701250335086,-0.422387613954,-0.0665001345109,-0.193231061004
0.0938764593887,-0.0683214082706,-0.00903825774984,0.0213077958015,-0.235924340912,0.0195765820474,0.262404188888,0.0332655595903,0.0443167437228,0.0640341203293,0.15766798461,-0.0136147662756,0.0186821281819,-0.057213702915,0.113518741425,-0.00629517309039,0.0208754372128,-0.037123579238,0.194304041855,0.00015242861861,0.0144225065792,-0.00827811894381,0.0397582288584,0.1141754871,0.117623269122,0.070139427196,-0.422452643471,-0.066509957154,-0.193264420624
0.0938942202707,-0.0683446977835,-0.00903617381247,0.0212939073769,-0.235943490673,0.019577280365,0.262440297987,0.0332578618469,0.0442969341524,0.0640381243244,0.157684118769,-0.0136198855994,0.0186631966197,-0.0571926243722,0.113527037954,-0.0062990083099,0.0208813130331,-0.0371377109411,0.194313240313,0.00014024902832,0.0144114862739,-0.00828767735452,0.0397456413715,0.114186411553,0.11764729387,0.0701547161901,-0.422515810629,-0.066520214034,-0.193297730591
0.0939098429935,-0.0683671676542,-0.00903534119814,0.0212790749937,-0.235958144669,0.0195776730601,0.262471929735,0.0332504656074,0.0442766839772,0.0640351621831,0.157698640938,-0.0136216611626,0.0186443739358,-0.0571686958654,0.11353150625,-0.00629961612866,0.020881079428,-0.0371467372037,0.194319660156,0.000132312484547,0.014406751642,-0.00829896071451,0.0397323277687,0.114196507366,0.117669886338,0.070167274341,-0.422577816574,-0.0665303618422,-0.193329403504
0.0939264038215,-0.0683900688416,-0.00903263005592,0.0212722189112,-0.235971979995,0.0195840326957,0.262505660936,0.0332376668857,0.0442539877305,0.0640438215058,0.157713250276,-0.0136294386409,0.018623742001,-0.0571493187762,0.113540098924,-0.00629662043651,0.0208888652986,-0.0371620303836,0.194327699315,0.000117485189327,0.0143954944498,-0.00830439290956,0.0397161989854,0.114205209212,0.117692530949,0.0701827418479,-0.422634782036,-0.0665381178253,-0.193359460221
0.0939267600148,-0.0684004825408,-0.00903043297183,0.0212702348102,-0.23599111747,0.0195804997336,0.262515153614,0.0332349032954,0.0442452562506,0.0640330592949,0.157717853543,-0.0136251270187,0.0186220624506,-0.0571475208831,0.113541403822,-0.00629830910497,0.0208839835132,-0.0371707534283,0.194333561472,0.000123395115501,0.0143952380154,-0.00831586435407,0.0397122454906,0.114206907845,0.117694552272,0.0701828007232,-0.422669289239,-0.0665473231181,-0.193377318637
0.093948311346,-0.0684246409939,-0.00902465269185,0.0212519256353,-0.236008465168,0.0195911053621,0.262555617077,0.0332224723039,0.0442265536196,0.0640359660403,0.157734250704,-0.0136308602249,0.0185970331608,-0.0571195735282,0.113551197586,-0.0062964439868,0.0208826628196,-0.0371743457637,0.19434105086,0.000108378266788,0.0143852815083,-0.00833968559814,0.0396964709584,0.114220555203,0.117723711656,0.0702001379535,-0.422737063746,-0.0665578657142,-0.193413980597
0.0939720197292,-0.06844618781,-0.00902590770582,0.0212352908207,-0.236023749203,0.0195938691426,0.262597778696,0.0332027293167,0.0442031734812,0.064040744774,0.157754209417,-0.0136443589209,0.0185801407944,-0.0570954023575,0.113566169876,-0.0062955071917,0.0208884911304,-0.0371777165381,0.194352367783,8.88771843794e-05,0.0143694669736,-0.00834588858893,0.0396834105111,0.114236629124,0.117755459221,0.0702216718689,-0.422801384913,-0.0665642159962,-0.193447709985
0.0939993289442,-0.0684767769775,-0.00901728353844,0.0212153333602,-0.23604520277,0.0195989089016,0.262650557933,0.0331915054533,0.0441701418031,0.0640501363118,0.1577787369,-0.0136480831163,0.0185549487189,-0.0570602648583,0.113578215577,-0.00629956074672,0.0208994610466,-0.037192297553,0.194361649809,6.82154701631e-05,0.0143562788665,-0.00836167481998,0.0396645279454,0.114253269109,0.117792517645,0.0702460157386,-0.422885062908,-0.0665754537155,-0.193491520389
0.0940287842868,-0.0685106923603,-0.00901720964011,0.0211905211497,-0.236071457114,0.0195991315513,0.262707044189,0.0331663263911,0.0441406674889,0.0640595895302,0.157804710867,-0.0136612067576,0.0185256871936,-0.0570186375455,0.113589885331,-0.00629430235298,0.0209080820828,-0.0372026695589,0.194372763962,4.96598793252e-05,0.0143393405599,-0.00838588231735,0.0396422579918,0.114269954145,0.117832185846,0.0702724404375,-0.422978270647,-0.0665897873209,-0.193540736751
0.0940319434636,-0.068521575353,-0.00902215975551,0.0211887524525,-0.236089091478,0.0195948680288,0.262718803002,0.0331589872209,0.0441336451864,0.0640596768624,0.157809276736,-0.0136609181592,0.0185243659008,-0.0570147563603,0.113592589907,-0.00629726494973,0.0209075201212,-0.0372101982584,0.194379310695,4.99698918023e-05,0.0143393891706,-0.00839877189068,0.0396396957241,0.114272368013,0.117837732341,0.0702735081459,-0.42300840353,-0.0665971387581,-0.193558280377
0.0940474540039,-0.0685412100653,-0.00901869346278,0.0211738634241,-0.236105499533,0.0195997325959,0.262751585027,0.0331466091718,0.0441129544325,0.064061545541,0.157822007505,-0.0136711780979,0.018511452405,-0.056994928577,0.113598666212,-0.00630507424291,0.0209111171647,-0.0372155137504,0.194386875449,3.99549701746e-05,0.0143289495348,-0.00841460930096,0.0396310126458,0.114283400335,0.117858755049,0.0702866088608,-0.423064994556,-0.0666062831751,-0.19358891803
0.0940610428082,-0.0685613279483,-0.00901266972278,0.0211711262406,-0.236124347197,0.0195968134852,0.262780978706,0.0331327766336,0.0440972018869,0.0640569412217,0.157836790497,-0.0136800069327,0.0185001075475,-0.0569753435088,0.113605616489,-0.0063055071511,0.0209167336147,-0.0372177671169,0.194395992325,2.67451234008e-05,0.0143204652115,-0.00842846286628,0.0396215926916,0.114293374899,0.117878547588,0.0702956948172,-0.423121563155,-0.0666162241775,-0.193618722163
0.0940824473807,-0.0685872979383,-0.00900728326914,0.0211555463187,-0.236142665253,0.0195996107793,0.262824458783,0.0331155420983,0.0440734537859,0.0640628855665,0.157857327138,-0.0136890198533,0.0184849096123,-0.0569490262126,0.113615602355,-0.00630539972275,0.0209207423146,-0.0372253726827,0.194406548188,1.34493398579e-05,0.0143035459745,-0.00844979675065,0.0396073766374,0.11430758786,0.117907784925,0.0703151358076,-0.423192041479,-0.0666251299562,-0.193654665234
0.0941124250558,-0.0686160052493,-0.00900548575845,0.0211369367006,-0.236160558596,0.0196071927873,0.262878334505,0.0330979998314,0.044038433247,0.0640746591856,0.157880352543,-0.013706507057,0.0184565277715,-0.0569173660964,0.113626752018,-0.00630456465202,0.0209351563733,-0.037233815865,0.194418186274,-7.67148634865e-06,0.0142849531146,-0.00845957917105,0.0395911216559,0.114327801247,0.117948999361,0.0703439086546,-0.423278789536,-0.0666341320928,-0.193697649946
0.0941404118432,-0.0686485386582,-0.00899814279747,0.0211196482482,-0.236177579189,0.0196097234637,0.26292627757,0.0330825100641,0.0440088595894,0.0640830834045,0.157903262137,-0.0137126665833,0.0184287236867,-0.0568802699681,0.113638102176,-0.00630059664968,0.0209502349631,-0.0372442976238,0.194428917827,-2.69400944926e-05,0.014263945995,-0.00847106221576,0.0395745353954,0.114345902345,0.117986338549,0.0703684573781,-0.423359425177,-0.0666442928554,-0.193739528589
0.094161445389,-0.0686688738506,-0.00899490092418,0.0211027806126,-0.236194978151,0.0196114557811,0.262965473997,0.0330674908136,0.0439870072858,0.0640901780996,0.157921523128,-0.0137228867396,0.0184092381826,-0.0568553131413,0.113648356522,-0.00629972653476,0.0209564949663,-0.0372501915784,0.19444124957,-4.00077100293e-05,0.0142543416467,-0.00848473789809,0.0395666003753,0.114362830201,0.118014234279,0.0703895732135,-0.423420021363,-0.0666491620109,-0.193769800855
0.0941786564086,-0.0686898997916,-0.00899252389022,0.0210925749855,-0.236209321337,0.0196160916505,0.263000128521,0.0330552296436,0.0439669124496,0.0640954174751,0.157936594652,-0.0137292263523,0.0183840006722,-0.0568310433073,0.113657898821,-0.00629414202732,0.0209617587233,-0.0372586922024,0.194447282249,-5.20021396117e-05,0.014242437899,-0.0085000910482,0.039553482631,0.11437376038,0.118038866958,0.0704054324285,-0.423479189439,-0.0666581123398,-0.193801419039
0.0941977809271,-0.0687094048309,-0.00898801828946,0.0210783302971,-0.236229156038,0.0196186588026,0.263038014081,0.0330434807035,0.0439451485776,0.0641035063406,0.157954179665,-0.0137369185284,0.0183656318071,-0.0568098837309,0.113667361554,-0.00629316707459,0.0209709951137,-0.0372678035776,0.194459194533,-6.49671208304e-05,0.0142289883596,-0.00851404164591,0.0395418864971,0.114386816323,0.118065779151,0.0704209763726,-0.423544772408,-0.0666675200613,-0.193835731458
0.0942210867832,-0.0687348975451,-0.00898381440894,0.0210634919329,-0.236246235851,0.01962180299,0.263082311247,0.0330297832612,0.0439178530071,0.0641101751319,0.157973752181,-0.0137450689164,0.0183392099269,-0.0567817883084,0.113679696164,-0.00628996919008,0.0209791699963,-0.0372699386576,0.194469119973,-8.15668054344e-05,0.0142162567214,-0.00853259113883,0.0395288646709,0.114402631221,0.118097319076,0.0704421879692,-0.42361180431,-0.0666749771451,-0.193871409622
0.0942766181647,-0.0688076957845,-0.00897658031801,0.0210225039144,-0.236305197817,0.0196264443338,0.263195453179,0.0330007361405,0.0438542595023,0.0641180006354,0.158024878522,-0.0137620673493,0.0182871691708,-0.0567153805431,0.113704151888,-0.00628221353862,0.020993169477,-0.0372923811711,0.194495537306,-0.000108119883941,0.0141846842303,-0.00857159637212,0.0394877160328,0.114438156161,0.118174004053,0.0704887426821,-0.42381409801,-0.0667066360791,-0.193976850953
0.0943089606177,-0.068858169732,-0.00897590252497,0.0210092488243,-0.236350220478,0.0196227999705,0.263267899559,0.0329774739676,0.04382270566,0.0641118684117,0.1580570441,-0.0137758094561,0.0182471084707,-0.0566716430937,0.113716872403,-0.00628815552794,0.0209928833222,-0.037307194104,0.194512261992,-0.000121392904747,0.014168444332,-0.00860137738917,0.0394657019198,0.114461948214,0.118219102125,0.0705149591204,-0.423956836198,-0.0667315637956,-0.194050293471
0.094342121064,-0.0689007257035,-0.00897061216624,0.0209888800862,-0.236389538838,0.0196285200285,0.263333355974,0.0329603943511,0.0437946518195,0.0641147212191,0.158084165112,-0.0137872202171,0.0182143991136,-0.0566309708735,0.113731730476,-0.00628939915733,0.0209933642072,-0.0373158870363,0.194525828429,-0.000135223536382,0.0141499926726,-0.00862631419154,0.0394457056603,0.114484653025,0.118264400654,0.0705407270807,-0.424079700357,-0.066752948377,-0.194115486691
0.0943756486719,-0.0689438568143,-0.00896239282438,0.0209629174398,-0.236423835428,0.0196341852319,0.263401260337,0.0329372129679,0.0437608732765,0.0641206819884,0.158116274222,-0.0137951348058,0.0181902449264,-0.056587263305,0.113747030099,-0.00629407978154,0.0209957822391,-0.0373279340114,0.194543093809,-0.000150207015534,0.0141318600679,-0.00864485369944,0.0394255815621,0.11450887722,0.118309869595,0.0705699316892,-0.424197160191,-0.0667692649856,-0.194176720224
0.0944124535768,-0.0689935748807,-0.00895666612476,0.0209471402203,-0.236474454521,0.0196319448378,0.263481158259,0.0329132471311,0.0437229800039,0.0641204609122,0.158152609419,-0.013802208883,0.0181562184592,-0.0565365022976,0.113765215117,-0.00629823359544,0.0209958182941,-0.0373470475481,0.19455883544,-0.000171623464722,0.0141132410519,-0.00867827743817,0.0394007173257,0.114535241372,0.118361212643,0.0706021541875,-0.424344470176,-0.0667945044545,-0.194255016743
0.0944524147076,-0.0690353344425,-0.00894908904981,0.0209263396721,-0.23650663175,0.0196315057237,0.263559980798,0.0328887350812,0.0436746348201,0.0641350433435,0.158187527312,-0.0138147258188,0.0181233627264,-0.0564904830374,0.113781907726,-0.00629464092546,0.0210071731168,-0.0373666577602,0.194576481714,-0.000196432306163,0.0140983662749,-0.00869207992465,0.0393812073465,0.114564090881,0.118415216775,0.0706373192898,-0.424467699355,-0.0668092750056,-0.194318272841
0.0944958697971,-0.0690930678919,-0.00894666320881,0.0208971638942,-0.236560960641,0.0196346692793,0.263651937484,0.032859543903,0.0436325857937,0.0641454952146,0.158229711273,-0.0138287919286,0.0180823860213,-0.0564437433438,0.113802915235,-0.0062984552822,0.0210142740916,-0.0373895697275,0.194602460031,-0.000223075753678,0.0140740758259,-0.00872108883826,0.0393555208058,0.114595391834,0.11847416308,0.0706727612638,-0.42462798029,-0.066835477164,-0.19440308379
0.0945303167895,-0.0691475447746,-0.00893677693338,0.0208730687326,-0.236616114515,0.0196336646205,0.263730682362,0.0328321395551,0.0435948849239,0.0641429312625,0.158262236064,-0.0138351225052,0.0180460382291,-0.0563966192503,0.113820870193,-0.00630357063645,0.0210116785905,-0.0374140001245,0.19462230588,-0.000233396548601,0.0140523601103,-0.00876243501279,0.0393314814249,0.114621512267,0.118523847293,0.0706994609407,-0.424781146021,-0.0668638709816,-0.194485926114
0.0945578921315,-0.0691845143265,-0.00894428362237,0.0208547704151,-0.236648593463,0.0196326588499,0.263786494316,0.0328121671672,0.0435652510763,0.0641487617352,0.158285689961,-0.0138434741905,0.0180197387031,-0.056365315381,0.113834556875,-0.00631166266757,0.0210183231909,-0.0374274110124,0.194637080887,-0.000251131177009,0.0140392980581,-0.0087793665073,0.0393156277482,0.114641101389,0.118561755559,0.070724310072,-0.42488378439,-0.066879326076,-0.194539252643
0.0945930292031,-0.0692295043335,-0.00893844804212,0.0208298148798,-0.236686644035,0.0196349875739,0.263860053745,0.0327913243933,0.0435234827389,0.0641489783764,0.158320080492,-0.013854618433,0.017984776524,-0.0563219605106,0.113852964351,-0.00630926491941,0.0210223507147,-0.0374401357608,0.19465518693,-0.00026821215596,0.0140279970135,-0.00880989137304,0.0392946991838,0.114666064751,0.118610909927,0.070753568084,-0.42501352122,-0.0668995767112,-0.194607380621
0.0946410132216,-0.0692876792233,-0.00892289882564,0.0208012930054,-0.236730857287,0.0196459454266,0.263957107805,0.0327591489484,0.0434747833706,0.064158636298,0.158363017823,-0.0138645836233,0.0179381909153,-0.0562607976942,0.113873902505,-0.00630392764095,0.0210308238845,-0.0374637225945,0.194675624833,-0.000294529911015,0.0140028546074,-0.00883954632737,0.0392623137345,0.114697930949,0.118677355453,0.0707955024665,-0.425180180123,-0.0669247120345,-0.194694317874
0.0946828224721,-0.069338545199,-0.00891361056935,0.0207725120061,-0.23678216621,0.0196464275771,0.264045091819,0.0327274880959,0.0434356219101,0.0641652662188,0.158402309807,-0.0138716516688,0.0178892661136,-0.0562150915627,0.113895903056,-0.00630509689024,0.0210370498942,-0.0374786103689,0.194696119391,-0.000318845359743,0.0139811481554,-0.0088728324425,0.039238011826,0.114728681673,0.11873529401,0.0708304081541,-0.425337365406,-0.066949192958,-0.194776736234
0.0947122510356,-0.069373652157,-0.00890978756074,0.0207537953323,-0.236820256816,0.01964798438,0.264107409244,0.0327131785366,0.0434064304069,0.0641797988948,0.158429054236,-0.0138801298555,0.017860999785,-0.056185675717,0.113909823507,-0.00631062130013,0.0210452311233,-0.0374874933841,0.194713241591,-0.0003325881083,0.013956513052,-0.00890759817571,0.0392198229633,0.114749191642,0.118777176178,0.0708555615188,-0.425445416274,-0.066966503592,-0.194835030762
0.0947423151915,-0.0694086742764,-0.00890158255819,0.020737268076,-0.236852624823,0.0196577154894,0.264171806008,0.0326948953076,0.0433693166565,0.06418917526,0.158458536791,-0.0138896668173,0.0178324861324,-0.0561543732179,0.113922715185,-0.00630986988107,0.0210559246524,-0.0375067178146,0.194731210871,-0.000347750912898,0.0139421562072,-0.0089288446231,0.0392000291406,0.114770769594,0.118819151793,0.0708802732495,-0.425554703839,-0.0669845791068,-0.194893465325
0.0947934416984,-0.0694755086657,-0.00889760173877,0.0207087186543,-0.236913602371,0.0196595315183,0.264279982566,0.0326554120112,0.0433178707079,0.0641973695934,0.158506068138,-0.0139034369898,0.0177851181287,-0.0560911154446,0.113945146468,-0.00631356476762,0.0210680669247,-0.0375262720617,0.19475714077,-0.000377940048362,0.0139157792626,-0.00897227391271,0.0391655988804,0.114806903259,0.118889885333,0.0709244071903,-0.425749389248,-0.0670151940952,-0.194993902857
0.0948152534004,-0.0695051044017,-0.00889445437903,0.020691933215,-0.236944343014,0.0196579455792,0.264327904084,0.0326420391063,0.0432999929978,0.0641996479697,0.158529184711,-0.0139105088947,0.0177663280824,-0.0560655962759,0.113956270489,-0.00631160631175,0.0210664502701,-0.0375377307442,0.194770789295,-0.000389371049915,0.0139065689333,-0.00898639981083,0.0391533618618,0.114823572365,0.118920343273,0.0709439409988,-0.425838119963,-0.0670296521365,-0.195039584696
0.0948456880938,-0.0695462259312,-0.00889525924931,0.020670853519,-0.236982535007,0.0196583827056,0.26439170647,0.0326258778587,0.0432691340818,0.0642054318422,0.158557290394,-0.0139172071145,0.0177377048469,-0.0560285136206,0.113970217472,-0.00631605594207,0.0210699076105,-0.037554985652,0.194786328372,-0.000403639712203,0.0138943931088,-0.00901297645522,0.0391337099806,0.114845259048,0.118961735657,0.0709695321417,-0.425953798394,-0.0670488977561,-0.195100787062
0.0948777401273,-0.0695906612467,-0.00889032891901,0.0206502402857,-0.237025784312,0.0196585620775,0.264460872098,0.032603986192,0.0432327633807,0.0642037617659,0.158589150319,-0.013923338294,0.0177059633494,-0.0559916341361,0.113987785782,-0.00631346984632,0.0210752537317,-0.0375688705695,0.194807430617,-0.00041830935604,0.0138733953175,-0.00903714427694,0.0391090025801,0.114867352352,0.119007564453,0.0709967147454,-0.426082546866,-0.067071219173,-0.195168875248
0.0949185773664,-0.0696439065224,-0.00887648409428,0.0206262782639,-0.237073302666,0.0196573119221,0.264544648923,0.0325797679136,0.0431885549842,0.0642056926721,0.158625960404,-0.0139347984291,0.01766360105,-0.0559383502154,0.114005036077,-0.00631578736891,0.021084612366,-0.0375860825306,0.194827110171,-0.00043827394867,0.0138541593394,-0.00906734554622,0.0390788276853,0.114894099786,0.119064683304,0.0710306137342,-0.426238171916,-0.0670973818731,-0.195251270682
0.094938283418,-0.0696726582118,-0.00887069752003,0.0206136263866,-0.237104535553,0.0196588940812,0.264591360745,0.0325708954681,0.0431685861067,0.0642046218122,0.158645605146,-0.0139358860747,0.0176360209115,-0.0559137802274,0.114014971287,-0.00631267730434,0.0210876333981,-0.0375943814138,0.194839433852,-0.000447476209624,0.0138432379082,-0.00908560960276,0.039065141892,0.114909286817,0.119092756033,0.0710471794441,-0.426318924648,-0.0671109683216,-0.195295244418
0.0949928016523,-0.069744793492,-0.00884817848858,0.0205851650817,-0.237159393477,0.0196600806737,0.264706560407,0.0325631719061,0.0431255691223,0.0642293225706,0.15869235527,-0.0139208984792,0.0176176225334,-0.0558737565063,0.114040892681,-0.00629399954286,0.0210822182046,-0.0376277480206,0.194862853901,-0.000449118889162,0.0138291864222,-0.00910013498325,0.0390218367252,0.114940596641,0.119161629024,0.071096935248,-0.426520653312,-0.0671418639297,-0.195401430971
