0,29976,39968,10000,13.6818115937,1.93236473306,7.2342970371
1,79886,79896,20000,3.31040154793,1.78312255853,13.858089923
2,129826,119848,30000,1.98274690106,1.09922962716,22.046046018
3,179771,159804,40000,1.86932965046,1.12133760612,29.694030046
4,239711,199764,50000,1.86469934821,1.32418466781,37.415691137
5,289641,239708,60000,1.35455809965,0.412703790386,44.340399026
6,339601,279676,70000,1.23118602371,0.49553004772,52.282207012
7,399505,319612,80000,1.18795647077,0.73657291781,60.86406898
8,459457,359580,90000,1.08303666384,0.437593669922,68.735095977
9,509382,399520,100000,1.00462552695,0.328564778126,75.402571916
10,569346,439496,110000,0.981549460762,0.595665532465,84.137599945
11,629286,479456,120000,0.909791940093,0.452691126011,91.510797977
12,689202,519400,130000,0.904052037078,0.36940238383,98.29094
13,749184,559388,140000,0.86995363772,0.317677478132,106.89969396
14,809100,599332,150000,0.84674175489,0.274682475878,114.79169392
15,869058,639304,160000,0.829341008288,0.238839158004,121.84766697
16,929022,679280,170000,0.818463503998,0.212512364388,128.46542811
17,988980,719252,180000,0.806607672178,0.215742733728,136.18870210
18,1048914,759208,190000,0.783444690376,0.22497811425,143.6333100
19,1108830,799152,200000,0.781560574018,0.219118376427,150.82764911
20,1168782,841120,211000,0.772722862226,0.221968881521,158.69792413
21,1228674,881048,221000,0.761218297047,0.213159783536,165.80502200
22,1288656,921036,231000,0.761129506064,0.204505609094,173.70484995
23,1348602,961000,241000,0.754583708895,0.209851025569,182.02155113
24,1408506,1000936,251000,0.741215845941,0.208649509683,190.14225196
25,1468464,1040908,261000,0.740209711997,0.207719940674,197.80815911
26,1528380,1080852,271000,0.739169050115,0.240391029486,205.31649708
27,1598296,1120804,281000,0.740992814648,0.320192732275,213.24548602
28,1658212,1160748,291000,0.728630983408,0.111565300421,220.4027130
29,1718122,1200688,301000,0.728322533069,0.154568743693,227.973107
30,1778056,1240644,311000,0.712788869954,0.191160364239,235.66660094
31,1847979,1280600,321000,0.723042108401,0.229526733696,242.68656206
32,1897944,1320572,331000,0.721382124428,0.102659665957,250.32957410
33,1967874,1360532,341000,0.71692279709,0.280093164332,258.32418799
34,2017829,1400496,351000,0.709387501983,0.0740620861759,265.74271202
35,2077793,1440472,361000,0.706576825526,0.13059674581,272.91457295
36,2147737,1480440,371000,0.696405913478,0.197840809611,280.88286900
37,2197702,1520412,381000,0.703522301349,0.0713885635773,287.67124700
38,2257636,1560368,391000,0.705479382263,0.0991260205603,295.21471500
39,2317570,1600324,401000,0.700719159664,0.0827060961923,302.40759205
40,2377498,1642276,412000,0.700217860562,0.109565761169,310.51430392
41,2407468,1682236,422000,0.699675588054,0.195379276265,317.81660604
42,2437438,1722196,432000,0.683521415487,0.149058616718,325.00118613
43,2467408,1762156,442000,0.688654220984,0.161537855788,331.73014497
44,2497360,1802092,452000,0.678709577755,0.123711743195,338.96759605
45,2527324,1842044,462000,0.68974678383,0.0958411484636,346.6971170
46,2557300,1882012,472000,0.683718866309,0.137474547209,354.68963098
47,2587261,1921960,482000,0.681747996516,0.125902682463,361.63000512
48,2617228,1961916,492000,0.679796903827,0.0990433373377,368.97862601
49,2647189,2001864,502000,0.688684046918,0.152604079092,376.09937000
50,2677174,2041844,512000,0.679468446506,0.0729714445213,382.79554605
51,2707141,2081800,522000,0.68429755368,0.0955904828029,389.35185003
52,2737090,2121732,532000,0.679683576453,0.0644292150405,396.91543006
53,2767057,2161688,542000,0.674795944042,0.109961676367,403.31032514
54,2797027,2201648,552000,0.681266860736,0.0636693680423,410.68920803
55,2826991,2241600,562000,0.678697509543,0.0427371073103,417.81964397
56,2856946,2281540,572000,0.670550794218,0.0614342650801,425.01104402
57,2886916,2321500,582000,0.672997544408,0.040159056132,431.22372698
58,2916886,2361460,592000,0.675998749246,0.0457199480811,438.35052204
59,2946853,2401416,602000,0.669356626628,0.0838127758131,444.68638992
60,2976823,2443376,613000,0.679315009933,0.0522986234721,451.7938311
61,3006802,2483348,623000,0.670587572121,0.0467572884234,458.90349006
62,3036769,2523304,633000,0.675882790171,0.0388644174438,465.43492007
63,3066733,2563256,643000,0.675811066425,0.0552113597358,472.74394011
64,3096706,2603220,653000,0.670866066999,0.0454776053067,479.28793501
65,3126688,2643196,663000,0.668864069522,0.0519122830473,486.53730797
66,3156664,2683164,673000,0.673487079637,0.0366301279579,493.64652204
67,3186634,2723124,683000,0.671441595459,0.046733719969,499.99133706
68,3216619,2763104,693000,0.672215542743,0.0368183292669,506.58615994
69,3246568,2803036,703000,0.662805644688,0.0347488431886,513.86013197
70,3276532,2842988,713000,0.674416560306,0.0381639307546,519.88168406
71,3306520,2882972,723000,0.67168481277,0.0379049272858,526.38716912
72,3336499,2922944,733000,0.667578109771,0.0428034658161,533.28276205
73,3366457,2962888,743000,0.663940087486,0.0267870189647,539.63940000
74,3396439,3002864,753000,0.668871856484,0.0526487302715,546.85010600
75,3426394,3042804,763000,0.669044313987,0.0331369971303,553.57882499
76,3456364,3082764,773000,0.665153580315,0.0344464150491,559.80854010
77,3486331,3122720,783000,0.662787514489,0.0334385970757,566.08629894
78,3516283,3162656,793000,0.661656875363,0.0410535933787,573.31039214
79,3546256,3202620,803000,0.669742543822,0.0381333794822,579.83675408
80,3576220,3244572,814000,0.669857553914,0.0333520070823,587.0092070
81,3606190,3284532,824000,0.668170274737,0.0339388646514,593.81216502
82,3636148,3324476,834000,0.665984219708,0.0395956483835,599.94487500
83,3666109,3364424,844000,0.666430601837,0.0401006989506,607.21913
84,3696073,3404376,854000,0.667773742908,0.0334439905428,613.91693806
85,3726040,3444332,864000,0.67446172841,0.0400488315619,621.04549503
86,3756010,3484292,874000,0.663148230029,0.0328575777803,628.33776402
87,3785980,3524252,884000,0.668425509395,0.0272949053313,635.22530412
88,3815956,3564220,894000,0.661161272492,0.0321240455755,641.80461311
89,3845935,3604192,904000,0.665977787121,0.0613064676069,648.45138406
90,3875899,3644144,914000,0.669279462762,0.0352165621874,655.80748200
91,3905860,3684092,924000,0.668436527793,0.0362715491382,662.22939395
92,3935821,3724040,934000,0.666718383551,0.0346839256954,669.12132906
93,3965797,3764008,944000,0.655443605894,0.0409475840399,675.73998093
94,3995764,3803964,954000,0.663938994935,0.0375516294564,682.96552205
95,4025734,3843924,964000,0.663562562418,0.0350416799939,689.94879603
96,4055713,3883896,974000,0.663374272771,0.0368730727402,696.84540414
97,4085683,3923856,984000,0.673425582647,0.0541722904251,703.55661201
98,4115644,3963804,994000,0.664194878454,0.0384787300759,710.59898114
99,4145608,4003756,1004000,0.66624734464,0.0305021088108,717.11586213
100,4175587,4045728,1015000,0.661797802961,0.0384038577818,724.03475904
101,4205554,4085684,1025000,0.66663182688,0.0356057431041,730.9870510
102,4235545,4125672,1035000,0.65945820475,0.0301388821383,737.36338400
103,4265506,4165620,1045000,0.665432394113,0.0320359746498,744.04669213
104,4295479,4205584,1055000,0.660259610818,0.0367431432641,750.69665408
105,4325443,4245536,1065000,0.662722188778,0.0337518151945,757.01956605
106,4355410,4285492,1075000,0.659964763235,0.0443281274441,763.40110707
107,4385380,4325452,1085000,0.658756851697,0.0498732350982,770.14517593
108,4415341,4365400,1095000,0.662867583173,0.0518666285436,777.49101495
109,4445311,4405360,1105000,0.659636444666,0.0313573688396,784.05837702
110,4475284,4445324,1115000,0.661545893238,0.0459793383179,790.78982400
111,4505233,4485256,1125000,0.656950234216,0.0393003904358,797.31968808
112,4535209,4525224,1135000,0.65738159048,0.0320147827371,803.66319203
113,4565170,4565172,1145000,0.662004690247,0.0292040105849,809.6924600
114,4595143,4605136,1155000,0.661438375452,0.041249559583,815.81572008
115,4625110,4645092,1165000,0.663194104289,0.0285680066194,822.15290403
116,4655065,4685032,1175000,0.656949040136,0.0323729082335,829.20417594
117,4685017,4724968,1185000,0.657037739722,0.0319304871039,835.24291992
118,4714993,4764936,1195000,0.660306279731,0.0279717123095,842.55238795
119,4744966,4804900,1205000,0.66019013793,0.0364344700561,849.46150898
120,4774942,4846868,1216000,0.648609374203,0.0372260486774,856.48054695
121,4804894,4886804,1226000,0.649490867922,0.0323834689265,862.97196793
122,4834867,4926768,1236000,0.657393894655,0.0292846728452,869.27987694
123,4864828,4966716,1246000,0.659337580128,0.0383813065719,875.95270609
124,4894807,5006688,1256000,0.650497717114,0.0655826482887,882.91138911
125,4924783,5046656,1266000,0.650334443973,0.0305860001417,889.46897196
126,4954756,5086620,1276000,0.658008434935,0.0491371065752,895.72137594
127,4984732,5126588,1286000,0.656442612042,0.0349877666102,902.02555513
128,5014714,5166564,1296000,0.65429295135,0.0284541267776,908.54466414
129,5044693,5206536,1306000,0.657475263896,0.0275380064893,915.25121402
130,5074660,5246492,1316000,0.649606875879,0.03266890152,922.25124812
131,5104639,5286464,1326000,0.654837395834,0.0719277075358,928.35074591
132,5134609,5326424,1336000,0.655195862884,0.0341155378658,934.90865707
133,5164576,5366380,1346000,0.656114786553,0.0396729108525,942.39102101
134,5194546,5406340,1356000,0.656424323917,0.0234652182256,949.28460192
135,5224513,5446296,1366000,0.651681781506,0.035943738922,956.22047996
136,5254492,5486268,1376000,0.65179716055,0.0440603106485,963.5766670
137,5284462,5526228,1386000,0.650988328641,0.0276843998516,970.1817469
138,5314435,5566192,1396000,0.653886076533,0.0385124728222,976.73621702
139,5344405,5606152,1406000,0.654735959839,0.0352288746298,983.03140091
140,5374372,5648108,1417000,0.65472873439,0.0360786687851,991.2645349
141,5404348,5688076,1427000,0.647007735866,0.0280037363254,998.16183114
142,5434312,5728028,1437000,0.646919174129,0.0321980894886,1005.2046730
143,5464276,5767980,1447000,0.648586913556,0.0372633094087,1012.4170510
144,5494246,5807940,1457000,0.648774570211,0.0637092206082,1019.3743519
145,5524207,5847888,1467000,0.652669404585,0.0547058458603,1026.4521241
146,5554180,5887852,1477000,0.645888959033,0.0337663441209,1033.7448110
147,5584153,5927816,1487000,0.651472200705,0.0542515438638,1040.7705519
148,5614144,5967804,1497000,0.646517456214,0.0319042708965,1047.4389641
149,5644108,6007756,1507000,0.648942123793,0.0271555436652,1054.6581189
150,5674078,6047716,1517000,0.643786746413,0.0323349773094,1061.4654760
151,5704072,6087708,1527000,0.647630503413,0.0323700248095,1069.5491969
152,5734051,6127680,1537000,0.650221979937,0.0222587568207,1078.2595729
153,5764024,6167644,1547000,0.650323378817,0.0216789460307,1085.4448890
154,5794006,6207620,1557000,0.641376021214,0.0233472711861,1092.5382559
155,5823976,6247580,1567000,0.645772852458,0.0267146259583,1098.8563880
156,5853964,6287564,1577000,0.644699306969,0.0294622935154,1104.5512809
157,5883940,6327532,1587000,0.645465063225,0.0224721621189,1110.2558860
158,5913904,6367484,1597000,0.644395204411,0.0259168716498,1115.77134
159,5943865,6407432,1607000,0.647743381669,0.0317008666004,1121.3286211
160,5973835,6449392,1618000,0.649799355539,0.0242769014942,1127.2947850
161,6003799,6489344,1628000,0.649868040155,0.0274035093104,1133.3170330
162,6033751,6529280,1638000,0.645044710543,0.0308921798457,1139.1485559
163,6063721,6569240,1648000,0.641694650103,0.015500688524,1145.0731661
164,6093700,6609212,1658000,0.646220705996,0.0250829160454,1150.8929319
165,6123670,6649172,1668000,0.648423711113,0.0186378665112,1156.2437241
166,6153646,6689140,1678000,0.648188202742,0.0260878741092,1162.8061289
167,6183610,6729092,1688000,0.645044584569,0.0348750559208,1170.6735999
168,6213589,6769064,1698000,0.644825340804,0.0262891655705,1178.2539730
169,6243550,6809012,1708000,0.649620406878,0.0346526512204,1185.168435
170,6273523,6848976,1718000,0.642046858066,0.0296733399879,1191.8571081
171,6303493,6888936,1728000,0.645554874453,0.0357318374675,1198.237785
172,6333472,6928908,1738000,0.650852972144,0.0296888961191,1203.9507179
173,6363430,6968852,1748000,0.64516570403,0.0268660445466,1211.9606270
174,6393391,7008800,1758000,0.648924645744,0.024842708628,1219.6131029
175,6423370,7048772,1768000,0.649189758767,0.0254334588964,1226.3563070
176,6453322,7088708,1778000,0.640270664711,0.0225712911879,1232.92689
177,6483292,7128668,1788000,0.653407389781,0.0305800385316,1239.4538009
178,6513256,7168620,1798000,0.64856217134,0.0362946842575,1246.7640631
179,6543220,7208572,1808000,0.644960228562,0.0265810476947,1254.0821549
180,6573181,7250520,1819000,0.649575286199,0.0292479504083,1262.0192909
181,6603148,7290476,1829000,0.645052332684,0.0269691273526,1270.0255200
182,6633124,7330444,1839000,0.652342275844,0.0405222072177,1276.6118891
183,6663088,7370396,1849000,0.650066903575,0.0326534052733,1282.6609120
184,6693067,7410368,1859000,0.641824139925,0.0255789956533,1290.8313500
185,6723040,7450332,1869000,0.640503061716,0.0203356590418,1299.1484720
186,6753016,7490300,1879000,0.639444712974,0.0278397901717,1307.1891970
187,6782980,7530252,1889000,0.644752476307,0.0468977057879,1314.6178650
188,6812953,7570216,1899000,0.647542246506,0.0268559517186,1323.2532570
189,6842920,7610172,1909000,0.644936241439,0.0284919580233,1332.6860749
190,6872905,7650152,1919000,0.645282464471,0.0242386739612,1341.5776200
191,6902878,7690116,1929000,0.648339985927,0.022736898668,1350.4879820
192,6932848,7730076,1939000,0.645639738811,0.0221086408672,1357.9578690
193,6962833,7770056,1949000,0.647771431361,0.0186843373263,1365.8733599
194,6992797,7810008,1959000,0.638354634725,0.0287749579693,1373.2115960
195,7022776,7849980,1969000,0.641989311258,0.0265031746355,1381.4438500
196,7052755,7889952,1979000,0.640670594835,0.0277273869164,1388.9961249
197,7082728,7929916,1989000,0.647662273389,0.0306434199629,1396.9074170
198,7112686,7969860,1999000,0.6420454528,0.0393103077744,1405.4037740
199,7142668,8009836,2009000,0.647941167114,0.0583090752721,1413.3024430
200,7172647,8051808,2020000,0.64143395648,0.0392475057915,1421.5523171
201,7202605,8091752,2030000,0.640539200791,0.0283153088145,1428.220477
202,7232563,8131696,2040000,0.643417768708,0.028241121729,1435.0913610
203,7262539,8171664,2050000,0.640432910146,0.0198099801834,1442.8251819
204,7292518,8211636,2060000,0.644515633953,0.0189981632374,1450.2723989
205,7322488,8251596,2070000,0.644110131352,0.0352224894808,1457.1061210
206,7352461,8291560,2080000,0.642730667357,0.0222548414484,1465.0820100
207,7382437,8331528,2090000,0.649267447277,0.0287105822316,1472.0318009
208,7412404,8371484,2100000,0.642968522742,0.0250170665059,1479.1507339
209,7442371,8411440,2110000,0.64256148376,0.0280723123275,1486.78518
210,7472344,8451404,2120000,0.645610446335,0.0277196478606,1494.1887979
211,7502332,8491388,2130000,0.643353618577,0.0236700545395,1501.5319299
212,7532311,8531360,2140000,0.645997483901,0.025271279972,1508.5558149
213,7562263,8571296,2150000,0.640801084551,0.0320534338335,1515.3052859
214,7592236,8611260,2160000,0.637029825747,0.0325557466131,1522.8743469
215,7622206,8651220,2170000,0.640550772578,0.0311159776279,1530.3882119
216,7652167,8691168,2180000,0.643524106848,0.0230673822645,1537.9668719
217,7682122,8731108,2190000,0.64858336771,0.0248029569153,1544.8394179
218,7712095,8771072,2200000,0.645752840165,0.0217725009902,1551.7101581
219,7742083,8811056,2210000,0.639448877692,0.0362640958902,1562.2308931
220,7772056,8853020,2221000,0.646975345526,0.0263595793682,1569.8316321
221,7802032,8892988,2231000,0.64074373522,0.0330891518828,1576.5464749
222,7842008,8932964,2241000,0.650134049211,0.0949995754682,1584.9114549
223,7881992,8972948,2251000,0.642748764296,0.0705026504921,1593.3228840
224,7911953,9012896,2261000,0.643465705273,0.0311848892585,1601.129007
225,7951913,9052856,2271000,0.639234376437,0.0355144677576,1608.3152310
226,7991861,9092804,2281000,0.643619053651,0.0430453184039,1617.0633850
227,8031805,9132748,2291000,0.640519389241,0.0443089603873,1625.1045179
228,8061778,9172712,2301000,0.641424844378,0.0371070204925,1632.7933299
229,8101754,9212688,2311000,0.640299452059,0.0462572497855,1640.4598810
230,8131718,9252640,2321000,0.643746715507,0.0482426370495,1647.4418709
231,8171690,9292612,2331000,0.641404097698,0.0932912548844,1655.5239770
232,8211662,9332584,2341000,0.637774425559,0.0558362127909,1663.2978930
2