-0.614025384676,-0.354160756368,0.0680836439544,0.359415132677,-3.21428498435,0.0183491892209,0.181263852462,-0.241644674651,-0.712339144599,-1.39167723748,0.431362735144,-0.537740151384,-0.425067529243,0.823089692659,-0.133795597323,0.409654852555,0.930934218773,0.441708893464,-1.08627009785,0.301781179285,-1.95188144413,1.13346738998,-0.72514665164,-0.998887940445,3.32421330187,0.765996265006,-0.880105834354,0.243616460029,-0.648249605763
-0.31539062195,-0.0826087224213,0.0785630741377,0.304446850953,-2.88047460538,0.0091064426889,0.519378979637,-0.220318672393,-0.649645644298,-0.868050472243,0.735727461928,-0.495497378666,-0.407470858994,1.00933003027,0.180722947391,0.390175541113,0.823869743799,0.68595747567,-0.767756845425,0.263539714838,-1.74183075158,1.21411645162,-0.394246516034,-0.668976835755,3.63654380558,1.08219484428,-0.587248970551,0.569526255743,-0.362184239797
-0.606565463399,-0.404922597998,0.084686044462,0.249960425552,-3.12300525886,-0.01281628652,0.25297992461,-0.217162613325,-0.592221890795,-1.0031368239,0.432856910711,-0.446386052015,-0.375326963239,0.61737391759,-0.109839869881,0.347908366661,0.723966614696,0.336579399476,-1.04064757089,0.232151141188,-1.57098098515,0.767414845056,-0.693763231905,-0.96064870417,3.32714151911,0.789021067967,-0.903556699938,0.264753165948,-0.65474809076
-0.431415365863,-0.244694665194,0.0780360472413,0.226462650247,-2.92447527013,-0.0194543056189,0.443614819802,-0.210438727425,-0.561584012426,-0.746817476483,0.60565223305,-0.431802008442,-0.364756141991,0.741923889293,0.0686711264301,0.332903342942,0.67337560704,0.495231695297,-0.857396261764,0.222075904989,-1.48446545515,0.871091738951,-0.497216120851,-0.768633714772,3.51005074077,0.974861307784,-0.736133462085,0.453170780015,-0.486007418329
-0.505661157071,-0.359679635844,0.0804260860732,0.172254006741,-2.91629640323,-0.0315206793674,0.404359944449,-0.181477952352,-0.485584052787,-0.617713283567,0.52093032691,-0.383621645093,-0.347754524216,0.543264089568,0.00247449403116,0.309279694425,0.547780119422,0.359414480772,-0.903653927196,0.204820731878,-1.25831207474,0.626525785279,-0.552956012602,-0.825191124895,3.42654190041,0.911216090038,-0.816331542233,0.388754685792,-0.557298598752
-0.440020435509,-0.318521505141,0.0817670386979,0.151859374606,-2.81172813547,-0.0380305868852,0.485712087881,-0.172084654177,-0.45588311185,-0.464955260189,0.580569966374,-0.357672329257,-0.323961127532,0.554550426729,0.0737836841352,0.2905975675,0.486612253237,0.399948071488,-0.822813765903,0.192976141691,-1.15894286461,0.616202012414,-0.47078871199,-0.745851506321,3.4930387583,0.979660207552,-0.754671071683,0.461157979232,-0.495462353094
-0.511664433058,-0.429181060348,0.0801575559121,0.112228571143,-2.79398004236,-0.0450150296161,0.444103166042,-0.146254405564,-0.401166097892,-0.397495259807,0.498909378392,-0.309176937236,-0.283970831751,0.372266735713,0.00822472725491,0.247537175166,0.376336287414,0.26657769178,-0.858835111632,0.1684041554,-0.971657842245,0.439651412781,-0.510706493699,-0.793694671588,3.41294485753,0.907585341607,-0.843163649374,0.397662858134,-0.563800563585
-0.433185728111,-0.374459249661,0.0778115748395,0.08256193405,-2.67611892706,-0.0437453154956,0.537204846497,-0.133768809119,-0.361899982808,-0.259251917604,0.574344204814,-0.287140501771,-0.269945727694,0.407669547371,0.0921645709364,0.236000310958,0.324021183585,0.316032016249,-0.762137442627,0.154804568196,-0.886857874143,0.461816984369,-0.409040310221,-0.69725436337,3.49130736108,0.989701465474,-0.772985940965,0.486276651582,-0.486369441391
-0.484016118063,-0.439576077047,0.0691361626342,0.0678548707349,-2.67765601677,-0.0458302842444,0.502770210715,-0.124412820359,-0.341784763946,-0.260667397611,0.52195199558,-0.272110534089,-0.257745626372,0.307253900993,0.048659657652,0.217217050728,0.279984680951,0.248373921227,-0.791755448331,0.140366976944,-0.807223811206,0.367903732006,-0.438945394774,-0.733469416518,3.43473994255,0.94218585774,-0.831014289767,0.441142405697,-0.532357673197
-0.442617633101,-0.436297164831,0.0534661439579,0.0331120405518,-2.53899820687,-0.0486739694768,0.572440793169,-0.108985552458,-0.294102141281,-0.12069456224,0.55563718468,-0.227906672023,-0.226750566769,0.279596939432,0.0971448484032,0.178211940265,0.190913326101,0.234594757909,-0.711724252679,0.127444811992,-0.643301071594,0.328795643862,-0.344595945067,-0.656725965511,3.4739688752,0.989201416593,-0.804412723944,0.501132360333,-0.486968978234
-0.505266855348,-0.517642837649,0.047388390442,0.0195617516433,-2.54985481579,-0.0480521877622,0.523595473975,-0.102626518546,-0.273521061827,-0.154291432095,0.488228756529,-0.212647849733,-0.221322820077,0.178504483826,0.0414773860631,0.162136967893,0.167865115179,0.157447594942,-0.753924186076,0.11367159709,-0.582452737581,0.238633857284,-0.38835407419,-0.707071290354,3.40539048032,0.92729667539,-0.876890374634,0.440489355969,-0.546159615901
-0.457085831344,-0.483779826036,0.0481898767248,0.00860634684005,-2.4505300318,-0.0486093635271,0.587460760918,-0.0927878419191,-0.251251150766,-0.0805630104391,0.535606211423,-0.191488252471,-0.209888692976,0.195784736523,0.0980317600901,0.147359520785,0.133946001325,0.192459184011,-0.682363455244,0.0990442763141,-0.519061418828,0.269258260992,-0.317319440513,-0.642536230078,3.45371778157,0.978291520709,-0.836051860975,0.497868588493,-0.495818351063
-0.51238377563,-0.554551499179,0.0414612507579,0.00177290424507,-2.45613373547,-0.0435332383931,0.544935417035,-0.0856131416893,-0.232585278585,-0.117025685758,0.474712416287,-0.178961366078,-0.19724962,0.117361467627,0.0463092101022,0.130562614147,0.113262110145,0.123025569641,-0.719518452416,0.0900210625377,-0.470584898338,0.191987012414,-0.357371760737,-0.686931596563,3.39282224071,0.923324243367,-0.900822944012,0.44538156851,-0.547515215239
-0.462056958927,-0.522034570102,0.0381422293431,-0.0134084218137,-2.35979280146,-0.0473637102122,0.606625179116,-0.0780422967775,-0.214965361462,-0.0400522237591,0.52406028955,-0.166351545783,-0.181719907143,0.143011083036,0.102562180862,0.114605841882,0.0951292199948,0.160033395566,-0.649807609226,0.0794660400966,-0.423342744887,0.214935874929,-0.284624933424,-0.620075974825,3.44224787719,0.974002377316,-0.857853662247,0.504956964614,-0.496277060074
-0.520207750946,-0.59732158977,0.0327228338919,-0.019017522192,-2.36212450925,-0.0495560654288,0.561774789815,-0.076515811995,-0.196299409227,-0.0852128681824,0.461296255903,-0.154151082835,-0.169280193026,0.0594813631113,0.0474259129926,0.106562030093,0.0805309693285,0.0894835457799,-0.688927920104,0.0717832368987,-0.379547231221,0.140380720846,-0.330435510805,-0.669303285822,3.37887503077,0.914116374836,-0.926210297675,0.447768941765,-0.551596688126
-0.469321668985,-0.563517102179,0.027588640832,-0.0245524285367,-2.26425724107,-0.0481929251872,0.627986601059,-0.0657423271471,-0.179227243392,-0.0144513991616,0.511092599444,-0.138950297331,-0.15885486031,0.0891295865811,0.10133445215,0.101130477919,0.0646003774135,0.121008198766,-0.615603635896,0.0624719022486,-0.337549624986,0.178806938233,-0.258460039618,-0.601550222437,3.42901134269,0.967333646766,-0.882804472788,0.507612669211,-0.499634044304
-0.526067205527,-0.634131589123,0.0165376234075,-0.0252016468866,-2.27248240933,-0.0463960750718,0.582853514242,-0.0561647221006,-0.168381714843,-0.0599690477187,0.450179810594,-0.131953436888,-0.150502548084,0.0146134453484,0.0467158605728,0.0900042674978,0.049180557085,0.0481858203381,-0.653092787028,0.0590915414496,-0.301943878882,0.105548660107,-0.303153293286,-0.64667731646,3.36545923442,0.908520424808,-0.947368252051,0.454895582754,-0.551854525947
-0.472153505104,-0.59425334721,0.019019801891,-0.0344172495582,-2.17645289776,-0.0437317000786,0.64786422249,-0.0561963883735,-0.154555385405,0.00289373032857,0.502778972017,-0.119815677818,-0.142864292125,0.0560339923219,0.10562832372,0.0838082333352,0.0331615555554,0.0878328784357,-0.578534428284,0.0547466699633,-0.265162330484,0.14875872562,-0.226137387651,-0.574986140226,3.41834217308,0.963232390271,-0.899505908838,0.518081208513,-0.49679483043
-0.542966825589,-0.677127129792,0.0166226798886,-0.0368523009732,-2.20098495425,-0.0447884722883,0.586134733948,-0.0491739265434,-0.145655999995,-0.0615814142835,0.427442598997,-0.110448390277,-0.128391018212,-0.0342100079546,0.0365375862213,0.0770501332419,0.0278579955222,0.00304930339858,-0.628774201425,0.0519362879987,-0.238484998016,0.0709635079823,-0.282311270084,-0.634345804254,3.3409492349,0.892097660426,-0.978977958945,0.450652329302,-0.561704631762
-0.504863220108,-0.644486374641,0.0149378234114,-0.0361906005924,-2.14329806846,-0.044652539348,0.629727796224,-0.0468118642539,-0.13805138046,-0.0192002297821,0.465675971702,-0.105773502483,-0.125171006911,-0.00319317451576,0.0768323300416,0.0736335316273,0.0238936688314,0.0345248234953,-0.580912273392,0.0498309474574,-0.225808453833,0.107068911766,-0.234928749777,-0.588693026969,3.3794966983,0.929575507163,-0.945580609274,0.49225017483,-0.525001039932
-0.552164883485,-0.776168641966,0.0482383104273,-0.0747562049492,-1.84301163102,-0.0386254615312,0.669698094697,-0.0247708915794,-0.0458831363239,-0.0271309402573,0.386602464434,0.00513559873225,-0.0594098872819,-0.127433922066,0.0868945725888,0.0207564989815,-0.058799366316,-0.0779176491589,-0.489162273793,0.00981463697996,0.0013658688249,-0.0653659431683,-0.158764500935,-0.539384399412,3.29523015958,0.861742197823,-1.05508202866,0.463002723362,-0.573077495514
-0.527085928113,-0.752759129734,0.0457878895458,-0.0740917389996,-1.80207455007,-0.0368394145384,0.698017032311,-0.0220803474026,-0.0453442459265,-0.00561284297098,0.410007775469,0.00377710142051,-0.0558654930746,-0.102744939838,0.114747299022,0.0164157582598,-0.054897159955,-0.0534885047329,-0.454036316729,0.00906035273711,-0.00150433900041,-0.035698650026,-0.124636960648,-0.507099892991,3.32015810166,0.886455009125,-1.03219083607,0.49160193487,-0.548559254453
-0.541675246463,-0.770979097217,0.0353284652459,-0.0696945589822,-1.78177065073,-0.0356765113444,0.691253587563,-0.0236853068312,-0.0397921689514,-0.0314725577798,0.394226252229,-0.0019065090616,-0.0567794456984,-0.118112046221,0.105054479199,0.00609191891273,-0.0547134261861,-0.0698051132201,-0.450506007285,0.0060048923039,-0.00340027316001,-0.0403928550545,-0.126078394452,-0.511069143478,3.30108448456,0.869431210222,-1.05489344094,0.478611386019,-0.563043281771
-0.534459238816,-0.7685295097,0.0332586440373,-0.0651360157418,-1.74181180044,-0.0335153055833,0.705425880794,-0.0187864175418,-0.0387895602556,-0.0296407663167,0.399475435662,0.0020814281571,-0.0481681943151,-0.111997749377,0.11651711048,0.00158660785512,-0.0504768098365,-0.064250797664,-0.42576149266,0.0039188524921,-0.0014381433795,-0.0274231699456,-0.106422047705,-0.491715425891,3.30367118672,0.874069073887,-1.05182841203,0.489911253915,-0.555261440993
-0.551877141657,-0.794289030583,0.0313711554664,-0.0633230914526,-1.72573056425,-0.0240098100431,0.693122618032,-0.016862384098,-0.0393998867165,-0.045939584352,0.376732373132,-0.000463976243932,-0.0475054141638,-0.13600489,0.102464855198,-0.00347279172923,-0.0443844351575,-0.0861296051123,-0.427973717699,0.00179101235266,-0.00943122434091,-0.0376925092844,-0.111495138017,-0.498409707842,3.28018227459,0.851544677093,-1.0754080323,0.475130666438,-0.572182981951
-0.539405600571,-0.784139489771,0.0273087350122,-0.057837401277,-1.69717249015,-0.0219490844786,0.709193437594,-0.0162775976341,-0.0386639052728,-0.0349915590115,0.38830505072,-0.000535516655925,-0.0458624358675,-0.122471211594,0.116802062407,-0.00712365697756,-0.0428033849121,-0.0757448319762,-0.408234445836,0.000593622800748,-0.0107901591817,-0.0234620058303,-0.0888247416526,-0.47858228201,3.29108717287,0.863080688443,-1.06515697672,0.49085949589,-0.559319172329
-0.554181411841,-0.800122970824,0.0217146798212,-0.0508606601386,-1.68084673564,-0.0186386815394,0.700242689029,-0.0156431913775,-0.0383610147885,-0.0509883944114,0.371047174223,-0.00089046404205,-0.0390343431906,-0.132534167719,0.105247509027,-0.00924201456211,-0.0398158387412,-0.0954535098468,-0.408226989048,0.00245628618725,-0.013789264245,-0.0402878679155,-0.0902044058616,-0.483370352622,3.27189468867,0.844415958075,-1.082598136,0.478211079061,-0.57501265467
-0.546542699483,-0.794688300897,0.0180500997717,-0.0460021597458,-1.64329250856,-0.0195932838813,0.717864425501,-0.0148090544266,-0.0377172865183,-0.0421935344642,0.376396861733,0.002405876034,-0.030491217276,-0.132782759824,0.116125194624,-0.00262712010862,-0.0385718100066,-0.0874708625581,-0.384110127425,0.00583737529684,-0.0169146069342,-0.0276742849117,-0.0708329421728,-0.463911656199,3.27606972761,0.84923688387,-1.07976828413,0.489370166053,-0.567858737262
-0.559382203816,-0.808583467728,0.0178077958198,-0.0442495033455,-1.62902363687,-0.0204974410875,0.711569870259,-0.0141144374132,-0.0341562663686,-0.0553606654008,0.359459961396,0.00277536564965,-0.0265395435496,-0.145941923085,0.104744309351,-0.00167545562729,-0.0409220018955,-0.104247705144,-0.38066247814,-0.000152539520274,-0.0139479392821,-0.0375272135276,-0.0780966025215,-0.468888751795,3.25776521484,0.830784470275,-1.09605458672,0.477169396341,-0.582324022971
-0.549145882343,-0.798450098742,0.0164633031196,-0.0394994050419,-1.58650741046,-0.019444460913,0.730368555241,-0.0109887496505,-0.028007451438,-0.0445453431868,0.367897910683,0.000409064245245,-0.0304746405448,-0.140621051526,0.120972141968,-0.00538233694722,-0.0386911829647,-0.0945287578725,-0.355162455556,0.00316651053362,-0.00970810827423,-0.0221326376311,-0.0532387531242,-0.446784608621,3.2638949821,0.840439195389,-1.09119553829,0.492302706585,-0.570857033951
-0.571943618283,-0.824460216785,0.0121079024396,-0.0347172307202,-1.5801664578,-0.0148790828403,0.711753162768,-0.00643944095797,-0.0304683729778,-0.0656545578602,0.340407872326,0.00141838497129,-0.0290491503016,-0.162361542586,0.102178101651,-0.00222233021702,-0.0369240836797,-0.118925294136,-0.361869101169,0.000612575679283,-0.00845866608694,-0.049429982187,-0.0668339265185,-0.460709516901,3.23506015894,0.813627087814,-1.11732924639,0.47115757199,-0.594112361709
-0.560860116014,-0.814987225429,0.0122353442176,-0.0344547798249,-1.55677604925,-0.0118732160184,0.725702457767,-0.00511801419059,-0.0289756619288,-0.0547553628635,0.350664409451,0.00204669904285,-0.026967963637,-0.147970465347,0.115391048301,-0.000437679465378,-0.0366433593503,-0.109127703799,-0.34452867568,0.000630554148064,-0.0104226459139,-0.0399498159721,-0.0488184497902,-0.443685220423,3.24430593403,0.822887064054,-1.10779884998,0.484306968329,-0.583623201632
-0.587818008427,-0.86807304168,0.0294232899437,-0.053043112205,-1.35190302008,0.0154025474779,0.742411405302,-0.0104520404869,0.0095897064408,-0.0973764076053,0.310655047696,0.0293106734769,-0.0216097290716,-0.167114781293,0.10586034543,0.0106839940173,0.0178576624685,-0.0885079433221,-0.243475526226,0.00919970468148,-0.0276699249136,-0.0675859391659,0.027674676057,-0.376568177886,3.17690511987,0.787754723462,-1.14738060067,0.49628689099,-0.599379820602
-0.599572035041,-0.878520524026,0.0264472462492,-0.0497042017733,-1.35332852539,0.0141533004184,0.73450744659,-0.0112918745842,0.00659881687412,-0.105084594446,0.29720781846,0.0250796583746,-0.0222336533744,-0.176455985265,0.0945033860122,0.00956186269362,0.0147533144695,-0.106169615787,-0.248405656105,0.00679267975952,-0.02490219311,-0.0802062542828,0.0178124127648,-0.384791298778,3.16229698194,0.773204154854,-1.15936568517,0.485185686661,-0.611524026919
-0.595187908881,-0.86933237447,0.0289307699308,-0.0339623079059,-1.31235376029,0.00419341127845,0.753877351369,-0.0149760336505,0.0100291163714,-0.0864843249151,0.295982956714,0.00214450971522,-0.0207958850666,-0.15537298234,0.105091461604,0.00693118792482,0.0108449125586,-0.1137442356,-0.219453190766,-0.00321110940656,-0.0113701554858,-0.0868698230538,0.0388779384568,-0.362017310501,3.15756748518,0.768086019828,-1.15032135318,0.494551734079,-0.610499266745
-0.605781171155,-0.877905076525,0.0267285227025,-0.030540464828,-1.31171356749,0.00220723705072,0.746138859789,-0.0146023505289,0.00736167535288,-0.092741980282,0.285486603255,0.00493140940829,-0.0197173126851,-0.167703878764,0.095097281466,0.00645814743972,0.00922043169073,-0.124315365178,-0.224848973601,-0.0022895919249,-0.0107027146658,-0.098984779929,0.0312660882528,-0.368788328031,3.14409241828,0.755530137435,-1.16014003658,0.485173009671,-0.620964675913
-0.604410900596,-0.865105078989,0.0159325116759,-0.00656112607751,-1.26644426501,-0.00456269416253,0.760339557388,-0.00607040559592,0.0170984729239,-0.0717851603629,0.282464781429,0.017541548607,-0.0212681986022,-0.176263233139,0.100648166584,0.000262734916073,-0.00480951481233,-0.120772318285,-0.199176010374,-0.00318185205127,0.000682961651493,-0.0964496755212,0.0508987401035,-0.348187517335,3.13844390959,0.748551555455,-1.16330392294,0.491816872207,-0.621459179451
-0.616466429986,-0.875468348659,0.0160562472859,-0.0054915454562,-1.27016641556,-0.00487618305584,0.75019609907,-0.00640299579041,0.0153768063011,-0.0806168694155,0.268763873546,0.0127351701641,-0.0207262983462,-0.187481416374,0.0887825177118,0.00214017583282,-0.00673096978252,-0.135571338079,-0.205575246926,-0.00377317799587,0.00116983334508,-0.105925998012,0.0398242787135,-0.357441905663,3.12347051103,0.734299709466,-1.17644516815,0.479723909299,-0.634586161995
-0.608773953833,-0.863291641229,0.0157321161481,-0.00481781288604,-1.24684149706,-0.00733299376767,0.763231295505,-0.0094808251835,0.00958240866907,-0.0727823912999,0.275369969442,0.0105821112511,-0.0100065481795,-0.171247194862,0.0964619069024,0.00162064234706,-0.00629124601996,-0.124082590181,-0.18906405963,-0.00156199911282,-0.000798588246882,-0.0992749354622,0.0506298278409,-0.343089846759,3.1265485091,0.736110521492,-1.1692377316,0.488396442136,-0.629783693205
-0.619080309992,-0.870521259773,0.0176564894101,-0.00479184286506,-1.24810271225,-0.009930723982,0.755066755842,-0.0102288574344,0.00971785877546,-0.0812575821154,0.264632894881,0.0137490646602,-0.00827875159475,-0.181141677952,0.0866647569045,0.00304759331379,-0.00470502678749,-0.136311017325,-0.19513536001,-0.00129781278365,0.00391188019202,-0.106415193892,0.0413068102419,-0.351247998,3.11324879595,0.724969789813,-1.1797708308,0.478983035399,-0.640253933758
-0.613499930587,-0.860471833622,0.0155021139586,-0.00810780602835,-1.22766217076,-0.00681616546768,0.766532248702,-0.00882221144223,0.00875131458322,-0.067510916437,0.26770157474,0.0157021503318,-0.00676676929299,-0.173794359969,0.0971190287332,0.000382371577274,-0.000282768100892,-0.128811020464,-0.180371355637,0.00227409928909,0.00413845048059,-0.0948991200426,0.0523666939987,-0.337490174994,3.11503161936,0.728033879995,-1.17291416616,0.487465322151,-0.636445827904
-0.622282956675,-0.867950121837,0.0151523755524,-0.00666046690769,-1.22910284278,-0.00569939623754,0.759677765297,-0.00831264292988,0.00923366905245,-0.0725897629023,0.257388690896,0.0149850781585,-0.0079833550999,-0.182369079407,0.089002757471,0.00029686372117,0.000401840300796,-0.136236652738,-0.184026572601,0.00138886579765,0.00522766077541,-0.103644921676,0.0443113258212,-0.34323883604,3.10324766846,0.716627502645,-1.18028508474,0.47911812137,-0.646315292843
-0.65378682442,-0.862777914613,-0.00562355583482,0.0245312090934,-1.12654595137,0.0326922928792,0.764484546545,-0.0149360144938,-0.0183192516052,-0.0496177753668,0.215366545873,0.0105624872704,-0.00590533321193,-0.201926627656,0.0598133398831,0.00612224800056,0.01763313735,-0.209268832038,-0.146323127562,-0.0235258587301,-0.00962193501217,-0.104847395479,0.0590352821206,-0.318199801957,3.03632635349,0.652481601494,-1.22506765772,0.458887366023,-0.694803055559
-0.640374672053,-0.847456029439,-0.00541839607896,0.0224457058793,-1.10829813627,0.0291452253544,0.779361660056,-0.0163534291409,-0.0169064516531,-0.0397896118864,0.228443547884,0.00976146561988,-0.00597801115263,-0.181616408245,0.0762518786933,0.00733062635077,0.0184524001742,-0.187008337637,-0.128414092629,-0.0215982706924,-0.0105781368258,-0.098187350311,0.0762758305694,-0.299824922487,3.04791154579,0.664875098797,-1.21053709724,0.474858578762,-0.682455886755
-0.670205298343,-0.847150266674,0.0316696042397,-0.0368334421736,-1.03422220251,0.0245797767369,0.797518927072,0.0487846954763,0.00420990266043,-0.113843986042,0.204632890181,0.0429928568028,0.0281422173336,-0.198062128873,0.0846451941741,0.0197982051118,0.00791707803247,-0.0980639645374,-0.078318801259,0.0466365568566,-0.0139649666439,-0.0873965678957,0.0816159938166,-0.275109180545,2.98029610071,0.603787513514,-1.22470317643,0.455634969103,-0.731807421081
-0.66538723927,-0.836710846349,0.0314649243387,-0.0335297612891,-1.019880174,0.0216997824338,0.806289912708,0.0445604702364,0.0037252489838,-0.0976556911464,0.209239000713,0.0356359777074,0.0241775520449,-0.177394127247,0.0897531271537,0.0119838398257,0.00288011029444,-0.100774523727,-0.0690744249086,0.0415678282437,-0.00691560877194,-0.0928647463243,0.0861134714626,-0.26469944024,2.98071367944,0.606006324127,-1.21801889259,0.463357114434,-0.729281005675
-0.673322978452,-0.83782611951,0.023073297497,-0.0293816686281,-1.0217035984,0.0148054490246,0.800521145036,0.0381245484814,0.00141581659367,-0.0950299170696,0.201211947414,0.0290702877445,0.0189026080869,-0.174099250592,0.0825552062675,0.004610430972,0.00699625617526,-0.111883529232,-0.0707789871836,0.0355333959574,-0.0101442428285,-0.106606196386,0.0803392773976,-0.266782375476,2.96717924435,0.59559471114,-1.22227181376,0.457500419289,-0.739369675216
-0.669635389468,-0.820285430949,0.00307122423811,-0.0207505028847,-1.00385868544,0.013595558661,0.812232797563,0.0224986082477,-0.00863535685208,-0.0739783244377,0.203969088944,0.017701226302,0.00717686223239,-0.154637773585,0.0873688056032,0.00166887670189,0.0109635332647,-0.117023955423,-0.0541507389485,0.0225433601702,-0.00404695684573,-0.0999112382115,0.0864169778852,-0.252486655347,2.96169120398,0.592854764679,-1.21143293524,0.465430712979,-0.742330416328
-0.679728979975,-0.828954738052,-6.20670763276e-05,-0.0190059127113,-1.0101309252,0.0134529772982,0.804578511057,0.0194653347225,-0.00717344718445,-0.0800141262906,0.193979146791,0.0139009589906,0.00704079180938,-0.164679798404,0.0786620010542,-0.00144882688847,0.00974547419164,-0.128254056295,-0.0610948874489,0.0192933532673,-0.0038217473235,-0.109577228248,0.0759334904725,-0.26030447468,2.94877137964,0.582041472885,-1.21938009245,0.456413851824,-0.752736267439
-0.67962900811,-0.818046541348,-0.0098169490507,-0.0133974208319,-0.996406167865,0.0198694220041,0.811829603543,0.00931293344075,-0.00465685282899,-0.0697703906904,0.193066535229,0.00963900063828,0.00113516848074,-0.153230239103,0.0832227087495,-0.00939308435284,0.00247151202213,-0.119388084052,-0.0510280282149,0.0120278949589,-0.00161681578369,-0.112471203003,0.0818481555814,-0.249462849014,2.93953864285,0.577233353101,-1.21196051887,0.461321382212,-0.757161483309
-0.693433494406,-0.814083612681,0.0118844811977,-0.0277095863932,-0.961591391562,0.0332577202294,0.814805050862,0.0307700608311,-0.015989118396,-0.0532072348303,0.176324461335,0.0290194193385,0.01938666669,-0.141320876718,0.0710487203783,-0.0146125002618,-0.00261681427305,-0.160097216466,-0.0347437281735,0.0246084497808,-0.00801797651866,-0.117081240295,0.0677832100602,-0.245600838546,2.90694774149,0.562128416165,-1.21296296024,0.454734831538,-0.779800719186
-0.688882550587,-0.806459631551,0.0118253937717,-0.0281669669094,-0.95206652323,0.0328792768147,0.821853674674,0.0283908503685,-0.0146623144502,-0.0475944190709,0.182139752948,0.0271091767963,0.0163373524705,-0.1343477965,0.0786600476698,-0.0162751076877,-0.000100743254593,-0.149991739243,-0.0259846701678,0.0237547427215,-0.00761914248612,-0.115299821471,0.0744174738013,-0.237136763776,2.9093096021,0.566802869552,-1.20605563335,0.462142059612,-0.77545521082
-0.696462301796,-0.812645339833,0.00294824206971,-0.0219369780361,-0.950420004008,0.0254568593634,0.817778312473,0.0273313757589,-0.0119733691637,-0.0527139899009,0.174582923569,0.0252064814105,0.0184753351494,-0.141621517046,0.0740419450898,-0.0129261285534,-0.000462794492875,-0.146780562435,-0.0269582621935,0.0208357070397,-0.00597423391875,-0.126407430394,0.0693031378006,-0.23858074689,2.896881025,0.55241735543,-1.21174862544,0.454750902012,-0.785494729669
-0.69247790862,-0.805158062255,0.00200948175996,-0.0194299383634,-0.942756729118,0.0241724616904,0.824134841175,0.0274733593889,-0.0101339165151,-0.0488162390849,0.17882309847,0.0221578815165,0.014147171129,-0.13704867065,0.0805609242605,-0.0112179652792,-0.00107560824663,-0.14046749338,-0.0192256266689,0.0189866416472,-0.00746333541197,-0.118401530759,0.0736294796366,-0.232016101492,2.8986898483,0.555439487912,-1.20688119856,0.460090936329,-0.782462618565
-0.707378401027,-0.779066527299,-0.053751174889,-0.0250143965224,-0.876227621506,0.0120195972752,0.837540054137,0.0522855711794,-0.00324711696107,-0.0364802257522,0.200244509018,0.00103076436387,0.0190653500332,-0.103259567912,0.0999990563579,0.0440568895559,-0.0108462320199,-0.10055085799,0.0175693799356,0.00969690467934,0.0131069431434,-0.158547911736,0.0790077135061,-0.188898806647,2.84279469155,0.527188218328,-1.19335927993,0.466856181252,-0.807788094487
-0.721784561469,-0.790007536074,-0.0515736264559,-0.0211749997413,-0.888026888059,0.0135510594429,0.824397086875,0.0488666212606,-0.00237501565549,-0.0491212101799,0.184973132025,0.000131998972197,0.0161075519753,-0.119778710162,0.0870104923885,0.0395985281879,-0.010683671745,-0.116628497389,0.00647790876084,0.00944324001392,0.0109178948558,-0.168232679229,0.0644808549453,-0.201469754834,2.82522722636,0.510883988821,-1.20769464972,0.45227574657,-0.82311352487
-0.718433604018,-0.780752016885,-0.0538018809984,-0.0118840393452,-0.878711076069,0.00622032986845,0.83095215765,0.035207295619,0.00288643443229,-0.0423410422148,0.188688110767,-0.00227051545647,0.0143134653691,-0.120638413609,0.0936303946156,0.0358949083877,-0.00733690213141,-0.112471593553,0.0168688899981,0.00699717551888,0.0106647014009,-0.1389669578,0.0732105140569,-0.191277853769,2.82454984052,0.51358962763,-1.20209915432,0.458849745123,-0.820808391691
-0.729797738227,-0.785501466657,-0.0476209307879,-0.00772651608009,-0.886501088725,0.00415997053111,0.822904423315,0.0314400617441,0.00476960795546,-0.0511257845738,0.177271273225,-0.00689555468731,0.00683396644358,-0.12903742126,0.0840191005839,0.0307150992163,-0.00405787003857,-0.129043978939,0.0152305693287,0.00681262795021,0.00510039891946,-0.139631817457,0.0641046396643,-0.197335821043,2.80815040389,0.496811601666,-1.21160477312,0.44770702149,-0.834457778183
-0.724151602586,-0.778186031911,-0.0422466529334,-0.00729968096452,-0.877921539953,0.00625197418088,0.82930671572,0.0317232862894,0.0054775729569,-0.0431382913811,0.180651847838,-0.00818009714651,0.00449418287877,-0.122853420673,0.0897264587741,0.0299335233796,-0.00166741125914,-0.123412790208,0.0230835058799,0.00809939753359,0.0062685213189,-0.129061941903,0.0682613030813,-0.190066164576,2.81152706656,0.500721658639,-1.20609013107,0.452963976508,-0.831129369073
-0.740576354916,-0.766415518137,-0.010370920795,0.00288403556125,-0.851527286503,-0.00383817291842,0.858093103952,0.00223809934698,0.00512199482382,0.00969577908243,0.155691257772,-0.0472954766398,0.0310280866967,-0.14631687925,0.102083276902,0.064062925596,-0.0200221284662,-0.197243628507,0.0768758632621,-0.0319498959134,0.0247721918093,-0.0566101569553,0.0909614874575,-0.1539445923,2.7586562633,0.475622655323,-1.18883849512,0.468445213921,-0.850631767381
-0.75124244409,-0.775654848766,-0.00823622990349,0.00350131611425,-0.859567003395,-0.00469494147117,0.848128855065,0.00332147345975,0.00602269579584,-0.00481644163247,0.144871170606,-0.0441484218048,0.0254826657709,-0.151567453861,0.0925811679365,0.0633812182555,-0.0181195996247,-0.197425724342,0.0672937275277,-0.0304938625938,0.0229472639878,-0.0754512320426,0.0796960991498,-0.163676033211,2.74551861015,0.463795470645,-1.19881648244,0.457356130112,-0.862841878275
-0.747705657439,-0.759789423295,-0.0120408092214,0.00317424428284,-0.839585912833,0.00109431989236,0.858347688069,-0.00222637710648,-0.00423416320493,0.00435901326085,0.149884302508,-0.0462512384633,0.0247607037599,-0.137848011677,0.0965569232206,0.0394401732878,-0.0114120007277,-0.160234920319,0.0756673436057,-0.0181215615719,0.0213223502782,-0.106687157355,0.0907915459667,-0.147622622387,2.73937145072,0.466932287256,-1.19038446126,0.469416685896,-0.858567592926
-0.754836784273,-0.764352193934,-0.00830696935618,0.00389023292747,-0.844871096456,0.00333698794632,0.852454725787,-0.000400978638111,-0.00356975523326,-0.00582096183145,0.14301111251,-0.0449576910783,0.0215885118431,-0.142818272313,0.0907219049043,0.0400193493259,-0.0107402570005,-0.162866163353,0.0707361086252,-0.0184273099855,0.0213656668756,-0.113414075165,0.08310108442,-0.153304954859,2.72987041786,0.45797141833,-1.19716149698,0.462441114061,-0.867383399795
-0.7504797275,-0.756932693531,-0.00458745564685,0.00504058390002,-0.838094637285,0.0023787866595,0.858957127582,0.00522718394049,5.91925964546e-05,0.00238047192463,0.148606179121,-0.0416805108086,0.013856285161,-0.128549606228,0.0968644870952,0.0366736678199,-0.00950883417695,-0.148550283842,0.0762958121378,-0.0146066866148,0.0153618910622,-0.119933284336,0.0858146515154,-0.145582763541,2.72958310152,0.461057654402,-1.18965566661,0.468212211081,-0.865832288303
-0.75549982055,-0.758268263958,-0.0057068088906,0.00531357777523,-0.843476534146,0.00107239447382,0.853603967878,0.00456424904758,0.000946448895041,-0.00145848179854,0.141920611967,-0.0394298123827,0.0130812791664,-0.131770153037,0.0934867495568,0.0325063229905,-0.00823803881506,-0.151043084097,0.0729219668556,-0.0137569332676,0.0159942892036,-0.124641301947,0.0785416725904,-0.149397537305,2.72218376649,0.455551011307,-1.19307689755,0.463517983173,-0.872187483817
-0.753186501793,-0.75013765404,-0.0138351873895,0.00619753758143,-0.828596952422,0.00603666083494,0.860472134565,-0.00234756183103,0.00656237329957,0.0110239364799,0.139105080326,-0.0359355148257,0.0149335770811,-0.117060909315,0.0968339402393,0.019890211705,-0.018347939817,-0.141369164014,0.0840888974063,-0.0176875962908,0.0141392026608,-0.127472448373,0.0776060575591,-0.141223815512,2.71456811643,0.454077848397,-1.1892464252,0.465560747575,-0.877401348998
-0.762137808355,-0.755236125651,-0.00975808335954,0.00818271906455,-0.83494823527,0.00893979032533,0.852719059273,-0.00214526217427,0.00440137921585,0.00456135213237,0.132041641082,-0.0295727296964,0.00583018374009,-0.127418013953,0.0901552562606,0.0155284091989,-0.0140553805343,-0.147785700827,0.0801320076624,-0.0209937786954,0.0100328936147,-0.122497455105,0.0695420580508,-0.146060276601,2.69988510216,0.442972432033,-1.19580295794,0.456650845999,-0.889616687214
-0.756795399816,-0.745943589918,-0.00899187401957,0.00685661436843,-0.826760554039,0.0084997655121,0.859041556068,-0.00152655777059,0.00536840602895,0.0117360264192,0.138859492589,-0.0277086174002,0.00446678622766,-0.118936715253,0.096711864768,0.0185905949155,-0.0150491082752,-0.142449576074,0.0862830319977,-0.0162684783862,0.00905813202194,-0.11357117127,0.0743668530761,-0.13886988328,2.70380470757,0.448781814206,-1.18894303451,0.463278549483,-0.885631234634
-0.762074688765,-0.74949539261,-0.00745745837472,0.0067854947342,-0.829114531375,0.00820947753729,0.854963006951,-0.00128052381493,0.00426993732005,0.00503102408602,0.133146592476,-0.023728008776,0.00368320612509,-0.118839006728,0.0925697995132,0.0179303242375,-0.0138670743524,-0.144113113054,0.0820932197363,-0.0153926284859,0.00791681659781,-0.117688466493,0.0692285566121,-0.14180213755,2.69597128357,0.443448023927,-1.19287890042,0.459109636892,-0.891380895077
-0.777537654703,-0.740280093103,-0.0106271237774,0.00876012681185,-0.826145340848,0.0139049168585,0.85069481741,-0.0202121295522,0.0180027605848,-0.0126229492616,0.121921519904,-0.00783672541368,0.00272784582001,-0.128502970939,0.0874462985852,-0.0311747150682,-0.00338672512767,-0.144554875968,0.0830014156603,-0.00774735000749,-0.011794479156,-0.101781392222,0.0709148888368,-0.128984803148,2.66168546637,0.427010054726,-1.20333062528,0.453927335465,-0.909677548702
-0.770869896348,-0.73200418201,-0.00833274295441,0.00576827779437,-0.817996644163,0.0165047100798,0.857903303528,-0.01766952706,0.0172584656574,-0.0036960783465,0.128210118243,-0.00561328999511,0.001345667155,-0.119667923235,0.0943698483943,-0.0287395287573,-0.0023535009921,-0.135434923072,0.0918167456941,-0.00769761163857,-0.0102854291208,-0.0967690568626,0.0783764853803,-0.120202611154,2.66604346647,0.432965872741,-1.19499801761,0.461509763442,-0.904640120611
-0.786970167072,-0.735297203942,0.0240728551774,-0.00981939173697,-0.781233419322,0.0126976101129,0.852007468368,0.0455194173619,-0.0097519846113,0.011749324211,0.119126484065,0.0174870349115,0.0228074346649,-0.124928303696,0.0917205578581,-0.00753384363008,0.000515026781555,-0.0368589652049,0.0759364481433,0.0691318120313,0.0333973573858,-0.149499397125,0.0634907978503,-0.102205713373,2.6095613642,0.413968099465,-1.19590892569,0.467707360438,-0.931102867637
-0.784779859764,-0.717208925753,-0.0203590464809,0.00705850608639,-0.759131166435,0.00514596671436,0.870130818261,-0.00386375186237,-0.0136540932182,0.0166279430362,0.136410014523,-0.023083396833,0.000386943501074,-0.0797664929649,0.0957562550862,-0.00444405212571,-0.0151146020616,-0.12069315245,0.0985617322004,0.0128451208044,0.0161508557806,-0.0529501486799,0.0790357525724,-0.0781842823558,2.59742635474,0.421951914976,-1.17925897279,0.486718767465,-0.929176044915
-0.797902881112,-0.728720410596,-0.0170531141576,0.00811960226565,-0.771546950239,0.00353526415148,0.858395162484,-0.000690803324536,-0.0141159493568,0.00416974354776,0.12461391225,-0.0210746676733,0.00261196400819,-0.0913117742829,0.0835298738489,-0.00163197817393,-0.012740659138,-0.13008830956,0.0867850127634,0.00957448685397,0.0143639448372,-0.0696422571265,0.0660901647586,-0.0894795246945,2.58154369105,0.408155784412,-1.18984438346,0.474230919604,-0.942683428916
-0.79176205162,-0.71817703595,-0.0141407080081,0.00861144487018,-0.761730366031,0.00333551477629,0.866670955623,0.00115897327261,-0.014153675354,0.0169049217287,0.131975653357,-0.00961570306422,0.00379566616167,-0.0839349962724,0.0910964480203,0.00109279701123,-0.0127697536502,-0.120362097384,0.0953163624815,0.00909966025952,0.0120232992452,-0.0664005748323,0.0724721601075,-0.078911990393,2.58409254851,0.412918410447,-1.18009014705,0.482672671374,-0.939505385435
-0.797252626047,-0.720033766028,-0.012529146889,0.00520714561375,-0.765407260832,0.00262569989955,0.862964373382,0.00157291479405,-0.0136120667967,0.0138848990493,0.12726200903,-0.010177379164,0.00536469510138,-0.0866762548738,0.0862744915389,-0.000240467462726,-0.0123237726447,-0.122301430787,0.0909240864641,0.00912237963256,0.0110081531574,-0.076622687395,0.0679730640062,-0.0818653999364,2.57614945438,0.407609168202,-1.1836668157,0.478819379366,-0.945116702583
-0.802517522497,-0.683786873023,0.0370862510234,0.0024465585152,-0.743698525207,-0.0327151974543,0.877104015903,-0.019031825241,0.0189782605405,0.0387609621686,0.118961636878,0.0267956585245,0.0177865896792,-0.0435051871442,0.103957032757,0.0272655208918,0.0211780845714,-0.108684749969,0.0965232988933,-0.0110967853555,0.00638894716977,-0.152873116008,0.0548164885668,-0.0540282516127,2.53335507672,0.402867159059,-1.15987640048,0.491812136158,-0.966114464479
-0.808337933261,-0.688069318008,0.033529217399,0.00401056486467,-0.749043112368,-0.030470955729,0.872065704004,-0.0208425226152,0.0158119407367,0.0321598717025,0.114047110753,0.0251208436959,0.0166794030219,-0.0539182551378,0.0994872024622,0.0245972855006,0.018893830685,-0.111733333776,0.0926493539465,-0.0123371549209,0.00907364629728,-0.152749808152,0.0492360975053,-0.0582294816836,2.52488066441,0.395804766323,-1.16542619136,0.486318191421,-0.972905925414
-0.820326930578,-0.684596305074,0.0169832420807,0.00415271013917,-0.750683907389,-0.00679131047345,0.869176821277,-0.0235230911262,0.0157763729695,0.0295295212861,0.0945058822807,0.0239370758844,0.00507594719266,-0.109364907761,0.0952855263935,0.00482407088503,0.0145019762029,-0.106664497403,0.100882593594,-0.00872865999165,-0.0005773821244,-0.0803899577734,0.0462337060122,-0.051119172055,2.49602373857,0.385989543736,-1.17092016739,0.484681270995,-0.986221248539
-0.81347712054,-0.67422085251,0.0128106244636,0.00550388007537,-0.743270919424,-0.00764387311278,0.876484135797,-0.023623848391,0.016787082051,0.0314296029971,0.102037800768,0.0187417197438,0.00726824223365,-0.0984946078804,0.101717217527,0.00448001956497,0.0141045234234,-0.0980285381534,0.109420409355,-0.00830987048766,-0.00222651893704,-0.0707547809112,0.0546987910119,-0.0415721595204,2.50065128703,0.391272114099,-1.16505113977,0.492761995102,-0.980330191782
-0.820136412864,-0.675352976162,0.0117261572036,0.00717209468648,-0.747585530636,-0.00736266501744,0.874494549254,-0.0204620000642,0.0108445692926,0.0225545270646,0.099505197042,0.0160746427384,0.00902638509817,-0.100023951518,0.0985095881095,0.00109855116187,0.0105902212115,-0.0949147838502,0.102920072931,-0.0085973548348,-0.00455351988217,-0.084176502725,0.0464965342774,-0.0445359725447,2.49006014103,0.384296653275,-1.17022379178,0.488710899548,-0.988495406295
-0.816317908576,-0.670257906153,0.0108048254101,0.00756206659893,-0.741460109682,-0.00929070484445,0.877995214836,-0.0205778709172,0.0132194707236,0.0257277243344,0.104763953472,0.0138666700778,0.00710470582162,-0.0942579317345,0.102225675513,0.00169728712368,0.00921482212136,-0.0896674659978,0.108875363986,-0.0109829966429,-0.00716216087765,-0.0799662226262,0.0496910175841,-0.0391281260302,2.49178070374,0.388296955892,-1.16595055187,0.493243611076,-0.986199175949
-0.82558842006,-0.662492217076,0.0213154200737,-0.00193522803747,-0.743893024189,-0.0165693633435,0.870104522957,-0.011752602138,0.0354537664786,0.0322557168011,0.0985458755709,-0.00454789794782,-0.00612622144549,-0.0787690617928,0.0969674696038,-0.00191868885991,-0.0108183741072,-0.114200470371,0.11135025648,-0.0134254438653,0.0117489338363,-0.0928260360154,0.0505169543169,-0.0279644952917,2.46473804497,0.378641154754,-1.16745780138,0.497575426596,-1.00037467155
-0.821853694213,-0.656020383338,0.0167378336581,-0.000958096611631,-0.736531351115,-0.0140324319911,0.874928705946,-0.0106975003557,0.0344619084548,0.0300687334729,0.106008774323,-0.00390040357933,-0.00149606344902,-0.0716350862351,0.104509287444,-0.00160433362309,-0.00896258312394,-0.100334076477,0.119212577396,-0.0124747689569,0.010344604912,-0.0858781783754,0.0540318878458,-0.0194499775417,2.46480904781,0.381972546544,-1.16059239215,0.503433727499,-0.998393127017
-0.828470474041,-0.661284914356,0.0158516508125,0.00169341540929,-0.74005137948,-0.0123219726076,0.869783213396,-0.0093024445354,0.024589093585,0.0296231134528,0.0999339505846,-0.00308288823822,0.000117724174075,-0.0847421303217,0.098661592243,0.000913993150434,-0.00449369246491,-0.1024793271,0.115011714997,-0.0100666075956,0.0109972082217,-0.0968412717625,0.0478848285171,-0.0226874077168,2.45387628053,0.376480637428,-1.16620039339,0.498841797659,-1.00666415439
-0.826156013435,-0.655549181991,0.0101231820871,0.00776160039676,-0.734061239161,-0.01340515278,0.871444094309,0.00210926491917,0.0207138963201,0.0262114311151,0.107813294578,0.00485215003113,-0.00673800046084,-0.0698301400406,0.107873640341,-0.000242170396107,0.00337166866762,-0.0893215045537,0.12863946972,-0.0110317809199,0.0135065656528,-0.0968460091495,0.0477093213431,-0.0139599543142,2.44849116529,0.375504056448,-1.16169460059,0.501771541632,-1.01041446312
-0.829558865507,-0.656951883543,0.0100105761113,0.00721497532592,-0.736317636527,-0.0125192967602,0.869355883865,0.00182352124751,0.0196497154246,0.0211068860324,0.105144106346,0.00247567951253,-0.00670507317478,-0.0716488498016,0.105874968662,0.000371137685524,0.00397260029886,-0.0945150421904,0.126515610816,-0.0116259328741,0.0131567165354,-0.0977034816815,0.0440570592127,-0.0159581461033,2.44273493656,0.37172328675,-1.16471286938,0.499301661846,-1.0147920723
-0.82634261194,-0.652862741642,0.00977332705149,0.00888407458616,-0.730615610871,-0.012278099095,0.874139027838,0.0015804968671,0.0176079796673,0.025234350174,0.108727695721,0.00431029227453,-0.00481525157555,-0.0674344726716,0.110110347583,0.00161554128243,0.00371413813475,-0.0899674399061,0.130524053141,-0.00860793802359,0.0138924335294,-0.0931591301242,0.0474964126893,-0.01081560177,2.44391987402,0.375834071097,-1.16101180797,0.503946594894,-1.01241683649
-0.830580448756,-0.655575043619,0.0108183428531,0.0089732401829,-0.733157952863,-0.0108795500847,0.870636897111,0.000921556616403,0.0160627792331,0.0215915195699,0.105739372995,0.00529686607451,-0.0020215571148,-0.0725901221673,0.107355889281,-0.000315366498096,0.00244177202714,-0.0939977818953,0.128390814498,-0.0107368445956,0.0102691815967,-0.0942633766904,0.0417070940802,-0.0140947646713,2.43764762509,0.371488516019,-1.16364391286,0.500230871138,-1.0178329699
-0.835561795366,-0.630719876393,-0.0446131986444,0.0181594521216,-0.727981259694,0.0826930420353,0.881297630949,-0.0195868463128,-0.0597555168331,0.0609425633074,0.102588322951,-0.0345184273596,-0.0351883978279,-0.102339162262,0.117070079625,-0.0246992768044,-0.0247997765951,-0.108919051483,0.139574211829,-0.033594779746,-0.00363974031572,-0.0707598568168,0.0500394042415,0.0117209079673,2.40107287719,0.364616704215,-1.16368880036,0.510557432816,-1.03714659364
-0.846153244243,-0.638035812229,-0.0342905122924,0.0136504874077,-0.735945964895,0.0663180203302,0.873416118918,-0.0148243625656,-0.0510036459414,0.0495728956611,0.0946065844812,-0.0286444294309,-0.0303789464286,-0.104719859878,0.108203633951,-0.0203244336478,-0.0240287623877,-0.118938297407,0.130783737998,-0.0301783277344,-0.000996318955422,-0.08786604404,0.0380728228765,0.00388092677991,2.38664155344,0.355443643065,-1.1688665957,0.50257919621,-1.04791944947
-0.835428778173,-0.627331424759,-0.0307214441335,0.0112273007197,-0.724264262457,0.0605233586065,0.884750927367,-0.011884479456,-0.047396518442,0.0601600494833,0.106290990335,-0.0265986011518,-0.0295637143043,-0.091102329237,0.119307904665,-0.0165903125133,-0.0227363145253,-0.105574058041,0.14191255097,-0.0255921659463,-0.00112222622422,-0.0765978253154,0.052000732058,0.0181188104895,2.39550413904,0.366770018216,-1.15669846885,0.515906345277,-1.03780576342
-0.842860124323,-0.63363023474,-0.0263227078834,0.0108688748582,-0.730464236699,0.054687939968,0.878276175746,-0.00777687776519,-0.0438049871475,0.0516191563725,0.0997756452995,-0.0225423204157,-0.0323860312812,-0.0952326245422,0.112326575417,-0.0130628512808,-0.0201186116625,-0.108918458546,0.135213171829,-0.0213385750812,-0.00337373165473,-0.0844745944162,0.0452688562841,0.0125281681123,2.38554449525,0.358581039161,-1.16325100142,0.50921216722,-1.04599884295
-0.848108384727,-0.637226448581,0.00708357192883,0.0203033258765,-0.725916586776,0.0126251046155,0.869757471015,0.0218538710174,-0.0292152708231,0.0304138700216,0.0944749314993,0.000753629342233,-0.0261444764106,-0.0762922193185,0.105623270276,0.0209094629682,-0.00281400904093,-0.0842583863456,0.124672942242,0.00379357058155,-0.00483735598298,-0.0860910717192,0.0355729551622,0.0181342824052,2.36378045154,0.353062472377,-1.17342976447,0.508078161664,-1.06210988002
-0.840316481939,-0.628918069974,0.00693625512545,0.0158169878538,-0.716619749989,0.0162275019916,0.877994967843,0.0211059239689,-0.025366066974,0.0398609392594,0.102427933111,0.00117145698753,-0.0251115594608,-0.0671782341151,0.113922151812,0.0212009733499,-0.00311235451986,-0.0763202101865,0.134237588991,0.00273202329245,-0.00522380115554,-0.0794531668141,0.0423259285375,0.0272992159121,2.36972958602,0.361489891065,-1.16431246472,0.517149857421,-1.05558665963
-0.846642099682,-0.634627571947,0.00330180689344,0.00985305521165,-0.72013285043,0.0124218681589,0.872734949886,0.00502540900607,-0.020416212153,0.0347979175726,0.099311060716,-0.00416843722067,-0.0230066709743,-0.0667609387738,0.107741781269,0.0141636355705,-0.00101830410737,-0.0814446213452,0.130895370158,-0.00419520631677,-0.00813554233466,-0.0842676705015,0.0377900303953,0.0259966762073,2.35765368168,0.355605873038,-1.16463728841,0.514259075813,-1.06221812806
-0.842769410253,-0.628909170638,0.00328431558327,0.00787674087705,-0.71482269885,0.0120971911907,0.877803498402,0.00432112911526,-0.0189655826207,0.0415056319293,0.10413384091,-0.00394946817058,-0.0219957690015,-0.0619383523357,0.112185762656,0.015405188523,-0.00114747704246,-0.080318604276,0.136443808781,-0.0075051654378,-0.00648999748101,-0.079183450914,0.0418380275866,0.0316652769053,2.35942287855,0.35897105584,-1.15877996634,0.519404330242,-1.05928838462
-0.84674220205,-0.631803318112,0.00185811784268,0.00664713437346,-0.717685543084,0.0114776461119,0.873936776625,0.00342168071911,-0.0185289526025,0.0388607388827,0.100757149141,-0.00408858913502,-0.0239628520842,-0.0656709682128,0.108211754977,0.016439067514,4.98782063068e-05,-0.0834045911908,0.132847530181,-0.00746493948594,-0.00361995802186,-0.0821894487161,0.0350751351522,0.0283488546705,2.35355349378,0.354390058195,-1.16147035156,0.515316638738,-1.06513805914
-0.843020815922,-0.626961397521,-0.00119261738225,0.00546624778284,-0.712877876886,0.0105796077248,0.878195079464,0.00308392812686,-0.0163973834685,0.0413516468428,0.104602737179,-0.00464959017797,-0.0243965703789,-0.0609665132297,0.112562784925,0.0149010854586,-0.000127745547498,-0.0798032372209,0.137947848115,-0.00824328961615,-0.00610362482651,-0.0774847473428,0.0385856415109,0.034115515518,2.35512014227,0.357869909419,-1.1574216386,0.520085159649,-1.0627808654
-0.852735243349,-0.630301625796,0.00327073977302,0.00345262894707,-0.711214415301,0.00722918997756,0.872691934248,0.00373434649882,0.00561474266079,0.0365852068658,0.0968497335425,0.00104219407707,-0.0328159004964,-0.0496756304198,0.106613906855,0.00361464440076,0.00229077254977,-0.101041536981,0.135505024385,-4.38965689024e-05,-0.00308228890956,-0.092160105783,0.0259239128603,0.0300638576492,2.33801474039,0.351005170931,-1.16047969481,0.51471609464,-1.07455985158
-0.847655691293,-0.620395038141,0.000759418596465,0.00216871914389,-0.702406384985,0.016079770013,0.879878709295,0.0027754677561,-0.00324604260882,0.0424106652958,0.1070901373,-0.00176715681971,-0.0285795566116,-0.0447957874078,0.115821066737,0.00211251051092,0.00074405937006,-0.0912535795929,0.143867156056,0.000487940391276,0.00413441746539,-0.089681411714,0.0317295976646,0.0385770839201,2.34082107728,0.358966396801,-1.15257790145,0.523773181095,-1.07009163674
-0.853216800386,-0.622318712891,-0.000494656615622,0.0084001799322,-0.705562993573,0.0151822948381,0.873638085613,0.00710906774248,-0.00995658080161,0.0340796189837,0.103108438761,0.00101878441186,-0.0156907393775,-0.0528421001383,0.111586518221,0.00510534631148,-0.0029664603303,-0.0947347335598,0.141170729836,-0.00277754358636,0.00334406817641,-0.0897050766537,0.0262760802762,0.0355952269583,2.33093238376,0.351394666355,-1.15836157017,0.517322167548,-1.07902281765
-0.847136123835,-0.616727926647,-0.00611467809636,0.0021257206504,-0.696830832667,0.0102536373573,0.879789767964,0.0107357195693,-0.00444114051365,0.0381828666536,0.110214974572,-0.000624865546184,-0.00873395528718,-0.0474330359301,0.117032253009,6.37990673675e-05,-0.00220386410581,-0.0834880181799,0.148380426646,-0.00362597079901,-0.0028491307912,-0.0810159922513,0.0341604493058,0.0447712564219,2.33271212302,0.359263649347,-1.15127844035,0.524873320787,-1.07530937599
-0.854505392188,-0.620649762509,-0.00518456565444,-0.00731927872231,-0.700243228525,0.0130416097982,0.871817433387,0.00742123773219,-0.00142577885271,0.0304858711935,0.102189344653,0.00372524836464,-0.0113090265294,-0.0530491756392,0.111589971209,-0.00116107372762,0.00381518287789,-0.0877262119902,0.142765881274,-0.00693816637668,-0.00283643506799,-0.086360864705,0.0277179499472,0.0405391675634,2.32250089004,0.350042240916,-1.1567067367,0.517782720515,-1.0858233995
-0.850386988947,-0.61499652962,-0.00291396163506,-0.00508377130607,-0.695566421548,0.0116489467706,0.876523462912,0.006860158276,-0.00125232394251,0.0373248941104,0.10645988405,0.00588314102805,-0.0119559362984,-0.0482016534356,0.116295358704,-0.00309357247601,0.00199614347514,-0.0819999610858,0.147585816013,-0.00859319272387,-0.0011368525925,-0.0841295749838,0.0330690162026,0.0470744764343,2.32482278767,0.353804908377,-1.15179296369,0.522919483664,-1.08308055239
-0.856467806851,-0.621015135028,-0.00386067308039,-0.00562865279834,-0.699516241851,0.00981752492671,0.871852544288,0.00712630046805,0.00222270903553,0.0335035286461,0.105119053217,0.00422883933829,-0.0103514163296,-0.0574244528543,0.113113923964,-0.00804377886579,0.00269199802292,-0.0878788355215,0.144600972069,-0.0121460739141,0.00101391049425,-0.0917327334221,0.0286405587057,0.0436337395537,2.31463797377,0.349356554731,-1.1542165661,0.519712381512,-1.09037630104
-0.850064412739,-0.613185555886,-0.00415913702268,-0.0086988