0,100,300,100,7.96220467258,1.88147283214,0.060621023178
1,200,600,200,0.82335826975,1.00855258211,0.11596202850
2,300,900,300,3.96656544165,1.81655512446,0.17744588851
3,400,1200,400,1.78222054493,1.98803645957,0.22659492492
4,500,1500,500,3.70538496902,2.2703306493,0.27817797660
5,600,1800,600,1.71560068016,2.29584646555,0.32950186729
6,700,2100,700,2.47243076894,1.97344130765,0.38601183891
7,800,2400,800,0.821264304644,0.754682389742,0.43147492408
8,900,2700,900,0.869869599421,1.24249232419,0.47321105003
9,1000,3000,1000,0.985157273624,1.37018505134,0.5271139144
10,1100,3300,1100,0.94382218147,1.32514291629,0.59534597396
11,1200,3600,1200,0.832988498078,1.05217957733,0.65713286399
12,1300,3900,1300,0.671582708392,0.422322332429,0.71002197265
13,1400,4200,1400,0.634178068506,0.271981711353,0.76266789436
14,1500,4500,1500,0.697287746129,0.440049405324,0.81223201751
15,1600,4800,1600,0.732292797535,0.726060703739,0.86004590988
16,1700,5100,1700,0.697026955254,0.4812682781,0.9138929843
17,1800,5400,1800,0.685173668646,0.201178832127,0.96117186546
18,1900,5700,1900,0.670766383326,0.201261651648,1.0123639106
19,2000,6000,2000,0.672609471943,0.251276553153,1.0610120296
20,2100,6500,2200,0.672036031988,0.238882135402,1.1610369682
21,2200,6800,2300,0.661553574472,0.256530606126,1.2172520160
22,2300,7100,2400,0.706523214053,0.398977279976,1.2802548408
23,2400,7400,2500,0.67996099138,0.331264129647,1.3429639339
24,2500,7700,2600,0.717739801852,0.392101124078,1.4009318351
25,2600,8000,2700,0.637344202551,0.246176084996,1.4477629661
26,2700,8300,2800,0.628528033035,0.309999894509,1.4981679916
27,2800,8600,2900,0.662619140132,0.240619351547,1.5481259822
28,2900,8900,3000,0.703448127628,0.438935874673,1.6012618541
29,3000,9200,3100,0.677006372964,0.286347572985,1.6519169807
30,3100,9500,3200,0.683869266178,0.354162866853,1.6973519325
31,3200,9800,3300,0.679430981453,0.212476918112,1.7477700710
32,3300,10100,3400,0.692180086465,0.275668425829,1.7974328994
33,3400,10400,3500,0.635990540267,0.298366023434,1.8489868640
34,3500,10700,3600,0.675405799766,0.339557473527,1.9080429077
35,3600,11000,3700,0.675523334513,0.225997469794,1.9626049995
36,3700,11300,3800,0.677953956117,0.466203362262,2.025142908
37,3800,11600,3900,0.669114236008,0.167478991648,2.0754270553
38,3900,11900,4000,0.678727680534,0.286777993827,2.1303570270
39,4000,12200,4100,0.667041152074,0.242707989662,2.1916210651
40,4100,12700,4300,0.688316906171,0.38296336758,2.2943499088
41,4200,13000,4400,0.683822747551,0.229367091783,2.3471369743
42,4300,13300,4500,0.645119028787,0.181571424929,2.3880989551
43,4400,13600,4600,0.684831985452,0.374750404625,2.4325199127
44,4500,13900,4700,0.651523427461,0.260001411305,2.5052919387
45,4600,14200,4800,0.688834220909,0.253827905098,2.5638949871
46,4700,14500,4900,0.689254927815,0.360908060591,2.6233248710
47,4800,14800,5000,0.679692728469,0.385871588175,2.6845719814
48,4900,15100,5100,0.702039363777,0.456929434063,2.7304139137
49,5000,15400,5200,0.676143868859,0.25813990109,2.7799479961
50,5100,15700,5300,0.69948940783,0.336027526859,2.8408770561
51,5200,16000,5400,0.673759457012,0.308440528158,2.8909900188
52,5300,16300,5500,0.663037052176,0.336653589603,2.9387578964
53,5400,16600,5600,0.68740961027,0.343275240792,2.9859080314
54,5500,16900,5700,0.704524704249,0.668639953776,3.0333650112
55,5600,17200,5800,0.651889865834,0.233412266738,3.0879850387
56,5700,17500,5900,0.66554077184,0.838098039987,3.1469109058
57,5800,17800,6000,0.649882140492,0.252761176621,3.1932959556
58,5900,18100,6100,0.681039279153,0.335868423647,3.2398998737
59,6000,18400,6200,0.638030372456,0.164484255344,3.2857270240
60,6100,18900,6400,0.644842597391,0.237723692973,3.3631339073
61,6200,19200,6500,0.645975320584,0.245420252198,3.4003629684
62,6300,19500,6600,0.688885352714,0.38485220751,3.4380609989
63,6400,19800,6700,0.656949431339,0.283376977266,3.4831728935
64,6500,20100,6800,0.676861139247,0.214772002758,3.5258309841
65,6600,20400,6900,0.696288226767,0.280055979875,3.57121586
66,6700,20700,7000,0.682910158131,0.257813035858,3.6109879016
67,6800,21000,7100,0.641492477947,0.220716644728,3.648339986
68,6900,21300,7200,0.648696912186,0.204983041749,3.6982870101
69,7000,21600,7300,0.675011475739,0.323602176764,3.740290880
70,7100,21900,7400,0.648052949866,0.225520999732,3.7797739505
71,7200,22200,7500,0.64015812024,0.190233427031,3.8178038597
72,7300,22500,7600,0.678079785603,0.199671804161,3.855763912
73,7400,22800,7700,0.673372379521,0.169162078269,3.8990159034
74,7500,23100,7800,0.645273485981,0.322553265213,3.9447548389
75,7600,23400,7900,0.662578816384,0.150966267802,3.9981670379
76,7700,23700,8000,0.64888330673,0.178204047693,4.0457620620
77,7800,24000,8100,0.639762407063,0.165516988442,4.0897879600
78,7900,24300,8200,0.644147437019,0.197905430973,4.1291530132
79,8000,24600,8300,0.666669635408,0.198752939907,4.1723349094
80,8100,25100,8500,0.677226947204,0.375483942966,4.2527918815
81,8200,25400,8600,0.67399425046,0.295681475699,4.2959899902
82,8300,25700,8700,0.654072965227,0.224975596978,4.3361799716
83,8400,26000,8800,0.692086617714,0.348893966369,4.3903250694
84,8500,26300,8900,0.710084227278,0.359893424842,4.4407219886
85,8600,26600,9000,0.678320942934,0.333917009249,4.4895789623
86,8700,26900,9100,0.711920788132,0.77854834506,4.531158924
87,8800,27200,9200,0.653326885274,0.340525913382,4.5730309486
88,8900,27500,9300,0.677742589336,0.283144745516,4.6182219982
89,9000,27800,9400,0.702965070944,0.3346749365,4.6606500148
90,9100,28100,9500,0.638945450575,0.2958272911,4.7037658691
91,9200,28400,9600,0.651889998551,0.287304274287,4.7440800666
92,9300,28700,9700,0.669212790585,0.260894308317,4.7840909957
93,9400,29000,9800,0.633345426127,0.205515525535,4.822973966
94,9500,29300,9900,0.648886055863,0.244774527869,4.8620028495
95,9600,29600,10000,0.657454665933,0.209623478929,4.9015820026
96,9700,29900,10100,0.659727349561,0.370498887381,4.9411208629
97,9800,30200,10200,0.64588888713,0.191651431011,4.9810900688
98,9900,30500,10300,0.68709435604,0.38502743806,5.0201508998
99,10000,30800,10400,0.681108668805,0.23453860786,5.0593540668
100,10100,31300,10600,0.677042345175,0.453695156979,5.1366169452
101,10200,31600,10700,0.644916774691,0.272394126456,5.175513029
102,10300,31900,10800,0.670210788532,0.217648493372,5.219670057
103,10400,32200,10900,0.673147630602,0.478574013855,5.2610080242
104,10500,32500,11000,0.707138700728,0.356936482119,5.3017709255
105,10600,32800,11100,0.673919218175,0.180383817214,5.3409810066
106,10700,33100,11200,0.655703317629,0.251505571634,5.3800828456
107,10800,33400,11300,0.683593489254,0.286685258643,5.4191958904
108,10900,33700,11400,0.655429092181,0.280407263291,5.4580659866
109,11000,34000,11500,0.665471260164,0.265358558108,5.4973549842
110,11100,34300,11600,0.679678763246,0.275418799628,5.5367009639
111,11200,34600,11700,0.662908396942,0.143622024335,5.5777590274
112,11300,34900,11800,0.694657455208,0.465641223678,5.6168279647
113,11400,35200,11900,0.664420921388,0.277092223666,5.6559059619
114,11500,35500,12000,0.660095598813,0.240351805596,5.695567846
115,11600,35800,12100,0.687769194727,0.365711016328,5.7345910072
116,11700,36100,12200,0.6702920051,0.254537740972,5.7739548683
117,11800,36400,12300,0.661740684809,0.321171070026,5.8215429782
118,11900,36700,12400,0.659427911735,0.250781660942,5.8711800575
119,12000,37000,12500,0.684044237779,0.352541239161,5.9202098846
120,12100,37500,12700,0.684411184653,0.268410133034,6.0142810344
121,12200,37800,12800,0.656319998052,0.219629312777,6.0638649463
122,12300,38100,12900,0.674037165003,0.347269890944,6.1136138439
123,12400,38400,13000,0.631122265767,0.202686461498,6.1637349128
124,12500,38700,13100,0.620571133917,0.23093760581,6.2130439281
125,12600,39000,13200,0.650622366676,0.307405592476,6.2645089626
126,12700,39300,13300,0.677572734353,0.358288948748,6.3145308494
127,12800,39600,13400,0.663658528044,0.207180599773,6.3600108623
128,12900,39900,13500,0.687018000434,0.660342592045,6.4061388969
129,13000,40200,13600,0.712068811283,0.408811124312,6.4504568576
130,13100,40500,13700,0.653487307424,0.254656157118,6.5010559558
131,13200,40800,13800,0.691388653331,0.382908878837,6.549075841
132,13300,41100,13900,0.659254735408,0.214038734031,6.5927748680
133,13400,41400,14000,0.638185537824,0.18626572954,6.6479270458
134,13500,41700,14100,0.651815046571,0.282718653793,6.6990239620
135,13600,42000,14200,0.657258449202,0.258546216963,6.7490918636
136,13700,42300,14300,0.648063265745,0.271562442934,6.8000149726
137,13800,42600,14400,0.650426532362,0.212938411568,6.8518068790
138,13900,42900,14500,0.711816291903,0.354409425533,6.9030690193
139,14000,43200,14600,0.695735886815,0.424345443013,6.9545810222
140,14100,43700,14800,0.688204801267,0.565205958582,7.042189836
141,14200,44000,14900,0.642814203705,0.322719025018,7.0846738815
142,14300,44300,15000,0.70110065916,0.433580607471,7.1260130405
143,14400,44600,15100,0.677627034948,0.194619873255,7.1666989326
144,14500,44900,15200,0.660071182679,0.220114542898,7.2085459232
145,14600,45200,15300,0.620833039721,0.327320227847,7.2482180595
146,14700,45500,15400,0.657652160883,0.214530249569,7.2898769378
147,14800,45800,15500,0.691580094159,0.375378010574,7.3383078575
148,14900,46100,15600,0.691380905656,0.388788637578,7.389006853
149,15000,46400,15700,0.6756309947,0.477006428621,7.440126895
150,15100,46700,15800,0.689576482176,0.188519865194,7.4904570579
151,15200,47000,15900,0.657081230822,0.229027104033,7.5402688980
152,15300,47300,16000,0.673646805918,0.158624497776,7.5921659469
153,15400,47600,16100,0.660446384044,0.272682290339,7.6409790515
154,15500,47900,16200,0.661765574418,0.267660186913,7.6878268718
155,15600,48200,16300,0.646055170915,0.264335414,7.7352879047
156,15700,48500,16400,0.653515585886,0.238619681573,7.7839460372
157,15800,48800,16500,0.66244077239,0.281764825093,7.8332328796
158,15900,49100,16600,0.689353995115,0.3774843341,7.8816740512
159,16000,49400,16700,0.669307868236,0.210922346965,7.9302079677
160,16100,49900,16900,0.689436158879,0.327468430024,8.025465011
161,16200,50200,17000,0.654535784703,0.323048476251,8.0731470584
162,16300,50500,17100,0.661579221662,0.272482842051,8.1167089939
163,16400,50800,17200,0.637606079212,0.324628509734,8.1589970588
164,16500,51100,17300,0.691682180652,0.250954594075,8.2060708999
165,16600,51400,17400,0.66834398975,0.331916078409,8.2503879070
166,16700,51700,17500,0.668560222472,0.1883489912,8.2901639938
167,16800,52000,17600,0.676707107536,0.238044062788,8.3377299308
168,16900,52300,17700,0.691234987722,0.530341782177,8.3771190643
169,17000,52600,17800,0.654816757884,0.430292271521,8.4189410209
170,17100,52900,17900,0.666049331408,0.39500118025,8.4608829021
171,17200,53200,18000,0.654554277682,0.310894661939,8.505503892
172,17300,53500,18100,0.650320922977,0.189159556935,8.5463378429
173,17400,53800,18200,0.646290505492,0.18901680546,8.5927100181
174,17500,54100,18300,0.653780892656,0.216586604028,8.6395549774
175,17600,54400,18400,0.685833169382,0.404032447189,8.6802959442
176,17700,54700,18500,0.668877366344,0.372185260691,8.7203519344
177,17800,55000,18600,0.651057343567,0.157317832811,8.7599430084
178,17900,55300,18700,0.651526508385,0.343585539585,8.8005650043
179,18000,55600,18800,0.711988382619,0.527645502625,8.8438458442
180,18100,56100,19000,0.65085445212,0.211333024214,8.9315090179
181,18200,56400,19100,0.711284988421,0.440259650819,8.9707870483
182,18300,56700,19200,0.662490975556,0.317568402039,9.0111680030
183,18400,57000,19300,0.67183454183,0.236599286938,9.0504970550
184,18500,57300,19400,0.705378784878,0.388339427927,9.0896039009
185,18600,57600,19500,0.706532454593,0.568849413036,9.1316089630
186,18700,57900,19600,0.681622394813,0.245574566062,9.1712629795
187,18800,58200,19700,0.667832784777,0.306498687848,9.2107930183
188,18900,58500,19800,0.671632146165,0.203674712242,9.2519080638
189,19000,58800,19900,0.662586516288,0.179810788575,9.2972929477
190,19100,59100,20000,0.6373852709,0.188261957303,9.3444759845
191,19200,59400,20100,0.678119590304,0.286087369738,9.3993830680
192,19300,59700,20200,0.686856802178,0.429162503581,9.4509308338
193,19400,60000,20300,0.688681411951,0.292996118134,9.4912910461
194,19500,60300,20400,0.700072737515,0.365068707584,9.543897867
195,19600,60600,20500,0.666228771486,0.427072263477,9.5905468463
196,19700,60900,20600,0.644757727193,0.222177425614,9.6370768547
197,19800,61200,20700,0.704640643557,0.51916973227,9.6813118457
198,19900,61500,20800,0.644761092134,0.18570394355,9.7218198776
199,20000,61800,20900,0.672022508258,0.185871531071,9.7606229782
200,20100,62300,21100,0.665367470907,0.198002161907,9.8362150192
201,20200,62600,21200,0.672130452762,0.200215256669,9.8754608631
202,20300,62900,21300,0.669054993968,0.312156015966,9.9233179092
203,20400,63200,21400,0.639529442925,0.213058480436,9.9747998714
204,20500,63500,21500,0.713224252056,0.489300583428,10.019927978
205,20600,63800,21600,0.708986056402,0.52516795307,10.06619095
206,20700,64100,21700,0.626335459255,0.218889752688,10.114840030
207,20800,64400,21800,0.657725184106,0.176694233182,10.162590026
208,20900,64700,21900,0.650321321831,0.303126976144,10.211163997
209,21000,65000,22000,0.633676419149,0.216226305127,10.25823402
210,21100,65300,22100,0.642787049883,0.18534082312,10.30442094
211,21200,65600,22200,0.67014343906,0.356404155211,10.346466064
212,21300,65900,22300,0.690162502948,0.380061316295,10.388721942
213,21400,66200,22400,0.685597848218,0.281642665158,10.440290927
214,21500,66500,22500,0.649360745312,0.228069476255,10.479910850
215,21600,66800,22600,0.671682892205,0.263350050973,10.519840002
216,21700,67100,22700,0.699218436264,0.574565303665,10.559156894
217,21800,67400,22800,0.675387539185,0.279717122491,10.599412918
218,21900,67700,22900,0.663984068347,0.191246739485,10.641221046
219,22000,68000,23000,0.67620897797,0.204057564698,10.684170961
220,22100,68500,23200,0.660513762457,0.216325059366,10.776869058
221,22200,68800,23300,0.642498758741,0.291966232818,10.82271504
222,22300,69100,23400,0.677068361124,0.294171921474,10.86149501
223,22400,69400,23500,0.677937986077,0.418750568721,10.900469064
224,22500,69700,23600,0.665782831123,0.261829556911,10.941205978
225,22600,70000,23700,0.64619229505,0.161460908953,10.98776292
226,22700,70300,23800,0.64132685146,0.20087617216,11.038125991
227,22800,70600,23900,0.660749457737,0.191911148849,11.085551977
228,22900,70900,24000,0.654777167665,0.314147194823,11.130312919
229,23000,71200,24100,0.680295565055,0.31228693798,11.175296068
230,23100,71500,24200,0.673220295014,0.328434510311,11.220144033
231,23200,71800,24300,0.690427379619,0.345244140719,11.261493921
232,23300,72100,24400,0.666128579058,0.33837580086,11.311754941
233,23400,72400,24500,0.679125807138,0.256700384052,11.359835863
234,23500,72700,24600,0.654329915372,0.465126049981,11.406826019
235,23600,73000,24700,0.659812303412,0.251195731118,11.455926895
236,23700,73300,24800,0.66133569565,0.221752369431,11.500602006
237,23800,73600,24900,0.656670047097,0.279340226099,11.543522834
238,23900,73900,25000,0.680061456935,0.28744093191,11.587019920
239,24000,74200,25100,0.680658293286,0.269509759488,11.633733034
240,24100,74700,25300,0.628982568383,0.232554248441,11.722931861
241,24200,75000,25400,0.671407071687,0.356092362281,11.762069940
242,24300,75300,25500,0.672204497557,0.247320882805,11.807210922
243,24400,75600,25600,0.668298779216,0.225118468101,11.852452993
244,24500,75900,25700,0.671063976154,0.262743665442,11.902983903
245,24600,76200,25800,0.655163315345,0.310909600823,11.955791950
246,24700,76500,25900,0.695648092072,0.410740481173,12.007628917
247,24800,76800,26000,0.680357269239,0.45136036227,12.055930852
248,24900,77100,26100,0.658468540302,0.253376360886,12.108764886
249,25000,77400,26200,0.656620646479,0.230373737149,12.161722898
250,25100,77700,26300,0.679804896213,0.331647064791,12.211456060
251,25200,78000,26400,0.65906759933,0.146415723896,12.259849071
252,25300,78300,26500,0.667632357384,0.223143660479,12.311754941
253,25400,78600,26600,0.664272881184,0.311579605143,12.353209018
254,25500,78900,26700,0.681577589572,0.25866081217,12.407783031
255,25600,79200,26800,0.704309745865,0.276010488732,12.452374935
256,25700,79500,26900,0.635619281665,0.330221220282,12.500047922
257,25800,79800,27000,0.667325619637,0.230642526628,12.548518896
258,25900,80100,27100,0.677216092777,0.321020039616,12.597125053
259,26000,80400,27200,0.72233510113,0.289189822585,12.64961600
260,26100,80900,27400,0.65302920016,0.167793506406,12.749238967
261,26200,81200,27500,0.691150905537,0.401782167922,12.812855005
262,26300,81500,27600,0.661805982284,0.274193710192,12.863311052
263,26400,81800,27700,0.644548835665,0.150448462971,12.913878917
264,26500,82100,27800,0.663936330618,0.285510554152,12.966253995
265,26600,82400,27900,0.715512437282,0.438158390363,13.029119968
266,26700,82700,28000,0.665871968137,0.235023735138,13.075839042
267,26800,83000,28100,0.652218091684,0.197411249774,13.125418901
268,26900,83300,28200,0.692693134886,0.252191481771,13.176106929
269,27000,83600,28300,0.697211416856,0.528997614565,13.227324962
270,27100,83900,28400,0.667982781199,0.207602239568,13.284123897
271,27200,84200,28500,0.67352340579,0.212265441524,13.334192037
272,27300,84500,28600,0.648440279144,0.398638442841,13.387400865
273,27400,84800,28700,0.672412091603,0.332311627465,13.44712495
274,27500,85100,28800,0.71702322254,0.323784568698,13.486187934
275,27600,85400,28900,0.669598901423,0.361795271992,13.52297496
276,27700,85700,29000,0.697032085369,0.647416854376,13.560781955
277,27800,86000,29100,0.698268828108,0.407774347711,13.609822988
278,27900,86300,29200,0.665171031536,0.499744140742,13.647305011
279,28000,86600,29300,0.644910334499,0.171779817427,13.700141906
280,28100,87100,29500,0.7050251821,0.312633852787,13.796718835
281,28200,87400,29600,0.665116817124,0.229434460381,13.843006849
282,28300,87700,29700,0.665937644798,0.301322272236,13.889514923
283,28400,88000,29800,0.654716528348,0.310039697354,13.937293052
284,28500,88300,29900,0.707083776393,0.501875694411,14.000341892
285,28600,88600,30000,0.672085856584,0.192960834823,14.038696050
286,28700,88900,30100,0.691755363529,0.38177262261,14.089529991
287,28800,89200,30200,0.649709599973,0.318676588096,14.144711017
288,28900,89500,30300,0.685786160833,0.293025988115,14.193578958
289,29000,89800,30400,0.676664484816,0.457706532713,14.245558023
290,29100,90100,30500,0.685704922337,0.376265679656,14.292810916
291,29200,90400,30600,0.636288703193,0.474705408753,14.348384857
292,29300,90700,30700,0.668768621664,0.138728657113,14.394118070
293,29400,91000,30800,0.651194868538,0.278322382261,14.45601797
294,29500,91300,30900,0.68842623945,0.634768478397,14.509338855
295,29600,91600,31000,0.693091987804,0.4279927441,14.55465388
296,29700,91900,31100,0.704356089291,0.635811469437,14.60776305
297,29800,92200,31200,0.667009324019,0.354684993736,14.653980970
298,29900,92500,31300,0.651550037737,0.211702413367,14.696492910
299,30000,92800,31400,0.674558587287,0.371217443573,14.744356870
300,30100,93300,31600,0.668164371747,0.342892580296,14.842929840
301,30200,93600,31700,0.652567859071,0.269920661066,14.885585069
302,30300,93900,31800,0.654671289565,0.201507602359,14.938199043
303,30400,94200,31900,0.663299989868,0.431588351455,14.987316846
304,30500,94500,32000,0.659565194608,0.331105410634,15.034000873
305,30600,94800,32100,0.7093238357,0.290569163695,15.081204891
306,30700,95100,32200,0.642942614894,0.225079610135,15.128309011
307,30800,95400,32300,0.641061182774,0.260334115306,15.165421009
308,30900,95700,32400,0.69879193416,0.435181972795,15.201348066
309,31000,96000,32500,0.675935021682,0.245588793083,15.237426042
310,31100,96300,32600,0.659281817376,0.283306968875,15.273261070
311,31200,96600,32700,0.665941143552,0.419845333673,15.312296867
312,31300,96900,32800,0.653582336628,0.223026095458,15.350545883
313,31400,97200,32900,0.626221293255,0.260004252132,15.387794017
314,31500,97500,33000,0.666629796424,0.543740099741,15.424913883
315,31600,97800,33100,0.646117985156,0.164824799861,15.461703062
316,31700,98100,33200,0.63794400535,0.424593272295,15.500159025
317,31800,98400,33300,0.66232472636,0.35294136112,15.54742693
318,31900,98700,33400,0.680084821151,0.343875260594,15.607277870
319,32000,99000,33500,0.67651615217,0.518866370146,15.655846834
320,32100,99500,33700,0.684898752336,0.286213391166,15.747321844
321,32200,99800,33800,0.694032199375,0.222183210932,15.80065083
322,32300,100100,33900,0.63470886621,0.403646342193,15.848376035
323,32400,100400,34000,0.656018281268,0.205984502723,15.893192052
324,32500,100700,34100,0.67337894071,0.284793133142,15.956547975
325,32600,101000,34200,0.671573216587,0.33331027429,16.009537935
326,32700,101300,34300,0.64907104077,0.276258275365,16.065690994
327,32800,101600,34400,0.689214305432,0.299088145184,16.117842912
328,32900,101900,34500,0.65896631892,0.430807635576,16.170595884
329,33000,102200,34600,0.628179282552,0.408319100815,16.231914997
330,33100,102500,34700,0.677893854596,0.184821315344,16.276727914
331,33200,102800,34800,0.670761092554,0.202800730628,16.341032981
332,33300,103100,34900,0.653689622684,0.223307397368,16.38836884
333,33400,103400,35000,0.686888036577,0.446611048107,16.439763069
334,33500,103700,35100,0.680126060878,0.516951877707,16.495733976
335,33600,104000,35200,0.668171663187,0.247603510314,16.544553041
336,33700,104300,35300,0.669223962454,0.289169282442,16.593804836
337,33800,104600,35400,0.629292010369,0.256905605376,16.648020029
338,33900,104900,35500,0.679114143901,0.359461649218,16.69940900
339,34000,105200,35600,0.679493884772,0.246422232014,16.751829862
340,34100,105700,35800,0.692892461862,0.301332188384,16.854598045
341,34200,106000,35900,0.675438091333,0.263332385914,16.919898986
342,34300,106300,36000,0.654310067337,0.424879439562,16.965416908
343,34400,106600,36100,0.706852659834,0.343037657841,17.014184951
344,34500,106900,36200,0.711545580523,0.307486955073,17.064031839
345,34600,107200,36300,0.67444091871,0.404281689015,17.11108493
346,34700,107500,36400,0.656673152798,0.238061880336,17.164901018
347,34800,107800,36500,0.678712692021,0.222796827267,17.221961975
348,34900,108100,36600,0.662999719547,0.28405972086,17.284253835
349,35000,108400,36700,0.651293289456,0.2473017285,17.34074997
350,35100,108700,36800,0.641815704621,0.412415298011,17.396223068
351,35200,109000,36900,0.674264526654,0.249309457457,17.444551944
352,35300,109300,37000,0.652105853335,0.215137445184,17.485164880
353,35400,109600,37100,0.702419707253,0.277789050028,17.539733886
354,35500,109900,37200,0.662637647768,0.294967229307,17.585516929
355,35600,110200,37300,0.650993578732,0.244977688282,17.645973920
356,35700,110500,37400,0.655594172275,0.231263007029,17.686550855
357,35800,110800,37500,0.645338728789,0.229895285268,17.734490871
358,35900,111100,37600,0.670315444549,0.37900382415,17.797519922
359,36000,111400,37700,0.66570597626,0.25820227034,17.852980852
360,36100,111900,37900,0.627440485488,0.274891380368,17.929944992
361,36200,112200,38000,0.699995392763,0.220338510095,17.968672037
362,36300,112500,38100,0.669771839634,0.189261262449,18.006667852
363,36400,112800,38200,0.68209880602,0.343745933069,18.043015956
364,36500,113100,38300,0.681320125848,0.264944243387,18.080801010
365,36600,113400,38400,0.665680092099,0.431077669464,18.118837833
366,36700,113700,38500,0.660837071,0.548710384931,18.166417837
367,36800,114000,38600,0.666328557318,0.189306392403,18.213448047
368,36900,114300,38700,0.654626340641,0.286177459797,18.263056993
369,37000,114600,38800,0.674535232097,0.280583225053,18.310400962
370,37100,114900,38900,0.694067313829,0.392739856046,18.351914882
371,37200,115200,39000,0.704845372043,0.355964282366,18.408583879
372,37300,115500,39100,0.66555912258,0.226316110262,18.463726997
373,37400,115800,39200,0.640246436623,0.146387177998,18.503932952
374,37500,116100,39300,0.666717693161,0.223773127263,18.55919694
375,37600,116400,39400,0.652683966264,0.254937313835,18.613215923
376,37700,116700,39500,0.639342931921,0.285158283506,18.662576913
377,37800,117000,39600,0.671201003892,0.337169879786,18.717957973
378,37900,117300,39700,0.653307708735,0.228292876822,18.774778842
379,38000,117600,39800,0.639630322126,0.211647148,18.836688041
380,38100,118100,40000,0.67876330332,0.262191350544,18.928118944
381,38200,118400,40100,0.674778815158,0.255940000218,18.976625919
382,38300,118700,40200,0.660551393605,0.280131588811,19.031178951
383,38400,119000,40300,0.687661910615,0.406515250024,19.085079908
384,38500,119300,40400,0.69956745484,0.593643987872,19.139109849
385,38600,119600,40500,0.681299698463,0.252079406562,19.194351911
386,38700,119900,40600,0.67606256079,0.215838670427,19.2489838
387,38800,120200,40700,0.675345221757,0.318253289566,19.297808885
388,38900,120500,40800,0.668325645622,0.215198829291,19.352637052
389,39000,120800,40900,0.652171343013,0.396393136589,19.404357910
390,39100,121100,41000,0.679450070387,0.59629068516,19.460624933
391,39200,121400,41100,0.669784967127,0.224667137983,19.512524843
392,39300,121700,41200,0.690705605551,0.33157973074,19.568606853
393,39400,122000,41300,0.672390795737,0.178198080735,19.61345100
394,39500,122300,41400,0.646858774543,0.331977938093,19.65948700
395,39600,122600,41500,0.69844776693,0.334040707526,19.704685926
396,39700,122900,41600,0.675234863872,0.287951359027,19.747459888
397,39800,123200,41700,0.67195774003,0.294664379712,19.793376922
398,39900,123500,41800,0.63805742208,0.273982613198,19.839004993
399,40000,123800,41900,0.674560519198,0.263669758366,19.884147882
400,40100,124300,42100,0.675204215724,0.249668328242,19.967191934
401,40200,124600,42200,0.708601588688,0.592863147121,20.012932062
402,40300,124900,42300,0.676996784116,0.279890751122,20.055819988
403,40400,125200,42400,0.66183847734,0.487672763137,20.105293989
404,40500,125500,42500,0.682671820527,0.472816047489,20.168885946
405,40600,125800,42600,0.68712103502,0.453585736094,20.222012996
406,40700,126100,42700,0.692460586797,0.444766645301,20.275002956
407,40800,126400,42800,0.667277976539,0.219128509744,20.326412916
408,40900,126700,42900,0.664700898013,0.238810201224,20.376008987
409,41000,127000,43000,0.703734167875,0.339725682412,20.420230865
410,41100,127300,43100,0.658287400676,0.231009996964,20.475291967
411,41200,127600,43200,0.666785961361,0.229956657561,20.527950048
412,41300,127900,43300,0.680089723304,0.428658944214,20.582216978
413,41400,128200,43400,0.668034078668,0.264020330261,20.636350870
414,41500,128500,43500,0.663241489349,0.215235411063,20.674376010
415,41600,128800,43600,0.651371211354,0.242346318262,20.727784872
416,41700,129100,43700,0.657910621843,0.294613298728,20.78492498
417,41800,129400,43800,0.669895405662,0.471836028551,20.832635879
418,41900,129700,43900,0.709009726222,0.418960484153,20.891136884
419,42000,130000,44000,0.676219365263,0.363555306727,20.933840990
420,42100,130500,44200,0.656381689756,0.288330866925,21.038671016
421,42200,130800,44300,0.64678011494,0.292044220111,21.097565889
422,42300,131100,44400,0.695177829875,0.347519021881,21.145233869
423,42400,131400,44500,0.682841831312,0.374191693248,21.196552038
424,42500,131700,44600,0.670543116605,0.352342779582,21.250059843
425,42600,132000,44700,0.680237771921,0.273993114775,21.299654960
426,42700,132300,44800,0.72258799037,0.397532686415,21.355816841
427,42800,132600,44900,0.687164637196,0.282556886889,21.395304918
428,42900,132900,45000,0.675268598179,0.397238555706,21.432973861
429,43000,133200,45100,0.668415932436,0.150304849983,21.477922916
430,43100,133500,45200,0.685572355209,0.432393526394,21.539906024
431,43200,133800,45300,0.701911266161,0.281742079926,21.595162868
432,43300,134100,45400,0.651877580054,0.246082950048,21.648824930
433,43400,134400,45500,0.660926323598,0.444083153063,21.701216936
434,43500,134700,45600,0.660810272608,0.270459641309,21.764364957
435,43600,135000,45700,0.650619886894,0.195211034254,21.810795068
436,43700,135300,45800,0.671345230905,0.16776876531,21.87066483
437,43800,135600,45900,0.703949573502,0.446028791122,21.935909986
438,43900,135900,46000,0.660574282638,0.233309785185,21.981590986
439,44000,136200,46100,0.6526283888,0.225680035634,22.030706882
440,44100,136700,46300,0.671368442879,0.241549875575,22.137989044
441,44200,137000,46400,0.682959499995,0.342677816349,22.188142061
442,44300,137300,46500,0.681753260982,0.320936932116,22.242140054
443,44400,137600,46600,0.681475664973,0.420031725211,22.288378953
444,44500,137900,46700,0.658766311934,0.255507163251,22.334698915
445,44600,138200,46800,0.617816089143,0.432077381054,22.38901305
446,44700,138500,46900,0.632259828663,0.301132764799,22.429565906
447,44800,138800,47000,0.664722900976,0.268010367205,22.483348846
448,44900,139100,47100,0.682029615036,0.333177614626,22.545876026
449,45000,139400,47200,0.657022944694,0.389119913175,22.60356688
450,45100,139700,47300,0.684728646747,0.426025116665,22.651921033
451,45200,140000,47400,0.665031762279,0.178942667089,22.699504852
452,45300,140300,47500,0.651198153152,0.285916859158,22.760452032
453,45400,140600,47600,0.679632034113,0.387038326433,22.807975053
454,45500,140900,47700,0.649135054554,0.336648041878,22.859976053
455,45600,141200,47800,0.693919360659,0.218173685607,22.904787063
456,45700,141500,47900,0.675349017352,0.219220760465,22.956091880
457,45800,141800,48000,0.6678835519,0.429644041625,23.010836839
458,45900,142100,48100,0.662392427029,0.227849642908,23.070791006
459,46000,142400,48200,0.664011009945,0.371065770918,23.130545854
460,46100,142900,48400,0.691871364114,0.389510798315,23.235405921
461,46200,143200,48500,0.658029178217,0.258408712582,23.280146837
462,46300,143500,48600,0.665835791515,0.300230745764,23.334740877
463,46400,143800,48700,0.696838133138,0.266027660378,23.394263982
464,46500,144100,48800,0.669479360219,0.325956431818,23.45663595
465,46600,144400,48900,0.69874969126,0.348325592845,23.504323005
466,46700,144700,49000,0.753053498196,0.618380904037,23.549831867
467,46800,145000,49100,0.681284636232,0.317656287671,23.602530002
468,46900,145300,49200,0.694502275858,0.168457636099,23.656960010
469,47000,145600,49300,0.678324220095,0.222598508216,23.714145898
470,47100,145900,49400,0.669640039776,0.279744377963,23.758995056
471,47200,146200,49500,0.67430705162,0.326391980959,23.805956840
472,47300,146500,49600,0.672701777097,0.346770379112,23.845974922
473,47400,146800,49700,0.699869409494,0.258874226648,23.900542020
474,47500,147100,49800,0.685494805422,0.419774298115,23.952403068
475,47600,147400,49900,0.676888314873,0.165278186957,24.007977008
476,47700,147700,50000,0.704760763483,0.413701955537,24.053400039
477,47800,148000,50100,0.656502911007,0.211493753656,24.11259603
478,47900,148300,50200,0.640585442102,0.297546357202,24.168074846
479,48000,148600,50300,0.677005431139,0.389888066917,24.225473880
480,48100,149100,50500,0.666782622876,0.337952009785,24.316746950
481,48200,149400,50600,0.686178722086,0.499041676417,24.368211984
482,48300,149700,50700,0.698656611759,0.543681387746,24.419857978
483,48400,150000,50800,0.652609624551,0.311306297998,24.46518206
484,48500,150300,50900,0.662658623648,0.264727022345,24.512434959
485,48600,150600,51000,0.66373500653,0.296340227386,24.552687883
486,48700,150900,51100,0.673904407939,0.221905885174,24.607858896
487,48800,151200,51200,0.694118094896,0.482032997607,24.653903961
488,48900,151500,51300,0.661993321469,0.219178881092,24.72140598
489,49000,151800,51400,0.699802805796,0.339836337412,24.77574205
490,49100,152100,51500,0.644488487412,0.315763709699,24.823353052
491,49200,152400,51600,0.646534734775,0.213868717439,24.884144067
492,49300,152700,51700,0.619954411099,0.262049925236,24.932693958
493,49400,153000,51800,0.684830916716,0.255867159803,24.980406045
494,49500,153300,51900,0.637355142018,0.234511323384,25.026598930
495,49600,153600,52000,0.690854600483,0.348999300693,25.079401016
496,49700,153900,52100,0.652064031004,0.287762519377,25.130045890
497,49800,154200,52200,0.679582495559,0.321194307486,25.185026884
498,49900,154500,52300,0.699568402218,0.431776049645,25.236891984
499,50000,154800,52400,0.660387070681,0.250312895058,25.276582956
500,50100,155300,52600,0.662241963725,0.304962792107,25.350955963
501,50200,155600,52700,0.634787180771,0.18323813827,25.38975691
502,50300,155900,52800,0.674742584953,0.325743175413,25.429633855
503,50400,156200,52900,0.694312269684,0.722442056268,25.481045961
504,50500,156500,53000,0.656807396716,0.242775102554,25.546716928
505,50600,156800,53100,0.637711509516,0.192063803297,25.595845937
506,50700,157100,53200,0.626777461798,0.222704931038,25.651963949
507,50800,157400,53300,0.685408301718,0.405092201427,25.702005863
508,50900,157700,53400,0.682006360934,0.400507824179,25.750767946
509,51000,158000,53500,0.640286354131,0.272595171001,25.810344934
510,51100,158300,53600,0.669578721597,0.236589596386,25.865880012
511,51200,158600,53700,0.684052221833,0.366767352487,25.924569845
512,51300,158900,53800,0.667594727185,0.31606963879,25.971678018
513,51400,159200,53900,0.683564162887,0.27792032259,26.024227857
514,51500,159500,54000,0.679750175654,0.60024390578,26.071939945
515,51600,159800,54100,0.694768271546,0.219074500129,26.110843896
516,51700,160100,54200,0.632746206541,0.308357493849,26.149467945
517,51800,160400,54300,0.682139650227,0.178634984889,26.191915035
518,51900,160700,54400,0.68937768628,0.488085104324,26.231039047
519,52000,161000,54500,0.663132842075,0.268269534825,26.268878936
520,52100,161500,54700,0.66256623219,0.287146642294,26.357007980
521,52200,161800,54800,0.639612833597,0.155197174859,26.415660858
522,52300,162100,54900,0.616302106149,0.192347138938,26.469576835
523,52400,162400,55000,0.698740725975,0.593015603197,26.51016092
524,52500,162700,55100,0.712314160871,0.295932638073,26.563633918
525,52600,163000,55200,0.65308224576,0.278005894798,26.611285924
526,52700,163300,55300,0.670034717253,0.441982810615,26.674007892
527,52800,163600,55400,0.653866461635,0.263608170872,26.721878051
528,52900,163900,55500,0.668889639887,0.246423463159,26.775931835
529,53000,164200,55600,0.642903566178,0.426732683294,26.827811956
530,53100,164500,55700,0.68184898141,0.267299170465,26.877110958
531,53200,164800,55800,0.662700547437,0.324493831181,26.924299955
532,53300,165100,55900,0.683061535815,0.450211853655,26.973538875
533,53400,165400,56000,0.629778315622,0.227809040245,27.011432886
534,53500,165700,56100,0.651299022325,0.252605497894,27.047641992
535,53600,166000,56200,0.646709858707,0.30217476867,27.09029483
536,53700,166300,56300,0.693160633885,0.465567179128,27.150174856
537,53800,166600,56400,0.645862752326,0.298879154612,27.199576854
538,53900,166900,56500,0.699420683152,0.478257813435,27.251957893
539,54000,167200,56600,0.681467536316,0.167189814262,27.298868894
540,54100,167700,56800,0.634014024219,0.345353029947,27.37407898
541,54200,168000,56900,0.647830068469,0.302350762257,27.411991834
542,54300,168300,57000,0.629856847738,0.262067397295,27.449482917
543,54400,168600,57100,0.697701496505,0.500136279057,27.488101959
544,54500,168900,57200,0.668455537235,0.306119648392,27.526074886
545,54600,169200,57300,0.712779212669,0.494122291526,27.565734863
546,54700,169500,57400,0.669621827082,0.37791775758,27.604809999
547,54800,169800,57500,0.661566981428,0.339917700023,27.643686056
548,54900,170100,57600,0.662177683832,0.228245207444,27.686420917
549,55000,170400,57700,0.659470460355,0.229548326919,27.740954875
550,55100,170700,57800,0.669668463243,0.233637237107,27.791244983
551,55200,171000,57900,0.668001877107,0.507937613128,27.845604896
552,55300,171300,58000,0.659402983486,0.202893249101,27.908944845
553,55400,171600,58100,0.642460071931,0.270433056941,27.95608401
554,55500,171900,58200,0.643338003883,0.262631524418,28.004004955
555,55600,172200,58300,0.667967753707,0.375817858208,28.044927835
556,55700,172500,58400,0.700922921676,0.392024531024,28.1003458
557,55800,172800,58500,0.636470531632,0.309059067234,28.148507833
558,55900,173100,58600,0.65399551763,0.25563148634,28.196923971
559,56000,173400,58700,0.681484366537,0.333651460199,28.247457981
560,56100,173900,58900,0.670293284814,0.24940590549,28.349593877
561,56200,174200,59000,0.649809191079,0.46373684139,28.404803037
562,56300,174500,59100,0.637857849244,0.278591516028,28.460276842
563,56400,174800,59200,0.665865785199,0.342081408572,28.500272989
564,56500,175100,59300,0.699778455784,0.262014724857,28.539862871
565,56600,175400,59400,0.676904340879,0.234660201875,28.595350027
566,56700,175700,59500,0.697563331505,0.488269056506,28.651587009
567,56800,176000,59600,0.664193677221,0.272144303245,28.691331863
568,56900,176300,59700,0.669276927203,0.286469533987,28.746932983
569,57000,176600,59800,0.651296035357,0.285006381376,28.8072700
570,57100,176900,59900,0.665673150052,0.279346101605,28.85631799
571,57200,177200,60000,0.711426082019,0.288261552253,28.894959926
572,57300,177500,60100,0.657684818163,0.363458493534,28.94534897
573,57400,177800,60200,0.656026355099,0.326827906965,28.997421026
574,57500,178100,60300,0.670963094537,0.336122132233,29.051892042
575,57600,178400,60400,0.665689552709,0.343780279675,29.105393886
576,57700,178700,60500,0.688473296291,0.307856962925,29.159061908
577,57800,179000,60600,0.664041046828,0.407581043292,29.21653199
578,57900,179300,60700,0.644489310433,0.211972529437,29.268738985
579,58000,179600,60800,0.677627343074,0.495580380849,29.312536954
580,58100,180100,61000,0.680370265184,0.397843541662,29.41014599
581,58200,180400,61100,0.674320650131,0.221443746826,29.449959039
582,58300,180700,61200,0.681629383732,0.223600545142,29.503777980
583,58400,181000,61300,0.685731486177,0.264894769215,29.552722930
584,58500,181300,61400,0.644155623144,0.241317443232,29.597198009
585,58600,181600,61500,0.646399577793,0.22970630988,29.647899866
586,58700,181900,61600,0.676855142636,0.182900500113,29.695224046
587,58800,182200,61700,0.689907536909,0.387111290819,29.744016885
588,58900,182500,61800,0.657057509979,0.293470818761,29.797642946
589,59000,182800,61900,0.676749951013,0.60022352189,29.851371049
590,59100,183100,62000,0.673388578654,0.219324008725,29.912344932
591,59200,183400,62100,0.668258140817,0.335609004873,29.964377880
592,59300,183700,62200,0.658408295415,0.347933395518,30.024371862
593,59400,184000,62300,0.684217153896,0.187659771679,30.078013896
594,59500,184300,62400,0.676677682426,0.340976749938,30.132613897
595,59600,184600,62500,0.664490182058,0.332234300403,30.177051067
596,59700,184900,62600,0.632833505015,0.251687432984,30.228559017
597,59800,185200,62700,0.693201013248,0.327313283102,30.284302949
598,59900,185500,62800,0.679108497143,0.207215123511,30.34299588
599,60000,185800,62900,0.672163014045,0.307063607427,30.404162883
600,60100,186300,63100,0.65377004638,0.460139861687,30.502843856
601,60200,186600,63200,0.644918743042,0.219563428705,30.543663024
602,60300,186900,63300,0.641544246485,0.209856453019,30.600558042
603,60400,187200,63400,0.679235863633,0.23473823965,30.648803949
604,60500,187500,63500,0.660515757483,0.346161078568,30.702471017
605,60600,187800,63600,0.647642444869,0.318258557651,30.761610031
606,60700,188100,63700,0.695669839362,0.357876872211,30.826922893
607,60800,188400,63800,0.667035013751,0.432483919302,30.876808881
608,60900,188700,63900,0.672421652577,0.246603346628,30.925288915
609,61000,189000,64000,0.687326859414,0.328845033712,30.980867862
610,61100,189300,64100,0.662029249462,0.192801189577,31.041666030
611,61200,189600,64200,0.666685114657,0.242801652888,31.097676992
612,61300,189900,64300,0.632491518408,0.390145964988,31.153743982
613,61400,190200,64400,0.655002103604,0.172877216319,31.193081855
614,61500,190500,64500,0.688519784615,0.376387324323,31.234642982
615,61600,190800,64600,0.699054230934,0.468537349828,31.284147024
616,61700,191100,64700,0.700432833691,0.522689753611,31.332309961
617,61800,191400,64800,0.655427536386,0.172306424664,31.376673936
618,61900,191700,64900,0.682646576334,0.260949914756,31.434942960
619,62000,192000,65000,0.659416660025,0.227986064062,31.48592996
620,62100,192500,65200,0.662511275005,0.241765829729,31.58620691
621,62200,192800,65300,0.647571680351,0.201853270274,31.642313003
622,62300,193100,65400,0.68621974437,0.234144097548,31.692162036
623,62400,193400,65500,0.64279088589,0.331633156108,31.732854843
624,62500,193700,65600,0.676329737332,0.256832227962,31.794910907
625,62600,194000,65700,0.646990397353,0.252874317323,31.844765901
626,62700,194300,65800,0.677013263202,0.436162549442,31.895865917
627,62800,194600,65900,0.674041345818,0.219212968483,31.951572895
628,62900,194900,66000,0.706978722946,0.280406033189,32.012469053
629,63000,195200,66100,0.649258431891,0.202109466075,32.057451009
630,63100,195500,66200,0.67820781515,0.354724243738,32.111151933
631,63200,195800,66300,0.633493660523,0.396971532904,32.16108584
632,63300,196100,66400,0.676667843354,0.194618126355,32.216953992
633,63400,196400,66500,0.652008466147,0.21508557187,32.263485908
634,63500,196700,66600,0.671749882053,0.274133444422,32.323598861
635,63600,197000,66700,0.680332900431,0.203205423389,32.376961946
636,63700,197300,66800,0.663155140016,0.218254218329,32.430749893
637,63800,197600,66900,0.694774436601,0.183917192426,32.474763870
638,63900,197900,67000,0.640485147113,0.421720222364,32.513540029
639,64000,198200,67100,0.698676081372,0.293771316176,32.552206039
640,64100,198700,67300,0.664299065315,0.361170736703,32.626461982
641,64200,199000,67400,0.642655133389,0.178676729851,32.662884950
642,64300,199300,67500,0.665710924728,0.301277330192,32.700165033
643,64400,199600,67600,0.664022936793,0.14934843928,32.744303941
644,64500,199900,67700,0.700806907069,0.350445506485,32.796046018
645,64600,200200,67800,0.659378321833,0.226756772262,32.849081039
646,64700,200500,67900,0.679135963542,0.299591630047,32.898831844
647,64800,200800,68000,0.678115336104,0.376891821066,32.949128866
648,64900,201100,68100,0.648694571142,0.177819388652,32.989888906
649,65000,201400,68200,0.633802877884,0.255521688224,33.044875860
650,65100,201700,68300,0.658084784906,0.234146784837,33.083921909
651,65200,202000,68400,0.708702360144,0.787523428802,33.139008998
652,65300,202300,68500,0.695186784214,0.507590029637,33.191168069
653,65400,202600,68600,0.689612400676,0.585943073659,33.239347934
654,65500,202900,68700,0.652153387845,0.28762227996,33.289861917
655,65600,203200,68800,0.665951235445,0.237051909446,33.346117019
656,65700,203500,68900,0.654296594548,0.278767910132,33.405335903
657,65800,203800,69000,0.695977758239,0.322806312088,33.448909044
658,65900,204100,69100,0.653627560533,0.264409304743,33.510323047
659,66000,204400,69200,0.668893186851,0.234808455957,33.565299034
660,66100,204900,69400,0.669474500107,0.196443235105,33.668166875
661,66200,205200,69500,0.631062744916,0.413208511752,33.729712963
662,66300,205500,69600,0.632562129486,0.293431810235,33.775902032
663,66400,205800,69700,0.64223765803,0.273679303714,33.814992904
664,66500,206100,69800,0.668555755114,0.365005439287,33.855102062
665,66600,206400,69900,0.672752962613,0.342813169156,33.895274877
666,66700,206700,70000,0.718380890722,0.702763584249,33.93815898
667,66800,207000,70100,0.678441893909,0.239461414742,33.981788873
668,66900,207300,70200,0.662797689452,0.261628627369,34.021733999
669,67000,207600,70300,0.65531316857,0.466913212272,34.063122034
670,67100,207900,70400,0.632279120945,0.228375640006,34.111186981
671,67200,208200,70500,0.672399625481,0.602807261709,34.151263952
672,67300,208500,70600,0.663624736717,0.420121086701,34.19189095
673,67400,208800,70700,0.648364927287,0.504340628304,34.232609987
674,67500,209100,70800,0.661697774949,0.331654256971,34.275537967
675,67600,209400,70900,0.695622710141,0.673999768617,34.317489862
676,67700,209700,71000,0.66050112282,0.224538724521,34.357079029
677,67800,210000,71100,0.693104861281,0.246132548314,34.39574503
678,67900,210300,71200,0.664874216411,0.643943111523,34.448191881
679,68000,210600,71300,0.659367950584,0.224921926561,34.497555017
680,68100,211100,71500,0.619259459631,0.322208802207,34.604781866
681,68200,211400,71600,0.656392215444,0.307605273078,34.662757873
682,68300,211700,71700,0.679541833423,0.270637809499,34.719105958
683,68400,212000,71800,0.677796174635,0.380571625968,34.771450042
684,68500,212300,71900,0.66676104416,0.188075701293,34.829136848
685,68600,212600,72000,0.674351401644,0.318970801977,34.882928848
686,68700,212900,72100,0.676994868071,0.389991197287,34.934845924
687,68800,213200,72200,0.634056257712,0.218250117093,34.991256952
688,68900,213500,72300,0.657594944,0.301000422724,35.04612088
689,69000,213800,72400,0.664760656259,0.266599793765,35.099184036
690,69100,214100,72500,0.672985716232,0.28655361931,35.158212900
691,69200,214400,72600,0.660724108743,0.416965635156,35.220175027
692,69300,214700,72700,0.707514581241,0.333425473851,35.277900934
693,69400,215000,72800,0.712940008589,0.44512466044,35.326801061
694,69500,215300,72900,0.673877449514,0.404837342713,35.373919010
695,69600,215600,73000,0.681486393135,0.173048792113,35.42151784
696,69700,215900,73100,0.698127062741,0.243766177177,35.474664926
697,69800,216200,73200,0.680924510293,0.183824777278,35.528956890
698,69900,216500,73300,0.636904475564,0.280992657882,35.582776069
699,70000,216800,73400,0.666759721778,0.357274304367,35.637017965
700,70100,217300,73600,0.637462148578,0.265724539625,35.751441955
701,70200,217600,73700,0.638100756684,0.26771116749,35.805142879
702,70300,217900,73800,0.654187404333,0.147230795681,35.852967023
703,70400,218200,73900,0.681283515359,0.263850672082,35.901818990
704,70500,218500,74000,0.662259755984,0.246355438426,35.95576906
705,70600,218800,74100,0.659535290381,0.291267854504,36.005981922
706,70700,219100,74200,0.645101944721,0.24126455987,36.056086063
707,70800,219400,74300,0.667760901439,0.240592052161,36.103797912
708,70900,219700,74400,0.678400376047,0.255422380809,36.152319908
709,71000,220000,74500,0.677777732024,0.547581214249,36.202967882
710,71100,220300,74600,0.693373457181,0.266527590169,36.253757953
711,71200,220600,74700,0.653516386349,0.218219676439,36.306185960
712,71300,220900,74800,0.669886869939,0.327186448843,36.360084056
713,71400,221200,74900,0.646128914341,0.21267820763,36.40883994
714,71500,221500,75000,0.676250365832,0.23984652204,36.461161851
715,71600,221800,75100,0.651868583181,0.268485267902,36.517544031
716,71700,222100,75200,0.671773134726,0.318918137391,36.559617996
717,71800,222400,75300,0.681030239749,0.232749781138,36.609148025
718,71900,222700,75400,0.702661993525,0.741211046,36.649057865
719,72000,223000,75500,0.687189893852,0.637211239111,36.707135915
720,72100,223500,75700,0.691352699611,0.556131251332,36.822277069
721,72200,223800,75800,0.65522327094,0.242819984321,36.8837728
722,72300,224100,75900,0.649602119666,0.221256769802,36.930119037
723,72400,224400,76000,0.679347826509,0.365447860201,36.989425897
724,72500,224700,76100,0.676698330845,0.324660275278,37.044093847
725,72599,224997,76200,0.679398526924,0.32961596614,37.100298881
726,72699,225297,76300,0.661970210812,0.270403929827,37.149334907
727,72799,225597,76400,0.67434927937,0.326610194545,37.195914983
728,72899,225897,76500,0.71454700658,0.564113879807,37.244354963
729,72999,226197,76600,0.628055959454,0.385474456643,37.29248404
730,73099,226497,76700,0.674735986858,0.33362113458,37.333015918
731,73199,226797,76800,0.653439637702,0.223857718282,37.385618925
732,73299,227097,76900,0.689203531824,0.312411027971,37.436042070
733,73399,227397,77000,0.664708141272,0.27337043134,37.484191894
734,73499,227697,77100,0.628443844752,0.203096611118,37.536515951
735,73599,227997,77200,0.65549120596,0.329998561678,37.590683937
736,73699,228297,77300,0.67580591692,0.326106634012,37.641021966
737,73799,228597,77400,0.655709338591,0.214291194388,37.678617954
738,73899,228897,77500,0.652251713952,0.302935405986,37.726357936
739,73999,229197,77600,0.697872744838,0.468680940578,37.78049588
740,74099,229697,77800,0.692741538626,0.264964148977,37.901032924
741,74199,229997,77900,0.66328600357,0.204520166711,37.956274032
742,74299,230297,78000,0.660174820598,0.462770614211,37.999912977
743,74399,230597,78100,0.674217172136,0.403422881364,38.046470880
744,74499,230897,78200,0.670045587601,0.25395447046,38.106341838
745,74599,231197,78300,0.625364961692,0.285727219595,38.168381929
746,74699,231497,78400,0.668827603099,0.262191665815,38.219821929
747,74799,231797,78500,0.706408774053,0.711764801451,38.276099920
748,74899,232097,78600,0.644834351366,0.156708394275,38.325221061
749,74999,232397,78700,0.681327673695,0.271831749588,38.362758874
750,75099,232697,78800,0.658272955998,0.218466935137,38.413790941
751,75199,232997,78900,0.694073241422,0.322909278695,38.468031883
752,75299,233297,79000,0.654920190137,0.399354853629,38.507534027
753,75399,233597,79100,0.669755009079,0.308163454888,38.556606054
754,75499,233897,79200,0.68373135039,0.303511337636,38.609632968
755,75599,234197,79300,0.645521384004,0.233911335608,38.675649881
756,75699,234497,79400,0.641814317952,0.343962536914,38.721791982
757,75799,234797,79500,0.693806124242,0.26743624561,38.765776872
758,75899,235097,79600,0.664022289826,0.248717365765,38.815367937
759,75999,235397,79700,0.698808853801,0.298226571981,38.863028049
760,76099,235897,79900,0.656152556376,0.218445348699,38.960401058
761,76199,236197,80000,0.658289004405,0.203820300967,38.998481988
762,76299,236497,80100,0.685371973125,0.367871880537,39.035627841
763,76399,236797,80200,0.681879740523,0.507896243767,39.081876993
764,76499,237097,80300,0.637508846353,0.153345328076,39.130835056
765,76599,237397,80400,0.664173247834,0.288869135073,39.1763360
766,76699,237697,80500,0.646043545992,0.361960440211,39.21514105
767,76799,237997,80600,0.667826516374,0.225072615365,39.263511896
768,76899,238297,80700,0.67739955524,0.188071954335,39.313971996
769,76999,238597,80800,0.64741857347,0.278450809207,39.367254018
770,77099,238897,80900,0.650362342316,0.240151240504,39.406481027
771,77199,239197,81000,0.667611998785,0.243883272448,39.444287061
772,77299,239497,81100,0.633032201022,0.205093857089,39.491806983
773,77399,239797,81200,0.669277873863,0.290701535868,39.548287868
774,77499,240097,81300,0.654866815928,0.284272814426,39.594349861
775,77599,240397,81400,0.668897089115,0.257378509635,39.642917871
776,77699,240697,81500,0.675974547821,0.268463293744,39.683282852
777,77799,240997,81600,0.662798080614,0.271666252729,39.739441871
778,77899,241297,81700,0.665084836318,0.293786851668,39.802314996
779,77999,241597,81800,0.669333832719,0.390517750259,39.860184907
780,78099,242097,82000,0.648611019825,0.260997304925,39.963425874
781,78199,242397,82100,0.680146382082,0.214642904973,40.015864849
782,78299,242697,82200,0.669778412472,0.294808413351,40.066995859
783,78399,242997,82300,0.665675281773,0.22311027638,40.121420860
784,78499,243297,82400,0.657448391757,0.430421935954,40.173362970
785,78599,243597,82500,0.676640986536,0.353845242828,40.224276065
786,78699,243897,82600,0.678597014776,0.369595521088,40.27951502
787,78799,244197,82700,0.637254870966,0.376918185064,40.341413974
788,78899,244497,82800,0.671690287686,0.289781535889,40.388772964
789,78999,244797,82900,0.657968382631,0.417183512396,40.438333034
790,79099,245097,83000,0.69315649092,0.514619835586,40.485269069
791,79199,245397,83100,0.66621188027,0.248506461418,40.53642702
792,79299,245697,83200,0.650222562965,0.510136043244,40.588341951
793,79399,245997,83300,0.667771261805,0.364925370066,40.651792049
794,79499,246297,83400,0.680370327975,0.284566279673,40.697219848
795,79599,246597,83500,0.665334609542,0.24589241594,40.752269029
796,79699,246897,83600,0.664426615161,0.167729568985,40.794584989
797,79799,247197,83700,0.678525862978,0.337395571874,40.847980022
798,79899,247497,83800,0.656854332081,0.199286639474,40.906059980
799,79999,247797,83900,0.69417635059,0.262268483334,40.954520940
800,80099,248297,84100,0.65919898221,0.166850611603,41.039268970
801,80199,248597,84200,0.675691336456,0.27646772265,41.08498001
802,80299,248897,84300,0.668728221286,0.342623357857,41.133383035
803,80399,249197,84400,0.646920182102,0.198579999225,41.186694860
804,80499,249497,84500,0.687395285919,0.324905348764,41.238317012
805,80599,249797,84600,0.637589796917,0.215768531883,41.311581850
806,80699,250097,84700,0.673023003427,0.237416873157,41.363313913
807,80799,250397,84800,0.641327678682,0.245505386902,41.419445037
808,80899,250697,84900,0.662835091976,0.275501915661,41.479078054
809,80999,250997,85000,0.635204138451,0.331248146307,41.539898872
810,81099,251297,85100,0.679189039998,0.255903279549,41.586415052
811,81199,251597,85200,0.660931867452,0.343445208451,41.638175964
812,81299,251897,85300,0.689222057321,0.67725317502,41.684942007
813,81399,252197,85400,0.642520646769,0.174719060945,41.732890844
814,81499,252497,85500,0.643406568912,0.232166628043,41.78045487
815,81599,252797,85600,0.64522249619,0.342129744946,41.821230888
816,81699,253097,85700,0.671555744085,0.335742689852,41.87564992
817,81799,253397,85800,0.675663431814,0.251970733639,41.924167871
818,81899,253697,85900,0.653901618837,0.247645538653,41.96430206
819,81999,253997,86000,0.648846970034,0.159306351617,42.020372867
820,82099,254497,86200,0.672382860359,0.245875738377,42.123677015
821,82199,254797,86300,0.684660991244,0.228295973101,42.176730871
822,82299,255097,86400,0.635510809573,0.215367982111,42.223468065
823,82399,255397,86500,0.682330306575,0.230312297935,42.277014017
824,82499,255697,86600,0.678550228277,0.487217379444,42.320865869
825,82599,255997,86700,0.651689464596,0.213450476392,42.372000932
826,82699,256297,86800,0.688993381837,0.18284768434,42.416944026
827,82799,256597,86900,0.645363238801,0.410747350024,42.458023071
828,82899,256897,87000,0.665294303441,0.178634527186,42.510938882
829,82999,257197,87100,0.66626500527,0.337938934837,42.564475059
830,83099,257497,87200,0.668923179139,0.140590401093,42.611110925
831,83199,257797,87300,0.66923255804,0.198167584961,42.66788101
832,83299,258097,87400,0.673882001542,0.560327530758,42.718406915
833,83399,258397,87500,0.684901040514,0.859065814457,42.765964984
834,83499,258697,87600,0.639630757906,0.396388814293,42.817504882
835,83599,258997,87700,0.671884224883,0.601520561276,42.873039007
836,83699,259297,87800,0.661916660721,0.242106901285,42.916877031
837,83799,259597,87900,0.663653680246,0.361972742901,42.963043928
838,83899,259897,88000,0.695504496345,0.426694936105,43.007617950
839,83999,260197,88100,0.639712097359,0.260901983373,43.051542997
840,84099,260697,88300,0.706234663204,0.336046595959,43.137452840
841,84199,260997,88400,0.654611827415,0.231889522758,43.183078050
842,84299,261297,88500,0.687404348034,0.246262533758,43.222961902
843,84399,261597,88600,0.657232790523,0.267794272117,43.278643846
844,84499,261897,88700,0.70357640787,0.446465405356,43.340877056
845,84599,262197,88800,0.67109236366,0.314796303312,43.392538070
846,84699,262497,88900,0.646436675353,0.398266904579,43.43722486
847,84799,262797,89000,0.665697749874,0.246987574741,43.483331918
848,84899,263097,89100,0.630292668626,0.211703300181,43.543998956
849,84999,263397,89200,0.65823399567,0.276491643757,43.582538843
850,85099,263697,89300,0.67248389048,0.523601412757,43.631990909
851,85199,263997,89400,0.629767515077,0.322865999763,43.687237024
852,85299,264297,89500,0.687254258065,0.323785458445,43.748749971
853,85399,264597,89600,0.66095183146,0.268653252214,43.789335966
854,85499,264897,89700,0.654643279127,0.205384077522,43.841964006
855,85599,265197,89800,0.649846771908,0.246458911,43.903557062
856,85699,265497,89900,0.653512351432,0.33085662812,43.962273836
857,85799,265797,90000,0.654235386338,0.540582679234,44.0242018
858,85899,266097,90100,0.654232973681,0.218142053705,44.081068992
859,85999,266397,90200,0.639153373055,0.204947287624,44.135022878
860,86099,266897,90400,0.696637287605,0.35525594748,44.254606008
861,86199,267197,90500,0.647556344558,0.385107622653,44.30263185
862,86299,267497,90600,0.672101277096,0.199071021153,44.346997976
863,86399,267797,90700,0.647959683928,0.160218265703,44.399348020
864,86499,268097,90800,0.663354531978,0.296238909325,44.454593896
865,86599,268397,90900,0.635344586972,0.204915758807,44.506409883
866,86699,268697,91000,0.63927674621,0.19098051338,44.55579304
867,86799,268997,91100,0.674647760748,0.298315321226,44.599820852
868,86899,269297,91200,0.663920675472,0.184574755525,44.658383846
869,86999,269597,91300,0.65721858641,0.198095180108,44.70640301
870,87099,269897,91400,0.672889616489,0.14706592801,44.762372970
871,87199,270197,91500,0.687008092543,0.271388937516,44.804795980
872,87299,270497,91600,0.652237904672,0.327004161681,44.863600015
873,87399,270797,91700,0.66054315382,0.382351873659,44.911813974
874,87499,271097,91800,0.679293064664,0.211310172896,44.959290981
875,87599,271397,91900,0.632420238469,0.2666411261,45.022011995
876,87699,271697,92000,0.654916063995,0.254316598042,45.062433004
877,87799,271997,92100,0.683053371282,0.32361627489,45.101740837
878,87899,272297,92200,0.672764256425,0.235938102431,45.162415981
879,87999,272597,92300,0.667944116372,0.257329277126,45.224442958
880,88099,273097,92500,0.644579987888,0.283641642432,45.327214956
881,88199,273397,92600,0.658149141525,0.251217983525,45.394006013
882,88299,273697,92700,0.657607913705,0.231709597036,45.452252864
883,88399,273997,92800,0.652816286436,0.233779675557,45.512869834
884,88499,274297,92900,0.683977794349,0.287589514992,45.563711881
885,88599,274597,93000,0.684154587657,0.27502033692,45.619364023
886,88699,274897,93100,0.688487904464,0.38238929101,45.679617881
887,88799,275197,93200,0.625792165592,0.304953499394,45.732702970
888,88899,275497,93300,0.640793666433,0.368003626635,45.786318063
889,88999,275797,93400,0.665726378869,0.249654771658,45.848320007
890,89099,276097,93500,0.620896534001,0.236798148257,45.896090030
891,89199,276397,93600,0.681563165292,0.311433011392,45.953984022
892,89299,276697,93700,0.692475875397,0.230860091713,46.017611980
893,89399,276997,93800,0.636174212282,0.489453706978,46.082098960
894,89499,277297,93900,0.633846449266,0.198204849754,46.132881879
895,89599,277597,94000,0.654590561224,0.250191935566,46.187510013
896,89699,277897,94100,0.708488409042,0.291077311057,46.244226932
897,89799,278197,94200,0.666775980494,0.563980339345,46.284682035
898,89899,278497,94300,0.692950071082,0.293144397849,46.332331895
899,89999,278797,94400,0.654358622908,0.259914577348,46.38817691
900,90099,279297,94600,0.635729069939,0.257206103969,46.493192911
901,90199,279597,94700,0.68675858961,0.369667156909,46.553837060
902,90299,279897,94800,0.63807592632,0.221149310686,46.620481967
903,90399,280197,94900,0.684187764845,0.244709352634,46.666578054
904,90499,280497,95000,0.638418905577,0.260449125147,46.719130992
905,90599,280797,95100,0.70613379837,0.355003904839,46.774582862
906,90699,281097,95200,0.716024877782,0.269025554532,46.823403835
907,90799,281397,95300,0.632668403672,0.359106347884,46.86890196
908,90899,281697,95400,0.631206577073,0.249311531766,46.921607971
909,90999,281997,95500,0.657208222472,0.210387779299,46.976001977
910,91099,282297,95600,0.660428593393,0.314435831939,47.028689861
911,91199,282597,95700,0.688904682682,0.298377400762,47.082197904
912,91299,282897,95800,0.63042885153,0.326594044252,47.136942863
913,91399,283197,95900,0.670564959073,0.176848600447,47.19028186
914,91499,283497,96000,0.681207668179,0.577768434552,47.243463993
915,91599,283797,96100,0.63221521898,0.179019135757,47.301808834
916,91699,284097,96200,0.650327418117,0.15836698052,47.35184788
917,91799,284397,96300,0.649604874118,0.32213382772,47.401880979
918,91899,284697,96400,0.649476268496,0.291330911449,47.455052852
919,91999,284997,96500,0.635626637353,0.220433824455,47.503965854
920,92099,285497,96700,0.688900095725,0.336943623597,47.60148787
921,92199,285797,96800,0.641057597343,0.22227028732,47.66079592
922,92299,286097,96900,0.646193740853,0.250904135655,47.711580038
923,92399,286397,97000,0.653851000533,0.248394494589,47.765564918
924,92499,286697,97100,0.664009807552,0.221247142963,47.823459863
925,92599,286997,97200,0.674343918472,0.337082952142,47.882498979
926,92699,287297,97300,0.686139701895,0.239442520583,47.93792891
927,92799,287597,97400,0.676321230886,0.371845377228,47.997602939
928,92899,287897,97500,0.640964935007,0.272644898035,48.04878997
929,92999,288197,97600,0.678080637388,0.363510540838,48.104976892
930,93099,288497,97700,0.675966162056,0.183312340468,48.144196987
931,93199,288797,97800,0.652453448185,0.152626253382,48.183253049
932,93299,289097,97900,0.683234302829,0.530330264177,48.240574836
933,93399,289397,98000,0.671286653488,0.214282955649,48.297278881
934,93499,289697,98100,0.65401821567,0.251696078128,48.344656944
935,93599,289997,98200,0.657209590227,0.195780679894,48.393949031
936,93699,290297,98300,0.704535740959,0.292530236184,48.442822933
937,93799,290597,98400,0.633670483408,0.17620548524,48.490556001
938,93899,290897,98500,0.666813678363,0.327968259005,48.546028852
939,93999,291197,98600,0.664865587658,0.214033520531,48.607764959
940,94099,291697,98800,0.627472484556,0.194956670207,48.711467027
941,94199,291997,98900,0.692496315862,0.652561954212,48.764648914
942,94299,292297,99000,0.667669780295,0.32992767121,48.821235895
943,94399,292597,99100,0.673668889232,0.173828636799,48.878092050
944,94499,292897,99200,0.653635239628,0.311672913643,48.931867837
945,94599,293197,99300,0.622174255017,0.400672811525,48.981477022
946,94699,293497,99400,0.622525132306,0.32187383447,49.028573036
947,94799,293797,99500,0.649399298115,0.275250913951,49.067887067
948,94899,294097,99600,0.663175893453,0.26986364175,49.115469932
949,94999,294397,99700,0.637947716371,0.339373013319,49.161185026
950,95099,294697,99800,0.628770598297,0.248928353185,49.209606885
951,95199,294997,99900,0.648373154188,0.582080382266,49.259337902
952,95299,295297,100000,0.703132142704,0.318664525979,49.30824685
953,95399,295597,100100,0.665354007978,0.165836881737,49.355810880
954,95499,295897,100200,0.668653107983,0.300407110786,49.403636932
955,95599,296197,100300,0.66571068057,0.686207546128,49.446765899
956,95699,296497,100400,0.630480228151,0.252180883172,49.496899843
957,95799,296797,100500,0.703869212313,0.426838539596,49.544026851
958,95899,297097,100600,0.648231532486,0.339569823823,49.591991901
959,95999,297397,100700,0.654504089535,0.259048868993,49.652292966
960,96099,297897,100900,0.676114325683,0.307598145661,49.745486974
961,96199,298197,101000,0.661786567768,0.251505301007,49.808768987
962,96299,298497,101100,0.609255408911,0.217511481516,49.866178035
963,96399,298797,101200,0.684231481844,0.432205585557,49.916100978
964,96499,299097,101300,0.688412979407,0.264723056327,49.973990917
965,96599,299397,101400,0.65895435556,0.232617924501,50.022073984
966,96699,299697,101500,0.657834513377,0.231768077065,50.084006071
967,96799,299997,101600,0.654947208138,0.247098593587,50.134093046
968,96899,300297,101700,0.675440629232,0.240570095918,50.178571939
969,96999,300597,101800,0.688884635691,0.360658089005,50.21781301
970,97099,300897,101900,0.654049003902,0.442126951042,50.256001949
971,97199,301197,102000,0.673000842107,0.24424316962,50.293473005
972,97299,301497,102100,0.672004807847,0.445814435167,50.330253839
973,97399,301797,102200,0.686014981176,0.214748208488,50.368064880
974,97499,302097,102300,0.674229627303,0.299811276968,50.420358896
975,97599,302397,102400,0.664329763155,0.286718485201,50.47400903
976,97699,302697,102500,0.633861175204,0.226670545729,50.520814895
977,97799,302997,102600,0.677069246175,0.218393513632,50.575800895
978,97899,303297,102700,0.668953065005,0.316957557534,50.633827924
979,97999,303597,102800,0.660971467903,0.215126224041,50.688145875
980,98099,304097,103000,0.665148889309,0.452891522113,50.78166294
981,98199,304397,103100,0.688171433368,0.240527243101,50.832890987
982,98299,304697,103200,0.652183754408,0.187095460258,50.879346847
983,98399,304997,103300,0.650001204151,0.268046073976,50.921581029
984,98499,305297,103400,0.682167082021,0.210415267253,50.982946872
985,98599,305597,103500,0.62109737162,0.255424443738,51.043843030
986,98699,305897,103600,0.6715573953,0.353711186279,51.084235906
987,98799,306197,103700,0.63336789541,0.204811017144,51.128062009
988,98899,306497,103800,0.662892713887,0.360171803604,51.177917003
989,98999,306797,103900,0.648428324146,0.319479165263,51.217334985
990,99099,307097,104000,0.676727695302,0.277491357231,51.273123025
991,99199,307397,104100,0.636700868934,0.365779504927,51.3186390
992,99299,307697,104200,0.628519594677,0.2942260205,51.378897905
993,99399,307997,104300,0.679342551498,0.310911272206,51.439842939
994,99499,308297,104400,0.69337150311,0.51461133792,51.479588985
995,99599,308597,104500,0.675507217986,0.331204093432,51.529491901
996,99699,308897,104600,0.674156728087,0.199421362163,51.571334838
997,99799,309197,104700,0.689808479517,0.30378936261,51.631764888
998,99899,309497,104800,0.667628700241,0.273567984225,51.692103862
999,99999,309797,104900,0.663251159382,0.320595622299,51.741827011
1000,100099,310297,105100,0.688212696944,0.384781702546,51.84427404
1001,100199,310597,105200,0.678743720118,0.263371302228,51.896713972
