-0.0774996948936,-0.0813257088497,0.000293017689287,0.0769262202866,-0.0885947474314,0.0558570589325,-0.0761793468405,0.0221331524738,0.0367607054321,-0.085816660694,-0.0670525831484,0.0419613170537,0.0230641891142,-0.0773550261093,-0.0754957469833,0.04414782358,0.0562052131932,-0.128375272951,-0.0769001352643,0.0861008223815,0.0444982482423,-0.0740782091658,-0.091174203367,-0.0789438412264,-0.0829652685032,-0.0884051921596,-0.0830527239287,-0.0831527987643,-0.072494591242
0.877529846541,0.870773961165,0.133044436573,-0.267084384121,0.770607945775,-0.089006652893,0.939338060045,0.0714510097348,0.0440167196808,1.1787109812,0.921027806973,-0.131670524664,-0.00734292996517,0.971754096961,0.864340212812,0.117186535821,-0.0117054192806,0.436768635913,0.870000186602,0.174817672252,0.314735088182,0.874222729113,0.824766041609,0.899683963089,0.876035010623,0.916859156935,0.867404072728,0.938290579537,0.841336120354
0.19419889096,0.107664559966,0.142056439022,-0.247844923978,0.079227641086,0.00543610678487,0.243911211733,-0.15504601524,0.219851887681,0.707879028088,0.1929273939,-0.0382341929247,-0.0696922309151,0.159635596556,0.217356195594,0.124926453252,-0.00548065587705,-0.285225402452,0.0824460688211,0.220313774086,0.387213863016,0.0987336189267,0.0974891423799,0.201147368147,0.178470137197,0.293031713917,0.0780991394728,0.141701548797,0.103024365723
-0.242722040024,-0.369254930109,-0.0730358610002,-0.247482758735,-0.415314163031,-0.0311838747213,-0.171461668178,-0.170370405803,0.0991527984526,0.335684186017,-0.268876602566,-0.0408183074341,0.136545581291,-0.411423998119,-0.251187698214,0.126414435639,0.163346160265,-0.632588396436,-0.36381867503,0.196766940959,0.326963220747,-0.390874204925,-0.334106783279,-0.252058967696,-0.284187814181,-0.231671756652,-0.467149647989,-0.352849459633,-0.372037351783
0.207053744862,0.0696759539936,-0.0392836763622,-0.229764117699,-0.0151475480803,-0.101883366292,0.286403097842,-0.0686939622816,0.141686672576,0.894457501633,0.21461936096,-0.17086636129,0.0936528028748,0.0351573665103,0.273613907044,0.0471055441214,0.122020674866,-0.292212918587,0.0936147560422,0.217505334431,0.329057212093,-0.0390229183411,0.163432001808,0.217281831138,0.184204413702,0.201387987798,-0.0743960641993,0.103701441741,0.0398187089119
-0.142445952186,-0.295943120308,-0.0294055233742,-0.255486504827,-0.353634852854,0.000624683812578,-0.0306573407258,-0.0852347999106,0.156110970194,0.511631912038,-0.124446623284,-0.148381605217,0.108911061692,-0.24650065632,-0.12280087678,0.0890037320393,0.148480295851,-0.656802081973,-0.270106405419,0.13850743276,0.272907231496,-0.378245604617,-0.169945606501,-0.126347217741,-0.185627706656,-0.130925820336,-0.430309510696,-0.242979547055,-0.293077782291
0.250784358499,0.0783486323351,-0.0540389689669,-0.230684379016,0.0319370133117,-0.0027000258648,0.432805395561,-0.0412478404997,0.100782499209,0.852582453111,0.277519408784,-0.18835964999,0.102906555828,0.106892523406,0.283960358251,0.131307300186,0.112139574664,-0.251396007552,0.196675649448,0.0685550966973,0.349554301317,0.0327758573947,0.253203258887,0.322133456327,0.231029808294,0.281035475299,-0.0333695289508,0.192654171454,0.100476641392
-0.00350842864285,-0.160893724679,-0.075700328013,-0.202069510634,-0.212654234268,0.0245325175215,0.177455610179,-0.0487164562114,0.0802824439784,0.535177450327,0.0165871495801,-0.166526369028,0.0430369769431,-0.149922350612,0.0668888076365,0.0742003431619,0.0653468527358,-0.424761287845,-0.0242587157669,0.0267135291254,0.320130714342,-0.144497837252,-0.0125812180739,0.0525476769593,-0.0240152992906,0.0180135798299,-0.322344050368,-0.0767660800206,-0.148610453895
0.108709971389,-0.0474029730533,-0.0208426431432,-0.177226246424,-0.109398994269,0.019985039387,0.262235825345,-0.0783255916451,0.00915907148183,0.606792217788,0.126099388926,-0.134418907053,0.0657353686657,-0.0708751195035,0.190702431093,0.0255437103901,0.111087952977,-0.266099566257,0.0791470045504,0.0272319482346,0.257500693473,-0.0480086272145,0.100661659727,0.159242656087,0.0953753697322,0.126044635169,-0.251224973059,0.0244721036366,-0.053641315111
-0.00143164850681,-0.182738938108,0.0542721015537,-0.187750067414,-0.219109016022,0.0832651271352,0.158842245785,-0.0278095819138,0.00250016858342,0.459859987834,0.00973863774326,-0.0940762798906,0.0812871293236,-0.138215309709,0.0740427129454,0.0162766563986,0.085393378869,-0.370170514869,-0.0490565284739,0.0885513671681,0.248246387984,-0.189894190005,-0.00770216639172,0.0550714310358,-0.0201566628694,0.00486253618286,-0.363669427835,-0.0915672213565,-0.163276511286
0.0573400279822,-0.124703302908,0.0518893956149,-0.188648618939,-0.176954713328,0.0727752665663,0.215901959309,-0.0127115859385,-0.0314374939873,0.430565080975,0.0587174325948,-0.12484274663,0.109579722006,-0.0654958580123,0.125887047153,0.0438178235681,0.12780421291,-0.250786019007,0.0218040842899,0.0892236288763,0.224537714075,-0.0942141787791,0.0773841664586,0.128731203377,0.0407688913883,0.0594268669966,-0.327945779408,-0.0336322306808,-0.114305824205
0.0452429470757,-0.138937326088,0.0706168225842,-0.19489835924,-0.212741253957,0.0773000653902,0.202513276154,0.000657464663978,0.00226582060205,0.381072398779,0.0414219889706,-0.103361780787,0.0764052474755,-0.106427535436,0.104801629258,0.0829108401119,0.11549110788,-0.252046244109,0.0274636633361,0.0567357896501,0.179535249615,-0.087565499306,0.0456826770278,0.111063081331,0.0334048024085,0.0401410450701,-0.363962895206,-0.0578832220848,-0.13759525797
0.0969585967121,-0.103219139391,0.101370146598,-0.144544352494,-0.154211806244,0.0913177591052,0.247466847527,-0.00128553991268,0.0102168910158,0.358612230857,0.0853579613824,-0.0983829565907,0.0661687137466,-0.0442282505838,0.166135218948,0.0618162453493,0.0878836046844,-0.150768525445,0.0907953021246,0.033626472115,0.153728386827,-0.0341208959192,0.10089821519,0.169700633327,0.0900459415396,0.0885031742933,-0.335855030628,-0.00884424676764,-0.094184608968
0.0500384124923,-0.148444004215,0.0667744557264,-0.164058903892,-0.212939012936,0.0907367189131,0.200190143887,-0.0140353437069,0.0330463173594,0.269877283635,0.0270382826721,-0.0911705563826,0.0832102288051,-0.0618641873791,0.123389858915,0.0441133664645,0.0778782167583,-0.211975266944,0.055094304968,0.0367253331085,0.122450228922,-0.0651462938581,0.0341706574503,0.11401406738,0.04053778656,0.0326797850315,-0.388419655117,-0.070267782667,-0.151033161067
0.109795393704,-0.0994802315632,0.0674853870495,-0.143159177564,-0.152208493343,0.0723564109654,0.263698663783,-0.0267800733246,0.0238699969969,0.316758211371,0.0976919289864,-0.0828118322616,0.0552708160303,-0.0108690110672,0.179484193832,0.0198601451155,0.0789938849803,-0.172442593551,0.124764224544,0.0372529114533,0.149536206453,0.0469219909792,0.101640177822,0.175738741927,0.10496548722,0.0955036031136,-0.338754712913,-0.0050338961849,-0.0936082587611
0.0613618558822,-0.146689771234,0.0734120671685,-0.142032416235,-0.197242305582,0.0691309084655,0.225104762697,-0.0428641997156,0.0184436091894,0.226508191424,0.0683402984053,-0.0791491745485,0.0638593203105,-0.0734084606198,0.133809161893,-0.00196108364431,0.0844912849257,-0.193252977096,0.0881226590581,0.0396797090556,0.13682535883,0.00744911405086,0.0606944834192,0.130803783366,0.0579902207019,0.0485029752078,-0.399020809135,-0.0552921998652,-0.140745849858
0.0840153809653,-0.14101117291,0.074742620642,-0.117264762662,-0.186202927744,0.0474946563531,0.2555057103,-0.0424703746076,0.0175822769224,0.24397856335,0.103690049435,-0.0872850831208,0.0594479720225,-0.0635953378075,0.163870331095,0.00945938012102,0.0838221616269,-0.169238999186,0.107310537174,0.033103711969,0.0988522570955,0.0231369119142,0.0777520429235,0.151051329515,0.0804740705237,0.0658166061288,-0.381959044169,-0.0402982468313,-0.128775128933
0.0791806902213,-0.155666077154,0.0810408248125,-0.120927278771,-0.196443340831,0.0475190708612,0.244543152766,-0.0532446851069,0.0123566667218,0.2205588059,0.0931056756025,-0.0484364795782,0.062637681742,-0.0733559182383,0.157033051271,0.0225121156517,0.0902105129467,-0.135619265035,0.0982746284635,0.0251429878948,0.113526015714,-0.00602785637217,0.0723736180814,0.148119143173,0.0692337007841,0.0531008906497,-0.396144929799,-0.0535451585498,-0.141927741206
0.0892690546718,-0.15299238205,0.0731709092765,-0.0801700060972,-0.180803293637,0.0253301382908,0.255906292877,-0.0431943127739,-0.00642391149523,0.206415599799,0.106442581282,-0.0225477789768,0.0452331134896,-0.0630058808261,0.169928958842,0.0188373055085,0.0747006946577,-0.112281656443,0.103309527029,0.0141544402243,0.109129640859,0.0262410250871,0.0857441460818,0.161872253005,0.0848842764847,0.0637793938315,-0.394827907587,-0.0405902316905,-0.13111726486
0.0797659134924,-0.160493670555,0.087438821252,-0.0788658950775,-0.202138771165,0.0269449408744,0.248184866252,-0.0265446393414,-0.0263695965435,0.185682776419,0.095197109497,-0.0339501320961,0.0640362929114,-0.064877342888,0.1545637332,0.035426467811,0.0554000777937,-0.111167683732,0.0983912872797,0.0252526449369,0.106238629831,0.0162444540522,0.0708584438327,0.1500336378,0.0755574124211,0.0446529078099,-0.41304464767,-0.0578024909602,-0.146722353456
0.0883578929651,-0.147683333024,0.0818664667186,-0.0663113197098,-0.198617103704,0.0225284239453,0.256423731561,-0.0347962565432,-0.0352153402204,0.210556464404,0.100328309258,-0.056944348419,0.0558980374064,-0.0780194189259,0.150922513366,0.0219968196001,0.0583579604598,-0.0942839718115,0.103111157233,0.0144566925339,0.10030902824,0.0203119150523,0.0808895467558,0.154444726644,0.0853712097567,0.0523092872004,-0.411927508736,-0.0556437362028,-0.146405503243
0.0719629609449,-0.170951962266,0.0629251727746,-0.0708442527811,-0.231359970676,0.0247123489023,0.240672953847,-0.0272507100733,-0.0335665984662,0.165037373962,0.0865052717997,-0.0639273030385,0.0552720994026,-0.0910938230499,0.134122778709,0.0487181875919,0.0502293956395,-0.0876969843924,0.0881700462483,0.0231309570281,0.0866628835719,0.0121454599342,0.0689341086673,0.140176157624,0.0688368326957,0.0360750784747,-0.435474557699,-0.0767550543107,-0.169738785545
0.0723127181819,-0.165009911009,0.0767794162485,-0.070069876773,-0.237267579437,0.0341092832607,0.248354111267,-0.0106354476333,-0.0349258312338,0.150210000688,0.0879767093034,-0.0471279551387,0.0564779510468,-0.0861815434845,0.128541871397,0.0786141614845,0.0481734918478,-0.108453417112,0.100273561482,0.026737505908,0.102838027274,0.035835236405,0.0717231722902,0.137857969849,0.0700065447325,0.0362171237668,-0.438341185772,-0.0787316962705,-0.172671281496
0.0846054162059,-0.155003989435,0.0560931766303,-0.0695030040985,-0.232921429534,0.026397022734,0.262750724637,-0.0275047699651,-0.0223160412023,0.154063610354,0.0999928050649,-0.0472910063141,0.0554658276179,-0.0613621818968,0.139203509537,0.072881742384,0.0347070245468,-0.118328068536,0.11548588999,-0.00292323744045,0.114695642142,0.0411567747124,0.0634400777239,0.14173484603,0.0825370696565,0.0439521180234,-0.436383480104,-0.0704690189149,-0.165545955215
0.0929364100426,-0.152617727288,0.0563696937616,-0.0835561664323,-0.218192339159,0.0102646140169,0.271851550339,-0.0182297709773,-0.0169855012946,0.158019283754,0.104816353579,-0.053945043709,0.0529405891682,-0.0448677404053,0.138488146587,0.0699018837284,0.0376202499234,-0.116400735043,0.126502639624,0.00881651800255,0.100233595978,0.0540814938815,0.0687740729818,0.148571710276,0.0924418547913,0.0491288055147,-0.431166070071,-0.0664500746794,-0.164377752435
0.0900480456527,-0.16075332329,0.0664921356151,-0.0951984827891,-0.224551284233,-0.0062745835501,0.273375911,-0.01792039198,-0.0125692357598,0.172160632375,0.104525880837,-0.0425053751627,0.0607955477552,-0.0397545825095,0.128949230826,0.0797151687047,0.0439866607332,-0.140343200367,0.125916372255,0.00201969677582,0.101162489355,0.0418903452801,0.0727642974681,0.150608184898,0.08718076647,0.0440096342069,-0.43776327718,-0.067962266405,-0.166678929724
0.0855942703567,-0.163813448245,0.0656852582093,-0.0732618957621,-0.238677571,-0.00459907816831,0.27261952416,-0.00365971295213,-0.0113227048983,0.168587546088,0.102694638983,-0.0532474488691,0.0709322086759,-0.0449399790483,0.11785616787,0.0706146109082,0.0407413335147,-0.13253637038,0.123638149242,0.00980896526623,0.0989879325367,0.0264948854157,0.071213374401,0.148068350449,0.0862700881461,0.0341373383932,-0.441399757895,-0.0732672303602,-0.172699362048
0.0987568590044,-0.14034519129,0.0559058204873,-0.0522465607295,-0.233423358533,-0.00337798937095,0.283705553999,-0.00671489898742,-0.0076383333339,0.177417882366,0.116419333973,-0.0549126549593,0.0505213469151,-0.0325022839153,0.125241217833,0.0579270405334,0.0288501597669,-0.111752273969,0.130392193704,0.00900137693982,0.0982763731096,0.0417144840823,0.0743789423786,0.155037071412,0.0991628924817,0.0466451873503,-0.433316396608,-0.0621602357462,-0.163222836473
0.111624972932,-0.133811597747,0.0609541261861,-0.0441428636757,-0.219118294221,0.001371805444,0.293624118126,-0.00301963006977,-0.0163084860134,0.209758020504,0.123446425657,-0.0497176356769,0.042870119343,-0.0353203646921,0.136421776381,0.0712639252109,0.0277562323508,-0.08804559189,0.141585078068,-0.00482953070548,0.0842577857905,0.0499516692656,0.0831936796475,0.164633465935,0.110825829054,0.0605869776946,-0.424572656963,-0.0525225288659,-0.156895833542
0.088652373783,-0.164377983567,0.046468355827,-0.0464210658865,-0.235425917179,-0.00247957387796,0.281015263454,-0.0156031138749,-0.016170335154,0.171528131108,0.103210765302,-0.0657859016269,0.0375061452757,-0.0580676130858,0.118644526941,0.0672261323557,0.0299578049803,-0.0964632338667,0.116542186241,-0.00530667569952,0.0824547672516,0.0228796548024,0.0577719161444,0.144129432591,0.0854275103093,0.0371872478053,-0.450300240978,-0.0746732715259,-0.178219488709
0.090697884279,-0.162441991972,0.0346363760761,-0.0394148341088,-0.239040540386,0.0027717969656,0.285334491472,-0.0233963237103,-0.01424867966,0.169410124526,0.106384019287,-0.0629325077069,0.0333594710675,-0.0658519597008,0.127185117768,0.0611482639649,0.0206907431955,-0.0961500961787,0.121722601929,-0.00928198407299,0.077006252925,0.0300636004513,0.0633937212763,0.146231744336,0.0869618426539,0.0376207869451,-0.454208344872,-0.0768808276196,-0.179511720995
0.0981845445718,-0.161473710097,0.0313366118837,-0.0298044068829,-0.234886213736,-0.0103815044004,0.291070467483,-0.0224097275344,-0.00945160866237,0.16580231538,0.11403990629,-0.0624400594289,0.0220711208753,-0.0581465094634,0.135627748461,0.04253845157,0.0133079867974,-0.0789637321953,0.133365711729,-0.0153838148892,0.0753462424501,0.0340083969887,0.0730175078706,0.155231708247,0.0954915674659,0.0411832851066,-0.447194745339,-0.0719180567596,-0.176901774873
0.0820021069094,-0.17766393651,0.0280040924655,-0.0195785973525,-0.260027262694,-0.00646479884246,0.279821282276,-0.00984255129453,-0.00139405468681,0.138618730126,0.10329000395,-0.0687740038019,0.0340398628327,-0.0654323065802,0.1155859071,0.0392710807065,0.00389400887201,-0.0864798348119,0.111236090344,-0.022614718128,0.0739805781675,0.00761657717769,0.0578758591918,0.138405941202,0.0776625255037,0.0192160750471,-0.468610372069,-0.091872121632,-0.19421647937
0.0920645391587,-0.168189988279,0.0292404423221,-0.0196009330253,-0.254791086923,-0.00978707768273,0.287990539897,-0.0131252871311,0.0085907997397,0.155144022791,0.111652659925,-0.0620368089111,0.0155541239619,-0.06410610929,0.120837328916,0.0370176477364,-0.000361762084265,-0.0751337882545,0.12024460155,-0.0159368778132,0.0683192610895,0.0220575395705,0.0641774995467,0.146411825584,0.0881427108435,0.0261747305853,-0.464830646194,-0.0853073417415,-0.189255793704
0.0967183643252,-0.165274293937,0.0237712245492,-0.00657280548495,-0.248216761345,-0.00233061449837,0.297036470121,-0.0222874142987,0.0143163771564,0.157044614515,0.115232696305,-0.0594294307406,0.0127895594519,-0.0561184446061,0.12603646922,0.0316975199628,-0.00494534794382,-0.0622629167108,0.127186255477,-0.0208245109707,0.0565356095784,0.021997191064,0.0753922204465,0.151536288675,0.0925588258582,0.0345502804242,-0.461805603987,-0.0778581693059,-0.184605065375
0.0984813036939,-0.161173567064,0.0273204308368,-0.00552541536952,-0.248529352468,-0.00137027640469,0.300965723728,-0.0195766803743,0.0104022734355,0.148641892805,0.118059232747,-0.0588316699584,0.0154201956798,-0.0481023811871,0.128296617674,0.0275736571687,-0.00370800558792,-0.0560393497418,0.128665944064,-0.012445539814,0.0566418324932,0.0303129957399,0.0813180811092,0.155897967225,0.0942094357556,0.0384348951814,-0.466964640255,-0.0754440570756,-0.184122606139
0.0919522274187,-0.168100478666,0.0252145290971,0.00200921085937,-0.255890945381,-0.00415770552123,0.297209336378,-0.00758958989006,0.00526244399067,0.14609012514,0.115417056199,-0.06055053339,0.0177311988381,-0.068218671546,0.11966756575,0.0275582109306,-0.00465852364449,-0.0492280103795,0.121870090655,-0.00960422135397,0.0555055253494,0.0192364629822,0.0762229740491,0.14769528669,0.0863803733626,0.0308566445717,-0.477669037463,-0.0820836510864,-0.191002888281
0.102050839237,-0.158490538607,0.0199947625873,-0.00272106118946,-0.244215350669,-0.00981464321913,0.308626200163,-0.00972037004503,0.00696660897227,0.147271622718,0.122581540328,-0.0747433108889,0.0236348201043,-0.0530530087209,0.130790573307,0.0238232196857,-0.0039311637342,-0.0298912226195,0.131613261261,-0.0168228467677,0.0466541435415,0.03142442969,0.0858429920363,0.158033108774,0.0973443256349,0.0434223492154,-0.469298463959,-0.0722546077112,-0.182716128777
0.099327818598,-0.165157986504,0.0166956668412,-0.00318781551412,-0.238402407715,-0.0249458684569,0.309880572434,-0.000963116143528,0.010018242671,0.140913797964,0.117919360633,-0.0684583325401,0.0154121226363,-0.0511594005089,0.129306458236,0.0320653458455,0.00130341588312,-0.0344914761293,0.127884078604,-0.0110496391931,0.0450552240387,0.0188610217285,0.0727554185966,0.148214576411,0.0956413121654,0.0441349562825,-0.476436675186,-0.0772644591243,-0.18567322338
0.09263765434,-0.171669534979,0.0165083897157,0.00346032802895,-0.245371234259,-0.0117384900825,0.304668803247,-0.00627958585592,0.0122390141338,0.125992327139,0.116846249949,-0.0619593947636,0.0155779125221,-0.0502558233535,0.123736859744,0.0253382341998,-0.00955998892045,-0.0522685355247,0.123869538159,-0.00994387647349,0.0425338174037,0.0288042907128,0.0655904577386,0.141663782222,0.0884150034363,0.0391644092496,-0.487636542344,-0.0863907547931,-0.194526142686
0.0885180605607,-0.172881515301,0.0188401716163,0.00108065735576,-0.25303000193,-0.020231469897,0.297421417928,-0.00888776858302,0.0137436180042,0.120155883028,0.110403676292,-0.0523095235462,0.0199370645668,-0.0482928588715,0.114273873975,0.0254403412937,-0.0158479367123,-0.0598411876378,0.119874898385,0.00177020009115,0.0382236489556,0.0111864958943,0.0582829180663,0.137185241977,0.0846487637226,0.034954676843,-0.49218738934,-0.0942531226155,-0.202322095485
0.0885193142054,-0.172883704583,0.0188582754147,0.00108509436598,-0.253046910737,-0.0202431212926,0.297424587497,-0.00886902277704,0.0137749806448,0.120127736562,0.110411419936,-0.0522991271281,0.0199324589948,-0.0483035723387,0.11427475176,0.0254532661691,-0.0158425415943,-0.0598176169067,0.119876662559,0.00178087156677,0.0381826386421,0.0112348716929,0.0582721642004,0.137178832376,0.0846585601044,0.0349461379364,-0.492225666336,-0.0942731234561,-0.202349982261
0.088541070794,-0.172814661712,0.0188674022164,0.000951814125404,-0.252957247027,-0.0202191977799,0.297408409783,-0.00886472003432,0.0138045196588,0.120380279667,0.11040685299,-0.0523226392188,0.019954341078,-0.0482707102527,0.11430864204,0.0254239038091,-0.0157778393841,-0.0599431492651,0.119845764025,0.00183487869606,0.0383127221264,0.0111857600252,0.0582990140579,0.137200185332,0.0846718503586,0.0350100816986,-0.492103464563,-0.0942083196827,-0.202266270055
0.0885545459739,-0.172826882304,0.0188801292964,0.000956622125284,-0.252972518691,-0.0202174588415,0.297435904788,-0.00884667718902,0.0137829702946,0.120323570816,0.110409824031,-0.0523169758028,0.0199262592139,-0.0482695088888,0.114307639084,0.0254156045654,-0.0157675258136,-0.0599071539559,0.119878843644,0.00184293834151,0.0383134336139,0.0112349181878,0.0583308444016,0.137226987534,0.084690108661,0.0350069288896,-0.492167616603,-0.0942162518774,-0.202284000617
0.0885638374487,-0.172850542102,0.0188654733316,0.00103625892279,-0.253024985994,-0.0202326493704,0.297477013417,-0.00881238399797,0.0137559490675,0.120185480678,0.110427365006,-0.052281201902,0.019896821382,-0.0482800735469,0.114298075049,0.0253931624449,-0.0157600715889,-0.0597969973833,0.1199201404,0.00179201215131,0.0382465785441,0.0112608505258,0.0583209489537,0.137230330584,0.0847066128114,0.0349781008663,-0.492273101892,-0.0942607083666,-0.20234462549
0.0885650231937,-0.172813545054,0.018842242673,0.00102202014088,-0.252985637952,-0.0202260959197,0.297450878314,-0.00884235163187,0.0137823727108,0.120274488915,0.110441255164,-0.0522960522145,0.0198913001938,-0.0482562882022,0.114303642934,0.0253605112078,-0.0157266695679,-0.0598449563825,0.119913423552,0.00183488288326,0.0382753351062,0.0112310310277,0.0583119302254,0.137224467418,0.0847014216722,0.0350061459593,-0.492186878028,-0.0942289577225,-0.202302593837
0.0885789624324,-0.172827409163,0.0188541015097,0.00100059592102,-0.253012485287,-0.0202329293637,0.297484828632,-0.00884568722171,0.0137917882263,0.120278466268,0.110468931301,-0.0522750499417,0.0198888402342,-0.0482749345212,0.114332609877,0.0253518456964,-0.0157634354254,-0.0598229377081,0.119931151007,0.00180774981116,0.0382451091733,0.0112262494216,0.0583075289433,0.137243299966,0.0847165301195,0.0350122561103,-0.492238878605,-0.0942376454306,-0.202326674553
0.0886007971074,-0.172812777521,0.0188625424827,0.000988584756926,-0.252992688465,-0.0202245913473,0.29750271763,-0.0088648454967,0.0137746465238,0.120370295224,0.110491816905,-0.0523013668806,0.019931459089,-0.0482350859187,0.114368346902,0.0253493340761,-0.0157492861612,-0.0598541579985,0.119936734832,0.00181102445693,0.0382823960981,0.0111925331521,0.058325336209,0.137271250362,0.084737222975,0.0350457363527,-0.492207131031,-0.0942076500502,-0.202299153865
0.088607962569,-0.172818215993,0.01885624814,0.00098170469552,-0.25300077581,-0.0202487827587,0.297521139919,-0.00888693582499,0.0137429234571,0.120391727953,0.110493351144,-0.0523354671702,0.0199220365384,-0.0482488531953,0.114380049087,0.0253466937903,-0.0157590231799,-0.0598609438879,0.119943472585,0.0017880372124,0.0382989761548,0.0111987806767,0.0583364298875,0.137282462562,0.084742727019,0.035054565517,-0.492229015622,-0.0942062126984,-0.202305865864
0.0886143667114,-0.172811133187,0.0188367488283,0.000940994409314,-0.253014070736,-0.0202405792534,0.29753013678,-0.00891783361344,0.0137188153106,0.120453127483,0.110496411541,-0.052350739337,0.0199329617704,-0.0482613556444,0.114398809071,0.0253360436442,-0.0157561982744,-0.0599181845903,0.119946148691,0.00180304290155,0.0383312318165,0.0112156264929,0.0583477601834,0.137297013107,0.0847483581231,0.0350663765913,-0.492235588208,-0.0941988420436,-0.202304614824
0.0886295403607,-0.172754531712,0.0188423761073,0.000856153128711,-0.25295593247,-0.0202098538173,0.297515983767,-0.00894923160688,0.0137469394511,0.120658758824,0.110501198502,-0.0523873897322,0.0199787139115,-0.0482433471289,0.114418720381,0.0253311083187,-0.0157404194814,-0.0599978192224,0.119920440572,0.00183534617503,0.0384504905603,0.0112012794177,0.0583668732815,0.13731021011,0.084757467532,0.0351116826889,-0.49214455465,-0.0941498207169,-0.202245787141
0.0886257927017,-0.172735543673,0.0188231730182,0.000869823584217,-0.252930063645,-0.0201979362403,0.297507132093,-0.0089469306624,0.0137200746999,0.120651742663,0.110502470457,-0.0523726267712,0.0199695798215,-0.0482297497143,0.114428546846,0.0253270826,-0.0157267147154,-0.0599950217659,0.119913670374,0.0018349586431,0.0384532162688,0.0111727882044,0.05833811702,0.137297056875,0.0847574766892,0.0351164629081,-0.492123470267,-0.0941487903078,-0.20224140072
0.0886334426769,-0.172752393213,0.0188273278999,0.000876806500081,-0.252950661618,-0.0201964989992,0.29753806605,-0.00896683461547,0.0137110630854,0.120639833817,0.110513542674,-0.052369174253,0.0199681288161,-0.0482496757028,0.114447018708,0.0253280832069,-0.0157345740536,-0.0599581360049,0.119935820068,0.00183872605693,0.0384342187739,0.0111628865478,0.0583461767876,0.137310657731,0.0847703888905,0.0351097332439,-0.492169136986,-0.0941601979006,-0.202265299374
0.0886472386435,-0.172748544674,0.0188338111845,0.000858532452198,-0.252966202573,-0.0202010460959,0.297560819458,-0.00899016529932,0.013701239731,0.120686571987,0.110527115941,-0.0524045035752,0.0199644870858,-0.0482605614947,0.114461073794,0.0253375678349,-0.015713593318,-0.0599708201203,0.119943647479,0.00186223634666,0.0384386518841,0.0111674522277,0.0583554469533,0.13732559358,0.0847834677036,0.0351193804666,-0.492185858205,-0.0941562620338,-0.202270598662
0.0886483347533,-0.172771365147,0.0187966189702,0.000855312646545,-0.252999718155,-0.0202039346846,0.29758138621,-0.00902430564584,0.0136836138608,0.120638335951,0.110528064705,-0.0523979758976,0.0199689547529,-0.048268017016,0.114465611429,0.0253039878,-0.0157207668982,-0.0599198388397,0.119954913894,0.00184502394405,0.0383952918221,0.0111398901205,0.0583402192887,0.137317947885,0.0847869308261,0.0351077990927,-0.492238667093,-0.0941807928595,-0.202306883918
0.088664328296,-0.172788044388,0.018805757463,0.00086785130582,-0.253021902807,-0.0202157821247,0.2976169652,-0.0090351863836,0.0136676751911,0.120603947304,0.110545085556,-0.0523923456447,0.0199546316912,-0.0482438985722,0.114485037362,0.0253082718647,-0.0157446115622,-0.0598852502323,0.119982732073,0.00183005668567,0.038375798739,0.0111376724673,0.058345704495,0.137336457367,0.0848036684664,0.0351088809334,-0.492279511596,-0.0941860977651,-0.202326358389
0.0886791541247,-0.172777442438,0.0188168993138,0.000854636308298,-0.253001366669,-0.0202182499625,0.297633285932,-0.00903816796978,0.0136655641546,0.120705200205,0.11055816221,-0.0524103216187,0.0199796040194,-0.0482234421609,0.114510312107,0.0253055579943,-0.0157133069754,-0.0599274558768,0.119987603059,0.00183966978744,0.0384012769311,0.0111394749804,0.0583576331886,0.137354384778,0.0848161524445,0.0351406762677,-0.492250980618,-0.0941615687668,-0.202305723479
0.0886888084394,-0.172783754957,0.0188116246023,0.000870116240977,-0.253005994281,-0.0202267278141,0.297647945485,-0.00902424553682,0.0136460726254,0.120691520837,0.110576787645,-0.0524067942788,0.0200019113008,-0.0481910113775,0.114523044204,0.0253036391309,-0.0157074387633,-0.0598961366218,0.12001165636,0.00184640823783,0.0383845563971,0.0111275669773,0.0583660935042,0.137368647939,0.0848240515373,0.0351544597769,-0.492249689167,-0.0941535906996,-0.202304397982
0.0887031789161,-0.172766614365,0.018809094769,0.000829283867895,-0.253003160352,-0.0202232234275,0.29766800914,-0.00902487923672,0.01364293202,0.120798686631,0.110596089056,-0.0524343574381,0.0200199305828,-0.0481741379008,0.114548155417,0.0252877292491,-0.0156873492546,-0.059959318555,0.120013299972,0.0018598025644,0.0384414133281,0.0111025799436,0.0583712343597,0.137380939812,0.0848368483805,0.0351815782975,-0.492227292556,-0.0941397651474,-0.202294079066
0.0887131715051,-0.172772618676,0.018815543938,0.000811890585661,-0.253015150107,-0.0202216690349,0.297692859266,-0.00901321648742,0.0136305554691,0.120814875372,0.110615476188,-0.0524496954457,0.0200433656474,-0.0481696656247,0.114565625143,0.0252879409953,-0.0156885051029,-0.0599757605979,0.120024355303,0.00184751663476,0.0384591629825,0.0111296694332,0.0583834066401,0.137397640032,0.0848461493139,0.0351870666222,-0.492254908652,-0.0941411415937,-0.202303732111
0.0887242491327,-0.172775192618,0.0188382936015,0.00083061855621,-0.253029879897,-0.0202042128514,0.297712234198,-0.00900318784624,0.0136347825162,0.120813048098,0.110625983487,-0.0524468473668,0.0200146088575,-0.0481672530978,0.114560066446,0.0252685225295,-0.0156944359186,-0.0599578443361,0.120045280778,0.00183446369589,0.0384126148187,0.0111375401438,0.0583871532439,0.137414555877,0.0848594796069,0.0351850376793,-0.492289401126,-0.0941449943358,-0.202315323874
0.0887200068985,-0.172748357731,0.0188483127346,0.00081601383466,-0.252995016739,-0.0202039486551,0.297690437173,-0.00900155022948,0.0136147579222,0.120822028704,0.110619261628,-0.0524395798222,0.0200287342585,-0.0481609037376,0.114554589164,0.0252743447513,-0.0156553826221,-0.0599663665897,0.120032871065,0.00186702576587,0.0384286890233,0.0111136280107,0.058389814369,0.137409751454,0.0848562825359,0.0351894378106,-0.492225782338,-0.0941213655976,-0.202284720392
0.0887303131403,-0.172758429352,0.0188736124517,0.000829788414913,-0.253018457748,-0.0201928159988,0.297706965562,-0.00898372973923,0.0135915604373,0.120804713276,0.110627321002,-0.0524252931465,0.0200454905524,-0.0481745284163,0.11456354259,0.0252934952784,-0.0156600678101,-0.0599486374084,0.12005614201,0.0018525467511,0.0384128524006,0.0111478094158,0.0584039626454,0.137427672421,0.0848673872601,0.0351904337024,-0.492253453737,-0.0941216832598,-0.202293631963
0.0887397716804,-0.172736150026,0.0188952990963,0.000770398479055,-0.253027590332,-0.0201673040584,0.297706623379,-0.00899826185997,0.013564059554,0.12085953813,0.110627464559,-0.052430057341,0.020068634402,-0.0481909382714,0.114592283819,0.0252995542095,-0.0156356984625,-0.059972153814,0.120070677353,0.0018122836908,0.038453131144,0.0111539096964,0.0584198115521,0.137447487017,0.0848838773531,0.0352013317714,-0.492233835017,-0.0941050184337,-0.202278978658
0.0887450166749,-0.172723101426,0.0189291950767,0.000774951726637,-0.253021851515,-0.0201696917156,0.297712772745,-0.00897583848292,0.0135612950699,0.120878161039,0.110634567198,-0.052430289794,0.0200468663354,-0.0481949127604,0.114613322913,0.0253059048223,-0.0156066575797,-0.0599890222981,0.120081368866,0.00181379764945,0.0384434911503,0.0111564528571,0.0584223260611,0.137459149451,0.0848911596593,0.0352045216796,-0.492223836318,-0.0940928044076,-0.202270627396
0.0887467604727,-0.172721013875,0.0189400763599,0.000802148073636,-0.253033979064,-0.0201606120665,0.297722468968,-0.00893788943127,0.0135516618713,0.120860660034,0.110634434747,-0.0524122698504,0.0200401635059,-0.0481899529638,0.114616009463,0.0253008449314,-0.0156044750446,-0.0599628973667,0.120083420379,0.00181382210333,0.038439021331,0.0111489874703,0.0584182645484,0.137456936937,0.0848915279779,0.0351999821553,-0.492230169973,-0.0940986838863,-0.202278148201
0.0887557507202,-0.172719870332,0.0189498482907,0.00075232172233,-0.253041081937,-0.0201388810489,0.297727726317,-0.00893270632097,0.0135498389109,0.120880792706,0.110636958584,-0.0524161308966,0.0200455488618,-0.0482113466923,0.114634106281,0.0253448091805,-0.015593802719,-0.0599673310151,0.120090939081,0.00179955741257,0.0384722512567,0.0112032333461,0.0584292710963,0.137475275915,0.0848989536952,0.0352032655002,-0.492233440093,-0.094090575566,-0.20227306445
0.0887655976857,-0.172699166064,0.0189792014831,0.000707272190346,-0.253024370955,-0.0201195449397,0.297719181741,-0.0089408910988,0.0135372660685,0.120953395132,0.110638867755,-0.0524177294293,0.0200600136324,-0.0482215387888,0.11465824096,0.0253726243564,-0.0155900397368,-0.0600121249039,0.120090820584,0.00181190776077,0.0385012379666,0.0112202731085,0.0584295456654,0.137484491397,0.0849129854939,0.0352197487041,-0.492202197172,-0.0940725358924,-0.202252075527
0.0887677995468,-0.172676981074,0.0189826739427,0.000662837699402,-0.253001249294,-0.020098824545,0.297699125435,-0.0089411243958,0.0135450825046,0.121019208964,0.110632779799,-0.0524351950579,0.0200807452444,-0.0481976387188,0.114668241921,0.0253925935067,-0.0155559797186,-0.0600646170896,0.120074881849,0.00183807700789,0.0385555388441,0.0112038350445,0.0584282459122,0.137484993521,0.0849137074469,0.0352366691894,-0.492155121776,-0.0940530478246,-0.2022243721
0.0887812635132,-0.172697406908,0.0189884427188,0.000673779221198,-0.253020660977,-0.0201176798294,0.297725360502,-0.00893052841907,0.0135564202152,0.120988205694,0.110639910881,-0.0524389941254,0.0200613282795,-0.0481801214934,0.11468096732,0.02536827467,-0.0155623302849,-0.0600122657173,0.120086510945,0.00183031458637,0.0385405405913,0.0111977038625,0.0584272826796,0.137493095732,0.0849232417003,0.0352350712617,-0.492206302898,-0.0940660156608,-0.202248114945
0.0887854084396,-0.172694475484,0.0190114898004,0.000674842211653,-0.253010274644,-0.0201214845715,0.297726720783,-0.00892877722881,0.0135629117416,0.12098518028,0.110645187401,-0.0524200066341,0.0200609231488,-0.0481771755821,0.11468789772,0.0253690083603,-0.0155396763597,-0.0600037459329,0.120095926796,0.00185392998701,0.0385437963604,0.0112024881207,0.0584331022103,0.137498896479,0.0849289771731,0.0352362571589,-0.492196656267,-0.0940600761248,-0.202243570856
0.0887806283165,-0.172681174887,0.0189853520123,0.000695052261076,-0.253006659963,-0.0201191824559,0.29771977976,-0.00894022351097,0.0136160680967,0.120996107709,0.110635044144,-0.052407988971,0.0200302442794,-0.0481612060135,0.114660869631,0.0253327786116,-0.0155539171749,-0.0600111315044,0.120078051188,0.00188193025563,0.0385054602211,0.0111715054538,0.0584010290547,0.137476127632,0.0849222743553,0.0352363301788,-0.4921925427,-0.0940733136599,-0.202253418734
0.0887841426469,-0.172678953513,0.0189742080927,0.000705701997838,-0.25301028637,-0.0201305522109,0.297734043801,-0.008949087848,0.0136252441827,0.121007035161,0.11064200967,-0.0524105582269,0.0200156322561,-0.0481697208852,0.1146674864,0.0253299101697,-0.0155449935296,-0.0599834532316,0.120083537619,0.0018825714323,0.0384858676568,0.0111481546122,0.0584085916297,0.137485302142,0.0849285386829,0.0352490373778,-0.492200356135,-0.0940680768607,-0.202252541088
0.0887916771646,-0.172680826869,0.018971956704,0.000711480859876,-0.253020721587,-0.0201370826743,0.297755222816,-0.00894950384996,0.0136245048628,0.121017485395,0.110647745748,-0.0524171650505,0.0200194842138,-0.0481652393199,0.114676796491,0.0253292617051,-0.0155618173412,-0.0599904065827,0.120098637599,0.00187835557022,0.038468424402,0.0111523468431,0.0584280563916,0.13750186955,0.0849382134623,0.0352515826158,-0.49222150157,-0.0940682374285,-0.202260584025
0.0887974584122,-0.17267860922,0.0189818103206,0.000681283622836,-0.253010367813,-0.0201235197174,0.297754139599,-0.00895693502225,0.0136156739323,0.121045833987,0.110648545939,-0.0524264422738,0.0200303750288,-0.0481475709623,0.114690123039,0.025331819182,-0.0155200393682,-0.0600295231589,0.120100696791,0.0018783958015,0.0385080752682,0.0111716903477,0.0584399021431,0.137515616515,0.0849440695313,0.0352606538531,-0.492201016219,-0.0940517784602,-0.20224339638
0.0888086850897,-0.172691114495,0.0189829913089,0.000670545685189,-0.253031482022,-0.0201295999907,0.29777891107,-0.00895791857313,0.0136010739058,0.121044157481,0.110655486289,-0.0524359740338,0.0200113330444,-0.0481583739485,0.11470580878,0.0253231035089,-0.0155119895868,-0.0600040030094,0.120119936931,0.00187136414968,0.0385108938815,0.011199798951,0.0584461026342,0.137529564552,0.0849556468619,0.0352608440127,-0.492229245197,-0.0940553102703,-0.202255765599
0.0888134305109,-0.17270447724,0.0189881657217,0.000675621581737,-0.253037630262,-0.0201149954365,0.297788022392,-0.00896663006791,0.013595140067,0.121030904048,0.11066464144,-0.0524261307589,0.0200186787531,-0.0481678136522,0.114711138676,0.025336053465,-0.0155314515304,-0.0600038896141,0.120134075084,0.00187389760015,0.0384983156318,0.0112188060083,0.0584585700224,0.137539992248,0.0849597885963,0.035261283811,-0.492248155255,-0.0940531817814,-0.202260861236
0.0888172657261,-0.172700638979,0.0189650726821,0.000725839993055,-0.2530525344,-0.020121452643,0.297800489231,-0.00897495331556,0.0135896190012,0.120982818368,0.110671496287,-0.0524086110098,0.0200172340312,-0.0481396077506,0.114698648072,0.0253141312344,-0.0155522126995,-0.0599697128989,0.120133850716,0.00186488330568,0.0384773166172,0.0112008750379,0.0584646108881,0.137543357632,0.0849655820758,0.0352635825392,-0.492272899794,-0.0940602228452,-0.202274423534
0.0888228964001,-0.172710555623,0.0189685739403,0.000712129219357,-0.253054744953,-0.0201270301902,0.297815410184,-0.00898033801028,0.0135638490711,0.120961093888,0.110676503575,-0.0524101493985,0.0200312514078,-0.0481566476121,0.114710064972,0.0253260190597,-0.0155379492226,-0.0599465354889,0.120148359366,0.00187201617059,0.0384777400375,0.0112237736834,0.0584645583009,0.137552836433,0.0849731587828,0.0352603122727,-0.49229292145,-0.0940615022345,-0.202279559975
0.0888298282427,-0.1727070782,0.018969161772,0.000707403439962,-0.25307089965,-0.0201240840731,0.297839569653,-0.00898720334624,0.0135835604085,0.120932845049,0.110685155997,-0.0524089317854,0.0200305872215,-0.0481517401218,0.114713170225,0.0253137702744,-0.0155480643765,-0.0599314992596,0.12016245089,0.00185498012494,0.0384698178779,0.0112346305232,0.0584726040203,0.137562756955,0.0849834137709,0.0352631997364,-0.49232104341,-0.0940645412064,-0.202287665344
0.0888349429243,-0.172700528201,0.0189907658151,0.000677698969404,-0.25306426485,-0.0201081719316,0.297834164422,-0.00898348394588,0.0135562008069,0.120935468726,0.11069689162,-0.0524135846864,0.0200495465505,-0.0481420586169,0.114730486225,0.0253180678747,-0.0155012570104,-0.0599472071238,0.120172198786,0.00184700857011,0.0384983426894,0.0112426366875,0.0584977678435,0.13758021816,0.0849911728618,0.035268009552,-0.492292106441,-0.0940448492118,-0.202267190134
0.0888610277099,-0.172701201224,0.0190153620596,0.000648811199785,-0.253092276741,-0.0200975362758,0.297882910067,-0.00897715871271,0.0135267556037,0.120984264686,0.110723641959,-0.0524204351372,0.0200639860215,-0.0481500073741,0.11477624782,0.0253132842708,-0.01546535047,-0.0599343678407,0.120200121075,0.00183359363425,0.0385021509151,0.0112537319748,0.0585192440115,0.13761908677,0.085020442772,0.0352829901808,-0.492325752033,-0.094036661614,-0.202280135451
0.088888432479,-0.172697887306,0.0190130922393,0.000662430938789,-0.25311232058,-0.0201041262078,0.297926640119,-0.00898107645934,0.0135157019615,0.121016395315,0.110745940497,-0.0524327178082,0.0200645354169,-0.0481319669329,0.114805607054,0.025290714575,-0.0154758438896,-0.0599093319132,0.120224075054,0.00184810981915,0.0384674260654,0.011246409825,0.05852942435,0.13764799434,0.0850493755945,0.0353038323651,-0.492371402662,-0.0940358165443,-0.202298561938
0.0888889895817,-0.17270127606,0.0189995521755,0.000706239902437,-0.253125519331,-0.0201154704478,0.297945681384,-0.00897029577237,0.0135235233281,0.120971623021,0.110752529957,-0.0524250447972,0.0200526708352,-0.048117123023,0.114794573888,0.0252725377617,-0.0155136727985,-0.0598758756531,0.120224900726,0.00185072592616,0.0384392670085,0.0112331460413,0.058521455724,0.137640745679,0.0850492674756,0.0353005909007,-0.492408755287,-0.0940532482636,-0.202320910522
0.08889978835,-0.172712012351,0.0189996541149,0.0007153727821,-0.253144712967,-0.0201351095526,0.29797564665,-0.00895944063446,0.0135260132425,0.120975879835,0.110765283563,-0.0524200709394,0.0200541725855,-0.0481081804648,0.114800983824,0.0252578132762,-0.0155333869562,-0.0598625680592,0.12023739145,0.00184469970369,0.0384151352923,0.0112316863904,0.0585254318074,0.137651983129,0.0850591401842,0.0353081254309,-0.492442140824,-0.0940597911642,-0.202338656252
0.088900786381,-0.1727031977,0.0189995566801,0.000714781953744,-0.253150172491,-0.0201244019753,0.297974634949,-0.00896467061392,0.0135227752041,0.120956732622,0.110766354942,-0.0524372177082,0.0200420007779,-0.0480938627374,0.114800793085,0.0252599121323,-0.0155299644782,-0.059858042669,0.120237245971,0.00183753364339,0.0384149501689,0.0112315186749,0.0585231844573,0.137654382025,0.0850648762556,0.035306617521,-0.492452296017,-0.0940622469706,-0.202342735264
0.0889247569622,-0.172705878031,0.0190214957584,0.000700514899368,-0.253179127169,-0.0201138525661,0.298020556958,-0.00896636861572,0.0134925887531,0.120963101591,0.110791210223,-0.052435952973,0.020045767344,-0.0481012758154,0.114842646615,0.0252716368916,-0.0155193259336,-0.0598258649919,0.120271177678,0.00182632487536,0.0384024912125,0.0112529133007,0.0585480487604,0.137689754694,0.0850914144519,0.0353229286507,-0.492494388154,-0.0940562793863,-0.202355679688
0.0889467955582,-0.172712680886,0.0190364090583,0.000691021403164,-0.253195972208,-0.0201145095223,0.298057193693,-0.00897005025239,0.0134679849462,0.120976694532,0.110806220308,-0.0524377661142,0.0200424339844,-0.0480956923367,0.114870548266,0.025271912098,-0.0155184475614,-0.0598070890534,0.120298953578,0.00182941525655,0.0383946385785,0.0112687458168,0.0585576900791,0.137715245361,0.0851161351623,0.0353355190519,-0.492530101282,-0.0940535062008,-0.202369071851
0.0889623213409,-0.172718510995,0.0190465656439,0.000694247676345,-0.25321870569,-0.0201199595519,0.298089782814,-0.00895785907528,0.0134584080534,0.120967446183,0.110823555269,-0.052444346899,0.0200380760982,-0.0480997953447,0.114883826623,0.0252732129482,-0.015521969545,-0.0597862970394,0.120321817742,0.00181368883905,0.0383799592964,0.0112812507687,0.0585665258673,0.137733542338,0.085133763212,0.0353389711758,-0.492574844259,-0.0940599606526,-0.202389072879
0.0889769859144,-0.172731905668,0.0190408538717,0.000713496683332,-0.253241685207,-0.0201237023142,0.298127428105,-0.0089466519883,0.0134516028158,0.120948775124,0.110839061618,-0.0524391253289,0.0200359287956,-0.0480941641314,0.114903419,0.0252545345126,-0.0155403069325,-0.0597560410627,0.120348400624,0.00178834957644,0.0383523767763,0.0112749671277,0.0585759850449,0.137751246901,0.0851514903237,0.035348097985,-0.492632281186,-0.0940687571428,-0.202412779998
0.0889864729072,-0.172734052574,0.0190281054156,0.000721184064964,-0.253247832642,-0.0201236404505,0.298146651644,-0.00895055099909,0.013460549272,0.12096398017,0.110846169359,-0.0524473426294,0.0200272481839,-0.0480935717552,0.114910694123,0.0252431549885,-0.0155340755801,-0.0597427455499,0.12035656926,0.00178564623001,0.0383513716054,0.0112655013565,0.05857998076,0.137759339902,0.0851616895862,0.035354945995,-0.492647941828,-0.094070288209,-0.202422101349
0.0889956146888,-0.172745536871,0.0190079896707,0.000739308460449,-0.253261347741,-0.0201258567632,0.298179613067,-0.00895355585291,0.0134620254876,0.120952566218,0.110863241756,-0.052453841387,0.0200280081954,-0.0480971557468,0.114921703102,0.0252189490427,-0.0155378749019,-0.0597136411037,0.120366863988,0.00177318836192,0.0383290472227,0.011265407206,0.0585803080617,0.137769733917,0.0851701209941,0.0353660206934,-0.492685686619,-0.094075314778,-0.202436863622
0.0890125858194,-0.172740955378,0.0190213689211,0.00076356296297,-0.253270536738,-0.0201206116024,0.298212602417,-0.00894664722813,0.0134465145929,0.120958526188,0.11088121409,-0.0524533909942,0.020026778414,-0.0480868701046,0.114944012832,0.0252047184441,-0.0155358117904,-0.0596891547709,0.120381471114,0.00177743387869,0.038306738283,0.011262555552,0.0585853201435,0.137789929646,0.085190651222,0.0353792232572,-0.492707940298,-0.0940728862593,-0.20244775314
0.0890340168396,-0.172739107146,0.0190122297376,0.00077879934121,-0.253285904119,-0.0201223312798,0.29825627193,-0.00893760184801,0.0134568396218,0.120972219691,0.110906865433,-0.0524514471119,0.0200204627663,-0.0480612513874,0.114971604282,0.0251993400521,-0.0155455899161,-0.0596740004786,0.120406984564,0.00178868165113,0.038283769649,0.0112592963315,0.0585931514567,0.137813267629,0.0852163226792,0.0353982454702,-0.492744378085,-0.0940704809252,-0.202461740035
0.089046361869,-0.172732442252,0.0190273122633,0.000760309826348,-0.253289412207,-0.0201077448738,0.298262967422,-0.00893361440699,0.0134359071147,0.120991131963,0.110912208817,-0.0524374619226,0.0200257112874,-0.048061081165,0.114987510469,0.0252165320792,-0.0155207586514,-0.0596582034987,0.120419044258,0.00178318093783,0.0382965044838,0.0112637427072,0.0586015875442,0.137829796318,0.085232138362,0.0354032418717,-0.492739959532,-0.0940628716143,-0.202458567785
0.0890780006404,-0.172729176295,0.0190293117026,0.000767933858284,-0.253311482758,-0.0201066984719,0.298322962049,-0.00893391898798,0.0134304454675,0.121010034268,0.110948998635,-0.0524431736055,0.020019015577,-0.0480401143378,0.115020886618,0.0251984192098,-0.0155281059787,-0.0596214295084,0.120454416797,0.00178521389854,0.0382706969291,0.0112548835505,0.0586135707436,0.137862579449,0.0852672803636,0.0354303683597,-0.492794342148,-0.0940592953962,-0.202477228368
0.0890832891659,-0.17273017273,0.0190474992223,0.000759929007594,-0.253319758937,-0.020116198028,0.298327861397,-0.00892817218599,0.0133975795493,0.120995989793,0.110952778361,-0.0524371668839,0.0200274280422,-0.0480566255307,0.115034085778,0.0252111092003,-0.0154984623291,-0.0596066437831,0.120467502489,0.00176434196581,0.0382692518654,0.0112897690694,0.058623777525,0.137876104725,0.0852761465006,0.0354254858212,-0.492805808032,-0.0940584980785,-0.202481361223
0.0890967424694,-0.172725699246,0.0190463227734,0.000751216654986,-0.253327573821,-0.0201104114183,0.29834746341,-0.00893193687503,0.0133881763475,0.120999695316,0.110965084835,-0.0524366499097,0.0200237894828,-0.0480509937869,0.115051251727,0.02520446085,-0.0154878427043,-0.0595762021766,0.120484001327,0.00176852563394,0.0382690918297,0.0112806524808,0.0586281967411,0.137891200401,0.0852918432429,0.0354350715777,-0.492825564793,-0.0940578913589,-0.202490298809
0.089126733288,-0.172728309252,0.0190562333861,0.000737334819642,-0.253361369939,-0.0201084394279,0.298410881603,-0.0089379751199,0.0133610514617,0.121043708539,0.110993787762,-0.0524405647437,0.0200341851977,-0.0480417065757,0.115093160644,0.0251844750265,-0.0154902612462,-0.0595576944105,0.12051877983,0.00175613404898,0.038266367763,0.0112677809219,0.0586521169118,0.137934848073,0.0853236974646,0.0354583546628,-0.49288165806,-0.0940537881471,-0.202509885041
0.0891399207654,-0.172726055792,0.0190651433751,0.000709598315942,-0.25337062012,-0.0201154286496,0.298430433824,-0.00893917730548,0.0133673748224,0.121093011587,0.111003195495,-0.052444187291,0.0200358996029,-0.0480444319267,0.115110841832,0.0251706034399,-0.0154746523424,-0.059583334659,0.120534134573,0.00175999235167,0.0382712733597,0.0112752663189,0.0586583975668,0.137951878695,0.0853355658343,0.0354719090502,-0.492891543202,-0.0940467616895,-0.202511162269
0.0891495183334,-0.172729790563,0.0190689145848,0.000705705017572,-0.253380557939,-0.0201112028375,0.298444388133,-0.00894146650365,0.0133566255262,0.121102313705,0.111010304064,-0.052447357962,0.0200408396238,-0.0480521062586,0.11512046954,0.0251738514379,-0.0154694320563,-0.0595860482475,0.120549211252,0.00175258374061,0.0382682515401,0.0112943984018,0.058665095825,0.137965063085,0.0853458903504,0.0354755612371,-0.492915091119,-0.0940473639563,-0.20251794374
0.0891619140105,-0.172730878674,0.0190787987317,0.0007114043018,-0.253392940748,-0.0201137750903,0.298469922857,-0.00892997111761,0.0133492974773,0.12110174457,0.111016707978,-0.0524392277503,0.020045541513,-0.0480518736195,0.11513174798,0.0251806204357,-0.0154628938007,-0.0595684703613,0.120563340671,0.00174880720749,0.0382612839783,0.0113079546787,0.0586729475022,0.13798545685,0.0853640757835,0.0354824403823,-0.492939699456,-0.0940461938413,-0.202526992595
0.0891751624728,-0.172736323014,0.0190787090823,0.000715934725596,-0.25340400562,-0.0201209544953,0.298499163031,-0.00892787853371,0.0133522269671,0.121101330335,0.111026983488,-0.0524322061463,0.0200425714713,-0.0480408125203,0.115148957423,0.0251620930586,-0.0154517872904,-0.0595447198143,0.120580917,0.00175287480152,0.0382353785657,0.0113018047554,0.0586799893995,0.138001239353,0.0853777192594,0.0354936005018,-0.4929769657,-0.0940477297331,-0.2025415296
0.0891880426469,-0.172737125217,0.0190708909462,0.000724484197958,-0.253412427023,-0.0201221225823,0.29852487975,-0.00892181947537,0.0133476036954,0.121117894893,0.111038860939,-0.0524400663616,0.0200383664431,-0.0480283792135,0.115160070509,0.0251487257064,-0.0154414452971,-0.0595301929871,0.120595444782,0.00175939023235,0.0382111123106,0.0112860160394,0.0586815327535,0.138014173596,0.0853922125155,0.0355115554388,-0.49300235331,-0.0940439103478,-0.20255034855
0.0891948188117,-0.172742205685,0.0190680900054,0.000710735206279,-0.253420658111,-0.0201216290189,0.298550316478,-0.00892158337739,0.0133353492123,0.121115896187,0.11104943827,-0.0524470469732,0.0200409483044,-0.0480323973555,0.115174491799,0.0251465464566,-0.0154444322828,-0.0595276201807,0.120609866272,0.00175032624816,0.0382141096888,0.011291326394,0.0586848985371,0.138025436375,0.0854009509097,0.0355156338075,-0.493026420076,-0.0940455879829,-0.202560681921
0.0892081451497,-0.172728859253,0.0190777036088,0.000696981139608,-0.253419537761,-0.0201098786139,0.298568582143,-0.00892114295421,0.0133355794622,0.121142026725,0.111060741172,-0.05245292829,0.0200427621572,-0.0480226145695,0.115193594085,0.025143142223,-0.0154209305362,-0.0595323969564,0.120620842633,0.00175956141151,0.0382267266244,0.0112830722996,0.0586896642443,0.138040315054,0.08541685203,0.0355284194198,-0.493027277472,-0.0940353633129,-0.202557349141
0.089239220643,-0.172737515268,0.0190804768811,0.000704385678273,-0.253461353855,-0.0201077640939,0.298634852323,-0.00890973364732,0.0133222702861,0.121126735541,0.11109177358,-0.0524557611424,0.0200365266494,-0.0480196529221,0.115233202236,0.0251247246529,-0.0154215101245,-0.0594865190362,0.120666962656,0.00174806608169,0.0382021426115,0.0113046897984,0.0587121859461,0.138081952318,0.0854532846986,0.0355455747174,-0.49310296055,-0.0940392678619,-0.202588655968
0.0892526012167,-0.172741034913,0.0190725405926,0.000705517202483,-0.253473363242,-0.0201120037704,0.298663175235,-0.0089050104786,0.0133217770136,0.121131653623,0.111106756973,-0.0524498686817,0.0200400000298,-0.0480141987979,0.115243413105,0.0251080441891,-0.0154310874324,-0.0594697465636,0.120685670735,0.00174989506662,0.0381929815047,0.0113084091729,0.0587119542074,0.138093902062,0.0854676997423,0.0355575855529,-0.493135396238,-0.0940422899311,-0.202603485556
0.0892747831994,-0.172752875481,0.0190672107539,0.000737507720312,-0.253506934809,-0.0201240701217,0.298712115997,-0.00890284462565,0.0133218022373,0.121106620466,0.111128738834,-0.0524549204118,0.0200252177485,-0.0479998532153,0.115259086593,0.0250834733248,-0.0154502971924,-0.0594251028234,0.120712529237,0.00173929542775,0.0381584151477,0.0113149930612,0.0587184610629,0.138114823888,0.0854928540865,0.0355657684174,-0.493205016872,-0.0940547874758,-0.202635967817
0.0892942472516,-0.172755328453,0.0190820989112,0.0007446942517,-0.253525230838,-0.020109111129,0.298748149857,-0.00889990467108,0.0133065550875,0.121099134917,0.111147226195,-0.0524526696273,0.0200213542431,-0.0479969629457,0.11527940626,0.0250741099287,-0.0154427771518,-0.0594017579904,0.120739394214,0.00174260583862,0.0381413787516,0.0113279478909,0.0587327210885,0.138137916336,0.0855152116439,0.0355759183584,-0.493246242326,-0.0940556073553,-0.202650573627
0.0893197211109,-0.17275920672,0.0190917748815,0.000754816616572,-0.25354662017,-0.020096599025,0.2987932402,-0.00890037738985,0.0132893027911,0.121112321012,0.111168349147,-0.0524505189272,0.0200091327224,-0.0479776831268,0.115310836075,0.0250640568597,-0.0154274579378,-0.0593749811542,0.120771465835,0.0017455624978,0.0381274563458,0.0113311022968,0.0587512161085,0.138169792666,0.0855441727893,0.0355943985781,-0.493290131542,-0.0940532035487,-0.202668488734
0.0893205002336,-0.172755585491,0.0190848256439,0.000758830098309,-0.253544396792,-0.0201065913985,0.298801255033,-0.00890270751715,0.0132997892324,0.121127476499,0.111172442179,-0.0524535694973,0.0199977558391,-0.0479673595874,0.115311553833,0.0250447375036,-0.015438587489,-0.0593879194937,0.120767102945,0.00175280155745,0.0381281165286,0.0113074514531,0.0587444675182,0.138166468942,0.085543953172,0.0356001539131,-0.49329304764,-0.0940551039444,-0.202673149785
0.0893487695931,-0.172751234555,0.0190908683651,0.000740990886994,-0.253560516481,-0.020102890372,0.29884990451,-0.00890282030409,0.0132852976811,0.121146863419,0.111198720688,-0.0524466249721,0.0200100158764,-0.0479458159312,0.115350682267,0.0250319496997,-0.015430044511,-0.0593741026644,0.120794478741,0.0017530199163,0.0381161715979,0.0113059057991,0.0587653185514,0.138202075354,0.0855754792096,0.0356231832049,-0.493323873288,-0.0940459416781,-0.202683846759
0.0893500128879,-0.172748818565,0.0190709374891,0.000753979784772,-0.25356002482,-0.0201079861679,0.298858037435,-0.00890504264918,0.0132973943863,0.121140787769,0.111201334309,-0.0524436094718,0.020010195166,-0.0479316699147,0.115348688235,0.0250113038418,-0.0154459804321,-0.0593694418943,0.120793987484,0.00175776988126,0.0380942811439,0.0112842360833,0.0587597002813,0.138199891606,0.0855773880744,0.0356278057201,-0.493334645924,-0.0940506092035,-0.202691195307
0.0893716418416,-0.172754171469,0.0190836634345,0.000751125523785,-0.253578974022,-0.0200972084459,0.298889306798,-0.00890143457099,0.0132737404166,0.121144885746,0.111221265052,-0.052438873593,0.0200184807074,-0.0479339205924,0.115376654251,0.0250249273146,-0.015430895749,-0.0593471220897,0.120818712983,0.00174099177917,0.0381015542708,0.0113049998141,0.0587750357647,0.138228860456,0.0856036468677,0.0356386349998,-0.493369401203,-0.0940475352532,-0.202702811737
0.0894029989944,-0.172757224732,0.019098539011,0.00074934978611,-0.253612446512,-0.020089737963,0.298952604945,-0.00889728717298,0.013247235754,0.121151969925,0.111250737694,-0.0524402774207,0.0200211323833,-0.0479307440645,0.115418625477,0.0250135789358,-0.0154149475702,-0.0593128530011,0.120857382367,0.00173053196014,0.0380861554256,0.0113283379604,0.0588006098925,0.138272959956,0.0856422401284,0.0356554906089,-0.493431309198,-0.0940453731545,-0.202726158332
0.0894313049024,-0.172761208719,0.0190934117487,0.000765208678154,-0.25364222373,-0.0201000133521,0.299016991919,-0.00890243926751,0.0132535017252,0.121166676531,0.111280364508,-0.0524475465823,0.0200104284828,-0.0479074669221,0.115445364702,0.0249865561613,-0.0154254953572,-0.0592826851222,0.120889115894,0.00174165043547,0.0380513512307,0.0113215830471,0.0588117871957,0.138303027487,0.0856720778878,0.0356749936961,-0.493499517561,-0.0940507993751,-0.202755990046
0.0894554614146,-0.172768004489,0.0190972369352,0.000783735239629,-0.253671742603,-0.0200993331724,0.299069707563,-0.00889507590589,0.0132527741379,0.121161657744,0.111307024108,-0.0524516113586,0.0200037743393,-0.0478837599952,0.115471890951,0.0249721009687,-0.0154321078707,-0.059252324162,0.120920244533,0.00173217861785,0.0380241784948,0.0113217576477,0.0588277251329,0.138332168721,0.0857009281608,0.035687262154,-0.493560722716,-0.0940558114751,-0.202783615931
0.0894737774835,-0.172774124715,0.0190923594406,0.000798142468911,-0.253691846628,-0.020100927274,0.299107190396,-0.0088888698824,0.013249814783,0.121154506832,0.111325113827,-0.0524557589056,0.0200040090956,-0.0478679460449,0.115489259136,0.0249566259618,-0.0154404038825,-0.0592215789548,0.120942037815,0.00172708915406,0.0380023933949,0.0113167617017,0.0588232235495,0.138347364121,0.0857211853468,0.0356977589936,-0.493605048759,-0.0940633616173,-0.202804609336
0.0894984262018,-0.172776669893,0.0190972667739,0.000811150178341,-0.253725908909,-0.0201004883399,0.299161086173,-0.00888318276825,0.0132380495492,0.12112903541,0.111352600425,-0.0524505321629,0.0199951682174,-0.0478502023711,0.115521504783,0.024942901389,-0.0154421300882,-0.059174917904,0.120974618957,0.00171701875515,0.0379803768675,0.0113234304807,0.0588406414836,0.138380495209,0.0857502910577,0.0357137004768,-0.493667633021,-0.0940666046878,-0.202830203369
0.0895188693932,-0.172787814298,0.0191149222802,0.000816444163773,-0.25375469868,-0.0200914957401,0.299194640286,-0.00887289745992,0.0132143368375,0.121088343853,0.111371628418,-0.0524461959485,0.0199973321433,-0.0478510867316,0.115544896782,0.0249464346762,-0.0154251467559,-0.0591372449082,0.121007201674,0.00169832167224,0.0379718125486,0.0113687205954,0.058864650931,0.138412148876,0.0857751058198,0.0357127697718,-0.493721599988,-0.0940703798625,-0.202851102395
0.0895376521502,-0.172785156664,0.0191090384323,0.000813681269301,-0.253772794145,-0.0200819686802,0.29922945463,-0.0088650454527,0.0131974017369,0.121097438408,0.111388722034,-0.0524513182073,0.0199979088158,-0.0478384126329,0.115565593617,0.0249371941906,-0.0154137200778,-0.0591196622138,0.121024732461,0.00169172556072,0.0379720840419,0.0113672929845,0.0588767515112,0.138436308844,0.0857967934052,0.0357297265023,-0.493753006017,-0.0940676085113,-0.202862350054
0.0895706675457,-0.17278786217,0.0191086543742,0.000807358933434,-0.253798098874,-0.0200804631211,0.299295707563,-0.00885793375342,0.0131944169034,0.121136520722,0.111419982618,-0.0524530292155,0.0199931402296,-0.0478190442916,0.115602599097,0.0249122227565,-0.0154077649001,-0.0590990632373,0.121058706597,0.00169027036082,0.0379457996192,0.0113580773815,0.0588891800375,0.138474013587,0.085832682333,0.0357589236526,-0.493814122984,-0.094065602937,-0.202886941179
0.0895978400931,-0.172794769966,0.019093736587,0.000823032407311,-0.253827705165,-0.0200996633407,0.299357487893,-0.00885662280249,0.0132054228852,0.12114930388,0.111448399217,-0.0524554004931,0.0199817581583,-0.0478014472614,0.11563035695,0.0248756490617,-0.0154279445043,-0.0590661623907,0.121088201777,0.00168975651651,0.0379104480523,0.0113447092013,0.0588974369633,0.138501941057,0.0858620874251,0.0357781980738,-0.493886712789,-0.0940740089256,-0.20292028429
0.0896225029549,-0.172809092864,0.0191002658537,0.000836280541995,-0.253869420866,-0.0200982748392,0.299414360386,-0.00884121907608,0.0131889184767,0.121126557125,0.111476352551,-0.0524527921772,0.0199733999933,-0.0477976231703,0.115662290667,0.0248649350467,-0.0154256251772,-0.059029667815,0.121125446194,0.00167222906615,0.0378785660984,0.0113636252824,0.0589152696082,0.138536468345,0.0858913419936,0.035790253043,-0.493959577048,-0.0940809834044,-0.20295131173
0.0896496886633,-0.172811938076,0.0190876265742,0.000842549322369,-0.253894668865,-0.0201018185354,0.299470880456,-0.00883985691371,0.0131895172582,0.121135858922,0.111504654898,-0.0524540467832,0.0199681263628,-0.0477845403946,0.115693828573,0.0248423720078,-0.0154293927056,-0.058999005048,0.121155460525,0.00166405270126,0.0378620683947,0.0113612879334,0.0589215597307,0.138564335397,0.0859228662622,0.035812099626,-0.494017686337,-0.0940817472063,-0.202976577343
0.0896615692339,-0.172811680168,0.0190937890412,0.000832794697633,-0.253903964733,-0.0200923175486,0.299487812997,-0.00883738833807,0.0131788724268,0.121150117756,0.111514435236,-0.0524541231232,0.0199676509051,-0.0477777819663,0.11570685647,0.0248447379581,-0.0154250049972,-0.058992140419,0.121169656643,0.00166343131703,0.0378661736452,0.0113595508497,0.0589225248228,0.13857678611,0.0859363004318,0.0358195136631,-0.49403548824,-0.0940816188707,-0.202982510474
0.0896879451463,-0.172815211923,0.0190826401447,0.000848067530421,-0.253928087968,-0.0200938391845,0.299542600655,-0.00883433446192,0.0131746773655,0.121139336412,0.111540819601,-0.0524473556625,0.0199534832969,-0.047754619179,0.115732719189,0.0248266807989,-0.0154320631262,-0.0589553014198,0.121201159961,0.00166298981738,0.0378325090125,0.0113619739238,0.0589336158086,0.138604157553,0.0859670593232,0.0358374786048,-0.494100721156,-0.0940897673828,-0.203012732646
0.0896944191398,-0.172819176578,0.0190816618311,0.000870158881219,-0.25393410252,-0.0200957397023,0.29956133801,-0.00882596926924,0.0131760461036,0.121122146886,0.111547096056,-0.05242955289,0.0199516370166,-0.0477458909937,0.115736194837,0.0248178675438,-0.0154401265107,-0.0589315879658,0.121208991839,0.0016732763883,0.0378065326921,0.0113584509079,0.0589341521451,0.138608876997,0.0859738305915,0.0358393191116,-0.494126372392,-0.0940951899527,-0.203025421275
0.0897077645472,-0.172823595204,0.0190665278618,0.000879419357396,-0.253947726538,-0.0200986819194,0.299589658011,-0.00882300342646,0.0131768116614,0.121118320594,0.111560833819,-0.0524333519726,0.0199482465858,-0.047749103259,0.115746536306,0.0248042050769,-0.0154477197767,-0.0589096570052,0.121223357437,0.00166599446381,0.0377971566832,0.0113652963202,0.0589366414084,0.138621423678,0.0859881815538,0.0358465225596,-0.494163728329,-0.0940997387302,-0.203041402504
0.0897222826598,-0.172819839358,0.019073431544,0.000868118020854,-0.25395028343,-0.020100642444,0.299612240224,-0.00881714173123,0.0131724956482,0.121147804302,0.111572915387,-0.0524307887782,0.0199547220807,-0.047743778126,0.115764738566,0.0248018076187,-0.0154351120705,-0.0589077607889,0.121237835528,0.00166582925156,0.0377925254596,0.0113651618912,0.0589385057637,0.138635921942,0.0860055965539,0.0358569793762,-0.494178809112,-0.0940964569118,-0.20304957544
0.0897376806696,-0.172818544569,0.0190675064582,0.000873654156401,-0.253954549773,-0.0201065836734,0.299642513849,-0.00881878542677,0.0131802128367,0.121168065566,0.111588016102,-0.0524331745718,0.0199516820621,-0.0477281026278,0.115783062335,0.0247826750916,-0.0154338893037,-0.0588992024303,0.121250910432,0.0016714578355,0.037779308579,0.0113526177413,0.0589442239575,0.138651742204,0.0860253156286,0.0358742899757,-0.494207550103,-0.0940955985546,-0.203062046673
0.0897457927986,-0.172823321185,0.0190657985442,0.000885780060952,-0.253970186995,-0.0201145160028,0.29966487433,-0.0088201809649,0.0131787295961,0.121152355205,0.111597475033,-0.052431902873,0.0199474739827,-0.0477200927276,0.11578762721,0.0247681391668,-0.015442477825,-0.0588824989537,0.121259842442,0.00166185654272,0.0377632944376,0.011351937212,0.0589460130751,0.138660923758,0.08603384358,0.0358772184268,-0.494243114086,-0.0941033479238,-0.203078188359
0.0897547937388,-0.172828593655,0.019066624555,0.000890859111767,-0.25398451658,-0.0201155309003,0.299683827252,-0.00881727913189,0.0131758610581,0.121156499021,0.111602657799,-0.0524376696177,0.0199418366829,-0.0477106834393,0.11579811036,0.0247642729971,-0.0154466593729,-0.0588873472196,0.121271708676,0.00166393093892,0.0377604317285,0.0113557843065,0.0589486024487,0.138670562931,0.0860424019178,0.0358854714135,-0.494265061747,-0.094104884704,-0.203088502209
0.0897606309791,-0.172829738617,0.0190688205547,0.00087727239735,-0.253988084272,-0.0201176650646,0.299694767038,-0.00881469332076,0.0131746286862,0.121174922564,0.111607334284,-0.0524483242457,0.0199508388464,-0.0477067464474,0.115805426372,0.0247658858959,-0.0154469009487,-0.0588907715843,0.121272719787,0.0016619946442,0.0377708523588,0.0113383989372,0.0589519684109,0.138679180223,0.0860479272751,0.0358921616593,-0.494267705063,-0.0941016557105,-0.203089702956
0.089770780173,-0.17282980005,0.0190717496321,0.000868444036661,-0.253993953632,-0.0201137749369,0.299709485208,-0.0088109961525,0.013167950371,0.12119272298,0.111613194021,-0.0524469809604,0.019960207921,-0.0477009586262,0.115819260884,0.0247611852865,-0.015438419385,-0.058891819074,0.121282788645,0.00166047314118,0.0377727062993,0.0113415409865,0.0589537687123,0.138690129294,0.0860589594885,0.0359053041813,-0.494280685336,-0.0940975542301,-0.203092611958
0.0897887156204,-0.1728405733,0.0190767356051,0.00085842901994,-0.254016070296,-0.0201171986999,0.299750164139,-0.00880890428376,0.0131615138535,0.121199529523,0.111630403822,-0.0524517786117,0.0199521892771,-0.0477017903665,0.115841065687,0.0247568281587,-0.0154375226006,-0.0588720811527,0.121308423113,0.00166065218317,0.0377701515668,0.0113490081957,0.0589629746298,0.138713620973,0.0860795431191,0.0359121338325,-0.494326761486,-0.0941010814158,-0.203111812883
0.0898192152182,-0.172848934169,0.0190657370484,0.000882015308204,-0.254047299531,-0.0201280245078,0.299814674314,-0.00880790604026,0.0131593933264,0.121213704311,0.111658748378,-0.0524509844977,0.0199427648879,-0.0476796880185,0.115869674088,0.024719269492,-0.0154482997879,-0.0588330401946,0.121342701077,0.00166402532278,0.03772998284,0.011338062731,0.0589725733773,0.1387478819,0.0861136251263,0.0359345335128,-0.494404718155,-0.0941071506961,-0.203145051227
0.0898349826488,-0.17285167528,0.0190564851406,0.000890821316056,-0.254070282842,-0.0201399351759,0.299861128998,-0.00879593612151,0.0131616911364,0.121206907252,0.111682471518,-0.0524467069637,0.0199324143932,-0.0476669818121,0.115884067548,0.0247010317924,-0.0154617965753,-0.0588079856471,0.121363144714,0.00166255528077,0.0376974322084,0.0113261447952,0.0589774330406,0.138766266924,0.086131850289,0.0359468928171,-0.494452879335,-0.094113265724,-0.203167636818
0.0898506749852,-0.172854045233,0.019064340683,0.000889415300212,-0.254088004681,-0.0201419263513,0.299889262143,-0.00879364030695,0.0131505427255,0.121204811177,0.111699026473,-0.0524415798281,0.0199283835502,-0.0476612489406,0.115901221975,0.0247008437411,-0.0154577822282,-0.0587930493408,0.121382721342,0.00166134202185,0.0376855343799,0.011333531,0.0589831466526,0.138784399893,0.0861504134565,0.0359553164751,-0.494482633405,-0.0941134687225,-0.203180270641
0.0898738762327,-0.172852853535,0.019070692659,0.00087333800269,-0.254104551285,-0.0201420945946,0.299928308222,-0.00879224527952,0.0131410564813,0.121234308943,0.111715521002,-0.0524386375741,0.0199282628855,-0.047657145829,0.115928041986,0.0246858610316,-0.0154434034612,-0.0587744139513,0.121408527568,0.00166142155976,0.0376862105176,0.0113371106148,0.0589959375311,0.138814526101,0.0861764932802,0.0359725601355,-0.49452138693,-0.0941092131264,-0.203194062694
0.0898934840059,-0.172857833151,0.0190739241616,0.000878362893475,-0.254129920229,-0.0201420520976,0.299970957333,-0.0087907275374,0.0131316379775,0.121216128785,0.1117362213,-0.0524340284473,0.019928417991,-0.0476467893632,0.115949677159,0.0246790530746,-0.0154434028801,-0.058745887808,0.121434398751,0.00164674090985,0.0376634515037,0.0113495666801,0.0590087048746,0.138840408281,0.0861990146531,0.03598281591,-0.494576065718,-0.0941123875961,-0.203216396992
0.0899127312394,-0.172856057736,0.01907159434,0.000877226485364,-0.25414959128,-0.0201420513223,0.300011997901,-0.00878999379796,0.0131252212661,0.121225787558,0.11175747117,-0.0524406849544,0.0199246906135,-0.0476303766874,0.115969930233,0.0246596276065,-0.0154350494709,-0.058735564448,0.1214531272,0.00165001156982,0.0376545465907,0.0113398742217,0.0590164947085,0.138862631526,0.0862204521994,0.0359971328487,-0.49461485905,-0.094111662926,-0.203232011572
0.0899165900379,-0.172853209245,0.0190732085563,0.000854850783796,-0.254148157057,-0.0201349517208,0.300015533424,-0.00879146557726,0.0131236989839,0.121249653576,0.111760624099,-0.0524486061436,0.0199298826259,-0.0476332199459,0.115977265934,0.0246674836082,-0.0154191258557,-0.0587446810895,0.121455480556,0.00164741363008,0.0376621977624,0.0113392540415,0.0590174012008,0.138867829253,0.0862247420991,0.0360023287187,-0.494611228077,-0.0941066175656,-0.203230146421
0.0899376675915,-0.172850754774,0.0190826928621,0.000850970601585,-0.254168788237,-0.020134672893,0.300055211503,-0.0087880236459,0.0131075769876,0.121263234462,0.111778344927,-0.0524510040544,0.0199331925851,-0.0476238725413,0.116004954512,0.0246533486233,-0.0154040954408,-0.058732593149,0.121480572004,0.0016488775288,0.0376540185664,0.0113433600325,0.0590279941828,0.138894566821,0.0862491723526,0.0360172465967,-0.494650757806,-0.0941046855104,-0.203245942292
0.0899480010405,-0.172849927933,0.0190790654266,0.000854122868295,-0.25417672585,-0.0201294456627,0.300074950074,-0.0087914958683,0.0131053690319,0.121280362181,0.111787175044,-0.0524500332368,0.019927588863,-0.0476164600925,0.116015149648,0.0246428193185,-0.0153991250699,-0.0587261781096,0.121493153564,0.00165998324431,0.0376480461884,0.0113341925363,0.0590340127403,0.138906620912,0.0862608916474,0.0360264532154,-0.494669321905,-0.0941049858275,-0.20325518509
0.0899511185048,-0.172855897922,0.0190875139346,0.00086203109905,-0.254189345014,-0.0201380247795,0.300085217981,-0.00878651966335,0.0131024404447,0.121266535852,0.111787241946,-0.0524522000732,0.0199248060224,-0.0476143302307,0.116014606416,0.0246426158985,-0.0154099360495,-0.0587161638159,0.121497308526,0.00165067833947,0.0376388046461,0.0113334844631,0.0590371079377,0.138909971677,0.0862640376824,0.0360249166234,-0.494692286673,-0.0941115266919,-0.203265402716
0.0899677818959,-0.172859108153,0.0190840584337,0.000866214856288,-0.254201281813,-0.0201390762515,0.300116090003,-0.0087880579816,0.0131020164541,0.121269984367,0.111801944801,-0.0524554630393,0.0199208404699,-0.0475999464459,0.116033569565,0.0246311760882,-0.015416333556,-0.0586981304974,0.121513453459,0.00165069931378,0.0376310482861,0.0113308029224,0.0590413840161,0.138927356009,0.086281774514,0.0360394232705,-0.494726951643,-0.094112962794,-0.203280572236
0.0899774987062,-0.172863306616,0.0190809374492,0.000874497136415,-0.2542208183,-0.0201417697048,0.300140766233,-0.00878327436292,0.0131001481757,0.121266684314,0.111813200149,-0.0524526378763,0.0199156570382,-0.0475994298449,0.116045415949,0.0246241101178,-0.0154229248783,-0.058690447301,0.121529153644,0.00164349507919,0.0376323290728,0.011345301708,0.0590424954022,0.138938220634,0.0862929558085,0.0360449710037,-0.494756243482,-0.0941174447865,-0.203294986725
0.089988268818,-0.172869708983,0.0190735749367,0.000889171696275,-0.254238351903,-0.0201516181651,0.300169588456,-0.00878281374169,0.0130996257275,0.121258605302,0.111825721363,-0.0524575266214,0.0199000364074,-0.0475912128406,0.116054718566,0.0246065385609,-0.0154298473186,-0.0586780433316,0.121541807295,0.00163652565006,0.0376163862559,0.0113459296139,0.0590474907088,0.138950260643,0.0863058514941,0.0360534784188,-0.494793181796,-0.0941230171781,-0.203311653833
0.0900087226178,-0.172876552628,0.0190715458892,0.0008977132572,-0.254264441591,-0.0201540042681,0.300213061667,-0.00877401169049,0.013096504104,0.121254954195,0.111844295899,-0.0524542952533,0.0198893166682,-0.047585251774,0.116074772745,0.0245928979701,-0.0154335595333,-0.0586507461228,0.121568867917,0.00162619659734,0.0376016252459,0.0113566223679,0.0590583675347,0.138973536112,0.0863291948855,0.036064749418,-0.494848671316,-0.0941292056243,-0.203335756086
0.0900271166701,-0.172884935756,0.0190652501653,0.000903065573178,-0.254287147236,-0.0201532540642,0.300253138133,-0.00877167404504,0.0130907758992,0.121255160354,0.111861967248,-0.0524588895248,0.019883411395,-0.0475685687376,0.116096239231,0.0245753644925,-0.0154339146824,-0.0586266992925,0.121591198884,0.00161816338525,0.0375812841072,0.0113466437119,0.0590662856088,0.138994462879,0.0863502520138,0.0360766372654,-0.494896200075,-0.0941334235207,-0.203357098247
0.0900493680306,-0.172889480322,0.019063593221,0.000912473871652,-0.25430887172,-0.0201570837504,0.30029903912,-0.00876187725055,0.0130886612364,0.121252671053,0.111884219829,-0.0524566479453,0.0198801604411,-0.0475559289678,0.116118237715,0.0245607943285,-0.0154415823975,-0.0585955198678,0.121618517029,0.00162063254827,0.0375612214912,0.0113459105093,0.0590792513498,0.139021634276,0.0863756046584,0.0360897654122,-0.494952315095,-0.0941374132927,-0.203380601563
0.090064897769,-0.172893253794,0.019063415305,0.000910714744924,-0.254317732386,-0.0201555106608,0.30033257409,-0.00875813509751,0.0130920663175,0.121263610039,0.111897675977,-0.0524569494673,0.0198772133484,-0.0475464482826,0.116134352561,0.0245456871083,-0.0154506758551,-0.0585719829114,0.121631488026,0.001614178804,0.0375459982274,0.0113370107167,0.0590676293531,0.139029728094,0.0863917604319,0.0361000448632,-0.494982674705,-0.0941422200924,-0.203396485835
0.0900833164764,-0.172903466491,0.019060616109,0.000911867037788,-0.254345334324,-0.0201635109567,0.300375166681,-0.0087581334266,0.0130835082818,0.121256673601,0.111916203946,-0.0524572889739,0.0198756160287,-0.0475430404069,0.116155891364,0.0245260082542,-0.0154533401254,-0.0585356221372,0.121656972047,0.00160249843046,0.0375223007324,0.0113450132971,0.059077934976,0.139052855156,0.0864137852439,0.0361104386587,-0.495037697777,-0.0941493194215,-0.203422784222
0.0900997414156,-0.17291353844,0.0190686451316,0.000912903185932,-0.254370531669,-0.0201649873313,0.300412284666,-0.00875694464046,0.013067976605,0.121247452415,0.111933427162,-0.0524622903092,0.0198734739481,-0.0475400949946,0.116172731302,0.0245239162674,-0.0154511039754,-0.058515876314,0.121678931982,0.00159222826255,0.0375111058805,0.0113550658244,0.0590894250256,0.139074643698,0.086432171456,0.0361153476927,-0.495086630701,-0.0941552609488,-0.203444063366
0.0901228424783,-0.172917420927,0.0190629630752,0.000924360495285,-0.254397537674,-0.0201654521981,0.300461924996,-0.00875604766133,0.0130548426859,0.121249208819,0.111957157213,-0.0524704174584,0.0198792605353,-0.0475275938756,0.116199320095,0.0245054613949,-0.0154520233901,-0.0584943905915,0.121708135518,0.0015862702129,0.0374947320183,0.0113675927539,0.0591007040403,0.139103163074,0.0864588589464,0.0361305100536,-0.495142868323,-0.0941585894891,-0.203468791415
0.0901461176721,-0.172929724659,0.0190595060362,0.000935951877929,-0.254431247519,-0.0201719825049,0.300514912698,-0.00875620778537,0.013046909716,0.121250498981,0.11198033202,-0.0524775986247,0.0198716084454,-0.0475227327491,0.116225962207,0.0244894239319,-0.0154580929702,-0.058465177624,0.121739559199,0.00157786224402,0.0374774502027,0.0113682068461,0.0591120118947,0.139132414036,0.0864862194224,0.036144411614,-0.495210723919,-0.0941660922231,-0.203498459867
0.0901465898058,-0.172929309005,0.0190566781706,0.000931011259047,-0.254433846122,-0.0201718171533,0.30051921608,-0.00875681431367,0.0130541804398,0.121255425334,0.111981199608,-0.0524816583718,0.0198691627559,-0.0475265675484,0.116227372404,0.0244836390621,-0.0154656112019,-0.0584647395191,0.121737956572,0.00157865522478,0.0374773600716,0.0113655808819,0.0591092117335,0.139131525257,0.0864868075665,0.0361468302802,-0.495216185716,-0.0941684101219,-0.203502816626
0.0901620641114,-0.172932447721,0.0190637067473,0.000938830335717,-0.254449647982,-0.0201679785627,0.300548879033,-0.00875516048912,0.0130421251471,0.121249997274,0.111997823598,-0.0524767808872,0.019874807544,-0.0475184243865,0.116245504347,0.0244796984388,-0.0154521864591,-0.0584475437552,0.121759335876,0.00157017719673,0.037465803457,0.0113773815522,0.0591184776848,0.139151448906,0.0865060693887,0.0361571454634,-0.495247822273,-0.0941684213466,-0.203516727546
0.0901846432648,-0.172947432492,0.0190750324914,0.000943810774915,-0.254481179534,-0.0201677252054,0.300597641381,-0.00874517849137,0.0130219423776,0.121235527941,0.112018349839,-0.0524694464362,0.0198721475341,-0.04752438267,0.116275615581,0.0244813518887,-0.0154504519207,-0.0584121741984,0.121794076218,0.00155276913838,0.0374506476557,0.0114028131083,0.0591353753773,0.139183519474,0.0865340564388,0.0361667090312,-0.495312132976,-0.0941733081014,-0.203543336674
0.0901932973754,-0.172948149116,0.0190696736979,0.000953310698018,-0.254492310783,-0.0201651813101,0.300617927848,-0.00874215293397,0.0130144448326,0.121222295425,0.112026258883,-0.0524694351451,0.0198713295261,-0.047519522674,0.116281002627,0.0244762709326,-0.0154570337053,-0.0583931840108,0.121804479384,0.0015579022361,0.0374445318418,0.0114118481539,0.0591358554695,0.139192001155,0.0865445382989,0.0361730754578,-0.495341432731,-0.0941777061709,-0.203555520442
0.0902004153823,-0.172954111088,0.0190717650867,0.000954460179716,-0.254504860878,-0.0201646806813,0.300631919411,-0.00874309211588,0.0130083218921,0.121228482089,0.11203430025,-0.0524722911698,0.0198711346919,-0.0475236993136,0.116290588835,0.0244785485675,-0.0154574833678,-0.0583837149769,0.121813474769,0.00155763167968,0.037447605207,0.0114153144361,0.0591409991217,0.139200539223,0.0865532086325,0.0361761456619,-0.49536234125,-0.0941813225546,-0.20356665617
0.0902095942444,-0.172956524638,0.019067313734,0.000957699780624,-0.254514266959,-0.0201646283665,0.300649523551,-0.00874161149102,0.0130040563801,0.121229883211,0.112042007577,-0.0524743932654,0.0198726387396,-0.0475193148208,0.116300239029,0.024474160145,-0.0154617800329,-0.0583719697856,0.12182533159,0.00155942444864,0.0374369348315,0.0114140332505,0.0591437821908,0.13920974448,0.0865634433236,0.0361823485935,-0.495384732309,-0.0941840428621,-0.203576661111
0.090222355171,-0.172960852401,0.0190644187347,0.000948705281976,-0.254527881211,-0.020163137084,0.300676567007,-0.00874344489072,0.0130026264633,0.121244378984,0.112054532026,-0.052482171041,0.019880180256,-0.0475159796449,0.116313850637,0.0244721689216,-0.0154623320277,-0.0583682735851,0.121838597451,0.00155919418017,0.0374279402396,0.0114180342615,0.0591492241028,0.139225616251,0.0865792297705,0.0361927003227,-0.495414087722,-0.0941854094376,-0.203589791479
0.0902303698117,-0.172959360899,0.0190569200645,0.000946527339033,-0.254531660948,-0.0201629860208,0.300691607249,-0.00874430399029,0.0130134730677,0.121254078012,0.11206136461,-0.0524822180083,0.0198758362251,-0.0475047779694,0.116320476776,0.0244580017519,-0.0154655811291,-0.0583629135049,0.121846303187,0.00156326287136,0.0374208230059,0.0114076708486,0.0591478499258,0.139231321868,0.0865879992254,0.0362005317326,-0.495427700776,-0.0941862525015,-0.203598498664
0.0902465833576,-0.172961259182,0.019049607575,0.000957044092382,-0.254545474889,-0.0201735898546,0.300724624383,-0.00873592167945,0.013018857206,0.121252012625,0.112074850037,-0.0524798090266,0.0198709262293,-0.0474848214119,0.116332569685,0.0244441773129,-0.015467023871,-0.0583433071275,0.121863141008,0.0015750351191,0.037395149022,0.0114044087935,0.0591507680425,0.139245898862,0.086605807189,0.0362117582444,-0.495468964875,-0.0941917351883,-0.203617808828
0.0902676504889,-0.172970712518,0.0190455790044,0.000968982651062,-0.254566922092,-0.0201839157731,0.300768249918,-0.00873399753355,0.0130110970454,0.121245691614,0.112095012187,-0.0524766409638,0.0198644956776,-0.0474727254244,0.116349534716,0.0244290535051,-0.015473939341,-0.0583144566028,0.121885790331,0.0015730052446,0.037367291044,0.0114111247948,0.0591588969111,0.139267721358,0.0866292624878,0.0362247271692,-0.495526741413,-0.0941983252138,-0.203643516295
0.0902730985188,-0.172972618597,0.0190413493259,0.000976941093895,-0.254579441601,-0.0201892005538,0.30078221345,-0.00873202363301,0.0130161492342,0.121251085641,0.112100776064,-0.0524760613738,0.0198621297378,-0.0474628321065,0.116352564585,0.0244197614633,-0.0154844589508,-0.0583099416241,0.12189056409,0.00157856447441,0.0373538900541,0.0114012503484,0.0591561014233,0.139271755797,0.0866344009288,0.0362269894917,-0.495544163243,-0.0942026116048,-0.20365331249
0.0902959269635,-0.172980737891,0.0190594095007,0.00096552456072,-0.25460931892,-0.0201849857935,0.300826702507,-0.00872607806735,0.0129939768762,0.121247608603,0.112120862531,-0.0524696641799,0.0198618572186,-0.0474517904678,0.11638118363,0.0244184986125,-0.015464133553,-0.0582907659504,0.121922593012,0.00156792219447,0.0373409146787,0.0114167445777,0.0591710141307,0.139304409207,0.0866621513632,0.0362381610846,-0.495599089867,-0.0942019151847,-0.203674711005
0.0903150816581,-0.172982792863,0.0190580726427,0.000961077567991,-0.254623284332,-0.0201897239761,0.300862737681,-0.008720919131,0.0129879934061,0.121258222253,0.112138005899,-0.0524773330615,0.0198618166255,-0.047443334733,0.116402546577,0.024408193337,-0.0154583222612,-0.0582845612547,0.121941970158,0.00156960918399,0.0373329174506,0.0114250727423,0.0591782092504,0.139326892429,0.0866837099592,0.0362533188577,-0.49563731507,-0.0942011757022,-0.203689859768
0.0903167159826,-0.172982985898,0.019053652877,0.000961763054205,-0.254625495947,-0.0201870413316,0.300865047239,-0.00872454728067,0.0129827128996,0.121256114398,0.112138670522,-0.0524792112293,0.0198621144472,-0.0474465665441,0.116403167987,0.0244107087876,-0.015447006757,-0.0582868698016,0.12194516322,0.00156794122512,0.0373376742092,0.0114384908776,0.05917702986,0.139327819176,0.0866860588909,0.0362515779202,-0.495641389612,-0.094203021572,-0.203692653143
0.0903375201348,-0.17298677066,0.0190416217192,0.000972224892872,-0.25465135002,-0.0201879503956,0.300910657432,-0.00872595984699,0.0129779128271,0.121255034094,0.112159093005,-0.0524742453653,0.0198504706516,-0.0474346217937,0.116426139221,0.0243913082618,-0.0154572874659,-0.0582649025995,0.12197196189,0.00156140548613,0.0373271371838,0.0114399193006,0.0591855060738,0.139352028633,0.0867095502479,0.0362657914307,-0.495695468626,-0.0942076993389,-0.203716583649
0.0903431073691,-0.172992970005,0.0190408397011,0.000990043502764,-0.254659237833,-0.0201989150147,0.300924134556,-0.00872168896869,0.0129869590672,0.121240604726,0.112166258814,-0.0524703916512,0.019840957312,-0.0474320583016,0.116428692501,0.0243818056378,-0.015467904948,-0.0582458924114,0.121977965365,0.00155746915411,0.0373146003559,0.0114449481728,0.0591824358821,0.139353169161,0.0867157482348,0.0362680475929,-0.495722016007,-0.0942155273166,-0.20372961895
0.0903569347388,-0.17299623416,0.0190442238995,0.000993581259116,-0.254678036988,-0.0201974971025,0.300953919371,-0.00871853531107,0.0129790796025,0.121241710052,0.112182143191,-0.0524659373449,0.0198418131569,-0.0474271811601,0.116444770595,0.0243686335742,-0.0154686618078,-0.058236475115,0.12199766801,0.00155888285214,0.0373033305006,0.011452916949,0.0591873413843,0.139368358637,0.0867317908664,0.036278486336,-0.495757748302,-0.0942193493147,-0.203745729529
0.090372851998,-0.173001084025,0.0190397923544,0.000994088433294,-0.254699920887,-0.0201984350037,0.300991502524,-0.00872155541967,0.0129792267636,0.121239762708,0.112196948638,-0.0524681316486,0.0198359918551,-0.0474171004238,0.11646379178,0.0243522871328,-0.0154683394658,-0.058213769596,0.122015982223,0.00155699094878,0.037281055571,0.011446752488,0.0591924319055,0.139386310085,0.0867496586966,0.0362896830752,-0.495802561885,-0.0942248330462,-0.203766914478
0.0903880343795,-0.173001773608,0.0190283139561,0.00100976629463,-0.254713348397,-0.0202054802172,0.301028559528,-0.00871960893256,0.0129868406933,0.121250572083,0.112213034543,-0.0524724570745,0.0198290144956,-0.0474081078628,0.116474343902,0.0243290722635,-0.0154836118881,-0.0581944566371,0.122029905046,0.00156707278076,0.0372605888182,0.0114251145313,0.0591938868877,0.139400020354,0.0867666187939,0.0363030288111,-0.495845391502,-0.0942308905541,-0.203786913317
0.0904070518573,-0.17300867879,0.0190317428317,0.0010115025759,-0.254737339324,-0.0202072690658,0.301066840243,-0.00871318037664,0.0129767775433,0.121253624025,0.112232690197,-0.0524667388386,0.0198234563231,-0.0473954204759,0.116496059963,0.0243231130582,-0.0154829650795,-0.0581806195687,0.122053913785,0.00156453209257,0.0372532810411,0.0114328185794,0.0592025338698,0.139423261486,0.0867883805713,0.0363143185563,-0.495890603022,-0.0942343155482,-0.203807722177
0.0904142298292,-0.173006363205,0.0190286507528,0.00100767412845,-0.254740559836,-0.0202139839188,0.30107853483,-0.00870758480309,0.0129868262618,0.121269250761,0.112238138429,-0.0524692014343,0.0198149253926,-0.0473839172014,0.116503449458,0.0243165265946,-0.0154905231028,-0.0581813793012,0.122056712737,0.0015679685667,0.037253090929,0.0114202904723,0.0592038952184,0.13942878451,0.0867953783763,0.0363224873307,-0.495902396096,-0.0942350890641,-0.203814250534
0.0904388109282,-0.173015844423,0.0190289891788,0.00102245206329,-0.254773728653,-0.0202229941371,0.301132326384,-0.00870425155466,0.0129817531397,0.121259413356,0.1122627516,-0.052466973734,0.0198070997366,-0.0473706015781,0.116523970462,0.0242960802091,-0.0154970025294,-0.0581473399213,0.122086678136,0.00156061539966,0.0372195112951,0.0114215921449,0.0592154474517,0.139456419094,0.0868223981271,0.0363342280457,-0.49597382162,-0.0942435429362,-0.20384568467
0.0904505734949,-0.173018909621,0.0190269718906,0.00103020600598,-0.254791931874,-0.0202239907897,0.301164103906,-0.00869669807323,0.0129866897631,0.121255376678,0.112274746403,-0.0524607491129,0.0198004161627,-0.0473615786832,0.116536103554,0.0242911664956,-0.0155083723876,-0.0581313808105,0.12210147294,0.00155759172138,0.0371961945862,0.0114219109571,0.059219275441,0.139470169222,0.0868363541516,0.0363415995386,-0.496012097299,-0.0942479578817,-0.2038632816
0.0904663580585,-0.173025310484,0.0190313589603,0.00102354704393,-0.254814669088,-0.0202234702368,0.301200083356,-0.00869323250564,0.0129712635373,0.121266762023,0.112288810775,-0.0524597620435,0.0198040566666,-0.0473665308337,0.116553824807,0.0242881423353,-0.0154990447832,-0.0581185141534,0.122124572024,0.00155304334138,0.0371971520461,0.0114306199923,0.0592259175817,0.139488797259,0.0868550873282,0.0363518526234,-0.496055397282,-0.0942514052897,-0.203881789852
0.0904753639708,-0.173028727698,0.0190240594751,0.0010317203839,-0.254823825206,-0.0202311181906,0.301222063254,-0.00868910896358,0.0129789302442,0.121268415218,0.112296172973,-0.0524540333828,0.0197960914638,-0.047362727033,0.116562363263,0.0242716281155,-0.0155054916173,-0.0581090087867,0.122132747626,0.00155024127696,0.0371823977718,0.0114265859433,0.0592263164875,0.13949766547,0.0868651342533,0.0363588049238,-0.496084406225,-0.09425525636,-0.203894630251
0.0904810194628,-0.173022833372,0.0190289167204,0.0010243166456,-0.254826599944,-0.0202272271182,0.301230912665,-0.00868363171241,0.012971966806,0.121293043093,0.112300536774,-0.0524532013811,0.019796025749,-0.0473656391761,0.116569773219,0.0242736046929,-0.0154951685981,-0.0581140729035,0.122134464554,0.00155793898095,0.0371932843026,0.0114190546418,0.059227103305,0.139504414995,0.086872604828,0.0363661266037,-0.496088889296,-0.0942522206689,-0.203896157453
0.0904974680639,-0.173026033373,0.0190352451133,0.00101709207182,-0.254840430591,-0.0202285879063,0.301262670722,-0.00868187067034,0.0129646697096,0.121307837444,0.11231351211,-0.0524596405697,0.0197955441655,-0.0473580723146,0.11658753102,0.0242701961463,-0.0154867643686,-0.0581065675589,0.122153710946,0.00155564898482,0.0371885775546,0.0114270412857,0.0592313429237,0.139522968498,0.0868919278733,0.0363791416007,-0.496124734833,-0.0942533190454,-0.203911038818
0.0905081250098,-0.173031135069,0.019030199788,0.00101967335001,-0.254851240646,-0.0202287873726,0.301284768979,-0.00868058366332,0.0129589274478,0.121311559234,0.112324205022,-0.0524621809488,0.0197920617594,-0.0473538747532,0.116598938066,0.0242603962701,-0.0154927283522,-0.0580996985427,0.122164889164,0.00155348502647,0.0371820397898,0.0114308065995,0.0592334217857,0.139534157785,0.0869036342544,0.0363879164184,-0.496153113713,-0.0942561827911,-0.203924130372
0.0905165122566,-0.173037122439,0.0190249796063,0.00101983784826,-0.254861004838,-0.0202308206312,0.301303561363,-0.00868385382139,0.0129596750403,0.12131510781,0.112331977601,-0.0524609485413,0.0197861702015,-0.0473436973161,0.116607693411,0.0242470472413,-0.0154889974715,-0.0580982510547,0.122172324709,0.00154989257429,0.0371733058853,0.0114346023255,0.0592368643419,0.139543018657,0.0869131286755,0.0363943919251,-0.496176766443,-0.0942584868622,-0.203934896843
0.0905204636817,-0.173038543238,0.0190263783383,0.00102794699606,-0.25486673772,-0.0202303533789,0.301314885128,-0.00868979566728,0.0129547553539,0.121317248732,0.11233661339,-0.0524664576795,0.0197800747646,-0.0473416503623,0.116609756648,0.0242398850216,-0.0154889328852,-0.0580980438021,0.122177752536,0.00154370338084,0.037167138756,0.0114314960167,0.0592338530352,0.139545980936,0.0869178896867,0.0363959106175,-0.496188707877,-0.0942600965988,-0.203941300863
0.0905287626116,-0.173045139628,0.0190315604178,0.00102810107758,-0.25488059863,-0.0202343732457,0.301331443493,-0.00868720954255,0.01295225846,0.121303765539,0.112343709768,-0.052463432526,0.0197832721889,-0.047347392282,0.116616453277,0.0242401829438,-0.0154875327546,-0.058081643348,0.122188395069,0.00153540993219,0.0371635545903,0.0114497697128,0.0592422476919,0.139558758417,0.0869279133209,0.0363965646787,-0.496216209778,-0.0942629548734,-0.203952158226
0.0905359181793,-0.173051564008,0.0190288684215,0.00102786761493,-0.254890947971,-0.0202333573007,0.301348609794,-0.00869097946431,0.0129495998511,0.121299808507,0.112350757804,-0.052462911986,0.019780033293,-0.047346112554,0.116623028737,0.0242353617049,-0.0154902594431,-0.0580771845733,0.12219799921,0.00153357279633,0.0371530305501,0.0114507676376,0.0592467165248,0.139566081421,0.0869354281777,0.0364006968181,-0.496239625516,-0.0942661696519,-0.203962981348
0.090544689147,-0.173054121331,0.0190235520947,0.00102828018428,-0.254899473042,-0.0202394448993,0.301372436146,-0.00868421015035,0.0129552017528,0.121308401616,0.11236046618,-0.0524605948315,0.0197780827215,-0.0473319553744,0.116632753631,0.0242224566796,-0.0154985035572,-0.0580793202913,0.122206024731,0.00154774253578,0.037144356145,0.0114478870915,0.0592467569436,0.139576291422,0.0869446726065,0.0364101309825,-0.496264078246,-0.0942663458159,-0.203972684809
0.0905521919187,-0.173062070653,0.0190179878322,0.00103803093749,-0.254910939513,-0.0202470944556,0.30139067843,-0.00867953801773,0.0129557684538,0.121306890619,0.112369688071,-0.052456601501,0.019777100396,-0.047328147859,0.116638592006,0.0242166587697,-0.0155065197061,-0.0580661422503,0.122215781649,0.00155113058366,0.0371308171821,0.0114490171858,0.0592484332134,0.139585183958,0.0869532959481,0.0364167344616,-0.496290494963,-0.0942691006927,-0.203984154076
0.0905444215511,-0.173058490834,0.0190131883985,0.00105272649021,-0.2549018365,-0.0202432528043,0.301378928504,-0.00868279126592,0.0129615606214,0.121298571303,0.112365233762,-0.052454488641,0.0197764468695,-0.0473235426359,0.11662850245,0.0242110993634,-0.0155166055984,-0.0580697920071,0.122207957013,0.00156352809212,0.0371320947304,0.0114411886227,0.0592406736814,0.139572454105,0.0869446642679,0.0364126338463,-0.49627186832,-0.0942693196106,-0.203978724988
0.0905511848955,-0.173062022409,0.0190178384997,0.00104472249673,-0.254908199097,-0.0202387886164,0.301388777335,-0.00867915314146,0.0129581221312,0.121299020005,0.112370392246,-0.0524533643344,0.019776767601,-0.0473203224884,0.116636846885,0.0242170849864,-0.0155127682221,-0.0580682830975,0.122217555477,0.00156756346762,0.0371298262771,0.0114516558248,0.05924437674,0.139580933636,0.0869526311595,0.0364155828255,-0.496283039653,-0.0942687988502,-0.20398452086
0.0905551633818,-0.173067695677,0.0190165823919,0.00106279077807,-0.254915785393,-0.0202444064943,0.301402278593,-0.00867150275897,0.0129576138835,0.121279914734,0.112380265002,-0.0524460251013,0.0197706442645,-0.0473142445249,0.116637650621,0.024202899546,-0.0155190775806,-0.0580505808829,0.122224860362,0.00156305471609,0.037113288346,0.0114497041124,0.0592451698435,0.139585862005,0.0869578092555,0.0364169693467,-0.496307381193,-0.094273672028,-0.20399564738
0.0905657382137,-0.173074632823,0.0190129127313,0.00107223948855,-0.254931678644,-0.0202488766859,0.301428734001,-0.00866752643641,0.012954291914,0.121271595961,0.11239186235,-0.0524468245016,0.0197675400696,-0.0473159057733,0.116648365413,0.0241916369664,-0.0155190278213,-0.0580264428346,0.122238928488,0.00155867948306,0.0370950831563,0.0114545398602,0.0592499153762,0.13959948268,0.0869706829307,0.0364199871473,-0.496343442024,-0.094279794214,-0.204012838606
0.0905767757639,-0.17307829135,0.0190067989565,0.00108339533147,-0.254943973447,-0.0202525419408,0.301454386112,-0.00866744114631,0.0129452077627,0.121270109668,0.112403426404,-0.052448929954,0.0197697211783,-0.0473063090361,0.116657348333,0.0241825756781,-0.0155259927658,-0.0580153596533,0.122253036545,0.00156178517028,0.0370825177809,0.0114534221207,0.0592509437181,0.139610225257,0.0869822661123,0.0364265650523,-0.496372814919,-0.094283749969,-0.204027595336
0.0905870448132,-0.173079327324,0.0190135271776,0.00108093356314,-0.254956286616,-0.0202530114121,0.301474349916,-0.00866395617414,0.0129336865346,0.121275111155,0.112411442826,-0.0524481309851,0.0197748936132,-0.0473050723672,0.116670629097,0.024176918868,-0.0155161457605,-0.0580065506904,0.122265339097,0.00156285295759,0.03707800115,0.0114594750077,0.0592527591842,0.139622081306,0.0869953808717,0.036435244698,-0.496391942183,-0.0942831836126,-0.204036915379
0.0906002851008,-0.173084281202,0.0190146982557,0.00108372805179,-0.254971220224,-0.0202572733424,0.301503200768,-0.0086578674907,0.0129303355396,0.12127297039,0.112421297324,-0.0524459880904,0.0197729491609,-0.0473052668255,0.116684901139,0.0241694244125,-0.0155192639333,-0.057983027557,0.122281186031,0.00156576194465,0.0370659119102,0.0114611829726,0.0592603423412,0.139637515427,0.087011728476,0.0364442422626,-0.496431378956,-0.0942873551972,-0.2040540909
0.0906188477174,-0.173090651157,0.019021877735,0.00108014456756,-0.254997503826,-0.0202608354642,0.301541755008,-0.00865370983459,0.0129166631743,0.121274755335,0.112435501,-0.0524428985638,0.0197770382264,-0.0473009618963,0.116707078834,0.0241688074532,-0.0155180424807,-0.0579623898399,0.122309434626,0.00155579378541,0.0370512948344,0.0114710737442,0.0592710561294,0.139661683204,0.0870333959965,0.0364531596785,-0.496481961024,-0.0942920917641,-0.20407675158
0.0906290431139,-0.173093981556,0.0190124879611,0.00109008080904,-0.255007312282,-0.0202699072655,0.301564471027,-0.00865213054334,0.0129200659957,0.121271412961,0.112444919685,-0.0524415388326,0.0197765647685,-0.0472910657753,0.116716940281,0.0241564282433,-0.0155195622515,-0.0579488485508,0.122319550525,0.00156076144813,0.0370403363728,0.0114684268835,0.0592743918281,0.139671916893,0.0870456838398,0.036462476038,-0.496510908646,-0.0942964314069,-0.204090958179
0.0906345396593,-0.173092360551,0.0190148218273,0.00108900057071,-0.255013063691,-0.0202667144835,0.301572632938,-0.00865094117102,0.0129107988265,0.121265458952,0.112447094236,-0.0524436767832,0.0197790943045,-0.0472932101825,0.116721460127,0.024159362442,-0.0155182111414,-0.0579455449398,0.122326926587,0.0015562652325,0.0370386566569,0.0114777722131,0.0592765708299,0.139678438657,0.087053341341,0.0364631968212,-0.496523274784,-0.0942977504218,-0.204095899736
