0,100,300,100,9.0338627302,2.14906582087,0.19341897964
1,200,600,200,0.965963888484,1.43932826542,0.37260007858
2,300,900,300,6.91640600624,2.25339588447,0.55491995811
3,400,1200,400,1.26670457136,1.38444052529,0.72226905822
4,500,1500,500,2.78919469771,2.28976752011,0.89815187454
5,600,1800,600,2.46569722115,2.26132482945,1.0681300163
6,700,2100,700,1.74791020998,1.81889497816,1.2394800186
7,800,2400,800,1.39465668539,1.84527141191,1.4226288795
8,900,2700,900,1.17078698128,1.45302681686,1.593468904
9,1000,3000,1000,0.895184610238,0.801658438831,1.7838580608
10,1100,3300,1100,0.811114676411,0.69722540261,1.9553380012
11,1200,3600,1200,0.718998853451,0.485426855116,2.1276099681
12,1300,3900,1300,0.707824206252,0.279440379761,2.2952289581
13,1400,4200,1400,0.715839618488,0.316150169431,2.4661920070
14,1500,4500,1500,0.710758130909,0.542346714199,2.6405189037
15,1600,4800,1600,0.740260802163,0.582796620193,2.8045458793
16,1700,5100,1700,0.670944951172,0.297273171461,2.9667670726
17,1800,5400,1800,0.671536876846,0.257179304486,3.1383559703
18,1900,5700,1900,0.687573270231,0.256678825113,3.3068718910
19,2000,6000,2000,0.737017295234,0.62065108317,3.4731168746
20,2100,14294,6100,0.712136631172,0.64091029129,10.123034000
21,2200,14594,6200,0.650641098548,0.189369078801,10.292636871
22,2300,14894,6300,0.722755108607,0.44778469284,10.4522159
23,2400,15194,6400,0.647791571456,0.344556581343,10.639744043
24,2500,15494,6500,0.667064943308,0.189263459722,10.798904895
25,2600,15794,6600,0.672666478386,0.216269208637,10.958709001
26,2700,16094,6700,0.660011559282,0.166548357965,11.115258932
27,2800,16394,6800,0.624166023425,0.487971430698,11.278296947
28,2900,16694,6900,0.661180923088,0.233484649976,11.438093900
29,3000,16994,7000,0.662230868338,0.202583601625,11.60344
30,3100,17294,7100,0.642472450223,0.285397427036,11.761883020
31,3200,17594,7200,0.674444139578,0.412570518924,11.923475027
32,3300,17894,7300,0.660468120565,0.217270369351,12.088764905
33,3400,18194,7400,0.701042282046,0.507376546809,12.260469913
34,3500,18494,7500,0.692872185369,0.342148494304,12.424930095
35,3600,18794,7600,0.67360318666,0.223479785626,12.593132972
36,3700,19094,7700,0.684522100158,0.263747326669,12.78832888
37,3800,19394,7800,0.710798334981,0.249098824129,13.000571966
38,3900,19694,7900,0.681129627716,0.431062085119,13.170825004
39,4000,19994,8000,0.657923100968,0.254838828184,13.354846954
40,4100,28294,12100,0.653956223084,0.290610286809,20.170191049
41,4200,28594,12200,0.664127851614,0.302293305135,20.340283870
42,4300,28894,12300,0.639791561564,0.443375035691,20.506193876
43,4400,29194,12400,0.653959940715,0.304593023724,20.675087928
44,4500,29494,12500,0.688508135424,0.234002976912,20.843492984
45,4600,29794,12600,0.655714393286,0.243355644122,21.009248971
46,4700,30094,12700,0.676886898606,0.315337787482,21.173896074
47,4800,30394,12800,0.678394519806,0.217460621995,21.338036060
48,4900,30694,12900,0.675714429841,0.220201424961,21.509970903
49,5000,30994,13000,0.685867294531,0.421499202503,21.681350946
50,5100,31294,13100,0.65535488358,0.39101502501,21.844265937
51,5200,31594,13200,0.648323718348,0.316695713655,22.013664960
52,5300,31894,13300,0.676621083559,0.209440954419,22.172906875
53,5400,32194,13400,0.661630899383,0.244396177376,22.366461038
54,5500,32494,13500,0.676081057714,0.295328133503,22.535928964
55,5600,32794,13600,0.690265911358,0.254047442605,22.703857898
56,5700,33094,13700,0.702450469356,0.447286442372,22.875555038
57,5800,33394,13800,0.659748389056,0.192243869133,23.038179874
58,5900,33694,13900,0.666411443331,0.535941019552,23.204274892
59,6000,33994,14000,0.670558056899,0.322823547086,23.385075092
60,6100,42288,18100,0.652796256143,0.246535123674,30.161144971
61,6200,42588,18200,0.698794296612,0.381386461371,30.330899953
62,6300,42888,18300,0.66971516739,0.346874701366,30.509350061
63,6400,43188,18400,0.676444120604,0.219249113476,30.68407392
64,6500,43488,18500,0.670396703737,0.305087961592,30.84833693
65,6600,43788,18600,0.674823988984,0.21004855538,31.021240949
66,6700,44088,18700,0.691650023917,0.304061495866,31.191000938
67,6800,44388,18800,0.634365407946,0.232614818091,31.374250888
68,6900,44688,18900,0.669437062053,0.211368690263,31.551687002
69,7000,44988,19000,0.666954535195,0.293448252873,31.743211984
70,7100,45288,19100,0.673243093601,0.171007466594,31.910657882
71,7200,45588,19200,0.693152217353,0.402547289201,32.075136899
72,7300,45888,19300,0.652818150308,0.282810627309,32.254610061
73,7400,46188,19400,0.680604464439,0.225164126382,32.419139862
74,7500,46488,19500,0.666777080826,0.230477848332,32.585865020
75,7600,46788,19600,0.666449874282,0.289619109514,32.753201961
76,7700,47088,19700,0.688268156875,0.471067276692,32.919707059
77,7800,47388,19800,0.661416107749,0.508699253982,33.082692861
78,7900,47688,19900,0.669608435854,0.248747774733,33.247967958
79,8000,47988,20000,0.654115850713,0.246378389641,33.417119979
80,8100,56288,24100,0.698814957029,0.236603853168,40.053402900
81,8200,56588,24200,0.677185001515,0.382015489879,40.236217021
82,8300,56888,24300,0.660850936151,0.227028970561,40.409519910
83,8400,57188,24400,0.685442553339,0.175375231623,40.585349082
84,8500,57488,24500,0.658377418226,0.24116916705,40.75804090
85,8600,57788,24600,0.675945356531,0.288903239959,40.920769929
86,8700,58088,24700,0.670850548212,0.189370765844,41.092190027
87,8800,58388,24800,0.669739965097,0.389644299062,41.263303041
88,8900,58688,24900,0.671020532818,0.377120071264,41.443769931
89,9000,58988,25000,0.64326452144,0.252050093837,41.634131908
90,9100,59288,25100,0.619859275558,0.200819246227,41.811444997
91,9200,59588,25200,0.677789019199,0.333408134678,41.979791879
92,9300,59888,25300,0.648691456871,0.29299120445,42.163557052
93,9400,60188,25400,0.69773084574,0.389336069186,42.342029094
94,9500,60488,25500,0.644156825798,0.325626591555,42.519459962
95,9600,60788,25600,0.696586728222,0.394808180074,42.69563603
96,9700,61088,25700,0.700497065703,0.209754566894,42.862174034
97,9800,61388,25800,0.70677123074,0.270770336125,43.034651994
98,9900,61688,25900,0.636575630011,0.226305778767,43.206583023
99,10000,61988,26000,0.683021529571,0.272724517439,43.384633064
100,10100,70284,30100,0.660709270383,0.197966982341,49.520153999
101,10200,70584,30200,0.676297719533,0.203232007152,49.666203975
102,10300,70884,30300,0.680369282706,0.251615006581,49.815295934
103,10400,71184,30400,0.64790502666,0.173331469458,49.965751886
104,10500,71484,30500,0.696530518023,0.235146234458,50.10835599
105,10600,71784,30600,0.640223745739,0.377420493119,50.263314962
106,10700,72084,30700,0.670165460541,0.319117196542,50.409333944
107,10800,72384,30800,0.685905372293,0.25779542308,50.561834096
108,10900,72684,30900,0.649154573202,0.313107859749,50.741549968
109,11000,72984,31000,0.648028143879,0.18553369001,50.898941993
110,11100,73284,31100,0.657950741441,0.247985378954,51.046607017
111,11200,73584,31200,0.692977873272,0.381647851022,51.19629788
112,11300,73884,31300,0.691049585461,0.343481274211,51.342953920
113,11400,74184,31400,0.681735435945,0.201682955184,51.498522996
114,11500,74484,31500,0.664640143206,0.205393269984,51.642695903
115,11600,74784,31600,0.695057416252,0.617783401827,51.80167889
116,11700,75084,31700,0.671810091277,0.197331201202,51.969331026
117,11800,75384,31800,0.666991193136,0.421778804933,52.126620054
118,11900,75684,31900,0.647279224661,0.472229719997,52.294384956
119,12000,75984,32000,0.704232274055,0.297816696203,52.451370000
120,12100,84284,36100,0.68179213676,0.283074423205,58.179537057
121,12200,84584,36200,0.65652779968,0.742141916853,58.335521936
122,12300,84884,36300,0.675250251693,0.345260966059,58.495132923
123,12400,85184,36400,0.638688937206,0.305623298601,58.639596939
124,12500,85484,36500,0.701065067172,0.297136853658,58.773084878
125,12600,85784,36600,0.663964411681,0.186505253046,58.90600395
126,12700,86084,36700,0.653195181625,0.415898206423,59.044096946
127,12800,86384,36800,0.692543989458,0.403657910836,59.173642873
128,12900,86684,36900,0.686545777525,0.2826165453,59.303638935
129,13000,86984,37000,0.655493635197,0.63758486172,59.45286297
130,13100,87284,37100,0.680379301596,0.454942061234,59.609061956
131,13200,87584,37200,0.679932556981,0.33493886326,59.753000974
132,13300,87884,37300,0.636978299805,0.281335909899,59.917677879
133,13400,88184,37400,0.656520919575,0.342332874241,60.058187007
134,13500,88484,37500,0.649201526325,0.203615304549,60.191777944
135,13600,88784,37600,0.688047523525,0.32375434373,60.347965002
136,13700,89084,37700,0.633484416176,0.547314968719,60.491775989
137,13800,89384,37800,0.657503678749,0.213917412786,60.655373096
138,13900,89684,37900,0.684284625352,0.284789145969,60.7977418
139,14000,89984,38000,0.672154929779,0.384077116439,60.966816902
140,14100,98280,42100,0.65819491997,0.20139019663,66.932262897
141,14200,98580,42200,0.67545751309,0.240698524229,67.090926885
142,14300,98880,42300,0.65904778102,0.22792387756,67.254751920
143,14400,99180,42400,0.679157267978,0.352210783346,67.399025917
144,14500,99480,42500,0.687149973521,0.300924243907,67.551486015
145,14600,99780,42600,0.672381329337,0.236734878092,67.712025880
146,14700,100080,42700,0.658989252415,0.328126202247,67.856323003
147,14800,100380,42800,0.680725908177,0.429262259025,68.001317024
148,14900,100680,42900,0.665424769005,0.223839211685,68.144985914
149,15000,100980,43000,0.681348585035,0.216802125248,68.291063070
150,15100,101280,43100,0.653856626525,0.231478802352,68.441591978
151,15200,101580,43200,0.653091185436,0.264995829744,68.58719801
152,15300,101880,43300,0.653407085959,0.222175551872,68.730813026
153,15400,102180,43400,0.664682586124,0.331849387898,68.879137039
154,15500,102480,43500,0.676589671853,0.186366143358,69.028120994
155,15600,102780,43600,0.664462235988,0.209356175276,69.182494878
156,15700,103080,43700,0.647064105614,0.371564301446,69.326412916
157,15800,103380,43800,0.651319920959,0.262533923639,69.488900899
158,15900,103680,43900,0.650747235394,0.284244957876,69.63455200
159,16000,103980,44000,0.656911349809,0.183994293652,69.776342868
160,16100,112272,48100,0.658119144003,0.442966675298,75.444938898
161,16200,112572,48200,0.676257949091,0.385470425374,75.590400934
162,16300,112872,48300,0.645902110878,0.227209573278,75.74143791
163,16400,113172,48400,0.68000316456,0.218737913199,75.88546109
164,16500,113472,48500,0.666429586093,0.2993878238,76.024688959
165,16600,113772,48600,0.678249160143,0.307789645452,76.167425870
166,16700,114072,48700,0.6626022073,0.228009722435,76.323405027
167,16800,114372,48800,0.681950449932,0.270136175192,76.473788976
168,16900,114672,48900,0.676340170605,0.367105280775,76.61284494
169,17000,114972,49000,0.684850799216,0.279728428598,76.750225067
170,17100,115272,49100,0.67684100109,0.378806117174,76.89503192
171,17200,115572,49200,0.657923676178,0.221925313104,77.034710884
172,17300,115872,49300,0.659157015873,0.341776256113,77.180450916
173,17400,116172,49400,0.658005621224,0.25028432009,77.323991060
174,17500,116472,49500,0.665380000021,0.576051854095,77.465117931
175,17600,116772,49600,0.658163239005,0.308021669744,77.611422061
176,17700,117072,49700,0.669671928325,0.230635571584,77.76349186
177,17800,117372,49800,0.686069895828,0.131441768269,77.90947103
178,17900,117672,49900,0.668108534862,0.225949560345,78.05600094
179,18000,117972,50000,0.655893411756,0.250609239776,78.199699878
180,18100,126270,54100,0.66991037426,0.309341449791,83.796375036
181,18200,126570,54200,0.676634549067,0.223129759418,83.926923036
182,18300,126870,54300,0.655656377258,0.289630426835,84.067128896
183,18400,127170,54400,0.674227089895,0.339884450803,84.211515903
184,18500,127470,54500,0.679691046195,0.225576547409,84.355834960
185,18600,127770,54600,0.666905541506,0.277059048021,84.514170885
186,18700,128070,54700,0.661694899314,0.329005542163,84.683733940
187,18800,128370,54800,0.650801897867,0.162775826444,84.830679893
188,18900,128670,54900,0.665041073937,0.286439504115,84.969536066
189,19000,128970,55000,0.676221954593,0.485012184442,85.109786987
190,19100,129270,55100,0.633819835081,0.161506301044,85.26778602
191,19200,129570,55200,0.680369649968,0.311083282395,85.413917064
192,19300,129870,55300,0.645290797439,0.220786096361,85.558119058
193,19400,130170,55400,0.646255938301,0.334403198874,85.709419965
194,19500,130470,55500,0.690554532479,0.389089269963,85.85240888
195,19600,130770,55600,0.688838303742,0.328560612468,85.992860078
196,19700,131070,55700,0.66998638665,0.498823917533,86.142243862
197,19800,131370,55800,0.6801636966,0.253994832207,86.291625976
198,19900,131670,55900,0.646885395062,0.159444190376,86.440711021
199,20000,131970,56000,0.693483560608,0.501248173631,86.585598945
200,20100,140266,60100,0.705271903786,0.244473682826,92.208348035
201,20200,140566,60200,0.690250226234,0.27901661856,92.359318971
