0,100,300,100,9.86837732416,2.38050812777,0.071022987365
1,200,600,200,16.3139445098,2.46873839288,0.13137197494
2,300,900,300,3.11478636067,1.58217753586,0.19483399391
3,400,1200,400,2.59326589499,1.65736600418,0.253235101
4,500,1500,500,2.77905409448,1.89544042071,0.32017803192
5,600,1800,600,1.94271369028,1.45439959762,0.3830859661
6,700,2100,700,1.24600615901,0.929277037539,0.44528198242
7,800,2400,800,1.45856355042,0.960307225191,0.50850200653
8,900,2700,900,1.29452233015,0.571792683106,0.55115699768
9,1000,3000,1000,0.848228912189,0.407979080765,0.59401106834
10,1100,3300,1100,1.09485352265,0.475889677956,0.63651895523
11,1200,3600,1200,0.979755639686,0.545156506122,0.67828297615
12,1300,3900,1300,1.18795457941,0.525734990408,0.7213389873
13,1400,4200,1400,0.92262576463,0.784630688716,0.76362395286
14,1500,4500,1500,0.955150846268,0.461196676061,0.80643200874
15,1600,4800,1600,0.818626097335,0.285175212058,0.8590109348
16,1700,5100,1700,0.979813132367,0.407625041761,0.91323208808
17,1800,5400,1800,0.717136904494,0.380889948457,0.96733498573
18,1900,5700,1900,0.857530058698,0.449959966895,1.012054920
19,2000,6000,2000,0.967456348791,0.846292731921,1.0551829338
20,2100,6300,2100,0.82838349988,0.393441260222,1.1015739440
21,2200,6600,2200,0.730709208278,0.459046868317,1.1480710506
22,2300,6900,2300,0.814249844708,0.510869759224,1.2277569770
23,2400,7200,2400,0.806112960584,0.69450151034,1.2978880405
24,2500,7500,2500,0.943002249955,0.587259137189,1.3680830001
25,2600,7800,2600,0.908619634104,0.484585125226,1.4326610565
26,2700,8100,2700,0.878239199114,0.33823477562,1.4842560291
27,2800,8400,2800,0.856015691536,0.335204791134,1.5338680744
28,2900,8700,2900,0.838597815274,0.25302593495,1.5821030139
29,3000,9000,3000,0.962722098957,0.432137023506,1.6544480323
30,3100,9300,3100,0.826539143659,0.295316051165,1.7211909294
31,3200,9600,3200,0.671602881137,0.192017086418,1.7816700935
32,3300,9900,3300,0.846168016449,0.324212126428,1.8470919132
33,3400,10200,3400,0.71823430435,0.357315514871,1.9126479625
34,3500,10500,3500,0.706673232592,0.289291542952,1.9769721031
35,3600,10800,3600,0.779170541197,0.301284400581,2.047845125
36,3700,11100,3700,0.750332249973,0.293256887325,2.1096251010
37,3800,11400,3800,0.775466559742,0.502232581102,2.1563889980
38,3900,11700,3900,0.699630539649,0.353669813827,2.2030949592
39,4000,12000,4000,0.825077173867,0.347941485806,2.2467200756
40,4100,12300,4100,0.776972095406,0.403083587242,2.3081319332
41,4200,12600,4200,0.756640524767,0.36475894491,2.3733160495
42,4300,12900,4300,0.704375089736,0.304300645524,2.4385299682
43,4400,13200,4400,0.769282168271,0.269157496726,2.5194461345
44,4500,13500,4500,0.789607458188,0.561714812911,2.599937915
45,4600,13800,4600,0.714046254468,0.446215656212,2.6739361286
46,4700,14100,4700,0.750415686968,0.345009681929,2.7552719116
47,4800,14400,4800,0.661002141541,0.562078243384,2.826715946
48,4900,14700,4900,0.703923118563,0.322673750403,2.8923919200
49,5000,15000,5000,0.755940467572,0.289448830977,2.9551711082
50,5100,15300,5100,0.701543035589,0.236329113532,3.0127758979
51,5200,15600,5200,0.702810467642,0.317294253182,3.0881490707
52,5300,15900,5300,0.714142275329,0.391242740455,3.1578900814
53,5400,16200,5400,0.7390982143,0.401213552374,3.2204239368
54,5500,16500,5500,0.753243462721,0.449228095377,3.2802190780
55,5600,16800,5600,0.767233125991,0.306668926171,3.3323159217
56,5700,17100,5700,0.747285527524,0.326238996061,3.3853390216
57,5800,17400,5800,0.724486619498,0.487819962162,3.4635369777
58,5900,17700,5900,0.615194466968,0.741709713975,3.5253489017
59,6000,18000,6000,0.750645185488,0.284715692409,3.6157240867
60,6100,18300,6100,0.69327572597,0.267896007789,3.6803989410
61,6200,18600,6200,0.741916139433,0.258196694757,3.752823114
62,6300,18900,6300,0.721070428792,0.254065531656,3.8302779197
63,6400,19200,6400,0.776968199264,0.684404666335,3.8898479938
64,6500,19500,6500,0.687974529088,0.493854443617,3.9568760395
65,6600,19800,6600,0.763712564099,0.316473877985,4.0328860282
66,6700,20100,6700,0.696237483936,0.303542066936,4.1014759540
67,6800,20400,6800,0.738431536452,0.31684276997,4.163825035
68,6900,20700,6900,0.6874371411,0.252747829677,4.2490389347
69,7000,21000,7000,0.665622799563,0.262034588433,4.3221709728
70,7100,21300,7100,0.729654653704,0.260428985808,4.3919680118
71,7200,21600,7200,0.743995107249,0.204343308922,4.4774301052
72,7300,21900,7300,0.757159645263,0.376500893122,4.5292680263
73,7400,22200,7400,0.737815475127,0.357870294975,4.588480949
74,7500,22500,7500,0.713882241384,0.273769344327,4.638709068
75,7600,22800,7600,0.7946591048,0.377722428199,4.7198669910
76,7700,23100,7700,0.725248158959,0.252865449917,4.790364980
77,7800,23400,7800,0.704996634161,0.270549239869,4.8344869613
78,7900,23700,7900,0.76460465925,0.311951882427,4.8753740787
79,8000,24000,8000,0.60402736548,0.237241074051,4.9156649112
80,8100,24300,8100,0.673167932777,0.210873243689,4.9552950859
81,8200,24600,8200,0.675649169894,0.380399814792,4.9976139068
82,8300,24900,8300,0.7256261974,0.313406860752,5.0370171070
83,8400,25200,8400,0.680857654352,0.515771607787,5.0861821174
84,8500,25500,8500,0.714115359473,0.408328787793,5.1483459472
85,8600,25800,8600,0.756167024162,0.627778610883,5.2097489833
86,8700,26100,8700,0.695191278339,0.303989044397,5.270672082
87,8800,26400,8800,0.668328965598,0.255426589981,5.3330159187
88,8900,26700,8900,0.703714185137,0.268998605351,5.396436929
89,9000,27000,9000,0.735357049542,0.300809299606,5.4614520072
90,9100,27300,9100,0.67221097754,0.266563511843,5.5165669918
91,9200,27600,9200,0.707041568309,0.279039335342,5.5643129348
92,9300,27900,9300,0.679942819743,0.354142026559,5.6122429370
93,9400,28200,9400,0.708768537281,0.457843667194,5.6581940650
94,9500,28500,9500,0.679216817831,0.26283221833,5.7064549922
95,9600,28800,9600,0.733813496987,0.385330660632,5.7542250156
96,9700,29100,9700,0.705699742859,0.288330059781,5.8025801181
97,9800,29400,9800,0.691133757382,0.394587800361,5.8485729694
98,9900,29700,9900,0.680586736917,0.261535199167,5.8942329883
99,10000,30000,10000,0.653219070551,0.213698008511,5.9399549961
100,10100,30300,10100,0.685327933244,0.279146440876,5.9877300262
101,10200,30600,10200,0.685372004149,0.474040013514,6.0442681312
102,10300,30900,10300,0.707021699275,0.316012176093,6.1027429103
103,10400,31200,10400,0.679407706618,0.630622762922,6.1630499362
104,10500,31500,10500,0.671214899636,0.352187953532,6.2272880077
105,10600,31800,10600,0.680462368212,0.174661197461,6.2886559963
106,10700,32100,10700,0.724931659823,0.25585132002,6.3529100418
107,10800,32400,10800,0.745759941716,0.561461381079,6.412063121
108,10900,32700,10900,0.714767184456,0.403102097154,6.4739809036
109,11000,33000,11000,0.645166449101,0.188781101769,6.5356540679
110,11100,33300,11100,0.654658873598,0.444196978583,6.5985629558
111,11200,33600,11200,0.706287019964,0.349632436184,6.6582520008
112,11300,33900,11300,0.623470081934,0.265921655701,6.7207670211
113,11400,34200,11400,0.684336616056,0.28928748951,6.7818391323
114,11500,34500,11500,0.612070061719,0.210821805794,6.8468220233
115,11600,34800,11600,0.688009996196,0.240004602337,6.9091639518
116,11700,35100,11700,0.738485610932,0.290733662106,6.9773650169
117,11800,35400,11800,0.69893854452,0.520732555196,7.0434601306
118,11900,35700,11900,0.688478829981,0.234198983049,7.110733985
119,12000,36000,12000,0.669635385224,0.448304317711,7.1745231151
120,12100,36300,12100,0.686769691697,0.230365432334,7.2390661239
121,12200,36600,12200,0.682612834336,0.358256361862,7.3027389049
122,12300,36900,12300,0.66487977588,0.20215138639,7.3647160530
123,12400,37200,12400,0.689157847152,0.360480981288,7.4068999290
124,12500,37500,12500,0.655145672178,0.348352460277,7.4523129463
125,12600,37800,12600,0.740273146182,0.208391973985,7.5001780986
126,12700,38100,12700,0.744305160419,0.458405943946,7.5490529537
127,12800,38400,12800,0.693690941229,0.496077206391,7.6198120117
128,12900,38700,12900,0.726411657686,0.349860210275,7.6861369609
129,13000,39000,13000,0.673208002262,0.24091975186,7.7516350746
130,13100,39300,13100,0.709009202702,0.254881091912,7.8180170059
131,13200,39600,13200,0.684471655559,0.312460204026,7.8916740417
132,13300,39900,13300,0.627878199371,0.253441757346,7.9596319198
133,13400,40200,13400,0.753349569634,0.263429737345,8.0280051231
134,13500,40500,13500,0.697066098026,0.214778842127,8.0938889980
135,13600,40800,13600,0.731673415877,0.276851082996,8.1673870086
136,13700,41100,13700,0.722716698579,0.392965095159,8.2276971340
137,13800,41400,13800,0.694336053494,0.329242483126,8.2939600944
138,13900,41700,13900,0.722944053596,0.270440038715,8.3623800277
139,14000,42000,14000,0.674831083309,0.340245154641,8.4333610534
140,14100,42300,14100,0.666692342595,0.207923590913,8.500438928
141,14200,42600,14200,0.76266938425,0.310692001573,8.5699629783
142,14300,42900,14300,0.658957026724,0.202344652976,8.6390409469
143,14400,43200,14400,0.680079077548,0.25500219402,8.7147300243
144,14500,43500,14500,0.729356079908,0.318816240942,8.7809541225
145,14600,43800,14600,0.689580037979,0.401589315132,8.8551819324
146,14700,44100,14700,0.672637291472,0.257473089812,8.9205911159
147,14800,44400,14800,0.656405592066,0.337518912204,8.9761209487
148,14900,44700,14900,0.68608004583,0.25394388514,9.0462419986
149,15000,45000,15000,0.708942831389,0.541077465497,9.1133201122
150,15100,45300,15100,0.659446858817,0.282929834908,9.1811199188
151,15200,45600,15200,0.674093599222,0.41135006628,9.2541060447
152,15300,45900,15300,0.663866951222,0.286069534598,9.3322219848
153,15400,46200,15400,0.692397168661,0.266137234954,9.4039731025
154,15500,46500,15500,0.694615539198,0.398380658962,9.4624359607
155,15600,46800,15600,0.656333471444,0.219531553351,9.5309379100
156,15700,47100,15700,0.684710682336,0.281791874262,9.5956740379
157,15800,47400,15800,0.673046004107,0.249592304085,9.6663141250
158,15900,47700,15900,0.693304992584,0.259515015903,9.7286610603
159,16000,48000,16000,0.679795603601,0.269367069294,9.7851090431
160,16100,48300,16100,0.667287010838,0.227133132044,9.8524420261
161,16200,48600,16200,0.62892252346,0.267570645459,9.9136049747
162,16300,48900,16300,0.676175647505,0.5078639547,9.9778671264
163,16400,49200,16400,0.662837948169,0.279627886776,10.053455114
164,16499,49497,16500,0.686172603554,0.281412579872,10.125272989
165,16599,49797,16600,0.691508590751,0.198137535694,10.203980922
166,16699,50097,16700,0.710197169623,0.276692704902,10.280885934
167,16799,50397,16800,0.688535437968,0.207436822681,10.350338935
168,16899,50697,16900,0.6389507207,0.197693269143,10.41888809
169,16999,50997,17000,0.631281710532,0.212439315871,10.49116110
170,17099,51297,17100,0.666431672169,0.230959502875,10.546931028
171,17199,51597,17200,0.672364952507,0.345683376074,10.619607925
172,17299,51897,17300,0.627894838553,0.276815942478,10.686743974
173,17399,52197,17400,0.708403491551,0.438622561639,10.767256021
174,17499,52497,17500,0.677989466445,0.208459354057,10.834036111
175,17599,52797,17600,0.716159828385,0.269762602323,10.911003112
176,17699,53097,17700,0.667077553282,0.234337356359,10.973155021
177,17799,53397,17800,0.662293549179,0.238364767609,11.044265031
178,17899,53697,17900,0.638466408704,0.210719890597,11.116663932
179,17999,53997,18000,0.710671315022,0.408497144422,11.17658209
180,18099,54297,18100,0.704111624775,0.236871190254,11.237754106
181,18199,54597,18200,0.648286002272,0.144982362177,11.280106067
182,18299,54897,18300,0.692584160527,0.41197238944,11.320900917
183,18399,55197,18400,0.672476664863,0.216925579337,11.362061977
184,18499,55497,18500,0.672377990584,0.288037663793,11.402441978
185,18599,55797,18600,0.716658929803,0.323522920695,11.445476055
186,18699,56097,18700,0.693607296911,0.234981835155,11.485395908
187,18799,56397,18800,0.710614174039,0.222554690318,11.525308132
188,18899,56697,18900,0.663295094432,0.242785066096,11.565802097
189,18999,56997,19000,0.692842591876,0.229213630938,11.60660791
190,19099,57297,19100,0.690297581704,0.544226918969,11.646400928
191,19199,57597,19200,0.702105561855,0.223464197046,11.712368965
192,19299,57897,19300,0.672164378671,0.222476725529,11.78691911
193,19399,58197,19400,0.649038286931,0.200493986309,11.859527111
194,19499,58497,19500,0.696887368049,0.235666152645,11.933568954
195,19599,58797,19600,0.724022895038,0.463468249769,12.007188081
196,19699,59097,19700,0.691696849442,0.267335171409,12.081344127
197,19799,59397,19800,0.680232586751,0.393498851449,12.152450084
198,19899,59697,19900,0.653096992851,0.251708687943,12.255717992
199,19999,59997,20000,0.648478159512,0.246538275787,12.361500024
200,20099,60297,20100,0.639217231181,0.128131790745,12.448365926
201,20199,60597,20200,0.679035864828,0.226893265075,12.522095918
