-1.74995964283,-1.73619614302,1.27142120305,0.285511477089,-2.04577546884,1.35709094433,-1.54141327251,0.82228596252,1.24492395998,-2.58553495167,-1.63489444219,1.33345726011,0.652830381759,-1.76854085811,-1.63283512732,0.993080929511,1.51561011011,-1.73928022098,-1.46450550689,0.475796096715,1.21430902343,-1.55911205494,-1.66109371961,-1.61543491627,-1.90666553804,-2.01145114603,-1.88641912034,-1.80656072964,-1.66360312271
-0.299959644409,-0.310674271834,1.17080476875,0.239939250182,-0.705479178946,1.63486434077,-0.187976195337,0.824452350156,1.44736441723,-1.09154509675,-0.125862333954,1.42565516593,1.08230383871,-0.605732994295,-0.196002336417,1.02343809699,1.58890743726,-0.114787138197,0.0181482826833,0.427344837779,0.941743289939,-0.163229436682,-0.0983353232499,-0.0662882240728,-0.387468118828,-0.509213085352,-0.595376119103,-0.30705473866,-0.289166806652
0.325163838749,0.228155031404,1.08418455342,0.296767569892,-0.148695718794,1.51213835621,0.376360339165,0.629672419233,1.3257159234,-0.427217553129,0.47177887659,1.16400434308,1.04986671202,-0.239956561709,0.407141913472,0.791326892493,1.58748907037,0.420411291164,0.608861708762,0.25020108329,0.909580653814,0.794286798135,0.514826079582,0.532742865191,0.272688262381,0.151849333994,-0.0355054592645,0.288501362268,0.24522880725
-0.12570712363,-0.21067185654,1.051287777,0.26806933182,-0.652624763547,1.45005243184,-0.087417939218,0.497835254171,1.21716972028,-0.784948568577,-0.0231935572552,0.989721284453,1.11482652247,-0.800652843389,-0.00576425247633,0.702059088212,1.5464223757,-0.00265180497978,0.161702670168,0.0430306678631,0.919811976731,0.218869325264,0.0784511699356,0.0658542516997,-0.189485783868,-0.325173041934,-0.647867323673,-0.221668184565,-0.256949274223
0.31008082732,0.169439741128,0.905212948844,0.327662368306,-0.259391788695,1.34571645507,0.395540885125,0.422932997053,1.16611420297,-0.364351881263,0.432741463316,0.692777708301,1.1462807289,-0.272979094121,0.375749819091,0.443800961274,1.5077319328,0.330145102011,0.613398090245,0.00688805746624,0.828663793984,0.673011626925,0.511614892837,0.509698770165,0.277778349837,0.144354127257,-0.289256664131,0.239480370487,0.149219331987
0.0429915127017,-0.104552218569,0.901798345909,0.3707086904,-0.567000805771,1.3109442078,0.144371267206,0.434142252911,1.13564575118,-0.661767078619,0.176754106446,0.688063856861,1.05642978691,-0.493825416385,0.157848543489,0.425375827519,1.43302210471,0.115560659207,0.374392338985,0.0796258835272,0.79562150483,0.217076337021,0.166482682141,0.220587892729,0.00391142900122,-0.12694845688,-0.560378259789,-0.0475719395733,-0.118729457141
0.187404457131,0.0187616620394,0.777454026034,0.341504143152,-0.417565340669,1.19598750753,0.291264730805,0.357810707643,1.13176132756,-0.494720164154,0.318323051253,0.600042552191,1.12252593641,-0.335148339198,0.301831110183,0.45606886449,1.33797292472,0.198914089015,0.53380722263,0.0138437951049,0.734367645035,0.347637710503,0.329815432108,0.367958217759,0.149463123566,0.030970232006,-0.426366983877,0.102279580438,0.0111924355827
0.0639897181931,-0.122422636821,0.733051715327,0.3329188919,-0.528077382635,1.08955127782,0.171035913576,0.35180206848,1.06242773914,-0.533687107178,0.175702191281,0.538654746611,1.11307351507,-0.418834035293,0.16121774656,0.457948838807,1.29505217489,-0.0214242487034,0.411393634155,0.0465247247708,0.699130532112,0.104725399799,0.212876339738,0.253309759749,0.0171938078531,-0.0899002163376,-0.542170422746,-0.0141672815099,-0.111684631129
0.105701403256,-0.0994911310317,0.65492574287,0.340847135361,-0.483759431358,1.01212404805,0.236813700949,0.32368971297,1.06760098891,-0.385856299501,0.232694921082,0.459740418441,1.08070708288,-0.351118572797,0.212876877579,0.421909096462,1.20306860981,-0.0228287209145,0.438774646562,0.00413357084306,0.681444455466,-0.0101132808008,0.211525166605,0.301957465621,0.0590707072336,-0.0553370765116,-0.473487960871,0.0361121969684,-0.0746449201005
0.137407219684,-0.0685338442099,0.615628070679,0.380676510888,-0.423286849662,0.953019826413,0.260812501259,0.278453848773,1.07150046535,-0.344419779272,0.256091808153,0.428412499359,1.06741151519,-0.340362030897,0.242067807249,0.366757216471,1.17395795816,-0.0413106506915,0.476827728667,0.016652159714,0.645595363697,0.0893040975839,0.232171975214,0.326984855555,0.104476868258,-0.0207110205805,-0.461673468644,0.0566796292934,-0.0532223984896
0.165531681849,-0.0566283032602,0.540421233061,0.364655517124,-0.387040747393,0.906903093006,0.30089556346,0.206573736488,1.07408206741,-0.334373651781,0.291867952082,0.358801184385,0.989013109091,-0.282157881601,0.261967001476,0.313201676066,1.13691751358,-0.0566310963157,0.508279233402,-0.00383084178184,0.628315198591,0.0865492191238,0.260293424188,0.358875558674,0.139581748926,0.0307111567172,-0.456584597364,0.087728635705,-0.0266773257271
0.127410588263,-0.0935990127579,0.491588087411,0.352762530681,-0.429043562964,0.879085494602,0.25843441246,0.183493952259,1.03563747292,-0.370919468052,0.251246318838,0.319701579644,0.994115201358,-0.294758412973,0.222103124234,0.278407218915,1.10799976022,-0.134831617729,0.47390257236,-0.0554054839132,0.589765241394,0.0230057084469,0.204081192478,0.30128880598,0.105541421885,-0.00992479144575,-0.499873509687,0.035959893322,-0.0740313428516
0.102796329354,-0.11382407379,0.441551346835,0.339606188194,-0.430649351826,0.821661372061,0.259946176681,0.146102933278,1.01482800992,-0.376506000378,0.24474631112,0.267227734853,0.949018449425,-0.29492593105,0.181710216094,0.227456124823,1.05329077908,-0.162774000989,0.430592649419,-0.0670112414168,0.570358429086,-0.0838840351516,0.150780081999,0.269349911601,0.0795011146775,-0.0256103183605,-0.509447654986,0.0190493389403,-0.0890135422058
0.166317038675,-0.066097941896,0.419070118497,0.320834976815,-0.373495387579,0.775423822896,0.321102875743,0.134973879332,1.00119339122,-0.279516715943,0.302901505681,0.271431882558,0.936555808639,-0.216617257742,0.251937878671,0.248229011406,1.00203022094,-0.12020171881,0.497554957448,-0.0721689419499,0.556138107977,-0.0274378451204,0.21760710041,0.331299336714,0.146921597424,0.0397839800147,-0.463363779618,0.0774861198874,-0.0396104815331
0.143728941915,-0.0810254256294,0.366271302716,0.317032840012,-0.408163088415,0.76883428301,0.297864815353,0.132963174114,0.972052746081,-0.281695211904,0.280411926679,0.224485499382,0.917285454327,-0.198548419058,0.230464301019,0.227522665369,0.961228577332,-0.158986388226,0.469049134799,-0.0764017669708,0.54372019099,-0.0854969900902,0.186421214217,0.300010946796,0.123405015605,0.0202934493731,-0.495896334576,0.0487980917625,-0.0690603116078
0.140383608673,-0.0779398599286,0.363006785475,0.314286127046,-0.421269011554,0.744448091716,0.296406835607,0.102257229537,0.948015255236,-0.288275654459,0.276608353002,0.203805905847,0.919630506103,-0.212575635239,0.202593334665,0.218135919801,0.915672703668,-0.185583032018,0.457434110651,-0.0742189954851,0.534655969353,-0.0742273306083,0.179218125457,0.288140126248,0.125078058118,0.00769921640268,-0.510247222316,0.0387500466048,-0.0854455443476
0.142130694544,-0.0896605350792,0.337548737163,0.319118618027,-0.42980741468,0.694951921898,0.286755702261,0.0885954525202,0.954592530576,-0.251593360151,0.263857358601,0.175078223552,0.885447174216,-0.19496149482,0.178867042844,0.167551028146,0.883022570247,-0.214410372513,0.447497937236,-0.0633576047077,0.531671851786,-0.0506204816502,0.177776256084,0.275573858336,0.127680614867,-0.00354192048163,-0.516900553287,0.0187715423675,-0.104560396387
0.123202678921,-0.101802513437,0.346549265358,0.308871755894,-0.449616678007,0.662438568112,0.270489916743,0.0874642053926,0.939251286709,-0.284696548438,0.234277998458,0.164960649005,0.872584142071,-0.223321797162,0.165609065811,0.14653238822,0.868369410753,-0.204895960343,0.41453729616,-0.0760048489743,0.558725526877,-0.0549488749514,0.166180313932,0.260807417142,0.109342876721,-0.0221660343211,-0.545452567626,-0.00128235521856,-0.122893058452
0.143023472708,-0.0898286949771,0.334769315836,0.304032184238,-0.433609295609,0.655087854028,0.290704740136,0.0666707840491,0.921689860635,-0.248711702158,0.260526025501,0.154323661112,0.840009293161,-0.183505606375,0.179766575005,0.129207027527,0.861479116345,-0.174490494026,0.437522052338,-0.0908084352856,0.519560494784,-0.0751639822758,0.1773348602,0.273181485491,0.12544827231,0.00749193599861,-0.521062853105,0.0233335243331,-0.104464911359
0.186641468924,-0.0468004817409,0.316147207672,0.335966104466,-0.386505695215,0.61367099449,0.342516889718,0.0508771458715,0.91356345607,-0.1932968713,0.308553187565,0.134622334572,0.817165566058,-0.145403384091,0.22622031809,0.104908793548,0.804062663433,-0.114761521108,0.466422492735,-0.120318074719,0.513583257177,-0.074490751377,0.219679992653,0.319233523464,0.171958394485,0.0497393796898,-0.476850601238,0.0694037152739,-0.0635316341468
0.167218485195,-0.0720335669481,0.323516651621,0.346540359205,-0.396919838327,0.596172186099,0.322556312794,0.0537129773106,0.892257747817,-0.212459820877,0.280642429305,0.136137283336,0.808625303689,-0.171809813243,0.207483110173,0.0919652486269,0.79261048885,-0.116052999391,0.436511418311,-0.121748183186,0.49878815402,-0.0868329077071,0.201196221699,0.303479071435,0.156834458889,0.0305065305477,-0.499395672462,0.0506387134257,-0.0843427910568
0.148703334415,-0.092516552049,0.334008620874,0.351150794773,-0.420657298514,0.605549354035,0.300622693182,0.0384279282978,0.887375126486,-0.231604676936,0.263780766258,0.113173919244,0.787904804379,-0.195412540655,0.182036283828,0.0864259970754,0.769591778691,-0.146240618798,0.417735644181,-0.121985829029,0.483430517812,-0.095256361058,0.182668449076,0.283622442316,0.137009194734,0.00690939537336,-0.525878448868,0.0253861707043,-0.109463121704
0.128254507912,-0.115010541816,0.324843463481,0.361402479869,-0.442892327642,0.586956926025,0.275839713074,0.0232241690219,0.879087541103,-0.227731690668,0.239057133144,0.116534058626,0.776931497046,-0.200240918727,0.155522387758,0.0648102298746,0.756052766322,-0.179807942434,0.392616882115,-0.131937645014,0.479169287597,-0.129133562717,0.147799904572,0.258512820615,0.118227285345,-0.0169372805233,-0.546236751857,0.00284621937765,-0.134343877205
0.158560738403,-0.0897840676849,0.292586224023,0.370200053683,-0.412985049148,0.577958480968,0.311329557487,0.00591996319662,0.86683284691,-0.188011641075,0.270563621688,0.107019589981,0.777033332885,-0.192873471272,0.194159617529,0.0494132898592,0.731056902774,-0.130794267205,0.413084510314,-0.145689553446,0.46644233096,-0.118038365258,0.18040673887,0.292785633723,0.150116884282,0.0163244760925,-0.51632037939,0.0369906973042,-0.106237482552
0.136140343885,-0.115434231306,0.286859488715,0.385261393546,-0.436994198909,0.541807479526,0.291156817158,-0.0102288417835,0.84513988079,-0.190442710312,0.251094988882,0.101911576536,0.756376569867,-0.210666337822,0.165645191841,0.0368518674447,0.707129754592,-0.147874680739,0.386895441754,-0.130431241916,0.468851149251,-0.169462443934,0.168003816,0.273098294839,0.125741010032,0.000549172617921,-0.535069288185,0.0147199880335,-0.129959239716
0.151735930106,-0.109721240875,0.269355802471,0.388607654304,-0.421270907416,0.531967767007,0.303518393191,-0.0258267089521,0.815424912371,-0.164721473948,0.262689956692,0.0679019420327,0.719185424829,-0.218262591894,0.183922009699,0.0193228938767,0.695078211401,-0.147618534878,0.396371083375,-0.14596104886,0.481017235693,-0.136177385782,0.169424593781,0.279220693519,0.143637626665,0.0102891974843,-0.522714618767,0.023393508833,-0.12570048054
0.154007096389,-0.110247770014,0.273997154927,0.390826954073,-0.419849603126,0.509119638918,0.312879156525,-0.0339824137652,0.805923557365,-0.153443825552,0.266084149448,0.0645681221494,0.692495707118,-0.224904165351,0.194485345744,0.0278746587188,0.660454648501,-0.154642973448,0.400294830407,-0.157796465582,0.464485764849,-0.121530895574,0.176764045292,0.283337385635,0.143942385807,0.0166819311736,-0.525075948978,0.0278239929943,-0.123824858169
0.164278692463,-0.0909378025929,0.25978386769,0.375143346322,-0.420273897517,0.506518222954,0.319684251678,-0.0304017334297,0.78268026027,-0.140675284032,0.277674657097,0.0546684101947,0.67762689876,-0.205318705915,0.197211362155,0.036361457887,0.65206740605,-0.146050749943,0.402484523413,-0.139551570804,0.452541151819,-0.128655771326,0.17841318841,0.29083494651,0.153970362795,0.0223467775374,-0.519618140688,0.0355356240592,-0.119997646115
0.16514122286,-0.0983726448319,0.256664968398,0.369110467281,-0.416724165935,0.508911872692,0.315191572475,-0.0268516206719,0.777652230345,-0.131179819412,0.269335784939,0.0414461643774,0.656393937903,-0.210673786742,0.196152777054,0.0423059518263,0.6297458866,-0.1500327361,0.39818346645,-0.131124606319,0.437143420143,-0.131317843571,0.176483533276,0.293531258488,0.155474848884,0.0234160091645,-0.522609250628,0.037253607404,-0.120123312161
0.164358548101,-0.101081416893,0.239739136546,0.377011287468,-0.417340588694,0.510292994494,0.313932221917,-0.0458532406732,0.769437040778,-0.124821870536,0.266832646143,0.0408413903554,0.609707526522,-0.187411715959,0.186124250869,0.0442201279828,0.608927725398,-0.16361229437,0.390575098463,-0.120144999643,0.422350753706,-0.152673078649,0.175971211382,0.288072184485,0.157865306564,0.0261611034238,-0.524922305691,0.0386349080618,-0.122195107303
0.16650666288,-0.0946619157076,0.232143659488,0.373896435,-0.412017516445,0.489598871045,0.316131463124,-0.0425578896007,0.757542177493,-0.122920769048,0.2660016135,0.0608984211354,0.58919105803,-0.179146482358,0.18704617772,0.032646733488,0.601341417071,-0.17793277831,0.391827424528,-0.12607089662,0.410702480012,-0.157388604742,0.179790985653,0.291673346231,0.162542148779,0.026581596141,-0.526213923921,0.0402622381077,-0.122100658735
0.170285675744,-0.0919818119562,0.228351123732,0.370849148597,-0.410974749232,0.479545334361,0.31521626279,-0.0382831254966,0.755808362088,-0.117919703315,0.268595214277,0.061816933105,0.587899799296,-0.173209329866,0.192064228481,0.0372192091537,0.598443901134,-0.164199481541,0.390384273429,-0.111600059821,0.401953145802,-0.160310143678,0.184794892889,0.293856646769,0.168242111279,0.0317890263358,-0.531355556105,0.0416635200731,-0.120157385779
0.167706376303,-0.0972593851201,0.221210089905,0.381274758211,-0.417859291642,0.472896920903,0.308337179759,-0.0286952418857,0.737555024167,-0.101013797727,0.261270196491,0.0606617954095,0.573334807231,-0.178157412999,0.188221993362,0.0373215442208,0.582563596265,-0.183219834567,0.384924333623,-0.103594011491,0.393066177648,-0.157718317344,0.173846610439,0.287858607119,0.166106440761,0.0283490097649,-0.534038316582,0.0358631040419,-0.127641601811
0.176462557133,-0.0858683239893,0.198231571493,0.381930696206,-0.406144562063,0.477409876683,0.316531199014,-0.0251287067455,0.720318851023,-0.0958201765985,0.265442131927,0.0608725550615,0.56042645103,-0.173223543294,0.198595483574,0.0433904689622,0.581965229386,-0.16391006025,0.393440718681,-0.0931474806493,0.396070152457,-0.147619974998,0.181557714994,0.297445708677,0.179397337686,0.0358798941556,-0.531452866071,0.0415484476691,-0.122925256186
0.179941498864,-0.0832712458504,0.189593812795,0.364344832596,-0.405897305349,0.480454237478,0.326201836478,-0.0365641118617,0.720337270328,-0.0850030449825,0.269216851104,0.0527566968878,0.54073049356,-0.181466380689,0.200444399964,0.0339263004266,0.57229239761,-0.167297633757,0.396284968364,-0.102184564125,0.393979785282,-0.149630260996,0.180107384038,0.298382656325,0.181606473933,0.0435067813238,-0.527389452227,0.0471151973036,-0.119945269743
0.174773401503,-0.0879239483013,0.189415446064,0.365268002539,-0.409971529374,0.468072662857,0.321703032779,-0.0364976313588,0.712517288941,-0.0917796896748,0.260554611985,0.0511193258629,0.526280132697,-0.190319642619,0.196045644205,0.0381480399072,0.567448206906,-0.152155841628,0.387155909469,-0.100792552665,0.386214450881,-0.169389196079,0.176426155638,0.29318925515,0.17603425823,0.0417756897377,-0.536494292798,0.0417483134319,-0.125185652874
0.175117311511,-0.0943989849089,0.181030183368,0.372389690835,-0.417140876921,0.46146746155,0.320944571988,-0.0359405885805,0.700925942009,-0.0738361669009,0.255404407891,0.0511153830056,0.522646508084,-0.195071873974,0.196048662875,0.0366958049203,0.554640146783,-0.156936325493,0.390485684388,-0.0969358388301,0.382604290272,-0.178272997877,0.159269115907,0.283969316284,0.175327945588,0.0383126215108,-0.538161976681,0.0349587971371,-0.131907635814
0.164502261423,-0.105951099306,0.176153469672,0.371778344224,-0.428660756529,0.452457908973,0.312523353456,-0.0199407645123,0.688189373189,-0.0863287757733,0.240778028414,0.0575136015749,0.511264014296,-0.214242038697,0.185991993181,0.0529610865501,0.557144979239,-0.167559764711,0.38215478473,-0.0940773529327,0.373675911625,-0.187076225398,0.136777974131,0.268889006448,0.164201387,0.0237114075493,-0.551917706763,0.0182031911699,-0.146936193376
0.17393143117,-0.0950467818483,0.181807452108,0.365460050088,-0.423104978834,0.455781830312,0.32654555146,-0.0158121107597,0.678248914776,-0.0845482139898,0.245880946137,0.0508523853224,0.503020720477,-0.200649798227,0.193358105871,0.0507014192329,0.547782691204,-0.164899539027,0.388083863603,-0.0872286625499,0.361516037768,-0.169985998651,0.146263957621,0.276789953894,0.174421232424,0.0319112281769,-0.553322441146,0.0250271650864,-0.140093713831
0.179106999066,-0.0917924072826,0.176142259476,0.360774400045,-0.416797295544,0.454122593547,0.330704504491,-0.0156782936228,0.681314498146,-0.0811836422923,0.251816471587,0.0451746362062,0.486376611055,-0.190144227948,0.19528602933,0.0596778666214,0.527241717474,-0.163718875499,0.388715141548,-0.081527091648,0.356900789243,-0.153994705488,0.128687267664,0.271440208571,0.181533292283,0.0384380288665,-0.549295032864,0.0250213310993,-0.139598608492
0.173834994948,-0.099272381684,0.180967646939,0.365156969201,-0.424612317336,0.445604743669,0.323979613202,-0.0111084704884,0.663744861796,-0.0794940080041,0.245133331099,0.0523185207999,0.478210853079,-0.208598800043,0.192367441575,0.0812453263759,0.521595815569,-0.154811922491,0.378894460473,-0.0714662270157,0.34375855402,-0.160770364798,0.12382727574,0.268193479854,0.176141081822,0.0322649632724,-0.560481005675,0.0204846433562,-0.144858591697
0.180026084687,-0.0938275678931,0.171801391253,0.359433727439,-0.420595429572,0.437053846765,0.331034032331,-0.016561898467,0.643424655549,-0.0652584595116,0.252057051722,0.0528153600505,0.472179037723,-0.200488331807,0.1982755212,0.0832898517796,0.53619261536,-0.153018329657,0.383053932312,-0.0794957492865,0.334420062497,-0.15451306765,0.128511253062,0.273376348165,0.183502574375,0.0391292694849,-0.550590964342,0.0265658629573,-0.140641086377
0.182527160794,-0.0969233641631,0.168273165158,0.345578353955,-0.416573228805,0.429966542063,0.332460840468,-0.0187742802477,0.651724731553,-0.0723572204232,0.255622167932,0.0503462061443,0.468043583063,-0.203711210152,0.202562107619,0.0796074994561,0.520311427654,-0.134284082609,0.379456468211,-0.0869180610972,0.329140007604,-0.156027538893,0.132148244843,0.275092128986,0.186765906274,0.0425502367175,-0.554661911508,0.028239837069,-0.139370791635
0.18711996562,-0.0946749094464,0.157651903189,0.337523089981,-0.412580861406,0.427271919519,0.335768405025,-0.0183026270511,0.637326096367,-0.0613526814683,0.256463612111,0.0417232504081,0.466626474981,-0.197811050162,0.20439871571,0.0759148843434,0.517709136103,-0.13580049265,0.378395261083,-0.0879090598975,0.320441741898,-0.147132131642,0.137058237552,0.277759791714,0.192667873145,0.044613906834,-0.556252563854,0.0288290213012,-0.140278463218
0.176694469302,-0.106763305049,0.141186595081,0.342236426456,-0.420775224105,0.418159256036,0.327262491165,-0.0302189836562,0.630969862836,-0.070988085574,0.237911043935,0.0404904804652,0.458606204305,-0.208225923496,0.193496569798,0.0763175831465,0.514148706604,-0.149905408236,0.360812243433,-0.101804095752,0.311831747253,-0.162514060521,0.121512986234,0.263786284545,0.180579744151,0.0354346291284,-0.572528062185,0.017041559423,-0.15105671783
0.186860501502,-0.0975885768891,0.140516912959,0.340231517052,-0.413279491367,0.406279427651,0.336284981057,-0.0295075495373,0.616052574475,-0.0684169341304,0.248706146505,0.0383045999206,0.452979795875,-0.203554421667,0.199936617196,0.0851730115227,0.515529831526,-0.131673833062,0.376091838086,-0.0989450255719,0.312995229639,-0.151445859663,0.13086941914,0.27476002591,0.192378196821,0.0452227574716,-0.564646988378,0.0263718800698,-0.142967554324
0.19178085507,-0.0976211856189,0.135793924,0.345953649042,-0.407798616045,0.396029567092,0.341778586967,-0.0172668699029,0.601820935976,-0.0584341386151,0.255283296648,0.0410237949245,0.447830149929,-0.202774151452,0.205192811864,0.0869940382164,0.503954936879,-0.118609382285,0.38368667351,-0.0888844203615,0.314676529151,-0.149527869953,0.126144592425,0.275454882451,0.197056292074,0.0491379422917,-0.562382942811,0.0245478627169,-0.144782481691
0.180813907211,-0.113514327115,0.136243156993,0.350371013224,-0.421006455317,0.39792774251,0.329517570329,-0.0181146839826,0.589862102061,-0.0634004110411,0.241596384799,0.0418956008455,0.437508061438,-0.215742174573,0.19381525701,0.0791845442324,0.507053040423,-0.133287225401,0.375880190303,-0.0919195115753,0.317204512396,-0.167391487498,0.11084141017,0.262079515227,0.185183641806,0.0371640853583,-0.575862251619,0.0105853626041,-0.158592756936
0.175280329434,-0.125360913996,0.133877808137,0.349543597058,-0.423943714518,0.398048547284,0.321330971924,-0.0146730793541,0.588874797648,-0.0599604075384,0.234058124019,0.034572941687,0.425236555031,-0.211410109403,0.189546662602,0.0770874597466,0.509364394926,-0.145294016199,0.366470330146,-0.0955729546717,0.316981506733,-0.174594511654,0.107306112257,0.257351689064,0.179362999342,0.033201370431,-0.583617117413,0.00543230789037,-0.164040500931
0.178260021338,-0.122742923836,0.135988399566,0.3408526446,-0.421707503827,0.380216046996,0.325440696079,-0.0158973270094,0.583161336864,-0.0491034923598,0.23749821491,0.0351333697943,0.419237167996,-0.210402904609,0.192588299522,0.0818382996596,0.506547602901,-0.143312298138,0.371680804506,-0.0891228953227,0.31431049818,-0.177344362121,0.110945370464,0.260969527275,0.182596995533,0.0371683007858,-0.580894837199,0.00881996209407,-0.162465529721
0.180048904451,-0.125445706165,0.136469966052,0.345170205226,-0.418739133813,0.381060133025,0.324543526934,-0.00825070138215,0.573309773675,-0.0443464205668,0.239718434349,0.0347157913857,0.41442477938,-0.203729019938,0.193051177487,0.0810077618021,0.499552834175,-0.149121330945,0.373108423927,-0.0923263964584,0.308635478771,-0.18601608348,0.115796852521,0.262137509759,0.184603237367,0.0390682380669,-0.583824392983,0.0101478092287,-0.162476336704
0.176093123947,-0.133306250156,0.143645106491,0.342171960688,-0.424395951286,0.377057455022,0.319378844061,-0.0140682350541,0.570790754589,-0.0493950210199,0.235958686173,0.0320195771784,0.415356352297,-0.20943079136,0.191293996926,0.087353976959,0.489721399303,-0.142084142387,0.366262298695,-0.0930466487686,0.297783154345,-0.194813094719,0.112627532043,0.258386669907,0.179920342891,0.0347116305073,-0.590612285669,0.004882907016,-0.167656225415
0.184622261543,-0.12338340538,0.139869654854,0.341104106046,-0.415242194819,0.375647231895,0.327278936175,-0.0106793685397,0.561503170793,-0.0458411659817,0.240383798917,0.0249986555728,0.418459604159,-0.203070934079,0.198667162595,0.0838272476541,0.485104761121,-0.130230244643,0.372059885515,-0.0892304709918,0.298876095178,-0.183937381242,0.120779147016,0.267351739196,0.188608709923,0.0413747395852,-0.586141138198,0.012502248484,-0.160095004908
0.178827622403,-0.136127258224,0.137082013519,0.342957541597,-0.41761939464,0.373512720598,0.321335098405,-0.00998419519979,0.558070273837,-0.0508529989955,0.232391545751,0.032195965062,0.41514126406,-0.197058392001,0.188645667856,0.0813210513887,0.483106031544,-0.143672978452,0.364906179114,-0.08599459834,0.293816046033,-0.191786405034,0.107106843148,0.259770609112,0.183398034636,0.0359521493844,-0.593234629938,0.00396949812859,-0.168017658376
0.187772227301,-0.127384485006,0.1294767335,0.343212895325,-0.407884577085,0.365345411816,0.330100936467,-0.00791237746143,0.548073197761,-0.0388056567608,0.239141247205,0.0309430747012,0.414864051119,-0.194583576851,0.19388881525,0.0790662403586,0.474583361207,-0.137596797417,0.373007449379,-0.0855923502854,0.293913704165,-0.177556884291,0.117091705586,0.269790216067,0.192649178636,0.0433600242283,-0.586396746259,0.012228435415,-0.161196575778
0.188892531745,-0.129795931601,0.118557056793,0.338092694974,-0.408944183254,0.363567816239,0.331274217547,-0.0125298015582,0.53531789555,-0.0381461052179,0.241358849651,0.0271930677357,0.411398995089,-0.18742151416,0.192522896641,0.0657143933372,0.475136557556,-0.140925297154,0.372651412171,-0.0790406525227,0.293057541252,-0.169720941842,0.121210002032,0.272067130215,0.193488386757,0.0439724863061,-0.584928924632,0.0138622595909,-0.160972817864
0.193732517786,-0.12500429617,0.117683736165,0.339195079385,-0.405337215371,0.359013184052,0.338862506671,-0.0173511976276,0.525710882538,-0.0320578969504,0.250727611437,0.0274722262546,0.403258265189,-0.180996873871,0.194016475354,0.0692178146093,0.470916371089,-0.135597829885,0.375011206861,-0.0762253762588,0.298049471985,-0.160251766492,0.122000794694,0.276095888771,0.199193356614,0.0474489562416,-0.578386234171,0.0191190779489,-0.157725167961
0.186511411327,-0.135720720535,0.121750584643,0.339011338492,-0.413076907994,0.349079441946,0.331881802532,-0.0117941407592,0.524234030075,-0.0413133131895,0.244047034065,0.0318061954954,0.401942647886,-0.201123883853,0.190038470776,0.0637171654567,0.461406102106,-0.137850115756,0.368518686582,-0.071113084822,0.294854606131,-0.154349232364,0.11287477606,0.26722015437,0.191794289282,0.0408559624246,-0.588852638273,0.00985749604651,-0.166563779463
0.200963784061,-0.126026192194,0.113765771128,0.336568167557,-0.396613643355,0.351143044488,0.347962653161,-0.0117274428906,0.522242994796,-0.0218835537357,0.259496411436,0.0244674677974,0.403193559296,-0.183513060807,0.203170731949,0.0609058257109,0.458224397897,-0.133212559711,0.382618863601,-0.071738681662,0.291633358752,-0.142936198579,0.128235127186,0.283364051857,0.206351536449,0.0558057658747,-0.574741575973,0.0243008354753,-0.153632012054
0.199770466017,-0.126291249377,0.114798106238,0.332704615509,-0.4031355996,0.349307024598,0.342710111374,-0.00889927240486,0.519509217064,-0.0310923556817,0.256184882869,0.0196595210808,0.392917301857,-0.176957121813,0.203866866472,0.0608477735834,0.452850204318,-0.12944513384,0.383347287968,-0.0742986442265,0.288169881392,-0.148201166317,0.121227860265,0.280006749712,0.204334608531,0.0543536704954,-0.577805969985,0.0208118997976,-0.156878557843
0.198874508031,-0.123796236512,0.116682012828,0.323709866972,-0.407984731906,0.348499508684,0.341527355947,-0.0135483759071,0.523460453807,-0.0269884576627,0.25567530745,0.0125841275048,0.391313444761,-0.175969948181,0.202892938375,0.0540514553148,0.449867396156,-0.136033570405,0.379877071591,-0.0796963855708,0.279125919321,-0.145467217716,0.12146593592,0.279163842896,0.204592348629,0.0510164931324,-0.578568587102,0.0184113926321,-0.159878081475
0.197208088392,-0.131370046366,0.116896975072,0.322061550154,-0.408097481559,0.341521195629,0.339303229196,-0.00977623126385,0.521469995789,-0.0309649433924,0.253611411927,0.0104390675764,0.39632421198,-0.172233497824,0.203133764958,0.0522669011925,0.443499497772,-0.139865761503,0.378644589092,-0.073198893268,0.271313155792,-0.144605912975,0.116271188656,0.275548964755,0.202816651686,0.0499518839025,-0.580939305616,0.0157773691697,-0.163644101712
0.195193396541,-0.135053837505,0.108581380454,0.315888831564,-0.408714081973,0.334190865909,0.337776579666,-0.0109418906891,0.520702697425,-0.0330492895363,0.251782924097,0.0097102650182,0.39802208905,-0.166470465258,0.200976687717,0.0507944853938,0.444227005829,-0.144123404934,0.374714809957,-0.0654399156373,0.265060218349,-0.145119577128,0.112683545949,0.2728227374,0.201181367581,0.0512509229579,-0.58419121913,0.0152088780399,-0.165361006533
0.183054004772,-0.146177319147,0.108388464893,0.309008142483,-0.416469629752,0.335780408025,0.325496638316,-0.00750146025045,0.520098503555,-0.0477709368526,0.237986274372,0.00977220880853,0.397318861721,-0.176801529234,0.188303638095,0.0548047167361,0.438243882839,-0.152221633051,0.36174067177,-0.060452524953,0.26264942072,-0.156545196238,0.0989773154615,0.260021837439,0.188519460471,0.0376841122398,-0.596199069945,0.00180204512774,-0.178507377621
0.190291942496,-0.140277628959,0.118150253509,0.299782479276,-0.408267633428,0.334129752959,0.334425627953,-0.00294283020544,0.519399090309,-0.0396783157019,0.245526862198,0.0159855652273,0.399004061292,-0.17218525183,0.193221553096,0.0616875954126,0.431630588685,-0.149303557418,0.369984949801,-0.0532815132548,0.263110694886,-0.141365888118,0.102717783309,0.265784832131,0.197138402717,0.0469564566483,-0.588609461634,0.0087184293111,-0.172787432348
0.193364162745,-0.131260498522,0.112398278411,0.302234277466,-0.405364005279,0.330243642718,0.33788915183,-0.00321695960162,0.509985126301,-0.041130148779,0.248889282495,0.0210493411493,0.389022706006,-0.167848860475,0.193605696493,0.056229071154,0.427921198878,-0.150334816828,0.372574241535,-0.0579421093393,0.257874085466,-0.135925012374,0.103585386525,0.268039345005,0.201454371077,0.049016764998,-0.58939672712,0.00997810853692,-0.171329537367
0.189456545877,-0.137780869543,0.109857558407,0.298432282994,-0.409131387514,0.326455980523,0.335177807507,-0.00329158096854,0.510696035549,-0.0407526403976,0.247004290061,0.0172951083485,0.385543971882,-0.171381291969,0.189841523971,0.0568871121394,0.426004942355,-0.146746920486,0.365826142013,-0.0554715319241,0.256047037084,-0.146526213243,0.0977852726126,0.263663368375,0.197127537862,0.0448761375046,-0.59468863846,0.00550808728621,-0.175858426521
0.19311906267,-0.138377257544,0.109144693289,0.302176275939,-0.40435133231,0.329186102905,0.33651712198,-0.0119242438669,0.499942941078,-0.0358293456415,0.248431765503,0.0148918255268,0.376607846138,-0.167124238709,0.19141311894,0.0551251601871,0.421271208758,-0.142483141238,0.370976925158,-0.0569701455251,0.256623257845,-0.139984102236,0.0991786400212,0.265613822593,0.2015873563,0.0484714678376,-0.592642296311,0.00652755045333,-0.175283329696
0.190060824978,-0.140828028851,0.108704655811,0.305330963355,-0.409103398117,0.326547064662,0.334188281131,-0.0139165079752,0.501067626393,-0.0403539729916,0.2453847983,0.0162890080558,0.37190979019,-0.169652217636,0.188913192114,0.0542713828416,0.416848686841,-0.142025485488,0.365963093416,-0.0629161702686,0.252225937667,-0.144868926135,0.0970100014723,0.262228330586,0.197627718843,0.0466082712325,-0.597428271951,0.00354103464623,-0.178745075545
0.191505702567,-0.140358431284,0.107117570926,0.297050585936,-0.410967347627,0.321377639895,0.332692430601,-0.0160474735844,0.501732969931,-0.0437214271413,0.246406188767,0.0231765712906,0.368803058246,-0.160295226883,0.189148316953,0.0496022452717,0.418206131196,-0.144979200858,0.365490475444,-0.0603156677043,0.256429372206,-0.141342827445,0.098062836863,0.263843983115,0.199857586701,0.0475739425955,-0.599065755024,0.00427616590717,-0.17839385349
0.19019970892,-0.138412273385,0.10766977402,0.297183605843,-0.411818576576,0.320226882995,0.333463126321,-0.0147308872696,0.494225700577,-0.0408981077392,0.245550907321,0.0224697437029,0.36698490021,-0.156910404043,0.188266558168,0.0482488993409,0.415131995,-0.151136325929,0.363985912432,-0.062478667314,0.250670985641,-0.150807036224,0.0910984745064,0.260529795042,0.19955032104,0.0497304966426,-0.598949052343,0.00365261016993,-0.179645355527
0.190909660279,-0.139707359999,0.108420740494,0.293493814849,-0.409832622683,0.321212026974,0.335554942529,-0.0148137719861,0.485898771114,-0.036793285222,0.244975406264,0.0242058580812,0.367938232953,-0.153175712673,0.187573532966,0.046693593585,0.411019212679,-0.151182852892,0.363200555106,-0.0610817345049,0.251378348294,-0.152514719503,0.0853144678761,0.258611818475,0.2008971172,0.05022314303,-0.598186936936,0.00206161227409,-0.181440090682
0.195719630438,-0.137366458122,0.104247879749,0.283108568423,-0.401903744443,0.319666157096,0.338793610547,-0.0175809829881,0.485329598074,-0.0358273089879,0.246936894801,0.0190152017336,0.367844376789,-0.149174951309,0.189209383492,0.0456310658001,0.402197202414,-0.142896866949,0.365718406954,-0.0630962752583,0.253456530057,-0.140791891487,0.0892885763915,0.261946815497,0.206543862297,0.0528749669634,-0.597516843375,0.0043229557596,-0.179025221086
0.192476242392,-0.141040872558,0.101909615759,0.278394574424,-0.403365356191,0.324452306338,0.334792831674,-0.0164894873653,0.477058113904,-0.0427186271989,0.241690871066,0.0200593707611,0.365323516431,-0.147388227289,0.186451506006,0.0479818072477,0.396533173236,-0.143331411464,0.363410959709,-0.0607303180751,0.255343262163,-0.144575208021,0.0783265791147,0.255653238631,0.203451821548,0.0508351289691,-0.603053252802,-0.00117593956885,-0.184325483348
0.193149731487,-0.143746358593,0.107424576782,0.272516615766,-0.402753289596,0.328054193952,0.335772332212,-0.0150265953723,0.472117708808,-0.0427336912655,0.241167008661,0.023275595834,0.3619474415,-0.146561590068,0.187230724284,0.0499481684887,0.387875823372,-0.144108528251,0.364735450966,-0.0507375941962,0.25394261992,-0.141837916193,0.0777622622946,0.256055314091,0.203998156944,0.0516679973995,-0.605083910461,-0.00108864962615,-0.183976686493
0.1907707128,-0.146824407602,0.104427537957,0.273772708987,-0.410503245002,0.323861911757,0.333558741944,-0.00790125253094,0.462195519128,-0.0409497636325,0.237630403031,0.0279796476402,0.360737157288,-0.149014934778,0.183844749031,0.0473703314209,0.380877228624,-0.148142872095,0.360171814835,-0.044270184601,0.246424799136,-0.143812574912,0.0708776626042,0.251662923224,0.201904775571,0.0489260701851,-0.607682470557,-0.0039640261366,-0.187814425346
0.190986808172,-0.146215789428,0.102112493543,0.273728888987,-0.411036619887,0.317392672164,0.335544836261,-0.00875492346901,0.456209405706,-0.0410326726355,0.238242372235,0.0292077118665,0.361572292411,-0.143549227801,0.181690843176,0.0400809583993,0.379257589113,-0.155482195704,0.359837191791,-0.043270198626,0.240958368291,-0.143323007912,0.0713014469451,0.252002946362,0.20185488334,0.0498105730568,-0.609017680693,-0.00381634006734,-0.188404208597
0.193664702063,-0.148933303274,0.101301617781,0.27331454234,-0.411861414526,0.31520179969,0.338478660751,-0.00485153929058,0.45624333005,-0.0363636764595,0.241504949203,0.0258808613294,0.354431099924,-0.142638663696,0.183613447396,0.0406347861798,0.369755257375,-0.156296092056,0.361630539807,-0.0423381179512,0.237363688284,-0.14011807252,0.0750119726381,0.254902575562,0.20358304839,0.0510620604659,-0.606453284066,-0.00158408832893,-0.187954227106
0.195694946023,-0.145715333397,0.0995725386215,0.269101538405,-0.409509967436,0.314256522383,0.340161445829,-0.00294676471068,0.443887647342,-0.0248798253172,0.241230742661,0.0255979472864,0.353568751512,-0.141751565192,0.184739432508,0.0430126693379,0.369836215092,-0.156643661621,0.360104945315,-0.0405497498319,0.23681813924,-0.143346954676,0.0745981160251,0.25577389853,0.206300272661,0.0547119935837,-0.604504513197,0.000508352824281,-0.186411430437
0.196347176269,-0.14403654369,0.0948415839225,0.268206995633,-0.414285763982,0.316680546518,0.339640378099,-0.00726636678685,0.440007639025,-0.0279938710532,0.241232219401,0.0213433363441,0.350737638397,-0.142972311226,0.183870487931,0.039349596438,0.369039655939,-0.151751284848,0.361611849812,-0.0452507263521,0.241412144854,-0.14450884019,0.07617337748,0.257221298998,0.20710452091,0.0540465027886,-0.605467189912,-0.000160417722229,-0.187333082729
0.196194150235,-0.142725560801,0.0977396646718,0.272358458737,-0.412340833836,0.312325104779,0.343009991764,-0.00913873439846,0.434294602739,-0.0283384580502,0.241134882131,0.0191444474917,0.353239814458,-0.14436213861,0.182024269011,0.0407373973726,0.365268437534,-0.150849196592,0.357920604209,-0.0454207349994,0.238854238225,-0.147446189394,0.0771882767847,0.256903468126,0.206866130964,0.0543482344934,-0.608264878473,-0.000439787251556,-0.187858844875
0.201580842911,-0.141829643909,0.0965054781731,0.267382678199,-0.407450444708,0.308699326442,0.346796213664,-0.0060332399829,0.429502762341,-0.0232776600146,0.244809908063,0.0193311855472,0.352741508539,-0.140428641269,0.188618725396,0.0437632210139,0.366118612109,-0.144981214507,0.362509274666,-0.0435206796251,0.235340882788,-0.139386582603,0.0824910521595,0.261921887644,0.212529195063,0.0600868691657,-0.606549050612,0.0036879353075,-0.183988183588
0.204453714218,-0.138409647707,0.0972275972058,0.267004424338,-0.401037124759,0.308301545478,0.350695784418,-0.00441912465437,0.428496238851,-0.014551753116,0.24685284807,0.0204636244545,0.350382881535,-0.137876368291,0.191399182638,0.0388240725019,0.362523169373,-0.141826505897,0.364121814637,-0.0471458806221,0.229915651182,-0.144160869996,0.0813855938278,0.263851394076,0.216486425689,0.0631571295667,-0.602851727284,0.00692527436508,-0.181776354506
0.199777479167,-0.144195976741,0.0960050004761,0.266574098298,-0.408366030932,0.307305313871,0.343661533659,-0.00944043399143,0.425830242728,-0.0199254363384,0.240289776236,0.0179212972146,0.347256839166,-0.143143920392,0.185452471674,0.0337330711335,0.356433080002,-0.151053272169,0.35830536379,-0.0460296359182,0.237179946626,-0.144960073888,0.0741358759703,0.25786433387,0.211877758469,0.0569569311742,-0.612287785325,-0.00123091845492,-0.189354310862
0.204105410852,-0.142404379725,0.0900638616982,0.262147605006,-0.403600416228,0.308089029038,0.348012769373,-0.0157210550766,0.421944215372,-0.0125332345756,0.244831168172,0.0101658432354,0.345784507855,-0.141577305083,0.188041543508,0.0290108030748,0.35038196725,-0.145848895146,0.3614827231,-0.0488356605716,0.23272025708,-0.139210174231,0.080133980847,0.262335464393,0.215329425874,0.0601265016966,-0.610749113002,0.00193953980175,-0.186307833011
0.197017195303,-0.148522452181,0.0891441307175,0.257489232929,-0.408891107523,0.302420905661,0.342138968425,-0.0152580121292,0.423036833571,-0.0156078985807,0.235597439457,0.0135056813966,0.34446590816,-0.14036408922,0.179244291423,0.0327677095845,0.351159182578,-0.159793139179,0.350994253268,-0.0443046519016,0.227303201897,-0.153277435784,0.0721311444091,0.25380173814,0.207905603129,0.0558002629934,-0.619262058827,-0.00487787243535,-0.192854662086
0.19461653149,-0.151703281795,0.090823160815,0.259925607499,-0.410583834751,0.299146552638,0.340442473819,-0.0145302308835,0.416854040454,-0.0226063564127,0.233404624275,0.0100845584374,0.341298193489,-0.1393722487,0.176952385212,0.0279912404785,0.349146379815,-0.161344026126,0.350060124983,-0.0484579281161,0.226494626449,-0.155583168414,0.0690005885181,0.250638284642,0.206666686801,0.0524400448952,-0.624134698974,-0.00904753538309,-0.196913914458
0.196240676836,-0.150962035772,0.0923047164664,0.255638860846,-0.414074787445,0.302305067174,0.34077175175,-0.0146742729791,0.41052728279,-0.0251896834564,0.235817881043,0.0101347220113,0.344320815444,-0.133888878333,0.180200637282,0.0238071621462,0.345817368182,-0.157879115674,0.351429047779,-0.0459981634889,0.223442028061,-0.154919110469,0.0690556038806,0.251527640644,0.208150257236,0.0522363632253,-0.623966574019,-0.00837052421317,-0.196214504721
0.195487186707,-0.152084684189,0.0940482357079,0.260071059193,-0.414907657284,0.299796374846,0.34087474569,-0.0170564803553,0.406853882971,-0.0265477578418,0.233888153458,0.00676177358362,0.344636740983,-0.132978229084,0.180417817298,0.0258323173173,0.337949663667,-0.161713770719,0.351179168291,-0.045663018406,0.217106702567,-0.149204111194,0.0684328916797,0.251738042531,0.207946967923,0.0516638453562,-0.626021844099,-0.00889630467759,-0.197109047996
0.197819742376,-0.151773875167,0.0910397059902,0.259375122266,-0.411966202102,0.293907672945,0.340989778642,-0.0168592242056,0.403411501916,-0.0267552561623,0.236206759697,0.00700586444551,0.341280858726,-0.127933547696,0.182506726597,0.0289564017466,0.336021775561,-0.151698908354,0.350128028822,-0.0471666104758,0.219514450466,-0.152608607318,0.0713711937684,0.254256429164,0.210358996746,0.0534300432867,-0.626116003177,-0.00718432981614,-0.19608878648
0.196008536458,-0.154780393294,0.0846628366085,0.253511652364,-0.411688945924,0.291403261491,0.342011378568,-0.0198243217361,0.40409571845,-0.0239348800227,0.235578761114,0.0073527033785,0.337590692057,-0.132838493892,0.181628933128,0.025881381263,0.336608752591,-0.155432496249,0.347502743814,-0.0453120192625,0.216827778874,-0.15457668657,0.0689157109674,0.25326765932,0.209087656687,0.0524195888305,-0.627934942353,-0.00843220483137,-0.19806609171
0.194769851954,-0.155411913043,0.0836143034872,0.247685132938,-0.41524344266,0.291468566403,0.341514976892,-0.021069743098,0.400566993591,-0.0219425483096,0.235005178018,0.0119720305589,0.337595356112,-0.135289682976,0.179875311044,0.0243670763144,0.335666950849,-0.153941233453,0.34276254576,-0.0425568748931,0.215335180544,-0.157823486466,0.0632974788967,0.249308924877,0.20745393737,0.0504397749521,-0.628927389224,-0.0113261391604,-0.202535449453
0.197871663223,-0.148594823894,0.0808685138062,0.247962103816,-0.411783436387,0.290242220586,0.346173165609,-0.0204329497138,0.399581148582,-0.0234068606354,0.238592146595,0.0112579549617,0.333793523155,-0.128389013008,0.182299722101,0.0222518525022,0.338180034385,-0.154724972088,0.345124359018,-0.0425829164298,0.213660088751,-0.147553691312,0.0655715623801,0.252275190305,0.210706033058,0.0534641407255,-0.62698114572,-0.00809692096728,-0.200165181801
0.201916299891,-0.144855621784,0.0830564265695,0.242864325365,-0.406107076543,0.289600479296,0.351608849145,-0.0148194979145,0.396919289522,-0.0163257054386,0.244151147794,0.0128176356913,0.331693180708,-0.129585953537,0.185647594356,0.0222751472862,0.334626430883,-0.152540115463,0.34822669243,-0.0387574445253,0.210102398951,-0.136883317184,0.0722006813436,0.256888452604,0.215590693157,0.0590840265179,-0.624615588779,-0.00362046450085,-0.196141951842
0.200035144626,-0.149221459352,0.0800079313327,0.240783548435,-0.407595380684,0.285592322466,0.350033087589,-0.016552908475,0.397012395465,-0.0193857618435,0.241388588373,0.0146010382643,0.330956354168,-0.13180932949,0.181919490451,0.0242661002864,0.337399663338,-0.152271850974,0.345385173731,-0.0363406262191,0.206683428525,-0.140187571072,0.0712445513935,0.25591282768,0.213002315606,0.0557989135974,-0.627924183699,-0.00622311973167,-0.198685869668
0.202854343944,-0.147940734687,0.0799261312925,0.2424154814,-0.405371967841,0.287814693806,0.351991615135,-0.0109878448292,0.391939828264,-0.0171676856087,0.244848344395,0.0128691585617,0.323936174294,-0.124783387971,0.183113341759,0.0185454664536,0.331383592924,-0.145541776753,0.346852183166,-0.0415596057691,0.208155415878,-0.142804221987,0.0718840812032,0.258687957117,0.216025444768,0.0595366509016,-0.625634388021,-0.0034409773827,-0.196864168634
0.200823246092,-0.150886003292,0.0738614903356,0.238622799066,-0.408307901227,0.287984088584,0.3501650291,-0.0139178105513,0.390645123771,-0.0169392236813,0.241338342219,0.0152621745638,0.322048658283,-0.12560663727,0.182020630378,0.0176480425472,0.327856326281,-0.150836410237,0.34590500733,-0.0413925529772,0.210579712609,-0.139854656932,0.0690374025153,0.256218108819,0.214009786095,0.0561307036285,-0.627572312299,-0.00628221110202,-0.20042355629
0.204613756942,-0.147800666378,0.0746009681568,0.238581843437,-0.406895043226,0.282722267706,0.354927563073,-0.014099456776,0.389144057484,-0.00975448844647,0.245531092166,0.0112827096198,0.317748394361,-0.119919290422,0.18605110937,0.0157168412351,0.327387042348,-0.153029577948,0.350388949446,-0.0353102754187,0.209182579497,-0.137605073055,0.0718084959201,0.259770954161,0.218155555585,0.0595165545891,-0.622329827739,-0.00247615569643,-0.197214443145
0.203521368133,-0.1498069112,0.0739629188973,0.236633395565,-0.408961670916,0.280893809951,0.352765122027,-0.0124614996447,0.387705489093,-0.0104135140886,0.243190614971,0.00744936556004,0.318059749175,-0.120882804385,0.182641892209,0.0172655959651,0.325289543161,-0.158866517348,0.349072667399,-0.0375745186459,0.203856836911,-0.13555594435,0.0691745052671,0.257997742292,0.21643149883,0.0592633684569,-0.625736613142,-0.00458176845405,-0.199517917159
0.205115318683,-0.15096978819,0.074567011557,0.234753873349,-0.406384412726,0.283598487783,0.354561526614,-0.0155116825627,0.386512541768,-0.00953023138266,0.243966089184,0.00782619575037,0.316078374355,-0.12182081495,0.184285004211,0.0123061058916,0.32333156601,-0.154535173896,0.350253823022,-0.0407140171886,0.203043775739,-0.13315194023,0.0698690922472,0.25896110199,0.2180968978,0.0595714826586,-0.625855170946,-0.00482292953803,-0.199967722556
0.20512468367,-0.150270341958,0.0727129281604,0.2304713264,-0.40706491668,0.28442192651,0.355821379633,-0.0145250303507,0.38105472981,-0.00884331565355,0.243962797214,0.00603844393412,0.315583868191,-0.125039387113,0.18503548184,0.0103459444734,0.317586585098,-0.147833320798,0.34970832774,-0.0412044128395,0.20759700187,-0.136743180399,0.071398389449,0.259285024139,0.217992468453,0.0607808629854,-0.626347454727,-0.0043937699093,-0.200290651924
0.201846574219,-0.150574798936,0.074632426548,0.233137653584,-0.41273880359,0.285463288556,0.352603601759,-0.0142640434681,0.374144266903,-0.00711259132762,0.23978939731,0.00709560885572,0.3128937007,-0.130379561231,0.178722713049,0.0104646300861,0.317626616108,-0.15364905755,0.344395271215,-0.038172972025,0.207083907212,-0.145254689924,0.0641708551301,0.254045016038,0.214932272223,0.0563585551642,-0.631230803334,-0.00958486182829,-0.205425906592
0.200480908065,-0.152727108391,0.0709892691412,0.235091208235,-0.412910398655,0.281835765353,0.350872467628,-0.011596240221,0.375572314589,-0.00620300052236,0.237321494665,0.0089116284674,0.307202249761,-0.131733279326,0.177628036707,0.0079819603875,0.311787346374,-0.156432643234,0.342596291746,-0.0357462447663,0.20338975393,-0.152155921722,0.0621275588243,0.252633191669,0.213368437642,0.0561321007302,-0.634174206682,-0.0109390383203,-0.207211843791
0.206548598068,-0.145570404938,0.0667561394784,0.23028166795,-0.405517488504,0.282588623383,0.357753336106,-0.0106878820764,0.370850766552,0.003094124299,0.243126714834,0.00757699196349,0.307362532128,-0.130198531497,0.184401550761,0.00497795445796,0.309930010426,-0.149534230702,0.349367443547,-0.0392146870418,0.207457521385,-0.143079028617,0.0682560775107,0.258692244558,0.220047634337,0.0637797214332,-0.62935206836,-0.00414255135053,-0.201683576806
0.209760465749,-0.143541380598,0.0706005105706,0.233407948755,-0.40141416244,0.279303891688,0.361372056724,-0.0132583031949,0.365342704682,0.00740001549424,0.245716536896,0.00684767393267,0.307219891863,-0.128708499622,0.186935475953,0.00536827662155,0.305906225208,-0.146503365132,0.350448605699,-0.0396076568099,0.210923182315,-0.138272597948,0.0719764110076,0.261763591615,0.223562389157,0.0669979929787,-0.627697772432,-0.000810602448444,-0.198789055253
0.210321231411,-0.144174507806,0.0683988845891,0.232839061652,-0.401869838297,0.280436748268,0.361774115618,-0.0142490846065,0.362993278085,0.0110607631257,0.244554301837,0.00883159996343,0.304717993418,-0.128706361178,0.187099967805,0.00507956085626,0.303936236895,-0.144912763375,0.349038360134,-0.0402564639206,0.210638218245,-0.139738547222,0.0683327414041,0.260317372795,0.224292908002,0.067646806514,-0.627426917258,-0.00149554310676,-0.199718030991
0.210198330893,-0.14603082746,0.0659976603545,0.23325434027,-0.398542400896,0.279128706718,0.363224228285,-0.0139444298436,0.361922077583,0.0102836579473,0.244534439427,0.00780908849984,0.30492707752,-0.130800594442,0.187391887324,0.00771393271219,0.295504941718,-0.149308390218,0.348419816956,-0.0421441731274,0.208371412018,-0.138868263092,0.0677982531958,0.260205849145,0.224655934337,0.0694122794577,-0.62730507551,-0.00090870054198,-0.199328013386
0.205178772887,-0.154229013752,0.0663580983283,0.234327216641,-0.402978337257,0.277151409031,0.359277448073,-0.0145480542677,0.357418456371,0.00421905394359,0.237737800775,0.00506727152442,0.299717664108,-0.137398854517,0.182596604147,0.00538466165189,0.29215283128,-0.1517710852,0.343741984925,-0.0429392797011,0.210633120078,-0.141262187456,0.0602045506572,0.25369992566,0.219130543012,0.0632322885941,-0.632778814847,-0.0075634483662,-0.205569663969
0.201843097357,-0.15996004312,0.0631970912632,0.232500447121,-0.405975983821,0.275788724475,0.354688604973,-0.0134203739209,0.355080340661,0.00239844256892,0.233982670147,0.00372482834195,0.299715043363,-0.138416489526,0.177088798001,0.00569094586729,0.293385508107,-0.157168850649,0.339816702005,-0.0424495621795,0.208173284217,-0.142722026575,0.0542493003719,0.24940797411,0.216166238643,0.0586372777411,-0.636687607981,-0.0121345266415,-0.210135451986
0.201786073459,-0.162028151405,0.0643048153829,0.229771211839,-0.406106931076,0.27433274503,0.355240021094,-0.0144306942226,0.355563742408,0.00523303773465,0.235725188457,0.00477662647808,0.300082082223,-0.139476183172,0.177221783096,0.0034055721286,0.290262255281,-0.156682801909,0.340662024827,-0.0433680878699,0.205080824676,-0.145608616314,0.0568138784461,0.250198846024,0.215689724524,0.0583809082216,-0.637255163243,-0.011426875095,-0.209399077057
0.206530825292,-0.158425512039,0.0630826759387,0.231218661795,-0.402684395825,0.27514045187,0.359882767396,-0.0145740953113,0.351841087166,0.0153812585114,0.239883887913,0.00412267147957,0.299539736794,-0.135025874652,0.180891533181,0.00511500704466,0.285809139579,-0.154701339286,0.344239040134,-0.0447543151445,0.202140562322,-0.14283899647,0.0604042322336,0.254590572395,0.2204364325,0.0627124048722,-0.634210390347,-0.00794082859952,-0.206831201944
0.203880121365,-0.162520680335,0.0661064843441,0.228310599942,-0.404341109706,0.270994929887,0.359192798381,-0.0150131446509,0.348233971892,0.0093960036079,0.236488429724,0.0075603244667,0.297960876731,-0.139975563245,0.181508844074,0.00807032100097,0.286337877238,-0.155337113669,0.342969757627,-0.042019765318,0.198741270258,-0.142421204588,0.0573650604124,0.25181841693,0.217429410472,0.0603980359911,-0.636588393158,-0.0105280416332,-0.209690086993
0.202943210545,-0.162906020166,0.0673122073663,0.231620700769,-0.407965738143,0.270455757453,0.36036155656,-0.0151303190977,0.342896637384,0.00743665518795,0.237345755352,0.00917810544199,0.296589990911,-0.138862292119,0.180551285903,0.00742247150964,0.282692602193,-0.159462745597,0.343259622408,-0.0379546874885,0.199266036225,-0.146508937593,0.0560972238579,0.251447737762,0.216100685104,0.0599907812071,-0.637780562869,-0.0111342605625,-0.210528337687
0.204761892676,-0.161019390134,0.0654760543374,0.22883270533,-0.406723879571,0.27477215934,0.36222684927,-0.0162901957957,0.337053239176,0.0115248387115,0.239030912088,0.0104247156977,0.294783652727,-0.137335300645,0.183298437658,0.00542560207184,0.279323377052,-0.156778199061,0.345056968338,-0.0391445665076,0.201158796013,-0.14625732142,0.0574231335675,0.253919546869,0.21797639859,0.0611447719297,-0.636220830637,-0.00952288031235,-0.209529318702
0.204514244163,-0.161064034803,0.0651899710677,0.224997699838,-0.408317099529,0.276302557578,0.362626477845,-0.0152844372795,0.334553682232,0.0103107463592,0.238964509097,0.00694297959792,0.297871231056,-0.138110143474,0.182227499273,0.00530235688982,0.277940993257,-0.158788212521,0.345391642288,-0.037910920044,0.202557175302,-0.142896996123,0.0555734424071,0.25355358306,0.217924775814,0.0607107156706,-0.63808139792,-0.0109286330077,-0.21092704022
0.202197006784,-0.162420536121,0.0637512808541,0.223535797721,-0.412058001379,0.270983843448,0.360879252201,-0.0152553842782,0.336868078131,0.00907026631753,0.23795512135,0.00798844422829,0.296229910065,-0.13915564275,0.181618024447,0.00403942399414,0.278290105402,-0.158757891669,0.343096642807,-0.0365608997598,0.202312609056,-0.145145591259,0.0547726919953,0.252015646388,0.215474541111,0.0580382329853,-0.638745987765,-0.0125080968668,-0.212949074247
0.202083106865,-0.162453576445,0.0631163927871,0.219592184663,-0.412682253368,0.266928804687,0.361559161163,-0.013839034839,0.338387141241,0.0111883759436,0.237517274338,0.00907889512743,0.291274387968,-0.134888335266,0.181411850398,0.00253292340395,0.274450015182,-0.163557136526,0.343436997404,-0.0351548132255,0.204337721279,-0.144225124365,0.0513047124132,0.250494121604,0.215596380052,0.0583625996276,-0.638040683301,-0.0139034992623,-0.214978167291
0.198902367356,-0.16338701389,0.0613896716524,0.219565199076,-0.417242412973,0.2658528217,0.357484527223,-0.015884034137,0.340593400455,0.00996054488122,0.231976899754,0.00927042549986,0.284906088837,-0.144140805015,0.176501452477,-0.00063031418971,0.270895142086,-0.168499795101,0.339163607973,-0.034668716153,0.202839892988,-0.140068866957,0.0465547505929,0.245926996805,0.212489308663,0.0544122267933,-0.644166498168,-0.0191549118203,-0.219866736856
0.200867414715,-0.160606118757,0.0592538724654,0.221233775827,-0.417022114345,0.263917116709,0.359136621142,-0.0158412614134,0.339494366365,0.0118657551827,0.231692291496,0.0114298368184,0.281722914411,-0.143511067611,0.178275021165,-0.00264662719195,0.272550265792,-0.167167828122,0.339534014652,-0.0365110537323,0.199485088867,-0.137167409765,0.0474997811608,0.247452525814,0.214751687458,0.056455127419,-0.642633617997,-0.0180416129218,-0.219394875063
0.205225542027,-0.156688317758,0.0571819140175,0.222684081,-0.411731984407,0.26470460903,0.362596060448,-0.0151856523974,0.340176306212,0.0135983588848,0.235532460777,0.0134433885209,0.280280821407,-0.139377079417,0.183007856871,-0.00141488262162,0.268822523867,-0.160148750659,0.342208937212,-0.0353534720146,0.199126338629,-0.131746027063,0.0520900492196,0.252376488437,0.219210531235,0.0591528062005,-0.640076119571,-0.0146380087952,-0.216225889382
0.204307858341,-0.158006052912,0.0547280701471,0.222929601603,-0.412780403741,0.261425359661,0.361396113762,-0.0160900485274,0.337216772172,0.0143650416313,0.232606550608,0.0149660475725,0.279605307618,-0.1438155076,0.182390558714,-0.00251494592952,0.269675445855,-0.159208754056,0.340398592756,-0.0344017469515,0.198414378206,-0.132940802464,0.0506584452475,0.251420386457,0.218312848265,0.0579949172292,-0.642637829704,-0.0163972095014,-0.218063279422
0.207507730543,-0.154099413702,0.0526853639821,0.223710436476,-0.410792745069,0.258688802044,0.363668735005,-0.0159483946153,0.333296673839,0.0148523616982,0.235548822959,0.0166461211765,0.282368719082,-0.139311643403,0.184413032492,-0.00498569529137,0.26776122365,-0.154812901634,0.342030792217,-0.0319636536892,0.199510895467,-0.128299774048,0.0532801451875,0.25421977942,0.22204785883,0.0606210647789,-0.641216023205,-0.0139052975513,-0.215751155328
0.20769731922,-0.155693032538,0.0535797742816,0.222556315751,-0.410928356186,0.258519168826,0.363647245922,-0.0188195439477,0.329778628381,0.0158877686378,0.234547273479,0.0175275031366,0.28276438639,-0.139698226949,0.18592358202,-0.00449240486531,0.264614610407,-0.15307394617,0.343000495194,-0.0323842906236,0.199044523509,-0.132683298576,0.0541432159953,0.254846748267,0.222719795332,0.0596047520647,-0.640707539944,-0.0138055569568,-0.216072770387
0.204984089404,-0.158767286639,0.053531643574,0.221482671598,-0.411918111475,0.252792129206,0.362115001112,-0.0206504651114,0.329152588758,0.0131029685693,0.232274672532,0.0144845815343,0.281846939177,-0.142521696848,0.183491742777,-0.0105384757917,0.264980740586,-0.154890586366,0.339400706742,-0.0331323652558,0.198056448375,-0.136846538158,0.0530357630808,0.253124566809,0.219799738621,0.0574140933608,-0.644697286041,-0.0158979438623,-0.218700709977
0.206975163405,-0.156295961148,0.050286555798,0.222276359614,-0.410898186089,0.247804339698,0.364617923264,-0.0265467258377,0.328932825109,0.0170677447173,0.234123713566,0.0120532403157,0.280464190946,-0.145076645515,0.183801527874,-0.0131722629775,0.263722690874,-0.154388790577,0.340786207608,-0.0319853656295,0.1999815932,-0.130993590669,0.0548982344604,0.25495689864,0.22234041487,0.0592965257078,-0.643875037736,-0.014040177842,-0.217508166268
0.207081936217,-0.157283572985,0.0511094255424,0.221507165871,-0.412399640955,0.243860538891,0.363890226833,-0.0241018058045,0.327641584073,0.0175334893746,0.232699544623,0.0104229289725,0.279192990017,-0.144710019978,0.184031749212,-0.0111979339914,0.261588151985,-0.150711048181,0.340604345631,-0.0306856869079,0.199161589989,-0.131325008141,0.0528735170847,0.254781371251,0.222585205454,0.0580262880774,-0.642809819745,-0.0147591673254,-0.218733210401
0.203347872349,-0.162059662125,0.0510564871297,0.220433408466,-0.414944916713,0.244391955176,0.35892365201,-0.0234758454643,0.324811941935,0.0120123432742,0.22861613051,0.00844756202365,0.277230603813,-0.144953445197,0.178771569009,-0.0108736879048,0.259826518285,-0.152512706837,0.336214617857,-0.031645445829,0.199275347398,-0.136120147046,0.0487012614656,0.250688617162,0.218804787224,0.054280750044,-0.647396072474,-0.0186675058843,-0.222843750106
0.207332209022,-0.158061080423,0.0506008346937,0.221479755094,-0.409146365618,0.242759417357,0.363311078115,-0.0243196044438,0.322173035755,0.0129532215145,0.233054051269,0.00922918819812,0.275761154069,-0.141444861817,0.182512439614,-0.0114004088441,0.257843298262,-0.143546292184,0.340379225687,-0.029354097024,0.199286845204,-0.133627418274,0.0536337243819,0.2547815091,0.223123747708,0.0590545164457,-0.644586751592,-0.0149024325769,-0.219457544807
0.205316332723,-0.162615928209,0.0530198302026,0.218621534069,-0.407574156535,0.241410811675,0.361234813996,-0.0261488448123,0.321487961059,0.0118403583538,0.22996930853,0.0079933835662,0.271571036906,-0.140726120135,0.180492675412,-0.00878639121999,0.259275940561,-0.147322679167,0.336873916935,-0.0263714334173,0.195754711601,-0.133998021439,0.052608879324,0.252865954892,0.221179936962,0.0576403696036,-0.648986243975,-0.0172780034596,-0.221858287562
0.204664157619,-0.164915040852,0.0547137135933,0.221384101382,-0.409528539071,0.238752566141,0.360475115416,-0.0252459240097,0.318709121993,0.0109371292212,0.23098949354,0.0107845565915,0.269064507172,-0.139698652239,0.180466789752,-0.00747716778464,0.260431434197,-0.149186359686,0.334493156236,-0.0260636704698,0.192469040705,-0.13622832802,0.0519704916983,0.251810407758,0.22013213383,0.0574512032817,-0.649576094404,-0.0179797742718,-0.222912635537
0.205859718042,-0.164909505793,0.0530984305695,0.220257706865,-0.408836098297,0.235188560569,0.361123226925,-0.0271239513722,0.316796856791,0.0169965082177,0.229108709423,0.0078671942776,0.268822648247,-0.13725095567,0.18015034764,-0.00712515276036,0.259182264347,-0.152059437579,0.333989401561,-0.0263671931123,0.19236634253,-0.135699614563,0.0528346417476,0.252557727758,0.221204703214,0.0577348535568,-0.649086522977,-0.0181118889901,-0.223426866855
0.204833814558,-0.167271563995,0.0531091252515,0.216760799682,-0.409787916019,0.233237244272,0.36100064079,-0.0219189927695,0.320472121881,0.0172992084718,0.228628478654,0.00813973043718,0.265046938613,-0.139070364735,0.178488786165,-0.00796148243443,0.255625945068,-0.156749912961,0.335307795892,-0.0236292738073,0.190611455586,-0.1345551436,0.0517811470283,0.251498153026,0.220192381825,0.0572596753009,-0.649488153855,-0.0189828214607,-0.224767001461
0.204250359048,-0.166111580127,0.0503154048584,0.220339950583,-0.412659746056,0.235602841314,0.359887632898,-0.0227882701846,0.319673745817,0.0161042210663,0.227013314776,0.0080780652684,0.26304520061,-0.140535289971,0.177673418793,-0.0085377281956,0.253560377735,-0.157598463584,0.333537743392,-0.021271471584,0.189396029547,-0.13130781769,0.0522920851016,0.250943994854,0.219722444906,0.0561217905024,-0.652387104489,-0.0205394622717,-0.226250784694
0.203958822562,-0.167052592911,0.0486382102428,0.215225365927,-0.412133851561,0.233730177476,0.359113901958,-0.0203783097315,0.317916260914,0.0188428874124,0.226576057575,0.00660596223524,0.261032484095,-0.14159042176,0.177885488553,-0.00934744107632,0.250615684597,-0.155997338462,0.331643034404,-0.0188478126447,0.191459472245,-0.134653213597,0.0518151680308,0.25049401485,0.219694999334,0.0558572604117,-0.652410586907,-0.021095499582,-0.227096353147
0.204824521861,-0.165908576742,0.0477606205693,0.216055684958,-0.409935775957,0.232288079745,0.36035772876,-0.0214070597928,0.317181810739,0.0163508407846,0.227251229404,0.00490031156716,0.257135673629,-0.139623840513,0.178534797081,-0.00842598742415,0.248825246578,-0.15583596108,0.33208806263,-0.0212423810079,0.191390013816,-0.132413752293,0.0520777358973,0.250870387133,0.221328767033,0.0573630218274,-0.652172706931,-0.0205525906241,-0.226744593704
0.203487133395,-0.167146767062,0.0455200893939,0.212713045208,-0.41043390222,0.229530732332,0.359844315579,-0.0203064728352,0.31454465035,0.0147689257309,0.223990236302,0.00492357996192,0.256861044791,-0.140780625149,0.176878563022,-0.00717263492006,0.246769733106,-0.158573031578,0.330722993205,-0.0198842000527,0.189864243968,-0.132290237834,0.0498781858129,0.249402125054,0.219931106233,0.0546001116514,-0.653823808235,-0.0229917385772,-0.229176482753
0.206180168107,-0.164072279524,0.0484765822565,0.209633040623,-0.40887467957,0.229596499454,0.362215953286,-0.0211187326633,0.312314926382,0.0186230192765,0.225294413944,0.00526897558709,0.255893412843,-0.141507675309,0.178630237075,-0.00836908743625,0.243713310296,-0.150341201959,0.332864186584,-0.020899157311,0.188916651265,-0.129432008448,0.0519422518929,0.252482187506,0.223179669879,0.0571296887853,-0.651780340795,-0.0207995321913,-0.227457002347
0.207909118786,-0.163659872164,0.0465218828107,0.208070920529,-0.405945126294,0.228763155319,0.363946787488,-0.0248459311573,0.308203159814,0.0207584005565,0.227004484049,0.00497988583806,0.256047526129,-0.141207104735,0.180419689908,-0.0101746196059,0.243077913493,-0.144584449316,0.333062071051,-0.0229846138269,0.186492093868,-0.130309874361,0.0550335887718,0.254768046088,0.225145879601,0.0597192066722,-0.651564473439,-0.0191371893697,-0.225747357132
0.208767142017,-0.163697601766,0.0435296032836,0.206960371561,-0.406183885382,0.225279119012,0.363835276013,-0.0233575750677,0.308941032903,0.0225599241117,0.224661585266,0.00510083032255,0.253163167261,-0.140263713925,0.180050876823,-0.00965821914362,0.238091263741,-0.14366800435,0.331969452956,-0.0213330762542,0.187366911781,-0.134029268169,0.0535109396426,0.253845616179,0.225949644281,0.0597230910408,-0.6520953234,-0.020174930614,-0.226737362255
0.20737335471,-0.165743923935,0.0426297893548,0.205868617783,-0.408170205918,0.226999812378,0.362606539014,-0.0229589286195,0.306062737478,0.0236303555076,0.223768189166,0.00735330489422,0.252296491975,-0.141013756547,0.177872884619,-0.00732757832971,0.236127734807,-0.149975667749,0.329094754851,-0.0219262561603,0.182083372658,-0.13364511609,0.0522507188189,0.252229995619,0.224654909304,0.0591459822705,-0.655194509351,-0.0218470255411,-0.229025114879
0.206933262175,-0.166345092281,0.040794782597,0.205352055571,-0.408934730903,0.22569517681,0.36336652012,-0.0216638269739,0.3057945524,0.0219784241759,0.222266658311,0.00666044927382,0.253042735428,-0.142245788312,0.177833516854,-0.00710953665761,0.235848943117,-0.149561887606,0.327839321093,-0.022963810192,0.178660957801,-0.133415428408,0.0486644481836,0.250077447379,0.223957907008,0.0588849239392,-0.656900278539,-0.0232791618128,-0.229570219935
0.208506259672,-0.165862853249,0.0390871251261,0.201262311804,-0.406245208154,0.220736409031,0.363938182003,-0.0213840269604,0.303198662635,0.0239354772886,0.222786818154,0.00685196592863,0.25022126596,-0.14300825908,0.178668453762,-0.00668924183765,0.236233111302,-0.144563579183,0.328321439993,-0.0221021725313,0.180688836672,-0.13185683286,0.0496775398083,0.25076949401,0.225665824753,0.0609801178669,-0.655838375047,-0.022167001082,-0.228576188754
0.20869583966,-0.165058510456,0.036740539746,0.198294388276,-0.406682399294,0.221604289355,0.364715008826,-0.0218138682905,0.303030767561,0.0230684333304,0.222817736662,0.00761765353375,0.251176268515,-0.140964476604,0.178372955723,-0.00568669556721,0.232549773321,-0.146113745999,0.327724197413,-0.0218763489411,0.179940987341,-0.129437889336,0.0501318984321,0.251160243931,0.225805171606,0.0618383855002,-0.657136994302,-0.0218956354025,-0.228912012577
0.208682559491,-0.165439679469,0.0406164980224,0.197898213722,-0.406598102278,0.219918139337,0.365159771359,-0.0224729727409,0.302547933832,0.0244781791491,0.223018322743,0.00883681452612,0.24981570426,-0.1410489033,0.179287719615,-0.00067079090586,0.231096665415,-0.148654332249,0.327899062657,-0.0235625403709,0.183031660061,-0.129251477985,0.04827910031,0.250295030087,0.225807689741,0.0619814691578,-0.655503694184,-0.0221213267717,-0.22911395092
0.207274822891,-0.166115191156,0.040376200152,0.201683099279,-0.407387714553,0.215474301309,0.363490912753,-0.0227346636363,0.299693478694,0.0224754419395,0.220293930346,0.00959774793791,0.247382504499,-0.142714264683,0.177167974618,0.00186616731414,0.229066235927,-0.14618066743,0.325376834136,-0.0228889605397,0.184737285985,-0.128991980588,0.0463952220852,0.248617220395,0.224662774824,0.0612813489604,-0.658115660872,-0.0238629248037,-0.230839375662
0.210165396025,-0.162659025506,0.040878562524,0.202789069998,-0.405741264289,0.217426088493,0.366551911931,-0.0208918117713,0.299595617633,0.0259212055114,0.223555514742,0.00867470844312,0.246998022093,-0.140651795254,0.178542544622,0.00198148900434,0.225151242893,-0.143328951156,0.326723065664,-0.0252068141117,0.179580976645,-0.126236570798,0.0493129450492,0.250671242898,0.227745199985,0.0648816873879,-0.655189871079,-0.0215495930042,-0.22872380082
0.21062780891,-0.161218623697,0.0419122032162,0.199089565758,-0.405440617993,0.214056368847,0.366076326051,-0.0191077326487,0.297979648725,0.0239431761931,0.224588574786,0.009820861826,0.247665629919,-0.138348370442,0.17860468522,0.00384354653749,0.226989807458,-0.142796185256,0.326113625845,-0.0280822114615,0.178978917727,-0.129331934469,0.0503452464883,0.251364609612,0.228261712531,0.0660604471246,-0.656289066115,-0.0214410407246,-0.228736710211
0.209447624945,-0.163308345248,0.0396736764365,0.195096236993,-0.408029098569,0.215706145659,0.363605242698,-0.0200213320997,0.298886988463,0.0198118232017,0.222930321848,0.00753671301614,0.247674273491,-0.139534556049,0.17743144947,0.00603179214001,0.227175559013,-0.140536810935,0.323633816573,-0.0251691223174,0.177449543782,-0.132134854197,0.0485459649736,0.250295982617,0.227297351481,0.0642041097829,-0.658790331916,-0.0234433160663,-0.230862499659
0.211213625805,-0.163130515995,0.0394918505084,0.19428050485,-0.407444672802,0.217290085439,0.363621532508,-0.0178555143947,0.295197091934,0.0191507743534,0.223554750309,0.00823431165815,0.247682369635,-0.137472884072,0.179808250277,0.00713455380621,0.226649748894,-0.139442097286,0.32561275259,-0.0225213672434,0.176264535798,-0.128456339328,0.0494107118482,0.251672183797,0.229041923279,0.0640628858757,-0.657441385009,-0.023051097088,-0.230454207102
0.215313975685,-0.158914339167,0.0367111231488,0.195391517685,-0.401677238256,0.214662727368,0.368410418298,-0.0160801822157,0.292922169818,0.0227131801862,0.226405773669,0.00724439819485,0.248484615475,-0.13410562443,0.183620674573,0.00722267733317,0.226723877377,-0.134328399011,0.328077878225,-0.0217817176766,0.174418319264,-0.125423659831,0.0527286060783,0.255461702422,0.233754698434,0.0690971940924,-0.653663349867,-0.0188892339983,-0.22697782711
0.21692267538,-0.157634336554,0.0339379872356,0.196232155307,-0.3986435817,0.213623221936,0.370439148439,-0.0156547535663,0.291931680639,0.0233030377881,0.22827802024,0.0034699402943,0.249437318513,-0.132192688003,0.184831736769,0.00657335829665,0.225174255495,-0.13550022703,0.328822051387,-0.0193864793001,0.173147371038,-0.122508551386,0.05378979666,0.257003410498,0.235681484237,0.0710884650902,-0.653374474046,-0.0174707942202,-0.225722822912
0.213992880218,-0.160707882715,0.0340089759868,0.192361731326,-0.401836937336,0.210766325379,0.368216963019,-0.0129600462305,0.294038830773,0.0205273878689,0.225574548218,0.00406031834041,0.250699431019,-0.134970248902,0.182981962564,0.00302224873201,0.2242053874,-0.138226970252,0.326783804845,-0.0171020582463,0.173693073596,-0.124140818366,0.0500820891148,0.254358458034,0.232671454351,0.0687687030241,-0.655374953463,-0.0200238119038,-0.228545161659
0.21366007475,-0.16061390548,0.0314625371155,0.190172155562,-0.401422540613,0.208917374347,0.369294474744,-0.0118400296725,0.29312416133,0.0174774525169,0.225102535204,0.00411520792699,0.251714037807,-0.133335861725,0.182316201987,0.00384835472106,0.227598681536,-0.141217435305,0.325570234476,-0.0199035722651,0.171329803793,-0.120228623656,0.0499443146451,0.253985959887,0.232687031955,0.0682628527278,-0.656861546103,-0.0207907346058,-0.229505390908
0.212730961583,-0.160783761058,0.0293089793498,0.189652655661,-0.403029790108,0.209227609561,0.369133330037,-0.014934281321,0.292844616304,0.0176732133209,0.223506340234,0.00338153309317,0.250916382895,-0.1343377029,0.180594851268,0.00171662512248,0.225509162448,-0.144644880094,0.323445606515,-0.0224833480759,0.169817866102,-0.119708747058,0.0473937222026,0.252439609107,0.231599576747,0.0676067172808,-0.658019540603,-0.0219389577569,-0.23061269349
0.215910910082,-0.15820850823,0.0281425544243,0.187841079381,-0.398891529566,0.206282245343,0.371658353496,-0.0134555447081,0.291142528972,0.0210431642658,0.225716705478,0.00292396524968,0.249407825538,-0.133473786072,0.182259988937,-0.000955012711914,0.225993913285,-0.141504254532,0.325404761168,-0.0229785845175,0.168425467144,-0.115009790845,0.0493079917406,0.254768491909,0.234724106092,0.070581198085,-0.657551511829,-0.0194257310562,-0.228448697468
0.216565108292,-0.159201381231,0.028863095869,0.18525540904,-0.396704509663,0.20920329925,0.372053480066,-0.0126005093402,0.290029277279,0.0228740002244,0.225926864017,0.00282538443313,0.247884170845,-0.13459480021,0.183111613681,-0.00255405255234,0.226752484563,-0.142798016133,0.32602013734,-0.0242311240893,0.168244764529,-0.113142258739,0.0500076625781,0.255718393657,0.235372080724,0.0723239927577,-0.657100383387,-0.0181170083155,-0.227612286831
0.217828053331,-0.157551389386,0.0308234615595,0.185700204749,-0.395436575144,0.206820839927,0.373558715185,-0.0135085413414,0.289868542239,0.0235366508509,0.226695864905,0.00213459448339,0.248927528867,-0.13204586875,0.182461485517,-0.00120077369791,0.225509192275,-0.144398780923,0.326385081484,-0.0217597251493,0.16928572762,-0.107912813672,0.0486320646971,0.256207873382,0.236892575126,0.0745525043686,-0.65619003763,-0.0170794479131,-0.227032098016
0.218866493944,-0.156266671545,0.0315796120184,0.185576241247,-0.394956741646,0.205225789614,0.374614340099,-0.0140608891946,0.29081968083,0.0265221816738,0.226942776757,0.00233343860787,0.245800847698,-0.129476866664,0.181633512898,-0.000627900761682,0.228041191725,-0.144488679899,0.326022558689,-0.0214601672785,0.166990154599,-0.105278588773,0.0503084084974,0.257375670339,0.238187725294,0.0758653282254,-0.655428989067,-0.0163280410789,-0.227053359467
0.219878169009,-0.156432763606,0.0337238561175,0.184255212693,-0.392189065574,0.206740398197,0.375709984659,-0.0150202158393,0.288055855665,0.0272533497241,0.228255294441,0.0020471652947,0.243318623321,-0.128041321195,0.183070319036,-0.00100975878493,0.227545824489,-0.142597861007,0.326713888178,-0.0226939266068,0.165526377646,-0.105194884827,0.0523076053142,0.259307446412,0.239573425433,0.0777143983024,-0.654463793711,-0.0144373442669,-0.225969020792
0.218748332899,-0.157795162825,0.0322587090852,0.180944311812,-0.393715137687,0.209783155516,0.37455606476,-0.0140985748709,0.288173460169,0.0255688525191,0.226267702753,0.00198196885904,0.243118503895,-0.128041031065,0.181890710655,-0.000843533876802,0.228895890066,-0.14448672295,0.325324184085,-0.0220269416346,0.165235703148,-0.104527150704,0.0490903673281,0.257091340535,0.238507370458,0.0763850747192,-0.654244009742,-0.015974791237,-0.227894840943
0.218739723269,-0.159952275821,0.0320642172449,0.181527340475,-0.393911689116,0.209238384672,0.374441994128,-0.0140891132343,0.286167098983,0.0252834447541,0.226052612313,0.00613850686981,0.241930901591,-0.128948415169,0.181874399453,-0.00016075397656,0.230030401738,-0.141654146626,0.32523148449,-0.020270692747,0.165619249282,-0.107102643795,0.0488048450759,0.25682023219,0.237914601849,0.0770707405964,-0.654063998707,-0.0159547426897,-0.22812619943
0.218195854469,-0.161007682632,0.0339918380266,0.180518901506,-0.395772034656,0.211252498537,0.372506629775,-0.0154865837403,0.282809540097,0.0256562187833,0.225093936812,0.0102429090598,0.243301640796,-0.130013423459,0.179695323319,-0.000249485436414,0.230693604235,-0.141312081976,0.324909125906,-0.0204703640417,0.165558358844,-0.109178647591,0.0482985562078,0.255916692264,0.237496740015,0.0760468244805,-0.655665413338,-0.0170270316486,-0.229059479515
0.221587175207,-0.157915560288,0.0334598471212,0.182004789021,-0.393168074886,0.209931958927,0.375200425957,-0.0149175182577,0.277553240363,0.0297239396074,0.227191638022,0.0102282846868,0.242742308522,-0.128784637595,0.18281703791,-0.00246464622868,0.228304821382,-0.136618452314,0.326849689166,-0.0188921489612,0.167440533602,-0.103862372809,0.0518816426248,0.259538118272,0.241157358055,0.0794469829306,-0.654246483584,-0.0137169139918,-0.226178003164
0.220350858727,-0.15914418887,0.0311294837315,0.180551862661,-0.394720226487,0.209023797994,0.373648856793,-0.0150555411732,0.278150862493,0.0288535090039,0.225805192227,0.0103783286047,0.240395863679,-0.129025427111,0.180902185034,-0.000857742631199,0.226894880273,-0.136628071527,0.324826033006,-0.0185212901874,0.169113003968,-0.107054554267,0.0507680971811,0.258601839793,0.239943899125,0.0779695802403,-0.657428013788,-0.01547238444,-0.228017598622
0.219268360794,-0.160717852748,0.0289959993333,0.181008879179,-0.395799197411,0.207482977115,0.372551466449,-0.0165404224512,0.276552422182,0.0275446435171,0.224623630467,0.0108973015259,0.240062458131,-0.130856697938,0.178334740511,-0.00177114093357,0.22963943077,-0.137202572071,0.322945619415,-0.016263385748,0.167684204973,-0.106169926415,0.0482631059507,0.256700409502,0.238753413283,0.0764370659215,-0.658887878643,-0.0169638896076,-0.229808536524
0.218520785678,-0.160803158521,0.0288834904185,0.179252398903,-0.396713711394,0.205283316478,0.372155256161,-0.0155890570773,0.276347738212,0.0291993355244,0.223779858925,0.00932704894898,0.239619253843,-0.130755307015,0.177865045625,-0.00199642857651,0.228063523723,-0.140135128797,0.322790484257,-0.0173055387063,0.168698637528,-0.106526275875,0.0468387842925,0.255332986908,0.238235506706,0.0761463547738,-0.658780258792,-0.0173903698072,-0.230801565011
0.219423460092,-0.160317050443,0.0264860150164,0.180485772159,-0.39744585125,0.204229277087,0.372946544449,-0.0150382309998,0.270823654026,0.0308815164488,0.224301489656,0.00857325037867,0.238506195695,-0.130859375834,0.178679513654,-0.00300210208005,0.226567604336,-0.136771144467,0.322142207884,-0.0164241323437,0.168675948151,-0.108535211252,0.0464274519189,0.255828978359,0.238896582492,0.0753527119388,-0.658277840592,-0.0174935202598,-0.231099177546
0.219477663275,-0.160411782159,0.0284643846875,0.180415142675,-0.395162417137,0.203625938781,0.373994382176,-0.0136289133851,0.269588258032,0.0294926987222,0.224155400088,0.00676468143231,0.236362845763,-0.128687532183,0.178542782882,-0.00177638089927,0.226887600034,-0.137234481843,0.321156694888,-0.0156400189135,0.170183624236,-0.109587777735,0.0452870893802,0.25558245581,0.239242643422,0.0751523145551,-0.659215024048,-0.0177436811379,-0.23154225201
0.219898861279,-0.159626864732,0.0262573045156,0.179750995868,-0.394107617654,0.204734607664,0.375058103048,-0.0124484435932,0.270115170919,0.031967759759,0.224811103035,0.00553920355436,0.235178237124,-0.128410106927,0.177105330292,-0.00253324560469,0.225871266171,-0.138635236217,0.320673200719,-0.0139337507033,0.170717053661,-0.108693083571,0.0460232473992,0.256612987393,0.240181812612,0.0756753138685,-0.65966084005,-0.017051117549,-0.231196608043
0.220186939756,-0.159059134222,0.0267463248467,0.179004175302,-0.393233515369,0.204445777292,0.376237003138,-0.0137284817141,0.269466334697,0.0314642867691,0.224754883932,0.00398759045765,0.236088687643,-0.130765994318,0.178134509968,-0.00503255076363,0.224001772971,-0.138638100114,0.321586659013,-0.011993612186,0.170696243831,-0.10601187262,0.0465923527565,0.25725721002,0.240519506493,0.0761709472078,-0.660270731309,-0.0164535890609,-0.230910705138
0.220550678525,-0.158944889478,0.0286678399835,0.177694737106,-0.39492492143,0.201139820963,0.377136217677,-0.0119295976127,0.268521934221,0.0328365121554,0.225606891402,0.00338594913964,0.235867348413,-0.12990972543,0.17826642889,-0.00337083913587,0.223937708543,-0.138067790327,0.321944658964,-0.012271233264,0.167319032693,-0.107340858467,0.0457641714009,0.257332698663,0.240876526569,0.0762517955723,-0.659932339316,-0.0161999065542,-0.231201043906
0.222413345914,-0.157653536117,0.0299063827545,0.177798769799,-0.392808122911,0.201007767129,0.379030558483,-0.0109967314485,0.267801667981,0.0368421691854,0.227578215767,0.00405442039643,0.234698104221,-0.126473081905,0.179140259152,-7.7761112216e-06,0.224429502576,-0.136555192014,0.322794872739,-0.00972786563662,0.166617530232,-0.107352162322,0.0480202020018,0.259404270614,0.242807307938,0.0784584067344,-0.657667232924,-0.0142902594637,-0.229709589966
0.223371172816,-0.156614666087,0.030408193731,0.176619030313,-0.391250910073,0.20070268863,0.381303360421,-0.00727988833847,0.268628199908,0.0392101393108,0.229224617367,0.00316505717778,0.235018891831,-0.125152120952,0.180809617249,-0.000233777996881,0.223224104812,-0.137277586021,0.324646306853,-0.00841658895441,0.16606686162,-0.105087778563,0.0487050350982,0.26037475457,0.244068364556,0.0803115815514,-0.656155930926,-0.0127580175801,-0.228831570313
0.220811604528,-0.15962409447,0.0293781567905,0.174707164861,-0.393979884579,0.199064727112,0.378932764256,-0.00795145269511,0.267282129236,0.0361768025647,0.225820549857,0.00316107126596,0.233029097671,-0.127732424109,0.177779246674,-0.00123875373576,0.224112086157,-0.139686074202,0.320767733561,-0.0092855785711,0.168015480667,-0.106139229506,0.0467030742841,0.257614716314,0.241369676375,0.0783980554256,-0.659588607319,-0.015663335656,-0.231805152504
0.220725260784,-0.159968382344,0.0277096744531,0.172741966661,-0.393661539045,0.196324056789,0.379176069409,-0.00659239419456,0.269015496148,0.0353257567883,0.225798348171,0.00334713504057,0.232205602486,-0.127417299464,0.178281171822,-0.000728929964475,0.222332014225,-0.141071639446,0.320376396951,-0.0082536736356,0.169563148775,-0.105148631219,0.0457108865411,0.256717882701,0.241471725553,0.0777823017048,-0.659985107807,-0.0164147095416,-0.233048822521
0.220793643715,-0.160202567907,0.0275991482389,0.173298825755,-0.394680686918,0.193211744359,0.379235264152,-0.00438935202895,0.268522278608,0.0347462953886,0.225125079442,0.002748439304,0.2300687729,-0.124768568054,0.179001217376,-0.00232886284974,0.222132686047,-0.136878398072,0.320533614101,-0.00876286526386,0.167189270052,-0.106112564732,0.0466385285684,0.257678364917,0.24143324417,0.0773607209724,-0.659739331914,-0.015945190503,-0.233105082864
0.222497991474,-0.159292118131,0.0289303276057,0.172842200258,-0.393290047694,0.192029884999,0.380465418183,-0.00486150443478,0.268443134128,0.0362550725845,0.226061628445,0.00170073870773,0.230523745298,-0.122969484257,0.179302640803,-0.00268578584788,0.221945710885,-0.135710134691,0.322211447451,-0.0075781348157,0.16460177913,-0.10427518194,0.0455986452963,0.258320963851,0.242888299758,0.0790799464531,-0.658575783833,-0.0148456476004,-0.232557172954
0.223761275681,-0.158950413542,0.0279396452085,0.174050793067,-0.392113582221,0.189054156603,0.382337113704,-0.00691887733928,0.267994561088,0.0384026258565,0.22656787467,0.000863386181367,0.228616116216,-0.121027048959,0.180019068757,-0.00282950484537,0.2212596209,-0.135165707976,0.322564446764,-0.00853267685631,0.162579777803,-0.105349907013,0.0459667670697,0.258979053264,0.243958746516,0.0793106260064,-0.658664509073,-0.0144423206843,-0.232578314673
0.223352055846,-0.158950573729,0.0262315462259,0.173061418308,-0.392656256907,0.187098600876,0.382599896842,-0.0078697881695,0.268369267795,0.0375637535306,0.226861356448,-0.00153724565453,0.227478380735,-0.120930846752,0.179307347302,-0.00340303204319,0.221431788755,-0.136989566446,0.322353753022,-0.00745076309962,0.164433156314,-0.105093804171,0.043398417886,0.258044301278,0.243904735988,0.079195089555,-0.659339368761,-0.0149158115182,-0.233225840175
0.222468408543,-0.15972950895,0.0247213988066,0.172493089235,-0.393471989247,0.186825878673,0.380932026513,-0.0076926220459,0.267768491187,0.037160474557,0.22584525331,-0.00363857153268,0.229113399229,-0.119620343882,0.177532480584,-0.00487723226549,0.217479484556,-0.141625750631,0.322728109461,-0.00800883252012,0.165531280764,-0.10609182786,0.0364740820175,0.254639969715,0.243168440301,0.0788292421525,-0.659588735426,-0.0165371660896,-0.234915976453
0.222275835593,-0.159702847884,0.0256435275078,0.170746131285,-0.392234207499,0.183751900177,0.38140411415,-0.00642124439487,0.267876719428,0.0387567201326,0.224977109783,-0.00520857013138,0.22766024073,-0.11889058833,0.17656911809,-0.00567129325887,0.21661912387,-0.140966519659,0.321779010736,-0.00739267369907,0.166069942789,-0.108382321336,0.0347727411181,0.253597939992,0.243111176889,0.0788870265314,-0.660422254612,-0.0176155441197,-0.236411942014
0.222416646206,-0.160039899257,0.0250565953975,0.170523623309,-0.393455309059,0.184674365329,0.381082369574,-0.00691381582338,0.267940365485,0.0377157185395,0.224413938437,-0.00597078645986,0.225969762456,-0.117590755083,0.175673634788,-0.00611324868237,0.2159066758,-0.140016700333,0.321130444479,-0.00701414572921,0.16596713174,-0.107398899929,0.0344836779009,0.253549035964,0.243210030127,0.0783404257388,-0.661361423861,-0.0182333260363,-0.237125406433
0.220675898511,-0.161041555247,0.0278190540936,0.170193603297,-0.394395607349,0.184825468669,0.379337575774,-0.00460018213399,0.265853090109,0.0352984449487,0.222315615248,-0.005081284338,0.227527790793,-0.121896384307,0.173619139368,-0.00499592037573,0.215249594347,-0.140627277322,0.318962722192,-0.00292808764079,0.165804057428,-0.108583898613,0.0312837232456,0.25064404525,0.241917447177,0.0765386860906,-0.663411603766,-0.0209536790553,-0.239353079826
0.22043763972,-0.160416975896,0.0279396369004,0.171376066669,-0.395051562378,0.183674745317,0.379790976708,-0.00633068400937,0.266281888818,0.0351142423142,0.221516382075,-0.00601919926676,0.224129821537,-0.121235084634,0.17205093314,-0.00650459939024,0.215237696748,-0.139057536826,0.317709945813,-0.00397497212733,0.166637992206,-0.109506419323,0.0306209049457,0.250533239575,0.241796871963,0.0759375574229,-0.664357836698,-0.0216020710211,-0.240164778038
0.220211841712,-0.162076615766,0.0282888143848,0.171154152313,-0.394896158396,0.182698939305,0.379887690283,-0.00579486772043,0.262426232055,0.0341228192721,0.221767205975,-0.00684225728369,0.226485181614,-0.122109838376,0.172096253074,-0.00471213353689,0.214217184905,-0.14213860661,0.31819671471,-0.00274476415532,0.167793140552,-0.10554552547,0.0308724963431,0.250014141264,0.241344791811,0.0762063135165,-0.664401683556,-0.0219486176078,-0.240608968366
0.219069669325,-0.163246424128,0.0310496770986,0.171946292935,-0.395217520118,0.180612706997,0.377863317602,-0.00544969649279,0.260340899404,0.0324698239117,0.219356571221,-0.0061727585662,0.22745161483,-0.123487183644,0.169796667132,-0.00590612988354,0.211427284204,-0.142921302673,0.317041984812,-0.00412871299293,0.16776867684,-0.105309419293,0.028479725076,0.248285273076,0.240364667235,0.0748951754082,-0.666551743639,-0.0236156684154,-0.242239069074
0.219685061975,-0.162520884085,0.0320589675774,0.169744663997,-0.395422760858,0.177052492998,0.3788153748,-0.00543642136947,0.260767720438,0.0330146732216,0.220673727078,-0.00806754850386,0.226958212222,-0.123759942233,0.17112961637,-0.00580424016791,0.209747693836,-0.140889805742,0.317003338474,-0.00328812673297,0.168196644624,-0.105438203621,0.0287659801982,0.248800577485,0.241155814122,0.0755950795346,-0.665629743569,-0.0227249500691,-0.241782108699
0.218738440594,-0.163734787694,0.0321616591518,0.169271484564,-0.395343565639,0.175347207858,0.377822974614,-0.00556200060354,0.261263186499,0.0321781340333,0.218797145821,-0.00853742586923,0.227741355578,-0.124285303137,0.169801278671,-0.00507463666462,0.207578938369,-0.139842755835,0.315001592649,-0.00321356417765,0.168107883742,-0.106426990756,0.0274947525939,0.248010013301,0.240249628038,0.0742728234524,-0.666854698722,-0.0239475201031,-0.243209775914
0.21800013983,-0.165545054269,0.0324447641612,0.168375216781,-0.396418919902,0.176225046012,0.377040862232,-0.00501202675595,0.259707434028,0.0304453455812,0.218516756252,-0.00985717985595,0.226367761211,-0.123953450307,0.169406622887,-0.00368214316522,0.208021980588,-0.137499376841,0.314808374812,-0.004060151474,0.167522247154,-0.109702038368,0.0265191836334,0.247209057769,0.239301279957,0.0739967448068,-0.667823249234,-0.0247987276649,-0.244003234948
0.21774450119,-0.166620120567,0.0335837102598,0.164612417048,-0.397605394696,0.177631383409,0.376222547847,-0.00428996147737,0.257836253211,0.0303811706102,0.217840157861,-0.00828624192618,0.226246548586,-0.122592185471,0.1685403018,-0.00434183538368,0.206969933664,-0.137646883037,0.314533156599,-0.0036861242422,0.166276400138,-0.109195463997,0.0267107085502,0.246822311779,0.238978595548,0.07328379163,-0.668846778851,-0.0251757853492,-0.244713755544
0.214600028272,-0.169788795317,0.0351401679008,0.163281682867,-0.400289162481,0.178400684577,0.372843117498,-0.00172844340062,0.257032411059,0.0276919160869,0.214834343983,-0.00907873106974,0.225889955442,-0.125573626581,0.165148343772,-0.00310206519181,0.205123225971,-0.141100877323,0.311538537125,-0.00474362051787,0.164186453598,-0.111851009973,0.0232124932066,0.24350557334,0.235747729031,0.0705247061614,-0.672520060551,-0.0284553270775,-0.248043766813
0.215143042814,-0.16996438291,0.0358892655875,0.162515206147,-0.397828505675,0.177217920393,0.37309274954,-0.00211935763836,0.257192812588,0.0277337118235,0.215160512819,-0.00807130924565,0.227564194957,-0.124822810477,0.165504777409,-0.00636424253129,0.20399680393,-0.140069361154,0.31126465518,-0.00419854410718,0.162908987057,-0.111561622781,0.0216934153287,0.243472281243,0.2369743879,0.0713654904888,-0.671954673725,-0.0280350059701,-0.248060117052
0.216012456612,-0.170081792243,0.0365208379453,0.161280199255,-0.396411829456,0.176203640085,0.373453471488,-0.00238910298316,0.257759931464,0.0290986096202,0.215452594724,-0.00673716286118,0.226052758752,-0.122510798414,0.166525651799,-0.00726793206174,0.202179024755,-0.138431156692,0.311116651643,-0.00502673331742,0.163927070926,-0.113357528119,0.0222696029891,0.243917274433,0.238098909169,0.0722121869413,-0.67247260956,-0.0280577178108,-0.248164328253
0.215731500758,-0.169716128796,0.0363865137006,0.160169523545,-0.395927903698,0.176334420695,0.374031622406,-0.00156759147131,0.258480381321,0.0290324996549,0.214569807751,-0.00891606510781,0.225129400861,-0.123528537771,0.166580434406,-0.00750697854426,0.199588871336,-0.137194392373,0.311351328084,-0.00504608054064,0.163145444991,-0.112266594369,0.0217630419638,0.243628429418,0.23789881293,0.071605917408,-0.674435151134,-0.0288966429622,-0.248925987513
0.216304162825,-0.169014394021,0.0373225973853,0.159983356986,-0.394355049122,0.176451960014,0.374374953347,0.00042714275474,0.25593830459,0.0278613006641,0.214710417629,-0.00850696980412,0.223909673003,-0.124409502942,0.167100394195,-0.00726553479787,0.197282696696,-0.134238575763,0.311793234437,-0.00442928146904,0.163597309342,-0.111648013612,0.022813397291,0.244114683985,0.238533875589,0.0717916049841,-0.675070757179,-0.0285492035052,-0.248670698166
0.214202534643,-0.171197359527,0.037600737602,0.157412998582,-0.395392223582,0.175027968233,0.372473274708,-0.000448338024415,0.255932266759,0.0271631073181,0.211987760299,-0.00867639507583,0.221273179747,-0.127008114935,0.164727834638,-0.0071833394527,0.198984832521,-0.137328067524,0.309062601355,-0.00229612511853,0.164732251189,-0.11255518652,0.0177383741247,0.240497952953,0.236553979415,0.0697956189452,-0.676967182365,-0.0310045032859,-0.251168797068
0.213457677842,-0.173262548055,0.0394494748352,0.155326148877,-0.396848113868,0.176128237042,0.371176035449,-0.00346967956067,0.255690244348,0.024983693681,0.211090719468,-0.00864067386162,0.219891327491,-0.125885938985,0.164696173419,-0.00680814914532,0.198075126239,-0.136922460535,0.309214459925,-0.00260617762498,0.162678650738,-0.11254426539,0.0173149046722,0.240115272687,0.235487156498,0.0686779069191,-0.677576954199,-0.0316222201045,-0.252427388496
0.215322351206,-0.172739501279,0.0385884006392,0.156981247071,-0.395092441508,0.175333432324,0.372246214408,-0.00423592089522,0.255458288477,0.0293681048441,0.211975788283,-0.00972756435779,0.22049426386,-0.125411821508,0.167059673811,-0.00573183697128,0.196098308963,-0.133479628498,0.310113052339,-0.00448243907338,0.159817597916,-0.109638403122,0.0191639694124,0.242066177196,0.237715652459,0.0707031399932,-0.676488288322,-0.0303475823654,-0.251136134632
0.215475662455,-0.17330786776,0.0367198331023,0.155702338401,-0.393585201826,0.174895250445,0.373542322238,-0.00382424757105,0.253654472356,0.0273983761254,0.213185216049,-0.00923933098254,0.219304082051,-0.124701361563,0.167409664068,-0.00630051626586,0.198296020913,-0.133836296458,0.310741816111,-0.00551864908,0.161096746253,-0.106583700691,0.0190334042359,0.242559722906,0.238340017317,0.071545691231,-0.676593667194,-0.0299061938015,-0.250915602982
0.215397021897,-0.174624889814,0.0361980247535,0.15434395354,-0.393554496377,0.172075397682,0.373024213808,-0.00298181657035,0.255338972509,0.0261718159777,0.212894191265,-0.00951326579329,0.217837561683,-0.126748443424,0.167031237829,-0.00649944694721,0.197414834684,-0.133016473187,0.310599731817,-0.0028798514198,0.162040151984,-0.105062344136,0.019494926892,0.242232370029,0.238164292485,0.0712941108749,-0.677786863391,-0.0304691707216,-0.251533688244
0.215245446163,-0.174974306895,0.0358646414275,0.154157977924,-0.394559873659,0.17181964105,0.373231895413,-0.00283535571699,0.254719565916,0.0258183937977,0.212626877408,-0.00970353039381,0.217538334329,-0.127683627508,0.166287565653,-0.00534174928589,0.19758923832,-0.13201324656,0.310797669701,-0.00420405349171,0.161306867728,-0.105766771645,0.0197938707582,0.242194207753,0.238138638322,0.070681618012,-0.678306818876,-0.0310621234293,-0.252083193756
0.214789334998,-0.176077358057,0.0357918370355,0.155528593213,-0.395856435055,0.170181388054,0.372364200638,-0.00387544644632,0.253917280569,0.0239918500976,0.211672727704,-0.00961599817652,0.21576327873,-0.12632358399,0.164990787328,-0.00602411144724,0.198283617718,-0.133182916912,0.31047017101,-0.00483981894123,0.1597444183,-0.104366582161,0.019400888782,0.242137009835,0.237301904662,0.0701539492348,-0.679485570046,-0.0316093434868,-0.252714557171
