-0.0799975756437,-0.0878939779435,0.0760865344612,0.018355769674,-0.0768825077225,0.0588645834517,-0.0726133349268,0.0251122353543,0.0950167735627,-0.102110446289,-0.0777191898564,0.0501393883787,0.0471156700585,-0.0884285680978,-0.0638195374268,0.0479881208922,0.0457094429872,-0.0519287191066,-0.064382380203,0.0384126470508,0.0384239911034,-0.0546875617921,-0.0647539389775,-0.0711568470468,-0.0854022026461,-0.0743145188146,-0.0882295370126,-0.0782812221335,-0.0670654005253
0.713734702534,0.75643735539,-0.258109695875,-0.114287889035,0.766341071662,0.0801972836722,0.807312622021,-0.16912079279,-0.0646788246871,0.509820317407,0.836457847372,-0.0542574012865,0.252727146329,0.616880956238,0.749948158874,-0.0217019076605,-0.100114191545,0.543577011798,0.787685102348,0.177526739334,0.160171816699,1.27447673442,0.854756331024,0.727346717812,0.796203636307,0.78620358177,0.52289646055,0.747388564971,0.667820707234
-0.136251526685,-0.110682724965,-0.157693537365,-0.228847488011,-0.208086393957,0.106448017916,-0.0135421820115,-0.343130153547,-0.151782742901,-0.377504001082,-0.0575533922837,-0.170158378882,0.243125745813,-0.269053103723,-0.1172162973,-0.10663909901,-0.0485470339204,-0.60311226461,-0.169730156181,-0.0574495984745,0.140158143589,0.757484340991,0.033232494817,-0.124817910282,-0.0791049839125,-0.0502410473853,-0.376044238166,-0.164846664471,-0.190716305148
0.272165029927,0.320387739764,-0.0881403710648,-0.20730367323,0.187393420074,0.0778093320788,0.418195254978,-0.228890547755,-0.136488708144,0.0977073936734,0.330695427994,-0.065551819775,0.25845852035,0.264582652402,0.275613317033,-0.0383162607745,-0.0568825474209,-0.249865800143,0.199231259809,0.0687900162289,0.063265417141,0.934541743151,0.443140103561,0.267022863522,0.351793062197,0.373843157688,0.00871188373281,0.237182044971,0.180159898461
-0.243316291179,-0.321357565457,-0.0559728276182,-0.227683042518,-0.252376041592,0.169497320748,-0.0541710892185,-0.184145028795,-0.210666342419,-0.435668274643,-0.163864765283,0.0334484193197,0.363728657869,-0.244402242145,-0.256407746739,0.0201785864034,-0.00484520571145,-0.750095550607,-0.270553028979,0.0995504955221,0.0267786274163,0.269825447663,-0.143522574563,-0.284552426531,-0.199094048305,-0.176702846387,-0.536801110935,-0.302137958447,-0.344145689198
0.208917141651,0.108706632462,0.0350158293385,-0.22563288966,0.142291132952,0.295696390792,0.390756177567,-0.196055570389,-0.264472590904,0.0369659756386,0.286370918194,0.0987282952274,0.274444299962,0.117760780188,0.195130458484,0.122560732139,0.00623676623247,-0.424674144024,0.158701991057,0.133991450418,0.0499770403617,0.762946400733,0.347431300547,0.168853282069,0.274114467973,0.277769804185,-0.120240321327,0.174649050371,0.084454882355
-0.087738469778,-0.164315583546,0.0181221417015,-0.225723326489,-0.165930234313,0.255870691498,0.112099663951,-0.19863580974,-0.226970926631,-0.282498129378,-0.0205919905792,0.0581675005949,0.232463576726,-0.208697732907,-0.109903630987,0.0938086778079,0.0523214054101,-0.621916614442,-0.140441912056,0.111322284101,0.0944498333513,0.373485727642,0.039712596327,-0.150804277243,-0.0458638346623,-0.00488609898506,-0.446258799201,-0.137259998809,-0.201753611312
0.166219913808,0.0777397005981,0.0239088316685,-0.191035867812,0.078116413745,0.258443710225,0.390144353315,-0.235122531143,-0.191027200015,-0.0117924482007,0.265673042666,0.0906727987919,0.195822221813,0.129917288601,0.14862909474,0.12538210571,0.0800229441919,-0.330306570862,0.126688848926,0.131114763647,0.069749028802,0.506976662659,0.378093930698,0.160795704637,0.226909027066,0.239819622419,-0.212449930353,0.150796799531,0.0563821411661
-0.0122258191619,-0.131852169222,0.0599023137119,-0.193485396118,-0.101770747381,0.267816818159,0.215069234744,-0.220193812453,-0.176475391174,-0.221779765251,0.0808366827092,0.0863559377367,0.173038672238,-0.0774167566917,-0.0534362787793,0.0740940516819,0.121388051623,-0.505176294495,-0.0727966814718,0.106984822592,0.0477359767313,0.340130729212,0.164813738359,-0.031555748255,0.0348667556151,0.0687452750727,-0.381336386798,-0.0390172384917,-0.121395025728
0.0789913754028,-0.067790877936,0.0835681770076,-0.167997356129,-0.0266635490775,0.241218308901,0.306541860812,-0.215588443621,-0.141269851526,-0.0810075123457,0.167607891497,0.0822419250977,0.212957055462,0.00677173429881,0.0241691104436,0.0746044020579,0.0933496792285,-0.384849382389,0.00392730753201,0.0735630991819,0.0104122121184,0.271236649119,0.242787326003,0.0618070350406,0.134555607654,0.176893333527,-0.291681572636,0.0589216836866,-0.0406589936859
0.0153634232274,-0.142060420048,0.0804553066656,-0.204421788769,-0.104010890615,0.225159928175,0.241153617176,-0.216656672532,-0.105242622925,-0.156572634719,0.112484550671,0.0561079648166,0.160189954925,-0.0435300653371,-0.0231652487539,0.0649676211093,0.0931098587978,-0.394058928804,-0.0473913074149,0.0621112439643,0.0373664499325,0.0995314009357,0.195156571802,0.00190197252123,0.0621436798844,0.118129540308,-0.356971630548,-0.00738025274125,-0.106774915411
0.055623886818,-0.103843824719,0.0430187664116,-0.208916421348,-0.0958889034258,0.188830992997,0.296222006162,-0.212046331857,-0.0703724389524,-0.0872137213337,0.153890797396,0.0618517657533,0.164973737114,-0.00352336258636,0.0264500781279,0.0338664643236,0.110137580402,-0.321898339698,-0.000783512425189,0.0644991133771,0.0488695234094,0.0838502797179,0.241171843802,0.0485319322249,0.107785366976,0.154884362897,-0.32359997048,0.0298758740647,-0.0774547572609
0.052966705451,-0.112801118983,0.0282073699203,-0.195524633396,-0.106889369568,0.214357850139,0.284025293612,-0.232214525226,-0.0553713147505,-0.0903710290279,0.132572738828,0.0538867494263,0.136887190091,-0.0038877537757,0.022378337745,0.0305207619444,0.0577733419308,-0.303976277587,-0.00774557305685,0.0422444245275,0.0446312952766,0.0420630800155,0.204007006995,0.0294714415913,0.105696051516,0.152746814748,-0.346323228131,0.0147494801602,-0.0947115156225
0.0411583122421,-0.110946137439,0.013755302981,-0.200277908302,-0.129179159609,0.211740214955,0.280611130398,-0.217841611878,-0.0359098757658,-0.0944184968727,0.129332325856,0.0504910165124,0.113130284899,-0.0251311757826,0.00673692524156,0.0426913510281,0.0285406539704,-0.25002789003,-0.0223846585302,0.0606279139478,0.0630709615661,-0.0233784975306,0.204114963368,0.0286033166792,0.0970665835663,0.137025626501,-0.363650443566,0.00491381379058,-0.107663574524
0.0796698109441,-0.0818666882666,-0.0170963758334,-0.184372360351,-0.101700975577,0.222912756157,0.31687300989,-0.221739654516,-0.0504787761562,-0.0369364882781,0.161486032797,0.0418931797153,0.0944740387944,0.0021957522028,0.0547491957396,0.0307028609278,0.00511860494197,-0.173876512382,0.0245847691075,0.0417631745621,0.0701267418892,-0.00445195165983,0.245100379106,0.0699111713056,0.137457574259,0.172264541494,-0.329794200561,0.0398414022643,-0.0788962763678
0.0484815329391,-0.107605137632,-0.0141055684304,-0.153708208026,-0.155048372607,0.21165424731,0.281581315431,-0.18748183013,-0.0299840253667,-0.0791569134197,0.130429958391,0.042544930344,0.0750401074585,-0.0545254549028,0.0257707863407,0.048832374842,0.0205078782567,-0.170038373512,-0.00877357182369,0.0700956732978,0.0652436228865,-0.0417325681043,0.186457727309,0.0250625406563,0.106175049452,0.136316096514,-0.374700126053,-0.00300427083652,-0.124806114879
0.0664913417435,-0.0971863799575,-0.0226010365455,-0.158291019295,-0.150668142753,0.223218812087,0.30199269039,-0.17821671704,-0.0131487087556,-0.0625299617507,0.15014832898,0.0529847068448,0.0620434348596,-0.0396630566369,0.0475335330979,0.0341384508169,0.0171713643262,-0.133596280336,0.0184053205159,0.058768996691,0.0607272734576,-0.0154643693644,0.198120120337,0.0421815525357,0.123737371258,0.153569368211,-0.365332602219,0.0100187029448,-0.11398954187
0.0593602750902,-0.103051422355,-0.0160844145443,-0.158226856093,-0.167445822109,0.232351556334,0.29231558383,-0.169880999244,-0.00636961346696,-0.0418052408918,0.142796728162,0.0318189967469,0.0219812708026,-0.0583438893211,0.0379170714362,0.0223677227025,0.0176133710128,-0.146313929798,0.00614909922874,0.0497587927942,0.080222845442,-0.0332918652613,0.193232642456,0.0392073023898,0.118157576804,0.150421567939,-0.373359422578,0.00500896237226,-0.119532471833
0.0491106433989,-0.117394888327,-0.00254219864706,-0.168642513511,-0.17693731712,0.225543957523,0.282228347946,-0.14038054969,-0.000853839191814,-0.0491588151684,0.134647946767,0.0342775536232,0.0267532585268,-0.0715065149563,0.0342350284301,0.0583002762907,0.0113064484155,-0.149026037186,-0.00259695023294,0.0517937309928,0.0803843558571,-0.0356390384752,0.179564795144,0.0254827552895,0.107435507274,0.145869654973,-0.385674399542,-0.00808793373774,-0.134580822524
0.0832442953988,-0.0711355877386,-0.0273802137808,-0.150289551469,-0.141626846132,0.202760986316,0.31442673515,-0.149485360427,-0.00661569057723,-0.0186537222294,0.160116820894,0.0355101865481,0.0245174889608,-0.0369896843375,0.0677411067979,0.046858857148,0.00657684500279,-0.102571983932,0.0264319404371,0.0588909641313,0.072648292748,0.0123371816225,0.206996347238,0.0575349034788,0.145709671136,0.182980355746,-0.356750259498,0.0259367825867,-0.106014021376
0.056891467161,-0.0965395639393,-0.0159428852829,-0.139720960662,-0.172166211433,0.20197776427,0.289482004424,-0.162292807906,-0.0121100801447,-0.0434878249672,0.128665421625,0.065379577114,0.0279575372483,-0.0760295550402,0.0353995261229,0.0546401935323,-0.00423013037711,-0.101198680252,0.0056594849553,0.0569917193661,0.0837453390426,-0.0396611684712,0.148201356643,0.0151962096217,0.11838795448,0.157184521034,-0.397347572713,-0.0139225941244,-0.145185845363
0.0595946714149,-0.0955918481841,-0.0256754672626,-0.126033649494,-0.179800754018,0.184950162099,0.287576202002,-0.168636292658,-0.00876311327328,-0.0353867673994,0.124545365411,0.0774791540271,0.0100172248656,-0.0703286554415,0.0362611478799,0.0511440595513,-0.00666094054005,-0.117924797543,0.0114386277439,0.062136175991,0.0837789826643,-0.0406377532127,0.149306597586,0.0164434356278,0.122389581159,0.157884058289,-0.410105597295,-0.0167407455658,-0.150278397585
0.0805241755356,-0.0816937568434,-0.0136955345993,-0.107724632709,-0.150564858468,0.171402112099,0.304658229866,-0.166339398458,-0.0208909483603,-0.0250082277911,0.140247200064,0.0774405668881,0.0229329669862,-0.0478435993855,0.0607559729044,0.0561726807598,-0.00785091069526,-0.0781584563851,0.0367512455869,0.0611180816034,0.0779799856724,-0.0192815130087,0.168141585823,0.0331496464205,0.14313054211,0.182821544476,-0.393941111542,0.000629877687227,-0.133894928469
0.0683408978735,-0.107395757643,0.002137113207,-0.115932306506,-0.159829559502,0.175503858163,0.296117365585,-0.174729041165,-0.0071665481965,-0.0293287607277,0.125104163118,0.0929286458636,0.0166719951392,-0.0652568762739,0.0507690883962,0.0629087223838,-0.0261058048249,-0.0806188909318,0.0283192693331,0.0728460208244,0.0990909659237,-0.0365784173102,0.153810504503,0.0211495157234,0.128498765365,0.170011510583,-0.402008589803,-0.0149634639925,-0.150845963524
0.07549749203,-0.103486119782,0.00301071436245,-0.108442269513,-0.16075565512,0.162139783461,0.304151773574,-0.173926601865,-0.00294620048196,-0.0199349241728,0.136191988943,0.0936387013812,0.00693502308629,-0.0600686304197,0.0634409939102,0.0541731730146,-0.0183404303356,-0.0734631230999,0.0288892415002,0.0781358923045,0.088682781902,-0.0441491481386,0.15827321264,0.0285302013964,0.134441287222,0.175630177961,-0.402848136665,-0.0102295617138,-0.148229167564
0.0731737437307,-0.116778625728,-0.0049684243838,-0.0975414490362,-0.165328305187,0.155338178194,0.300154847638,-0.165310183592,-0.0200045886869,-0.035375985222,0.137922745241,0.100580951537,0.0153630185312,-0.0569394523618,0.065012829312,0.0596185057588,-0.00626278722127,-0.0740472149227,0.0385966915802,0.0751186668467,0.0878942019443,-0.0413797060324,0.155094997379,0.0262143741003,0.130179778254,0.165519730438,-0.411879302694,-0.013940102885,-0.153249774881
0.0738284438329,-0.109963207676,-0.0112331787748,-0.102657739005,-0.164606157922,0.168438047422,0.296520699065,-0.160561228964,-0.0169040261326,-0.0292453397885,0.133946400285,0.101162321679,0.0241396380806,-0.0624416428133,0.0579356561965,0.0553170709499,-0.00948140083531,-0.0732202878371,0.0375761986521,0.0634984812901,0.0811541870416,-0.0374703188765,0.15328051043,0.024087655217,0.135512321561,0.171442848413,-0.421769133573,-0.0146330055652,-0.157040481449
0.096519467783,-0.09841827156,-0.0150696757816,-0.0973452002452,-0.147168899627,0.157541420287,0.31561337162,-0.171571690489,-0.0104694470573,-0.0124140578886,0.154366627737,0.0998785794627,0.0391631960919,-0.0557830851491,0.0797021240234,0.0613558275608,-0.0212543499459,-0.0577302461975,0.062571399196,0.0652292540123,0.0749424381393,-0.0128784659422,0.174959691859,0.0464543188958,0.158828816658,0.194725537235,-0.411911508537,0.00427496668472,-0.139451307027
0.101763293476,-0.102090165209,-0.0266484685663,-0.0917435022821,-0.15411687971,0.163372717987,0.313683346138,-0.168169661386,-0.00506860208619,-0.00485249804802,0.14727522227,0.0780924918087,0.0483685923489,-0.0429257572017,0.0742681022474,0.059041340054,-0.0253973891849,-0.0535617613527,0.058053125628,0.0580335047038,0.0613006862044,-0.0170668071171,0.17396935943,0.0483823541616,0.163269402164,0.191482938489,-0.418315830885,0.000439769368135,-0.143845048307
0.101911542357,-0.102790986924,-0.0190574839756,-0.100606361077,-0.158135538268,0.146505655044,0.309912240201,-0.170321815688,-0.00249244451954,-0.00773813723201,0.142086798424,0.0781854438231,0.0618286106287,-0.0411377363659,0.0689635541297,0.0649580406378,-0.0357947886142,-0.0508069726806,0.0524232269893,0.0550849860626,0.0563640266697,-0.0118943130798,0.170359561586,0.0462903970555,0.162725156247,0.187783335779,-0.427384377674,-0.00637393424304,-0.149055122977
0.110459825142,-0.0988419236799,-0.0278081211269,-0.108289128753,-0.15527075612,0.142435383888,0.315708584469,-0.176008671796,0.0017249060231,0.00722919047608,0.149572867299,0.0614781689929,0.0596423526681,-0.0326305350867,0.0771767626166,0.0498854243282,-0.0402995829454,-0.0427454288078,0.065380268123,0.0510846200458,0.0726313950598,-0.00284424663029,0.173300047163,0.050242045627,0.171062753213,0.195841429606,-0.421573218482,-0.000480014375639,-0.145553828719
0.102876852881,-0.112668920511,-0.0283412517966,-0.104985096056,-0.162965496383,0.134530990386,0.304055603521,-0.161959178992,0.00125924927026,-0.0180689985549,0.135743115412,0.0747665795119,0.0547293915888,-0.0385264942117,0.0671051415366,0.0440395193274,-0.0298413651076,-0.0317680215207,0.0504424316999,0.0326252622925,0.0755313314829,-0.0198792426882,0.168251865444,0.0431121679515,0.163552200635,0.184924149241,-0.447050165854,-0.012090680946,-0.156048384365
0.100833983406,-0.11596518537,-0.0415866276836,-0.120877261551,-0.171301304114,0.125192928499,0.301140813503,-0.156523566406,0.00739419389264,-0.0230861012655,0.13779115002,0.0673501090089,0.0452398778239,-0.0342376636325,0.0655314046056,0.0452144396965,-0.0322936909809,-0.0342109885452,0.0506937757073,0.0355194971138,0.0868633939771,-0.0204501900572,0.16279786387,0.0431371028258,0.163539677979,0.182786828769,-0.449065014931,-0.0144529829549,-0.160351369889
0.0852978057487,-0.133083125147,-0.0390132928673,-0.119418045214,-0.184459609976,0.111263081995,0.286861283741,-0.153495640076,0.00804693358721,-0.0341233334812,0.12376441972,0.0699844338595,0.0472076588664,-0.0643271459697,0.0500411309123,0.0387956269776,-0.0217797101102,-0.0341115608716,0.0335821736591,0.0295107707829,0.0799429602902,-0.0430839329775,0.147044023185,0.0273469979179,0.148367922169,0.167985738549,-0.467580680273,-0.0312363093499,-0.179235806444
0.0953104715643,-0.128607174167,-0.0434035412952,-0.110630654025,-0.169816575478,0.100054261737,0.294785338615,-0.144872237191,0.00766117033734,-0.0116610853259,0.128098069327,0.077732058787,0.0590521919785,-0.0567296022392,0.0495142245624,0.0397211579808,-0.0190800137772,-0.0236203315132,0.0366560431163,0.0270877952308,0.077772871443,-0.0355275089228,0.161161473128,0.039959805927,0.158358521968,0.17677289667,-0.463501340293,-0.0212833137662,-0.17105968265
0.0966751521827,-0.125189193164,-0.0369130711555,-0.0976183449951,-0.168368807883,0.0913483551119,0.303868793185,-0.157863364232,0.0112510497718,-0.0102070809898,0.126161185318,0.0665690669114,0.0514302141058,-0.0584940753936,0.0495540562152,0.0509805942341,-0.0151048672128,-0.0251715836187,0.0366268677886,0.0244938467684,0.0827722487936,-0.0352081105355,0.157153216908,0.0397370509265,0.160990741563,0.177793484349,-0.461596194388,-0.0210401267285,-0.171366888006
0.0965487613139,-0.130368376755,-0.0308504100577,-0.0971208632349,-0.168991974805,0.0883049848029,0.305479105053,-0.146094030497,0.00864852376437,0.00439826626322,0.122619916923,0.0707036646429,0.0565229156767,-0.0675871107452,0.0502834268656,0.0622894047064,-0.0248480039931,-0.0366171694354,0.034387924017,0.0290071742945,0.0735929245993,-0.0291802129373,0.146650548989,0.0355674361624,0.161202312517,0.174646759204,-0.463023861651,-0.0250539410653,-0.177789802108
0.0964836825231,-0.134822058524,-0.0236519549514,-0.092384728799,-0.170119463367,0.0811291311136,0.306614339075,-0.131703071307,0.00422196532269,0.00492715377873,0.123569781851,0.0832336940981,0.0449396288891,-0.0585373353884,0.0480606160467,0.0642251393247,-0.0119987033792,-0.0452821321888,0.0373887795702,0.0304046900306,0.0685529760912,-0.0285874859509,0.14107567824,0.0348114922742,0.160404222701,0.173904615221,-0.461383583176,-0.0254212629387,-0.179774362919
0.106553021308,-0.124865341473,-0.0196924879382,-0.0987582445574,-0.164749577965,0.0770129243894,0.317729803319,-0.127924506166,0.0129263412296,0.0140806063382,0.132146762412,0.0706233679933,0.0508615373001,-0.0549810541916,0.0645703045576,0.0526336114517,-0.0264114437868,-0.0188793856499,0.0476435787804,0.0173500947495,0.0686950814772,-0.0379503703274,0.144944933462,0.0428527875296,0.171723587838,0.182773106955,-0.450195025274,-0.017977771113,-0.174132809949
0.106906542106,-0.125814271954,-0.0173432530233,-0.102360830969,-0.167167080107,0.0765244056741,0.320229111808,-0.134742130324,0.0170902941335,0.00546157231046,0.138069134801,0.0646202776232,0.0401653871965,-0.0512341115379,0.0621924300872,0.0501073456559,-0.028500305134,-0.0315582191721,0.0480159311508,0.00803531937008,0.0651382113301,-0.0197389510472,0.14671829393,0.0430499254463,0.172842094917,0.178733433623,-0.451223422562,-0.0201258891278,-0.177361615494
0.101709040981,-0.131534549912,-0.0140845856246,-0.104541795714,-0.168139130277,0.063173941523,0.316576320068,-0.140025307435,0.0236213961857,0.00198893985502,0.133085725398,0.0522085428642,0.0402291610731,-0.0710698811608,0.058259801364,0.0519873284738,-0.0267663647315,-0.028609826212,0.0447512211718,0.0147755548023,0.0665740413248,-0.0234688641707,0.142815531915,0.0378439755579,0.168474906885,0.17772356609,-0.460636400052,-0.0268027881265,-0.18328045065
0.101728793071,-0.131557558044,-0.0140991231158,-0.10450166055,-0.168154683278,0.0631694910221,0.316623575645,-0.140013459148,0.0235925123382,0.00199492759956,0.133127022531,0.0521950488757,0.0401941906099,-0.0710609123551,0.0582798319507,0.0519995944928,-0.0267542573596,-0.0285798923726,0.0447698948695,0.0147627502739,0.0665749450505,-0.023514168882,0.142820011347,0.0378523628937,0.16850218165,0.1777553029,-0.460663392571,-0.026793190961,-0.183294572952
0.101746564349,-0.131549650068,-0.0141053441772,-0.1045488621,-0.168149561642,0.0631896350368,0.316668408957,-0.139972513796,0.0235735000011,0.00203480954234,0.133148043122,0.0522050884382,0.0401901538983,-0.0710717165719,0.0583013460376,0.0519696028965,-0.0267363981283,-0.0286283864392,0.0448023348782,0.0147587864428,0.0665935400609,-0.0234997875549,0.142884910056,0.037881578194,0.168531769786,0.17778402266,-0.460685980375,-0.026778417196,-0.183295430319
0.1017498535,-0.131526598225,-0.0140827763216,-0.104579171306,-0.16813334444,0.0632151169708,0.316688736312,-0.139979061022,0.0235715418689,0.0020473691137,0.133160435491,0.0521917636365,0.0402420717965,-0.0710080944262,0.0582941551915,0.0519705887426,-0.026761368847,-0.028754145669,0.0447803012468,0.0147958973137,0.0665571039532,-0.0234196666083,0.142910649143,0.0378889729916,0.168533457099,0.177792150871,-0.460670118765,-0.0267630971555,-0.183270183483
0.101747091274,-0.131544652904,-0.0140966223828,-0.104552863681,-0.168173695276,0.0632104488026,0.316689195363,-0.139970319957,0.0236076049849,0.00202045582808,0.133151854471,0.0521767600361,0.0402109374249,-0.0710033363086,0.0583000962191,0.0519324305072,-0.0267707177385,-0.0287097646306,0.0447972492595,0.0147692188153,0.0665267008055,-0.0234249705232,0.142901947236,0.0378833676155,0.168525713704,0.177781864787,-0.460671721624,-0.0267757507613,-0.183293598583
0.101741333174,-0.131561076281,-0.014090117545,-0.104547990269,-0.16816998897,0.0632433200531,0.316690947083,-0.140001140968,0.0235963609029,0.00199213722217,0.133159977634,0.0521671514404,0.0402342518837,-0.0710146924625,0.0583157036049,0.0518905147475,-0.0267640475362,-0.0287794879182,0.0447997174231,0.014778749567,0.0665163451581,-0.0233891814411,0.14291322002,0.0378749303412,0.168524281703,0.177792289776,-0.460680209806,-0.026775733109,-0.183301668711
0.101755778998,-0.131586233035,-0.0140973668731,-0.104514463813,-0.168209134411,0.06316798445,0.316718828538,-0.139978154711,0.0236173629007,0.00203534587719,0.133163342247,0.0521465495607,0.040205157059,-0.0710114021035,0.0583195031574,0.0518780929753,-0.0267835972021,-0.0287456119037,0.0447987907973,0.0147857411056,0.0665334334984,-0.0235277886566,0.142886171728,0.0378669473034,0.168552752668,0.177815715451,-0.460754302829,-0.0267980067232,-0.183347030932
0.101743236754,-0.131608849819,-0.0140876597361,-0.104505299404,-0.168215049395,0.0631802559698,0.316717341797,-0.139977254905,0.0235995007558,0.0020293002312,0.133168100663,0.0521599421791,0.0401872337401,-0.0710097078948,0.0583194840143,0.0518636779812,-0.0267769623599,-0.0287907561987,0.0448073971964,0.0148027643043,0.0665340517096,-0.0235075324182,0.142873565198,0.0378604487336,0.168540830284,0.17781984964,-0.460750225891,-0.0267946146102,-0.183352329179
0.101754524384,-0.13161864416,-0.01405845404,-0.104467646134,-0.168253320654,0.0631895737446,0.316746215337,-0.139942468472,0.0235944751812,0.0020717045467,0.133168892217,0.0521689629444,0.0401614150927,-0.0710283529756,0.0583301027857,0.0518837141291,-0.0267850869007,-0.0287458902032,0.0448019870984,0.014805190998,0.0665195670893,-0.0235765384296,0.142839495179,0.0378525762874,0.168557387511,0.177826834004,-0.460783362363,-0.0268079527857,-0.183380079159
0.101751623327,-0.131583842468,-0.0140332910115,-0.104502343237,-0.168220418045,0.0631836530581,0.316718329951,-0.139920672844,0.0235842539524,0.00208369788667,0.133180756217,0.0521390863296,0.0401731936,-0.0709766529177,0.0583264979443,0.0518696247528,-0.0267609459481,-0.0288396900604,0.044788024739,0.0148229060787,0.0665329429604,-0.0234506591461,0.14283565945,0.0378556112189,0.168551644707,0.17782650506,-0.460703754762,-0.0267840898912,-0.183337576233
0.101775035517,-0.131572738585,-0.0140367182166,-0.104489959029,-0.168209208373,0.0632090860084,0.316756532424,-0.139935153992,0.023569126652,0.00208594853247,0.133195551848,0.0521189020266,0.0401576540586,-0.0709828928105,0.0583451234291,0.0518535882817,-0.0267933201103,-0.0288454534629,0.04480390909,0.0148259285241,0.0665285476971,-0.0234293693212,0.14285829875,0.0378746832989,0.168578787488,0.177848689964,-0.460729830197,-0.026772054132,-0.183336048978
0.101793302858,-0.131569483807,-0.0140413828283,-0.10451768885,-0.168224162761,0.0632421506541,0.316768551629,-0.139930802783,0.0235481100183,0.00211811549006,0.133196887687,0.0521221385656,0.0401550091836,-0.0710001009151,0.0583471697546,0.051862079702,-0.0267482394567,-0.0288435388107,0.0448011965431,0.0147927033672,0.0665174403913,-0.0233825460325,0.142873997345,0.0378824740804,0.168598045581,0.177863307886,-0.460752338826,-0.0267611941564,-0.183333286077
0.101790495808,-0.131553049454,-0.0140325381806,-0.104513177711,-0.168214462436,0.0632401314723,0.316751710313,-0.139928917262,0.0235669306241,0.00209493705461,0.133179678124,0.0521085654819,0.0401393676292,-0.0709931688237,0.0583426101933,0.0518477719121,-0.026742563487,-0.0288817438523,0.0448054897157,0.0148049143052,0.066525074292,-0.0233213398977,0.142877196964,0.0378752711122,0.168597909297,0.177845881809,-0.460743150848,-0.0267736851263,-0.183336068602
0.101804475712,-0.131576147892,-0.014019731967,-0.104479301373,-0.168280551721,0.0632055887277,0.316766584702,-0.139924653172,0.0235942757,0.00212930092974,0.133169506664,0.0521239229464,0.0400906965603,-0.0710375555902,0.0583552014392,0.0518518697137,-0.0267479388819,-0.0287806458447,0.0448233024683,0.0147829003217,0.066518677836,-0.0234042758777,0.142871255212,0.0378757294914,0.168615769857,0.177851642917,-0.460826759344,-0.0267991686609,-0.183384406369
0.101818143864,-0.131611107854,-0.0140522812719,-0.104464143793,-0.168333186861,0.0631750066661,0.316791885307,-0.139927749218,0.0235924314279,0.00217094832616,0.133167979735,0.0521084139625,0.0400534895655,-0.0710652031961,0.0583655834706,0.0518339086629,-0.0267457143306,-0.0286977345288,0.0448204718758,0.0147734832887,0.0665125041819,-0.0235116232338,0.142861063406,0.037874677796,0.168631380755,0.177869619519,-0.460909337841,-0.0268194595658,-0.18343118854
0.101816153272,-0.131627591275,-0.0140214150391,-0.104434871519,-0.168335543549,0.0631601740368,0.316781265767,-0.139892462996,0.0236184672262,0.00220369186138,0.133156257922,0.0520937422526,0.040011114973,-0.0710692089795,0.0583662544347,0.0518561467137,-0.0267307587638,-0.0287090537363,0.044821213975,0.0147396028594,0.0665085819792,-0.0235103981297,0.142834896461,0.0378692194188,0.168623693756,0.177873709286,-0.460883127857,-0.0268179304057,-0.183430463983
0.101827466464,-0.131624344757,-0.0140144786631,-0.104400772566,-0.168356736646,0.0631341436098,0.316777345297,-0.139865243618,0.0236477039182,0.00224437374995,0.133180819859,0.0520766267108,0.0399796903617,-0.0710403692946,0.0583755841268,0.0518639280104,-0.0267297191059,-0.0286655228718,0.044834132094,0.0147254917374,0.0664680374324,-0.023565338922,0.142823549181,0.0378846112843,0.168633480475,0.177879049733,-0.460862532411,-0.0268044407587,-0.183429168701
0.10184488431,-0.131643539187,-0.0140131143351,-0.104382828005,-0.168377579084,0.0631359921383,0.316799825971,-0.139856804986,0.0236464769644,0.00226353281115,0.133199797811,0.0520663964831,0.0399714508427,-0.0710320974723,0.0583837725497,0.0518783821735,-0.0267319543352,-0.0286429349462,0.0448478167221,0.0146980408786,0.0664575632242,-0.0235915895248,0.142815209247,0.0378866176358,0.168652804677,0.177897463824,-0.460896878945,-0.0268112457353,-0.183449897904
0.101870048726,-0.131635808962,-0.0139958616166,-0.104370343032,-0.168370484169,0.0631231152353,0.316830465556,-0.139858687555,0.0236346054902,0.00230644485963,0.133210667025,0.0520592674328,0.039977595241,-0.0710131518925,0.058397444146,0.0518862646775,-0.0267348233243,-0.0286240783657,0.0448666553191,0.014687429647,0.0664557221453,-0.0236276830879,0.142816513734,0.0379003306726,0.168680192017,0.177930204139,-0.46090980431,-0.0267945933981,-0.183445800194
0.101889122124,-0.13165955618,-0.0140310907708,-0.104353464357,-0.168388782756,0.0631006414649,0.316867128801,-0.139847818379,0.0236485482454,0.0023377835587,0.133218115156,0.0520730764062,0.0399475700976,-0.0710280933522,0.0584133019485,0.0518656979636,-0.0267447371238,-0.0285486029434,0.0448868855027,0.0146777966683,0.0664503433673,-0.0236718135042,0.142814192648,0.0379132179882,0.168702245222,0.177950066118,-0.4609605171,-0.0267949610704,-0.18346929287
0.101901507292,-0.131658191446,-0.0140514606702,-0.104363656414,-0.168426276818,0.0631035801119,0.316904309123,-0.139834235305,0.0236488199974,0.00234693636778,0.13323027295,0.0520630549387,0.0399343138876,-0.0710763256678,0.0584371888934,0.0518517311123,-0.0267554279627,-0.0284866893826,0.0448993729666,0.0146529059162,0.0664401465042,-0.0237267043517,0.142815042722,0.0379149163943,0.168730340875,0.177973517341,-0.461013332494,-0.0268005210166,-0.183499486371
0.101938590777,-0.131679043455,-0.0140059160692,-0.104314433759,-0.168478339095,0.0629543345155,0.316954412795,-0.139696493306,0.0236674339841,0.0024046201784,0.133225060599,0.0519562950492,0.0399390807635,-0.0710925918462,0.0584468185538,0.0517966258082,-0.0268417385318,-0.0284270365756,0.044895459273,0.014632544722,0.0664188285663,-0.0237950716003,0.142736918456,0.0379275186691,0.16878335257,0.177959971035,-0.46112554816,-0.0268585124244,-0.183591423716
0.10198228937,-0.131722442046,-0.0140119292153,-0.104224802716,-0.168427758774,0.0627259440611,0.316983787195,-0.139654275673,0.0236878386336,0.00244751226721,0.133257133075,0.0518077612151,0.0399963775935,-0.0710594429408,0.0584905236695,0.0517589705028,-0.0268184887187,-0.0283586074616,0.0449244794174,0.0145869715453,0.0663637453649,-0.0238217251592,0.142656911889,0.0379156728342,0.168839722206,0.177991811235,-0.461188090646,-0.0268865278213,-0.183651945954
0.101995402459,-0.131674252215,-0.0140241071383,-0.104165065003,-0.168427741562,0.0627710844824,0.316959888892,-0.139686953095,0.0237379300221,0.00248947557429,0.133230323749,0.0517880783753,0.0399392703384,-0.0710205073766,0.0584375768309,0.0516840906017,-0.0267472254743,-0.0283362077674,0.0449119280616,0.0145202518284,0.0662831544653,-0.0238862066549,0.142638503437,0.037933336977,0.168858107969,0.178005704471,-0.461209176446,-0.0268752449862,-0.183653182622
0.102000951504,-0.131695559449,-0.0141279062168,-0.104244256427,-0.168382108108,0.0627567661341,0.317031939099,-0.139754444225,0.0237208550587,0.00244320345461,0.133256949329,0.0516351113306,0.0399491763969,-0.0710211426641,0.05844162353,0.0515887078185,-0.0267284970674,-0.0284709479016,0.0448877895217,0.014347781035,0.0662624043116,-0.0238017839472,0.142663664679,0.0379438901866,0.168891894375,0.178021722232,-0.461243147149,-0.0268745150183,-0.18367917873
0.1020070243,-0.131724603176,-0.0141704493325,-0.104276988076,-0.168397442027,0.0627728189683,0.316994515618,-0.139803741779,0.0237264665064,0.00246591746032,0.13322830403,0.0515982820735,0.0399408572427,-0.0709293911978,0.058442609494,0.0515436092904,-0.0267347585308,-0.0285196338457,0.0449138829269,0.0143110829032,0.0662969092654,-0.0238093100529,0.142669617643,0.0379708432831,0.168899525541,0.178017974025,-0.46123008391,-0.0268559910652,-0.183667931821
0.102031063014,-0.131729596056,-0.014215070844,-0.104235726632,-0.16844577389,0.0628182095175,0.316972052263,-0.139715910182,0.0237637074639,0.00251431145253,0.13319633606,0.05158332058,0.0398930434946,-0.0708779907829,0.0584349150325,0.0515092435692,-0.0267087460445,-0.0284582684798,0.0449227709296,0.0142331988569,0.0663314755021,-0.0239181338374,0.142677168128,0.037967811762,0.168939552693,0.177997021158,-0.461271057968,-0.0268901523324,-0.183727274085
0.102048850143,-0.131769013377,-0.014231369974,-0.104361936007,-0.168492804164,0.0628919712589,0.317025565394,-0.139739896711,0.023818194986,0.00247642370304,0.133240248918,0.0515551285047,0.0398863471673,-0.07088263471,0.0584347231155,0.0515661856929,-0.0267344565962,-0.0284506716246,0.0449639664734,0.014194358184,0.0662564802453,-0.0238680947065,0.142656759491,0.037969470548,0.16895818161,0.17801912444,-0.461378442313,-0.0269162301548,-0.183779478084
0.102050070642,-0.13180667101,-0.0142778680564,-0.104392878707,-0.168537562369,0.0628425783902,0.317055999762,-0.139735276903,0.0237454218611,0.00251954833072,0.133300246982,0.0514885249972,0.0399240507213,-0.0708876081825,0.0584147774218,0.0515667415621,-0.026724412761,-0.0285452702111,0.044957144616,0.0142332455265,0.0662279451952,-0.0238638435589,0.142685024303,0.0379855826595,0.168980336225,0.178018343303,-0.461438909931,-0.0269133834484,-0.183821238449
0.102030695731,-0.13180992127,-0.0142885835012,-0.104380701348,-0.168561466508,0.0629734849705,0.317066475766,-0.139766133396,0.0237071751963,0.00251788686845,0.133297750035,0.0516693097125,0.0398757546818,-0.0708392336065,0.0584253717748,0.0515753315109,-0.0266993606503,-0.0285127719905,0.0449536983632,0.0143266036375,0.066248837438,-0.0240815416141,0.142712255155,0.0379982843872,0.168947018553,0.17805270257,-0.461453097304,-0.0268799372268,-0.183789296126
0.102042990352,-0.13185095673,-0.014320777739,-0.104346258542,-0.168559336987,0.0629865686475,0.317120878923,-0.139736324729,0.0237058321209,0.00249421727291,0.133353849903,0.0516538225903,0.0398438747176,-0.0707977485957,0.0584033516943,0.0515594530592,-0.0266993747695,-0.0285496158209,0.0449511725643,0.0143010059187,0.0661952112721,-0.0240575827145,0.142672446182,0.0379952479771,0.168969261063,0.178039581697,-0.461505810329,-0.0268888817664,-0.183813184986
0.102038263543,-0.131893080319,-0.014333003114,-0.104315073184,-0.168590187294,0.0629427584436,0.317151101462,-0.139757652592,0.023747994188,0.00262824483846,0.133339036985,0.0516938221541,0.0398336468113,-0.0708175519016,0.0584335832907,0.0514769876667,-0.0266386738137,-0.0286394039263,0.044950934592,0.0142411779838,0.0661332190696,-0.0241531214349,0.142651871476,0.0379869475451,0.168962647558,0.178065260243,-0.461533288703,-0.0268861670744,-0.183842443064
0.102070573304,-0.131905616014,-0.0143876868863,-0.104306472283,-0.168669272403,0.0629500408827,0.31721637,-0.13975026887,0.0237649953398,0.0026157577768,0.133370088939,0.0516325965767,0.0397835027015,-0.0709255652187,0.0584643337723,0.0514083288297,-0.0266675994595,-0.0285508645501,0.0449768978969,0.0142142015042,0.0660524738798,-0.0242165325898,0.142656219549,0.0380013305483,0.16901740102,0.178096462932,-0.46166950861,-0.0269069177624,-0.183906668484
0.10208793816,-0.131918228151,-0.0143720294386,-0.104323326888,-0.168665411228,0.0627953493377,0.317208825665,-0.139650257746,0.0237990835201,0.00267414263291,0.133381661022,0.0515726345659,0.0398246162607,-0.0708845295037,0.058471447121,0.0513906129951,-0.0266404237537,-0.0285980165338,0.0449819240985,0.0141843867161,0.0659888541521,-0.0241828024715,0.142657147298,0.0380239252905,0.169031851717,0.178082362484,-0.461699076586,-0.0269241886446,-0.183939976521
0.102099820635,-0.131946203076,-0.0143453655607,-0.104304194596,-0.16872955857,0.0627046484783,0.317260323354,-0.13960790676,0.0237858506507,0.00263370190218,0.133420898642,0.0515395389726,0.0398326087139,-0.0708927140689,0.0584986373024,0.0513602988051,-0.0265954381892,-0.0286260496138,0.0449983343702,0.0141473465136,0.0659397027804,-0.0240964942839,0.142642953797,0.0380366743881,0.169042456637,0.178064044062,-0.461710607053,-0.02691855507,-0.183955217701
0.102113250285,-0.131945239361,-0.0143821796795,-0.104215250412,-0.168732682152,0.0626575101192,0.317295171307,-0.139560426033,0.0238085274207,0.00258422718679,0.133439082322,0.0515288105937,0.0397690654099,-0.0709639202011,0.0585336301895,0.0513135844433,-0.0265203988843,-0.0285145480381,0.0450205384599,0.0140891486209,0.0658620027547,-0.0240818183949,0.142623142295,0.0380449122695,0.169059297587,0.17806508136,-0.461748230633,-0.0269297881921,-0.183982933046
0.102136034365,-0.131899774493,-0.0143637554481,-0.104192118902,-0.168701051995,0.0625492655269,0.317291657965,-0.139460834365,0.0239206147095,0.0026954061063,0.133419821087,0.0515602584695,0.0396729375827,-0.0709059168691,0.0585082797303,0.0513344381549,-0.0265424195433,-0.028387813998,0.0450472582246,0.0141132505662,0.0657917572964,-0.0242066624469,0.142570074447,0.0380543433641,0.169072417579,0.178055034518,-0.461699686896,-0.0269444599486,-0.183994532338
0.10213630673,-0.131933138573,-0.0142984790804,-0.104214096959,-0.168777703636,0.0625684507493,0.3173343493,-0.139495365689,0.0239596965868,0.00263316426976,0.133452883589,0.051543399849,0.039638267412,-0.0708967400142,0.0585205416142,0.0513331087683,-0.0265461970884,-0.0284263360465,0.0450481204438,0.0142183159579,0.0657242849304,-0.0242406199325,0.142583043215,0.0380624484736,0.169076566357,0.17806873591,-0.461800114719,-0.0269546678895,-0.184038130781
0.102165271404,-0.131967447841,-0.0142667154367,-0.104264032242,-0.168817196651,0.0625456757929,0.317372563183,-0.139464492118,0.0239411610057,0.00273355555517,0.133454430726,0.0514910256435,0.0396273765103,-0.0708774702445,0.0584883546623,0.0513014015856,-0.0266064501515,-0.028490293256,0.0450362246172,0.0141730055611,0.0656845992546,-0.0241991913396,0.142584020696,0.0380596957151,0.169108796972,0.178080474175,-0.461887417019,-0.0269961064547,-0.184115278878
0.102172377042,-0.131980566772,-0.0142965756734,-0.104262181288,-0.16888440413,0.0625785798379,0.317357170107,-0.13956499089,0.023973791545,0.00279926787011,0.133434934835,0.0515336793226,0.0396116724059,-0.0708298268115,0.0584896233332,0.0512673743369,-0.0266599785275,-0.028522065151,0.0450131160931,0.0142211246065,0.0656982454382,-0.0242034522448,0.142618505267,0.0380774672947,0.169116362745,0.178095198283,-0.461898368423,-0.0269704486388,-0.1841062364
0.1021816267,-0.13197038996,-0.0142162986265,-0.104175398786,-0.168846636744,0.0624746921939,0.3173443567,-0.139490180031,0.0240367985084,0.00289428526716,0.13342612326,0.0515398370988,0.0395987569368,-0.0708070161488,0.0584821766602,0.0512418766604,-0.0266644108593,-0.0285458243849,0.0449991806102,0.0142098493905,0.0656921190316,-0.0242078458272,0.142550863124,0.0380748969258,0.169123069044,0.178075215639,-0.461859855968,-0.0269669847359,-0.184104913472
0.102215485935,-0.131959298945,-0.0141422074576,-0.104140057968,-0.168796439025,0.0622863867231,0.317319976385,-0.139372421921,0.0239846877934,0.00291072823918,0.133380983458,0.0515817809596,0.0395231151166,-0.0708465960375,0.0585578913284,0.0511962666695,-0.0266190214947,-0.0283603310359,0.0450191327128,0.0142007518723,0.0656468834409,-0.0242598179669,0.142492545995,0.0381199752113,0.16916253991,0.178060573962,-0.461825405586,-0.0269584528017,-0.18410851815
0.102292461596,-0.132000315543,-0.0141366591764,-0.104064908411,-0.168873894625,0.0620659729794,0.317472238703,-0.139172510302,0.0238909075853,0.00300107865092,0.133441835759,0.0515604027148,0.0395065224409,-0.0708343108942,0.058600695842,0.0512285347706,-0.0266755811982,-0.0283216659597,0.0451091731107,0.0141738273649,0.0656772254984,-0.0243563695225,0.142363256906,0.0381238284259,0.169259282726,0.178114240404,-0.461979162629,-0.0270144893008,-0.184254142042
0.102327312257,-0.13205741217,-0.0142651622822,-0.104072231665,-0.169011291547,0.0620317338777,0.317534011741,-0.139129005927,0.0239296242414,0.00304791074099,0.133476648147,0.0514007949623,0.0394427103016,-0.070783934498,0.0586356336352,0.0511217505537,-0.026641456764,-0.0283893816301,0.0451930396842,0.0141240807218,0.0655638805629,-0.0243863465413,0.14234548982,0.0381450338539,0.169353017502,0.178191561999,-0.462183101286,-0.0270379867501,-0.1843846294
0.102362798237,-0.132087938689,-0.0141804396243,-0.104248086762,-0.169056064938,0.0620077837585,0.317568027109,-0.139111540793,0.0239979028294,0.00307850189001,0.133535674776,0.0513330305004,0.0394454851483,-0.0706453541924,0.058635579484,0.0511585663113,-0.0266182419078,-0.028531909258,0.0451885773883,0.0140846545615,0.0655720461505,-0.0244934692019,0.14234245158,0.0381446599968,0.169392421209,0.178267755754,-0.462241760904,-0.0270130539545,-0.184405004539
0.10239107015,-0.132195050816,-0.0141308402746,-0.104181058244,-0.169142406148,0.061852078336,0.317729185582,-0.139014472044,0.024009257464,0.00304859537588,0.133574012833,0.0512805858139,0.0394046665482,-0.070657671109,0.0586520653654,0.0510513858999,-0.0265803105114,-0.0284606504739,0.0452794384868,0.0140184085465,0.0655715895958,-0.0246133689415,0.14232576398,0.0381864956031,0.169438659045,0.178315690923,-0.462428977159,-0.0270343621228,-0.184515633255
0.102467955721,-0.132244384255,-0.0141682448235,-0.104181702115,-0.169305698902,0.0618307590461,0.317848693984,-0.138817435576,0.0241265306479,0.00321232856954,0.133598267977,0.0511842721316,0.0392963665681,-0.0707067374829,0.0587011549908,0.0509519496572,-0.0266227525715,-0.0284318130626,0.0453478340922,0.0140158242436,0.0654519655305,-0.0246650026426,0.142222855723,0.0382312785538,0.16954892764,0.178403494809,-0.462639202002,-0.0270748355126,-0.184666728397
0.10249546865,-0.132287552703,-0.0140635058788,-0.103998379486,-0.169372251647,0.0617927338634,0.317888912186,-0.138697885087,0.0239810233183,0.00341774548689,0.133590187661,0.0513325873865,0.0390600823251,-0.070914667477,0.0587514744551,0.0511671339873,-0.0265301530309,-0.0282834102301,0.0453574440152,0.0139963900788,0.0655156837527,-0.0247600999113,0.142189886182,0.0382670138864,0.169584392442,0.178393703662,-0.462685762445,-0.0270858392265,-0.184721707847
0.102542738986,-0.132377187684,-0.0140643532511,-0.104140973062,-0.16951862334,0.0617693748061,0.317965868962,-0.138660130879,0.0239381185933,0.00340897547263,0.133575694498,0.0512571665234,0.0390104250868,-0.0709015942651,0.0587537014763,0.0510560185,-0.0264002554185,-0.028377798584,0.0454716107423,0.0139694504739,0.0654538373484,-0.0247421898205,0.142204481524,0.0383069082239,0.169642630091,0.178471353352,-0.462935601466,-0.0271300040877,-0.184849689085
0.102605939206,-0.132448643046,-0.0140070040151,-0.104232747986,-0.169676138267,0.0616495605928,0.31809606117,-0.138633289699,0.0239344710469,0.00348336686224,0.133647467877,0.0511775886105,0.0390211210308,-0.0709910374587,0.0588556402325,0.0509271956208,-0.0263678632329,-0.0285488083666,0.0455394232134,0.0139677855731,0.0654308977051,-0.024678827545,0.142214012514,0.0383288519505,0.169743717219,0.178517321236,-0.463235009807,-0.0271801523759,-0.184996653189
0.102632560578,-0.132566806894,-0.0139665153809,-0.104339940672,-0.169667226645,0.0616386240441,0.318254891216,-0.138763704318,0.0238864926185,0.00355135556828,0.133716564007,0.0512195514973,0.0389939862169,-0.0710325011557,0.0588939442985,0.0510140267971,-0.0263313950629,-0.0287295487907,0.045534670908,0.0139640340425,0.0653824037105,-0.0246839515559,0.14227498559,0.0383269355823,0.16979152969,0.178576550159,-0.463446553409,-0.0272196020906,-0.18508754974
0.102697222575,-0.13259219612,-0.0139951661853,-0.104357960612,-0.169756350932,0.0615488948844,0.318278936558,-0.13876617968,0.0239313387371,0.00358599925163,0.133709119451,0.0511786552208,0.0390173171459,-0.0709699693592,0.0589439275654,0.0511338366401,-0.0262493815381,-0.0286901539312,0.0455525806529,0.0140932942962,0.0653880235565,-0.0247040746081,0.142181789505,0.0383187400955,0.169858100927,0.178529519738,-0.46349831939,-0.0272821520752,-0.185193512269
0.102779545072,-0.132680757977,-0.0139638278008,-0.104497755217,-0.169890528481,0.0615421683834,0.318453911273,-0.138689487245,0.0239101332614,0.00365898549532,0.133844458037,0.0510882529678,0.039019178351,-0.0710299720378,0.058976404981,0.0511817832532,-0.0263496451308,-0.0286746580882,0.0455476922871,0.0140840669941,0.0652856081954,-0.0248286607344,0.142145887877,0.0383185494315,0.169978626183,0.178579266588,-0.463752558046,-0.0273093151755,-0.185321111395
0.102778757952,-0.132615510705,-0.0139728827046,-0.104339871729,-0.169778828666,0.061448880339,0.31842419414,-0.138534328595,0.023987831094,0.00366098701853,0.133794898453,0.0511252288201,0.0391615675595,-0.0709668995414,0.0589473508986,0.0511736084167,-0.0262767228534,-0.0285147642061,0.0455060821725,0.014044180689,0.0652374079353,-0.0248811063605,0.14205453808,0.0383323923378,0.169981104456,0.178541603975,-0.463600355567,-0.0273013468261,-0.185275430919
0.10282990054,-0.132678017076,-0.0141018520496,-0.104342335541,-0.169932886478,0.0614284000707,0.318604297441,-0.138476508256,0.0239511281728,0.00356667889834,0.133877087308,0.0510589440473,0.0391779585408,-0.0709696752623,0.0589441414908,0.051139917301,-0.0263860729366,-0.0286590201549,0.0455568316082,0.0140406578673,0.0651954322326,-0.0248501996178,0.142108465961,0.0383674964228,0.170044098744,0.178634274616,-0.463910865976,-0.0273471613469,-0.185411182581
0.102883780577,-0.132730871555,-0.0140393758539,-0.104393951883,-0.170035358046,0.0613814818664,0.318637199394,-0.138320349583,0.0239718719968,0.00358466520208,0.133903787112,0.0509271229548,0.0393172595023,-0.0709380643422,0.0589083633892,0.0510045169521,-0.0263006481562,-0.0287180597038,0.0456069315892,0.0140895384745,0.065096290696,-0.0247869241555,0.142041412461,0.0383627363138,0.170099109109,0.178653689264,-0.464033758038,-0.0273836861032,-0.185519822604
0.102908756159,-0.132734926053,-0.0141117500754,-0.104249225862,-0.170093898805,0.0613198327218,0.318654399568,-0.13820347151,0.0239307588668,0.00357743001607,0.133894522225,0.0509303179373,0.0392742344014,-0.0708315020881,0.0589249443316,0.0509304182047,-0.0261924729936,-0.0286238755838,0.0456597817581,0.0140110706556,0.0651137587148,-0.0248019289549,0.141917572547,0.0383721505637,0.170126302865,0.178665236797,-0.464115576671,-0.0274022925292,-0.185599193299
0.102957263674,-0.132743960429,-0.0141333198517,-0.104053777653,-0.170158289308,0.0613339354969,0.31870775254,-0.138081703066,0.0238369444753,0.0037230391608,0.133927787923,0.0508310625726,0.0393344614533,-0.0707907865821,0.058925278682,0.0508276843901,-0.0261789091161,-0.0287618317865,0.0457191936397,0.0139690668024,0.0649949488256,-0.024816190065,0.141792250929,0.0383570757454,0.170194812843,0.178685135013,-0.464201229422,-0.0274228335328,-0.18567862519
0.103005140065,-0.132756731512,-0.014140450821,-0.10406688801,-0.170280957033,0.0613418839881,0.318796446746,-0.138203587165,0.0237753267211,0.00372528657387,0.133943961984,0.0507987639748,0.0393405705502,-0.0708117323388,0.0589438851248,0.0507595681555,-0.0262155133018,-0.0286297094981,0.0457502914082,0.0138744518337,0.0650780428728,-0.0248577833202,0.141796550633,0.0384003547135,0.170256926356,0.178692819684,-0.464375917368,-0.0274406435573,-0.185739873705
0.103090361361,-0.132832307897,-0.0141598939339,-0.103966187111,-0.170391533873,0.0612368697197,0.318907676622,-0.138060960644,0.0236242864412,0.00380409868723,0.134042153979,0.0506290806764,0.039283166013,-0.0707954348891,0.0589530007308,0.0506303772484,-0.0261042556446,-0.0286777332167,0.0457889343397,0.0138089512849,0.0651601010773,-0.0249078790625,0.141732179167,0.0384409024293,0.170381827502,0.178707049004,-0.464599056861,-0.0274898058412,-0.185879536729
0.103098037124,-0.132835262725,-0.0141201922416,-0.103948129274,-0.170401337047,0.0613152827498,0.318949526365,-0.138032305185,0.0235686820535,0.00390742467499,0.134035915373,0.0505624483891,0.0392294123635,-0.0708741174621,0.0589591849745,0.0506557403132,-0.0261055930921,-0.0287230922473,0.0457751786857,0.0139385717673,0.0651451492002,-0.0248797835571,0.141721665528,0.0384546000407,0.170384448757,0.178696783807,-0.46463906758,-0.0274953090591,-0.185900496238
0.103150993714,-0.132864438344,-0.0141368504391,-0.10388145476,-0.170471095827,0.0612978114306,0.319009564716,-0.137991336791,0.0235366340088,0.00395502159857,0.134041029007,0.0505685676422,0.039173093482,-0.0708004358318,0.0589999870534,0.050583968511,-0.0261124368427,-0.0287346352351,0.0458439818908,0.0139639027431,0.0650747327747,-0.0249899798831,0.141668726245,0.0384693024393,0.170449503881,0.178757891931,-0.464772960205,-0.0275110357625,-0.185977490773
0.103205628234,-0.13292946992,-0.0141614954028,-0.103859941066,-0.170564141866,0.061179333,0.31913457336,-0.137933358894,0.023560317135,0.00402756229209,0.134097674399,0.0505447463061,0.0391026793575,-0.0708086343008,0.0590408138631,0.0505141006131,-0.0260711184824,-0.0287668424464,0.0458760728899,0.0139438420731,0.0650113424618,-0.0250327398523,0.141602949841,0.0384918124879,0.170529354349,0.17881136679,-0.464963127158,-0.0275355367357,-0.186088972774
0.103262672177,-0.132994654985,-0.0141623745121,-0.103919315454,-0.170653036474,0.0611169240377,0.319253303486,-0.137887430955,0.0235686398696,0.00405731750391,0.134149793456,0.0504731620456,0.0390662300774,-0.0708378817851,0.0590587140392,0.0504657223899,-0.0261008780788,-0.0287734363987,0.0459227788889,0.0139044195508,0.0649218885994,-0.0250281273948,0.141578351414,0.0385207542085,0.170617088455,0.178848056351,-0.465158190262,-0.0275688110908,-0.186202369479
0.103285529861,-0.133028592009,-0.0141977420005,-0.103865112592,-0.170676390133,0.0610460307006,0.319299371803,-0.137837705504,0.0235130062197,0.00410784062324,0.134161135477,0.0504302198293,0.0390660099716,-0.070810326913,0.0590616610103,0.0504340172248,-0.0260112800186,-0.0288281287742,0.0459253554712,0.0138552456148,0.0649316377306,-0.0250220918657,0.14155698257,0.0385263788956,0.17064533738,0.178874125547,-0.465227353829,-0.0275814166922,-0.186253704583
0.103324603857,-0.13302849137,-0.0141953053375,-0.103892264033,-0.170745728494,0.0609732906702,0.319379268388,-0.13782192692,0.0235220963324,0.00412645382553,0.134207571355,0.0503896208901,0.0390662030021,-0.0707882337509,0.0590964343036,0.0504182984586,-0.0259282332784,-0.028874498121,0.0459448318106,0.0138574074558,0.0648350250575,-0.0250032302166,0.141547202072,0.0385503794703,0.170695783288,0.178889617165,-0.46532521911,-0.0275919582776,-0.186305547819
0.103415455967,-0.133114050869,-0.0142449701699,-0.103822015684,-0.170892465755,0.0609442190455,0.319510666749,-0.137733735438,0.0234901477532,0.00423342909953,0.134247641866,0.0503518791106,0.0389805989821,-0.0707164093148,0.0591512490574,0.0503476045468,-0.0259390051441,-0.0288752262276,0.0460108066757,0.013831845224,0.0648047867325,-0.025156051151,0.141486800233,0.0385859490018,0.170820558832,0.178974228656,-0.465598328715,-0.0276254605986,-0.186477946145
0.103469414755,-0.133135308788,-0.0142951192084,-0.10380193342,-0.170971765703,0.0609545021692,0.319607274155,-0.137629174015,0.023472370779,0.00433129385089,0.13429389539,0.0502555340611,0.0389131239759,-0.0707862248996,0.0591978970059,0.0502861487676,-0.0258959309454,-0.0288996752954,0.0460427034535,0.0137711731111,0.0647604198875,-0.025186883049,0.141425860198,0.0386053790233,0.170887743645,0.179016550763,-0.465722512043,-0.027645639662,-0.18656470398
0.10353320725,-0.133204162819,-0.0142885655541,-0.103753492446,-0.171067212172,0.0608260998252,0.319708733692,-0.137580523128,0.0234520729195,0.00436813378885,0.134353181023,0.0501557792416,0.0388645177054,-0.0707813069222,0.0592358354586,0.0502501798165,-0.0259447081706,-0.0288438793573,0.0460875026644,0.0137397740116,0.0647053586007,-0.0252155480574,0.141404372479,0.0386421409735,0.170980169033,0.179056831909,-0.465890544122,-0.0276718862021,-0.186677520844
0.103593142607,-0.133275644607,-0.0142428601077,-0.103785686684,-0.171170093965,0.0608080234806,0.319793006419,-0.137521192166,0.0234622127237,0.00442747866948,0.134414469415,0.050091538816,0.0388316644928,-0.0707280435715,0.0592748786849,0.0501947416212,-0.0259050280486,-0.0288961605676,0.0461330653817,0.0137047914944,0.0646461780113,-0.0252707218381,0.141381201811,0.0386824505206,0.171058775429,0.179097340399,-0.466060155861,-0.027691622037,-0.186783619465
0.103643619395,-0.13333787817,-0.0143048631718,-0.10377949299,-0.171251827647,0.0607342267291,0.319899973921,-0.137489987331,0.0234105767467,0.00446396203308,0.134452106496,0.0500464121478,0.0388077641415,-0.0706696766816,0.0593098434548,0.0501478081897,-0.0258587436378,-0.0290238717272,0.0461984160015,0.0136841961704,0.0646331040814,-0.025309512099,0.141357493058,0.0387141624475,0.171136244244,0.179144863728,-0.466215615571,-0.0277064667242,-0.186875987484
0.103706285447,-0.13338878699,-0.0142626977005,-0.103698868059,-0.171353515266,0.0606602720987,0.320008833991,-0.13742831705,0.023401770983,0.00452292147381,0.134497286385,0.0499430911251,0.0387951093744,-0.0706272770803,0.0593435456903,0.0500854841774,-0.0258807226693,-0.0290423399508,0.0462507637569,0.0136468077609,0.0645703080866,-0.0254228147082,0.141314785931,0.038732107104,0.171225135943,0.179187790425,-0.466394220053,-0.0277371698805,-0.187000037885
0.103719884262,-0.133378844556,-0.0141915658729,-0.10371259477,-0.171351845549,0.0605552127338,0.319972713136,-0.137361677939,0.0234457778829,0.00457881984394,0.13446894377,0.0499392361909,0.0388284856323,-0.0706386579162,0.0593333497738,0.0500945190416,-0.0258367910543,-0.0290332569822,0.046279554869,0.0136976687569,0.0644968873099,-0.0253274245483,0.141284123894,0.0387431164069,0.171237057435,0.17914643972,-0.466369173524,-0.0277543221457,-0.187016044199
0.10376318346,-0.133425501445,-0.0141521076726,-0.103719903164,-0.171389220774,0.0604655897606,0.320038248582,-0.137268770596,0.0234289180399,0.00464336355333,0.134499423392,0.0499384710099,0.0388487388013,-0.0706236025976,0.0593584745185,0.0500729943897,-0.025835678318,-0.0290870567702,0.0463120364727,0.013629244566,0.0644492500596,-0.0253155948836,0.141220637059,0.0387530485773,0.171290967962,0.179158812025,-0.466460650255,-0.0277838934662,-0.187097109696
0.103790305286,-0.133445136231,-0.0141995618136,-0.103714641453,-0.171473388864,0.0604911912755,0.320087513809,-0.1372874475,0.023368220358,0.00469219301778,0.134520879345,0.0499113515049,0.0388398425665,-0.0705781417656,0.0593744483852,0.0500572308571,-0.0258081125069,-0.0291688142835,0.0463381808106,0.0135767026934,0.0644095828006,-0.025339331778,0.141217728104,0.0387712712386,0.171324623714,0.179186165663,-0.466539419788,-0.0277825965204,-0.187141853512
0.103819379695,-0.133500157381,-0.0141605471981,-0.103733800659,-0.171544584693,0.0603643048101,0.320152742828,-0.137193819023,0.0233594751056,0.00472981276829,0.13454259147,0.0499134059294,0.0388514391255,-0.0706437322853,0.0593852585106,0.0500371990527,-0.0258121732285,-0.0291700474079,0.0463726350662,0.0136150350209,0.0644125060113,-0.0253421316437,0.141183054265,0.0387795943806,0.171368260413,0.179197616724,-0.466660184937,-0.0278174994052,-0.187242407162
0.10384960039,-0.133527729736,-0.0141473961043,-0.103732100942,-0.171595157949,0.0602836818935,0.320200988155,-0.137183098322,0.0233767355567,0.00476724486483,0.134559482781,0.0498161054241,0.0388083689968,-0.0706604426401,0.0593947800315,0.0500077557393,-0.0258240930367,-0.0291117199719,0.0464032659471,0.0135804733964,0.0644001937886,-0.0253640924573,0.141174530429,0.0388025759824,0.171412115555,0.179209183371,-0.466750249829,-0.0278314823286,-0.187312189315
0.103889784553,-0.133546605493,-0.0140995622507,-0.103789892899,-0.171678300551,0.0601860605357,0.32026791228,-0.137141962195,0.0233622593846,0.0047659329384,0.134581841989,0.049789090524,0.0388129578151,-0.0707075397745,0.0594102715735,0.0500167159561,-0.0258341199034,-0.0291675576065,0.0464424897286,0.0135801609347,0.0643499709516,-0.0252997539511,0.141124223591,0.0388027228489,0.171473149322,0.179224110375,-0.466875892269,-0.0278634837139,-0.187397170418
0.103941511101,-0.13357219716,-0.0141032383102,-0.103771886511,-0.171723253408,0.0600811273432,0.320336049572,-0.137143980751,0.0234129176704,0.00481167172605,0.134615153318,0.0496932762654,0.0388177610829,-0.0706517411974,0.059446280282,0.049980765505,-0.0258037912738,-0.0291445114015,0.0464582870702,0.0135299887335,0.0642847041263,-0.0253494410647,0.141095987839,0.0388453522734,0.17154066291,0.179265767957,-0.46699346599,-0.0278728748263,-0.187465031201
0.103941575379,-0.1335139278,-0.0140672014627,-0.103694223398,-0.171744614791,0.060075931511,0.320316247711,-0.137072823907,0.0233609406906,0.00481869713958,0.134599822676,0.0497689837249,0.0387783159602,-0.0706635349126,0.059465087795,0.0499864642392,-0.0257609692374,-0.0290995939045,0.0464612291487,0.0136009845688,0.0642542931384,-0.0253753161165,0.141069385257,0.0388455157432,0.171541122808,0.179258224023,-0.466948060908,-0.0278733590026,-0.187455632504
0.103992999156,-0.133565926426,-0.0140657450897,-0.10360620253,-0.171859053202,0.0600578951437,0.320434891008,-0.136956857559,0.0232925959902,0.00493113858183,0.134650127099,0.0497266298469,0.0387493073624,-0.0706408386492,0.0595054050752,0.0499477619109,-0.0256891572445,-0.0291286508855,0.0465322395728,0.0135866538685,0.0641998784857,-0.0254962438247,0.141014031049,0.0388678386818,0.171612672304,0.179310813152,-0.467087796277,-0.027883740277,-0.187554676963
0.104024137966,-0.133580520154,-0.0140498689183,-0.103593377062,-0.171866565337,0.0599835610375,0.320468301252,-0.136891215183,0.0233015639089,0.00495771378276,0.13466937511,0.0496348612838,0.0387474207099,-0.0706377621864,0.0595309045163,0.0498958076199,-0.0256888000182,-0.0291390059718,0.0465495140191,0.0135080357441,0.0641726915515,-0.0254173167351,0.141005837053,0.0388943526184,0.171653195555,0.179308846181,-0.467118622712,-0.0278916483989,-0.187585154207
0.10406549763,-0.133611780517,-0.0140136658184,-0.103609502413,-0.171910301401,0.0598749699416,0.320525900651,-0.136825224416,0.0232849663238,0.00500454382669,0.134684046903,0.0495912245315,0.0387268114365,-0.0706456491716,0.059571724442,0.0498389907045,-0.0256545135776,-0.0291642409032,0.0465796903795,0.0135133715609,0.0641565646031,-0.0253731936416,0.140956067839,0.0389106068575,0.17170015409,0.179324138408,-0.46718344612,-0.0279087801843,-0.187643241266
0.104143737239,-0.133659230552,-0.0140491454458,-0.103582462929,-0.172018341963,0.0598623926446,0.320656601678,-0.136813474611,0.0232595504303,0.00508127563589,0.134749030426,0.0494725996641,0.0387223325276,-0.0705761366324,0.0595951339948,0.0497832571115,-0.0256684352058,-0.0292218882224,0.0466229478056,0.0134565847625,0.06410639748,-0.0254302073125,0.14090879781,0.0389349461787,0.17180400859,0.179387482199,-0.467385760449,-0.027933658018,-0.187764867527
0.104211189646,-0.133715853257,-0.0140090257436,-0.103535797303,-0.172133429906,0.0598130056124,0.320749455356,-0.136701833886,0.023221531457,0.00517494118619,0.134779267856,0.0494275394613,0.0386839025805,-0.0705827739993,0.0596340445434,0.049740185139,-0.025607549708,-0.0291911582496,0.0466930755689,0.0134343466019,0.0640753929461,-0.0254892791583,0.140832204265,0.0389615171115,0.171889414099,0.179409416274,-0.467546411883,-0.0279662944927,-0.187890895612
0.104245783466,-0.133753618828,-0.0139948983991,-0.10350647936,-0.172204115991,0.0597835888514,0.32080395125,-0.136655066528,0.0232204265255,0.00522708664278,0.134811118039,0.0494483336986,0.0386821540159,-0.0705859537479,0.0596653376152,0.0497272694944,-0.0256227438853,-0.029169127915,0.0467353798287,0.0134510136413,0.0640625031235,-0.0255582505731,0.140806253441,0.0389865660598,0.171931424931,0.179424358971,-0.467645437147,-0.0279810775085,-0.187949308218
0.104281716367,-0.133784641564,-0.0140024926514,-0.103448019128,-0.172230712216,0.0597106599874,0.320866449428,-0.13664205755,0.0232195382224,0.00524634886028,0.134847780778,0.0493702127315,0.0386627254976,-0.0706180944204,0.0596672068081,0.0497113774665,-0.0256132908995,-0.0292483630582,0.046763477783,0.013401838732,0.0640102025697,-0.0254477032732,0.140792652191,0.0390088032897,0.171981415043,0.179422153127,-0.467730300685,-0.0280030398931,-0.188007136118
0.104322282477,-0.133829271857,-0.0139807744029,-0.103399129657,-0.172317886707,0.0596660661454,0.320942523652,-0.136561262107,0.0231916256856,0.00527882291259,0.134864626227,0.0493284430091,0.038653943209,-0.0705905336888,0.0596759584666,0.0496465282752,-0.0256263205417,-0.0292775291423,0.0467966913084,0.0133870151688,0.0639852295513,-0.0254447424971,0.140758275397,0.0390291835968,0.172038063799,0.179426690899,-0.467858894292,-0.0280332878342,-0.188100886811
0.104340867531,-0.133849745286,-0.0140002889133,-0.10342826541,-0.172334444978,0.0595618225937,0.320972901399,-0.136526360502,0.0232084710683,0.00533104770775,0.13488173582,0.0492787117824,0.03865801859,-0.0705643885592,0.0596746431013,0.0496440678411,-0.0255953226044,-0.0293222623652,0.0468078540335,0.0133656862554,0.0639921170763,-0.0254177445546,0.140736648842,0.0390360341165,0.172063159958,0.179433964233,-0.467889730597,-0.028041571306,-0.188134115381
0.104408074528,-0.133898423128,-0.0139817161191,-0.103410280446,-0.172465378368,0.0595267620452,0.321081452158,-0.136484894971,0.023208052881,0.00536947724983,0.134906135221,0.0492404709925,0.0386128842882,-0.0705897975445,0.0596893007232,0.0496243812281,-0.0255985636198,-0.0293103628068,0.0468555209439,0.0133681186377,0.0639391731857,-0.0254296525672,0.140673503445,0.0390591171487,0.172156480286,0.179473633014,-0.468110289064,-0.0280866374521,-0.188264649717
0.104443661172,-0.133915327357,-0.013992568187,-0.10339022596,-0.172561920253,0.059532663168,0.321157667747,-0.136492326437,0.0231725598897,0.00538651821248,0.134950539617,0.049205524614,0.0385624700714,-0.0705607317169,0.0597172675563,0.0495351133443,-0.025534535372,-0.0293457919944,0.0468889426688,0.013367644724,0.0639407651823,-0.0254819495675,0.140629789843,0.0390739845088,0.172209076623,0.179511164683,-0.468254929694,-0.0281038973502,-0.188348702932
0.104516827688,-0.133987005953,-0.0139892135186,-0.103374712542,-0.172677973452,0.0594477784564,0.321242845877,-0.136397893832,0.023159507601,0.0054469722082,0.134987741731,0.0491674841014,0.0385259010801,-0.070557657177,0.0597573837289,0.0494870048994,-0.0254905159921,-0.0293213076534,0.0469413383934,0.0133653719527,0.0638953530468,-0.0255003516998,0.140574007276,0.0391077823972,0.172305366509,0.179536494634,-0.468453875589,-0.0281487982502,-0.188483462093
0.104592292235,-0.134046129386,-0.0140122602935,-0.103362248584,-0.172781620618,0.0593200231335,0.321385967162,-0.136326892866,0.0231376836183,0.00554395677384,0.135046271058,0.0490761508767,0.0385362071628,-0.0705875298547,0.0597800931752,0.0494329203106,-0.0254820710752,-0.0293634005447,0.0469976924595,0.0133386506357,0.0638349109588,-0.0254648098386,0.140513433353,0.039136629429,0.172412282127,0.179588407638,-0.468662397294,-0.0281884625083,-0.188617304368
0.104656877852,-0.134080005748,-0.0140260654406,-0.1033451459,-0.172875347344,0.0592387663448,0.321491068729,-0.136255364763,0.0231337504166,0.00561364133085,0.135086406434,0.049028633547,0.0385133380651,-0.0705830775303,0.0598206814723,0.0493967953672,-0.0254636128973,-0.0293653804944,0.047070862813,0.0133260893025,0.0637525941834,-0.025527964379,0.140475279936,0.039172251357,0.172504150155,0.179635824748,-0.46881948114,-0.0282066469479,-0.188717871882
0.104688785736,-0.134109992658,-0.0140602809034,-0.103334898441,-0.172920725412,0.0592344837007,0.321548522833,-0.136250486002,0.0230939882506,0.00560630394391,0.135129713666,0.049011433986,0.0384972745828,-0.0705694553643,0.0598372849195,0.0493493011636,-0.0254555624252,-0.0294195754943,0.0470963424645,0.0133097685423,0.0637521576291,-0.0255366522209,0.140473526479,0.0391816076315,0.17254262838,0.17967259019,-0.46893857437,-0.0282216449514,-0.188772970508
0.104727406084,-0.134136542876,-0.0140649838872,-0.103311792263,-0.172949550466,0.0591814726542,0.321609723968,-0.136167091991,0.0230959245801,0.00563445578691,0.135155088091,0.0489554083855,0.0384558380668,-0.0705494082595,0.0598597214231,0.0493095289444,-0.0254186252486,-0.0294031610889,0.0471249721311,0.0132930508051,0.063699760396,-0.0255754453611,0.140447713078,0.039213206628,0.172595082039,0.179687697261,-0.469018980843,-0.0282269531676,-0.188827763546
0.104778749713,-0.134160728443,-0.0140717889155,-0.103314823033,-0.173016594015,0.0591367087429,0.32169611608,-0.136113626874,0.0230939518284,0.0057265840622,0.135208089661,0.0489232814887,0.0384294589149,-0.0705753017827,0.0598958056395,0.0492871843611,-0.0253679979613,-0.0294156476494,0.0471739374149,0.0133031720446,0.0636366943444,-0.025600364428,0.140412180402,0.0392381321603,0.172662445559,0.179721045703,-0.46912641709,-0.0282388996763,-0.188896145912
0.104806778286,-0.134197815652,-0.0140581167695,-0.103295131758,-0.173047952793,0.0590808374437,0.321758569278,-0.136063659241,0.0230916708534,0.00576355273369,0.135230952656,0.0489046511346,0.0384172458498,-0.0706227322267,0.0599204174073,0.0492630362411,-0.0253472122992,-0.0294161550471,0.0472013783258,0.0133198818578,0.0636463594841,-0.0255812532259,0.140389045586,0.039248510486,0.172701338017,0.179720984023,-0.469194137445,-0.0282569383783,-0.188947549239
0.10484630823,-0.134241528469,-0.014028816593,-0.103239372554,-0.173116630099,0.0589966761999,0.321825562878,-0.135978914639,0.023051757745,0.00578328772598,0.135251455191,0.0488694348765,0.0383855042468,-0.0706496787056,0.059947140238,0.0492528290417,-0.0253453730354,-0.0294190391159,0.047240133557,0.0133339158975,0.0636087599965,-0.0255721127597,0.140372077061,0.0392763899707,0.172759971074,0.179731643441,-0.46932179242,-0.0282817757331,-0.189028674249
0.104868967886,-0.134253507849,-0.0140217011364,-0.103230210681,-0.173173583098,0.0589807046008,0.321865839798,-0.13592458207,0.0229917112898,0.00580807040342,0.135281521339,0.048853283527,0.0383981844004,-0.070620149262,0.0599631716328,0.0492405042458,-0.0253154405797,-0.0294193316907,0.0472547710075,0.0133360577492,0.0635553659998,-0.0255774811255,0.140357410679,0.0392921478337,0.172792621144,0.179745304595,-0.469370944616,-0.0282889208775,-0.189065873849
0.104896453095,-0.134282648234,-0.0140080639646,-0.103202870216,-0.173206479023,0.0589612140673,0.321894989823,-0.135891574159,0.0229914112908,0.00583985839247,0.135308051038,0.0488691499071,0.0383456811467,-0.0706014361168,0.0599875618983,0.0492379273974,-0.0252904954606,-0.0294051398672,0.0472801700128,0.0133344255316,0.0635578180681,-0.0256320948968,0.140345063388,0.0393041123867,0.172833644895,0.179769722812,-0.469449077362,-0.0282965683197,-0.189111481511
0.104935194071,-0.13429275579,-0.0138560218535,-0.103234525186,-0.173258953744,0.0589787548357,0.321954426921,-0.135834500805,0.0229378398194,0.00594563723956,0.135332526448,0.048769171798,0.0383486191024,-0.0705395932493,0.0599919411557,0.0491785483437,-0.0252776680592,-0.0294162739108,0.0473326114753,0.0133012453744,0.0636223912017,-0.0257619938443,0.14026548246,0.0393247847656,0.172884871215,0.179804076029,-0.469502805043,-0.0282879245514,-0.189162767804
0.104986572324,-0.134373244086,-0.0139315620606,-0.103339583795,-0.173339845417,0.0589398098424,0.322064808702,-0.135946136738,0.0229300330671,0.00598333796772,0.135348134308,0.0486589357587,0.0383777950208,-0.0704728002963,0.0600245573247,0.0489632501184,-0.0252597294731,-0.0294673824743,0.0473427404455,0.013389828513,0.063606489569,-0.0257461688947,0.140195256855,0.0393482908849,0.17295471142,0.179877733186,-0.46968789051,-0.0283088784293,-0.18924987919
0.104984646086,-0.134421071675,-0.0139574597863,-0.103483232584,-0.173447511362,0.0589370243612,0.322117177164,-0.135943277821,0.022908764637,0.00589513169369,0.135362319078,0.0484997937789,0.0384021159913,-0.0704390758155,0.0600541838202,0.049020615194,-0.0251816717969,-0.0296074316502,0.0473521843442,0.0133803991448,0.0635101220077,-0.0256321336993,0.140247688385,0.0393711402957,0.172981149111,0.179878180697,-0.469791959827,-0.0283092136119,-0.189306639186
0.105013488593,-0.134459396996,-0.0140035413946,-0.103511849039,-0.173455511206,0.0589621823046,0.322157536513,-0.135898515744,0.0229219118906,0.00577868134642,0.135411149579,0.0484681764365,0.0383521151919,-0.0703889754194,0.0600761712939,0.0489403420207,-0.025286012233,-0.0296291332215,0.0473894384085,0.0134183405897,0.0634954395895,-0.0256516918727,0.140178989954,0.0393723701321,0.173033285361,0.179897917712,-0.469889652291,-0.0283139959978,-0.189356769687
0.105063387031,-0.134514093957,-0.0139566799708,-0.103384247197,-0.173478057254,0.0588755613605,0.322182649837,-0.135870930814,0.0228579755536,0.00569001124488,0.135421649116,0.0485209803907,0.0383458826046,-0.0704018598568,0.0600983214115,0.0489558874425,-0.0252269932488,-0.0295302111606,0.0474564191242,0.0133962094973,0.063451255079,-0.0255915510635,0.14014987256,0.0393755238328,0.173065403672,0.179877293446,-0.470018813061,-0.0283373917132,-0.189418576798
0.105103567553,-0.134540621606,-0.0139818451692,-0.103384629457,-0.173494711662,0.0588845848134,0.322160349008,-0.135783181018,0.0228621503504,0.00577426378077,0.135380978131,0.0485644615616,0.0383692241654,-0.0703994187527,0.0600930745484,0.0489864637935,-0.0252080909929,-0.0295700699954,0.0474989371866,0.0132616484156,0.0634288084295,-0.0255434976081,0.140179616769,0.0394035851984,0.173115794141,0.179880612281,-0.470087332006,-0.028354411384,-0.189457378087
0.105117197404,-0.134472243428,-0.0140952039,-0.103291623253,-0.173480830368,0.0589857147743,0.322145411267,-0.135764053606,0.0228049915016,0.00572153921076,0.13534539347,0.0485154799315,0.038385769593,-0.0703443581297,0.0600975367151,0.0488806832712,-0.0251091836898,-0.0295385734911,0.0474531696848,0.0131621193673,0.0633925508528,-0.0255206183089,0.140137546506,0.0394091122046,0.173134029508,0.179887193418,-0.470056359321,-0.0283376233849,-0.189446426085
0.105150634388,-0.134449479812,-0.0141010123658,-0.103206303909,-0.173600714464,0.0590382459969,0.322202416007,-0.135711847589,0.022821561573,0.00569931291127,0.135384628522,0.0484422398963,0.0383122662052,-0.0703878999429,0.0601130455791,0.0488628900846,-0.0250839832629,-0.0294928036883,0.0474851753256,0.0130914776483,0.0633804456148,-0.0254297621594,0.140145914424,0.0394531929957,0.173201166941,0.1798796317,-0.470267832177,-0.0283826071888,-0.189557543335
0.10514279538,-0.134411586425,-0.0140345054592,-0.103244865821,-0.173624256182,0.0591248229685,0.322174076781,-0.13573935094,0.022775632954,0.0057639064356,0.135359315864,0.048368541517,0.0383622357578,-0.0704144239183,0.0601402108261,0.0489178394841,-0.0250172107414,-0.0295842303017,0.0474494958493,0.0131632215207,0.0633768490882,-0.0254224453289,0.140082139786,0.039428230778,0.173188462382,0.179920919522,-0.470224606673,-0.0283449719448,-0.189523157201
0.105170109328,-0.134448329965,-0.0140504910337,-0.103231235,-0.173713142839,0.0591141457278,0.32223479121,-0.13568121813,0.0227738502861,0.00572058535347,0.135392015432,0.0483564587935,0.0383014356169,-0.0703703306114,0.0601284574511,0.0490170546026,-0.0251183504713,-0.0294931553505,0.0474500598821,0.013139533545,0.0633188404979,-0.0253983312743,0.140084307851,0.03944382664,0.173206319508,0.179953941373,-0.470303798637,-0.0283675740962,-0.189577173279
0.105241345232,-0.134526607631,-0.0141023213818,-0.103134757829,-0.173856905832,0.0591982502828,0.322305233014,-0.135510088575,0.02271328121,0.00584455729807,0.135449636459,0.0483543659213,0.0382605424479,-0.0703857774718,0.0601661301262,0.0490034271025,-0.0250419972001,-0.0294200218636,0.0474859264033,0.0131341966214,0.0632493560075,-0.0254248193779,0.140116782093,0.0395030730565,0.173284290808,0.179928353734,-0.470478669082,-0.028395275636,-0.189686767889
0.105262286571,-0.134539789397,-0.0141912168234,-0.103124766572,-0.173949298339,0.0591860965643,0.322390552326,-0.135568998676,0.0226410680353,0.00576032417647,0.135499280015,0.0483734117677,0.038277364505,-0.0704382538089,0.0602222545342,0.0490133265528,-0.0250932149984,-0.02940504424,0.0475270804808,0.0131842554069,0.0630843701889,-0.0254270369893,0.140152846773,0.0395439338457,0.173330077051,0.179948128446,-0.470651034963,-0.0284143308279,-0.189762240034
0.10532085939,-0.134610275233,-0.0143389825906,-0.103129048654,-0.174143845484,0.0591893467774,0.322562639706,-0.135652397266,0.0224799975159,0.00585998134055,0.135580727232,0.0481925216966,0.0383880936427,-0.0704632130134,0.060236441422,0.0489805001429,-0.0250721354979,-0.0295053979097,0.0475130799469,0.013132419913,0.0631417469195,-0.0254541650153,0.14013242312,0.0395781953652,0.173421961717,0.180034644457,-0.470834251285,-0.0284325684893,-0.189888137843
0.105372590342,-0.134700653031,-0.0142898032421,-0.103031486613,-0.174221801135,0.0592487964956,0.322598560462,-0.135658611407,0.0224833080647,0.0058946056548,0.135638205014,0.0481462826219,0.0382662212098,-0.0704519182107,0.0603411105158,0.048985475289,-0.0250962959844,-0.0295489477006,0.0475653593585,0.0130740320094,0.063115213154,-0.0254723737486,0.140068023843,0.0395698340631,0.17348560815,0.180067624918,-0.470911388644,-0.0284413951645,-0.189984137534
0.105414989618,-0.134723612683,-0.0143155434907,-0.103024516214,-0.174247405698,0.0592950193775,0.322622821715,-0.13567629869,0.0223898818412,0.00594606387845,0.135647875234,0.0481791562367,0.0383794331436,-0.0705148319578,0.0603406168024,0.0488777417498,-0.0251453198351,-0.0295405709152,0.0476089650081,0.0131348047496,0.0630482170061,-0.0254281844069,0.140030198237,0.0395648113606,0.173538180118,0.180042342706,-0.470980751556,-0.0284680416241,-0.190028777731
0.105429739998,-0.134753750797,-0.0142451254483,-0.103008934772,-0.17426517635,0.0593076945212,0.322625889471,-0.135629529295,0.0222829067403,0.00600493092789,0.135648834222,0.0482407407802,0.0383742878304,-0.0704807082249,0.0602995719573,0.0488812564877,-0.0250971573532,-0.029490158455,0.0475857871933,0.0131531918183,0.0630155445529,-0.0255029468261,0.14010692633,0.0396372708371,0.173562799195,0.18001589004,-0.471010469652,-0.0284543438693,-0.190032710149
0.105486253957,-0.134745813229,-0.0142148146309,-0.102921098673,-0.174367357184,0.0592130607168,0.322708128053,-0.135616589695,0.0222822957067,0.00609928744273,0.135672488266,0.048239599154,0.0382919481997,-0.0704898052597,0.0602950585456,0.0489850838472,-0.0250271576318,-0.0294746554255,0.0476166958324,0.0131145017421,0.0629932656661,-0.0255007951535,0.14004826617,0.0396702548879,0.173637400239,0.180071019739,-0.471148139021,-0.0284705935042,-0.1901253991
0.10552624784,-0.134791110264,-0.0142123796501,-0.102872137713,-0.174542602858,0.0592242751043,0.322848011735,-0.13560266895,0.0222278167498,0.00612668297157,0.135734253804,0.0481879164192,0.0382398110122,-0.0705544611139,0.0603357212444,0.048971042544,-0.0249189094563,-0.0295374822817,0.0476318331826,0.0131765351017,0.0629935107595,-0.0254654307913,0.140061304169,0.0397059183046,0.173700058782,0.180130833712,-0.471353690514,-0.0284829563555,-0.190237078708
0.105529382198,-0.134757659811,-0.0141914961454,-0.102831043716,-0.174647923522,0.0592253797025,0.32288853263,-0.135543329472,0.0222924889911,0.00613632949245,0.13575786974,0.0482825552314,0.0382410889801,-0.070529970931,0.0603655790393,0.0489218595178,-0.025008725319,-0.0295837529558,0.0476638461156,0.0131706192714,0.0630633569892,-0.0254780782471,0.14003925057,0.0397094810864,0.173723159428,0.180148429536,-0.471363390229,-0.0284961362967,-0.190290108862
0.105571935319,-0.134770817628,-0.0141131431929,-0.102775377984,-0.174622289137,0.0591236793536,0.322925429426,-0.135344434619,0.022351323766,0.00620638396301,0.135793107836,0.0482374006681,0.0381780802785,-0.0705327983603,0.0604063698374,0.0490057183366,-0.0248569473388,-0.0295288774502,0.047698211382,0.0131817077648,0.0630334704274,-0.0254838231341,0.139938845108,0.0397243143933,0.17378043476,0.180159079701,-0.47143312358,-0.0285053813484,-0.190339784038
0.105568921572,-0.134797677145,-0.0141504424807,-0.102770421752,-0.174654544794,0.0591275846353,0.323005409267,-0.135354860365,0.0222695261066,0.00614696590324,0.135808939322,0.048180628591,0.0382313286474,-0.0705491840607,0.060394195547,0.0489688523516,-0.0249072440748,-0.0295478303174,0.0476809069757,0.0132019407301,0.0630642739112,-0.0254902419131,0.139963255658,0.0397445880636,0.17379268373,0.180180844764,-0.471539332996,-0.028489854382,-0.190357798978
0.10559498184,-0.134856792369,-0.0140958397726,-0.102778553016,-0.174662949699,0.0591521042894,0.323055666498,-0.135321248817,0.0223134443408,0.00620259994803,0.135802550872,0.048166722813,0.038194286086,-0.0705813885882,0.0604226091097,0.0490127558516,-0.0249955162813,-0.0295005475779,0.0477086879292,0.0131454456171,0.0629874057731,-0.0255079095575,0.139940631585,0.0397654742191,0.173821422272,0.180204399218,-0.471626604777,-0.0285021312676,-0.190404263045
0.105635242349,-0.134919742365,-0.0140979002379,-0.102753678574,-0.174785693579,0.0591226282616,0.323124246372,-0.135259806946,0.0222592295887,0.006273311372,0.135853221089,0.0481078650638,0.0381756712773,-0.0705474845726,0.0604519967576,0.0489780112653,-0.0249631744436,-0.029557874227,0.0477439201717,0.0132124698433,0.0629703589525,-0.0255065138044,0.139904285012,0.0397961754867,0.173868152489,0.180249991219,-0.471750670678,-0.0285118447419,-0.190487843235
0.105678772301,-0.134934127313,-0.0141469891561,-0.102703104774,-0.174892965073,0.059105826059,0.323185707479,-0.135265801959,0.0222312810921,0.00636400893019,0.135889289797,0.0480255245739,0.0382095212297,-0.0705227696338,0.0604865606908,0.0489395406454,-0.0249399577829,-0.0295960987841,0.0477831770893,0.0132200183005,0.0629175896647,-0.0255404425043,0.139875047542,0.0398323464818,0.173938383843,0.180283120397,-0.471879501665,-0.0285023549118,-0.190550080754
0.105737839302,-0.134994638378,-0.0141240544137,-0.102649080437,-0.174987390505,0.0590297773668,0.323283962012,-0.135177575826,0.0221852915926,0.00639915760139,0.13594783371,0.0480339017284,0.0381827819751,-0.0705364462991,0.0605122346933,0.0489669520661,-0.0248622745312,-0.0296213729335,0.0478361970854,0.0132174646039,0.0628387618772,-0.0255467628345,0.139852990584,0.0398778446323,0.174013616482,0.180299821381,-0.472050695238,-0.0285230135067,-0.190663823955
0.105774365894,-0.135014628463,-0.0140964480039,-0.102635721032,-0.175035397797,0.0589351495553,0.323334340669,-0.135099794057,0.0221841789394,0.00639602762353,0.135980288709,0.0480526817873,0.0380976335876,-0.070546848134,0.0605159543747,0.048918833077,-0.0248905447119,-0.0296072862671,0.047882611032,0.0132197181366,0.0628191829027,-0.0254951237171,0.139817585412,0.0398911533157,0.174079278354,0.180322851337,-0.472161080939,-0.0285461736534,-0.190747022582
0.105818545724,-0.135029774313,-0.014080938252,-0.102589010977,-0.175113728739,0.0589240208152,0.323346488307,-0.135009366778,0.0221986818569,0.00642201425866,0.13597651979,0.048054821194,0.0380834974963,-0.0704839390697,0.0605191864674,0.0488869385707,-0.0248601918672,-0.0295923897603,0.0479431346329,0.0132068581128,0.0626758512901,-0.0254566805178,0.139793153898,0.0399207111669,0.174131763777,0.18033327461,-0.47226027753,-0.0285692441989,-0.190817464266
0.105873387609,-0.135058799435,-0.0140840185245,-0.102524789801,-0.175236399317,0.0589170330639,0.323458054433,-0.134925261092,0.0220861345004,0.00652213771425,0.136025200405,0.0480138567744,0.0381197413454,-0.0704561090116,0.0605242501977,0.0488436208454,-0.0248589063959,-0.0297229397268,0.0479780604667,0.0132372864716,0.0626789868706,-0.02551942294,0.139774849308,0.0399765826923,0.174216071805,0.180383313914,-0.47244744474,-0.0285700353395,-0.190920289583
0.105910318862,-0.135115253873,-0.014139446129,-0.102525545001,-0.175322310651,0.0588679200941,0.323545173176,-0.134839586651,0.0220406577854,0.00647936619141,0.136077410181,0.0479803270722,0.0381080372505,-0.0704413085723,0.0605629682726,0.0488419588469,-0.0247337992539,-0.0296439333571,0.0479938555298,0.0132402856348,0.0626442495458,-0.0255373420762,0.1397153944,0.0399974961094,0.174266107617,0.180401520198,-0.472543564701,-0.0285659446166,-0.190994644915
0.105958263544,-0.135157925781,-0.0140934497065,-0.102516089249,-0.175435003371,0.0588451451613,0.323616879138,-0.134757720099,0.0219864092266,0.00646230368776,0.13612501695,0.0479952921911,0.0380682999267,-0.0703770487829,0.060581532726,0.0488185913074,-0.0246581121169,-0.0296375507302,0.0480227082382,0.0133148870852,0.0626390786293,-0.0256007449963,0.139700226464,0.0400174900221,0.174315359657,0.180423323251,-0.472643896269,-0.028589504086,-0.191076085493
0.106030045408,-0.135221376619,-0.014103609571,-0.102419936227,-0.175559098507,0.0588023591109,0.323723988408,-0.134662141042,0.0219332539118,0.00649756081401,0.136171078775,0.0479889434836,0.0379691119066,-0.0703697866587,0.0606293323519,0.0488542956436,-0.0245929367192,-0.0296561233069,0.0480917387031,0.0133127963027,0.0625691153502,-0.02561937777,0.139669982015,0.0400711453956,0.174403523813,0.180471213521,-0.472838350492,-0.02860428218,-0.191196138884
0.106111136564,-0.135292181328,-0.0140985371258,-0.102489926174,-0.175734966146,0.0587251255053,0.323884666617,-0.13458037323,0.0218862798555,0.0065536921343,0.136239672845,0.047932835752,0.0380469360428,-0.0703345287261,0.0606692308473,0.0488203383218,-0.024568306141,-0.0296003018326,0.0481396613776,0.0132864616987,0.0624299369733,-0.0257233100643,0.139642617864,0.040130997372,0.174518102099,0.180536420909,-0.473074685724,-0.0286307517576,-0.191345439243
0.106176877085,-0.135291995745,-0.0141469523207,-0.10250620784,-0.175848793928,0.0586721859345,0.323986098786,-0.134502660349,0.0218795410009,0.00661387995893,0.136291612601,0.0478847728607,0.0380304779837,-0.0703115158537,0.0606975205491,0.0488292680131,-0.0245969869231,-0.0296338055016,0.0481938543384,0.013231440586,0.0623755059795,-0.025781640137,0.139588625672,0.0401574688506,0.174613293772,0.180598194136,-0.473224065781,-0.0286407236879,-0.191445666286
0.106211235792,-0.13529888282,-0.0140747856373,-0.102426040955,-0.175894653844,0.0586138585034,0.324009593149,-0.134375495509,0.0219411182044,0.0066440060876,0.136314785798,0.0478516800738,0.0379858491548,-0.0703135888465,0.0607546449592,0.048826567537,-0.0246386534068,-0.0295336301354,0.048262488167,0.0132582174524,0.0623161353509,-0.0258464979675,0.139534028373,0.0401780583487,0.17464815003,0.180611003651,-0.473223381487,-0.0286442018778,-0.191483385515
0.106264452096,-0.13530524352,-0.0140748375588,-0.102381649235,-0.175951272133,0.0585186313739,0.324073105275,-0.134322272258,0.0219637945841,0.00671222492929,0.136345703993,0.0478537901594,0.0380176800362,-0.070311032444,0.0607722041687,0.0487936580066,-0.0247183773596,-0.029587840793,0.0483126285497,0.0131669214005,0.0624003907061,-0.0258138190169,0.139459386504,0.0401825020994,0.174723805266,0.180629259268,-0.473330530632,-0.0286756357283,-0.191571731713
0.106326338845,-0.135341751172,-0.0140270571145,-0.102356836119,-0.175993075503,0.0584361074325,0.324153463456,-0.134220613137,0.0219145804216,0.00672904242811,0.136365826622,0.0477796813691,0.0380390113904,-0.0702600479874,0.0608092279812,0.0487620105316,-0.0246919707583,-0.0295258684794,0.0483464175695,0.0131622796264,0.0623906882666,-0.0258739501393,0.13938434971,0.040212114822,0.174807775472,0.180666218067,-0.473477318643,-0.0286918586411,-0.191655543072
0.106331044623,-0.135333091475,-0.0140372949423,-0.102331348813,-0.176043551655,0.0584450376864,0.324152784404,-0.134217824468,0.0219321441232,0.00672705871885,0.136402042628,0.0477587560443,0.0380262933328,-0.0702502253417,0.0608255396699,0.0487193823964,-0.0246960820358,-0.0295679968537,0.0483712229703,0.0131695248027,0.0623669354313,-0.0258632155377,0.139361397394,0.0402308764628,0.174821679089,0.180673996237,-0.473488227866,-0.0286886614982,-0.191677797035
0.106400035688,-0.135373182034,-0.0140242203254,-0.102212819691,-0.176127379764,0.0584138134334,0.32424048853,-0.134167866761,0.0219771017306,0.00674758815922,0.136459678454,0.0476941448703,0.0380242031987,-0.0702433439657,0.060849845101,0.0486974905709,-0.0246905395813,-0.0295818533915,0.0484136129292,0.0131262387581,0.0623597343272,-0.0258519773068,0.139289887525,0.0402569736927,0.174909482176,0.180714814787,-0.473649188821,-0.0287121146809,-0.191783235419
0.106441563362,-0.135421648482,-0.0140383063662,-0.10218026007,-0.176254496631,0.0583828292446,0.324343936426,-0.134118728524,0.0218549198169,0.00674550208547,0.136502277246,0.0476673754493,0.0380341625808,-0.0702254850632,0.060864991766,0.0487173985677,-0.0246512091271,-0.0295558877963,0.0484257749325,0.0130908443788,0.062369470649,-0.0258531232809,0.139284570536,0.0402873038015,0.174968862163,0.180753110397,-0.473801554602,-0.0287324318139,-0.191880364071
0.106485381398,-0.135433946827,-0.0140764898386,-0.102172889406,-0.176344083357,0.0584335951281,0.3244135435,-0.134025561039,0.0218885963638,0.00688009950988,0.136513891222,0.0476331833832,0.0379660359438,-0.0702800615835,0.0608890359969,0.0487387735722,-0.0246615241233,-0.0295785072011,0.048507507925,0.0130587587512,0.0623648940525,-0.0259431895372,0.139234450421,0.0403137448946,0.175034327394,0.180810874227,-0.473895111211,-0.0287271674929,-0.1919491152
0.106568200641,-0.135505043353,-0.0140841878519,-0.102159982357,-0.176468017565,0.0583073753684,0.324593118103,-0.13402018168,0.0218364375376,0.00694585936558,0.136586096459,0.0475338529384,0.0379435738821,-0.0702259723448,0.0609052341345,0.0486911027375,-0.0247296975937,-0.0295981154846,0.0485145949554,0.0131094682485,0.0623582260613,-0.0259521318402,0.139173818693,0.0403799092213,0.175151692267,0.180861395487,-0.474142213051,-0.0287756234307,-0.192152238345
0.106589657672,-0.13559645046,-0.0140479636443,-0.102120320696,-0.176570943822,0.0583252197345,0.324711007763,-0.134009079263,0.0218667245315,0.00684602266841,0.136693733438,0.0475394195143,0.037987664938,-0.0701339252649,0.0609151199201,0.0486900732944,-0.0248418428336,-0.0296791753104,0.0485814205725,0.0130771682624,0.0624097736063,-0.0260358978117,0.139193637167,0.040404682752,0.175185755033,0.180929946984,-0.47429056043,-0.0287908492889,-0.192232702142
0.106623641775,-0.13564371269,-0.0140252784222,-0.10195120344,-0.176609464777,0.0582737162332,0.324691393417,-0.133923251267,0.0219208487497,0.00675547490153,0.136746041926,0.047555488481,0.0378959309751,-0.0700063016054,0.0609379794013,0.0486879288765,-0.0247522167785,-0.0295764079917,0.0486063708102,0.0130728183231,0.0622701303627,-0.0260187407352,0.139155106798,0.0404140847694,0.175224182544,0.180938642402,-0.4743769542,-0.0287666631935,-0.192271687003
0.106677083017,-0.13567208938,-0.0141721321199,-0.101898890851,-0.176602050139,0.0581976229486,0.324806958567,-0.133863588739,0.0219841490806,0.00668547984466,0.136815274212,0.0476022038171,0.0378427285747,-0.0699502131121,0.0609186792,0.0486714616673,-0.0247964740921,-0.0296778811114,0.0486566967415,0.0130873017006,0.0621903863277,-0.0260041182796,0.139138091466,0.0404092224206,0.175302495278,0.180941719236,-0.474542118159,-0.0287872938721,-0.192356156797
0.106683622193,-0.135707454426,-0.0141230052664,-0.10181477066,-0.176696392703,0.0582274216074,0.324832177383,-0.133837287355,0.0218501083514,0.00661554819296,0.136830567982,0.0476523243462,0.0378101914818,-0.0698500292842,0.0609216268441,0.0487338665428,-0.0246779522961,-0.0296401081008,0.048700329662,0.0130035009107,0.0621860700857,-0.0259737205485,0.13913154685,0.0404250161193,0.175271447981,0.180937037349,-0.474569624775,-0.028787817435,-0.192379161463
0.106758088197,-0.135812019907,-0.0141870685306,-0.101805771263,-0.176823292576,0.0582304525969,0.324950622783,-0.133891084953,0.0218032759664,0.00661716549308,0.136862339865,0.0476016595795,0.037846671896,-0.0698790702917,0.0609664372799,0.0486964529319,-0.0246563995117,-0.0296786412968,0.0487461170276,0.0129345543988,0.0621866457956,-0.0258968844014,0.139091077503,0.0404679389117,0.175392979858,0.180994953706,-0.474847334194,-0.0288085009106,-0.192540585403
0.106792690967,-0.135834354369,-0.0141392730216,-0.101764403271,-0.176892363562,0.0582096334262,0.325033609755,-0.133871821172,0.0218679977423,0.00653139418089,0.136906979,0.047548330939,0.0378486009271,-0.0698594796786,0.0609576105278,0.0486922360468,-0.0247014938916,-0.0296251693043,0.0487823660781,0.0128614852986,0.0622248829902,-0.0259382296485,0.139108956548,0.0405139371845,0.17544040459,0.181033803496,-0.474984525341,-0.028814015531,-0.192602637246
0.10683335907,-0.135823832979,-0.0142002732231,-0.101807005893,-0.177032684275,0.0582541365765,0.325164480386,-0.133923893093,0.021820150911,0.00656921760581,0.136977329617,0.0476184455278,0.0378255567921,-0.0698356671693,0.0609993835485,0.0486832523272,-0.0246799365698,-0.0297902324117,0.048864847989,0.0128796721525,0.0622279882412,-0.0259144112986,0.139027401402,0.040507679775,0.175511215548,0.181057571027,-0.475138260179,-0.028855970691,-0.192728108805
0.1069005691,-0.135987816417,-0.0142292258937,-0.101780984573,-0.177134738365,0.0583256989024,0.32529074027,-0.133949371278,0.0218054372111,0.00650041315601,0.13700680249,0.0475562049981,0.0378258535903,-0.0698234613185,0.0610161899512,0.048692265082,-0.0247014995686,-0.0298254660392,0.0489375782633,0.012824458546,0.0621625465449,-0.0258323220986,0.139041054871,0.0405634780378,0.175614954961,0.181064556394,-0.475401606205,-0.0289023184922,-0.192882225805
0.106989980721,-0.136041875256,-0.0142777922607,-0.101857457779,-0.177301754882,0.0583056493178,0.325481642942,-0.133981817245,0.0218505989445,0.00655715690484,0.137091725099,0.0474727427677,0.0377564005542,-0.0698680514362,0.0610649670781,0.0486818339798,-0.0246924113675,-0.0299030002745,0.0489791670318,0.0128431596674,0.0621009787301,-0.0258587026139,0.13908933625,0.0406334787889,0.175753791111,0.181156146892,-0.475745568091,-0.0289350903824,-0.193077823621
0.10701936159,-0.136124685032,-0.0143172102202,-0.101822583663,-0.177269958893,0.0582791060852,0.325433968885,-0.133852293452,0.0218042675414,0.00653090263052,0.137074321775,0.0474779287876,0.0377141778666,-0.0698060638873,0.0610625764905,0.0486868596979,-0.0245753879478,-0.0297836134269,0.0490644047648,0.0129608727522,0.0620725357837,-0.0258769484336,0.139013597128,0.0406615636387,0.175767004397,0.181138547222,-0.475728434693,-0.0289255472255,-0.193080476686
0.107085893468,-0.136217179271,-0.0144146168026,-0.101752533838,-0.177445834373,0.0583212352432,0.325610596417,-0.133953574186,0.0218141938627,0.00658399515771,0.137189197371,0.0475065778371,0.0377869177756,-0.0698614986713,0.0610691088642,0.0485396865501,-0.0245702295129,-0.0298768043671,0.0491378047349,0.0129666339888,0.0619939939767,-0.0258274566217,0.139000112199,0.0407062673444,0.175858783554,0.18118828298,-0.475971645189,-0.0289441278947,-0.193218852241
0.107148355074,-0.136284572725,-0.0145168468193,-0.101766044066,-0.177592409051,0.0583016520762,0.325812231079,-0.13411828332,0.0218700306452,0.00662922976501,0.1372779803,0.0474435940478,0.0376138671933,-0.0698397597628,0.0611155570878,0.0485616206536,-0.0246153732368,-0.0300999920845,0.0491668859128,0.0130376117153,0.0619169849513,-0.025735688028,0.139011228563,0.0407684102518,0.175956891605,0.181212706183,-0.47632423034,-0.028968797738,-0.193379777719
0.107221345641,-0.136333173102,-0.0144377604818,-0.101730934162,-0.177712225267,0.0583054578021,0.325869549361,-0.133978559695,0.021928894993,0.00658744171812,0.137307169383,0.047510379574,0.0374892038339,-0.069642197665,0.0611444326077,0.0484436754065,-0.0246860792779,-0.0300206202295,0.0492364721353,0.0130176458095,0.061897251981,-0.025762424167,0.138861828841,0.0407658895609,0.176053012577,0.181265108831,-0.47649129251,-0.0290311434493,-0.193517972076
0.107283049446,-0.136383149328,-0.0144995265253,-0.101763543918,-0.177858165782,0.0582398715533,0.325944832936,-0.134011100111,0.0218168767263,0.00668998264624,0.137335288432,0.0473988479018,0.0374128759368,-0.0695174040471,0.0611859837165,0.0485240376937,-0.0246681725987,-0.0302140606844,0.0492928228146,0.0129500935209,0.061947111755,-0.0258062412577,0.138819180077,0.0408151326108,0.176158157772,0.181345870581,-0.476707735006,-0.0290345462802,-0.193647002553
0.10730731431,-0.13638182726,-0.0144860692045,-0.101688758801,-0.177781965086,0.058180805228,0.325887640808,-0.133989709428,0.0218580523691,0.00671999214417,0.137299278173,0.0473779885856,0.0374288344976,-0.0694908680398,0.0611907951519,0.0483770388506,-0.0245993025623,-0.0301795536946,0.0493214733777,0.0129793002078,0.0620480774343,-0.0258135230378,0.138791887514,0.040831135566,0.176161239836,0.181329620589,-0.476668514966,-0.0290364731072,-0.193620533707
0.107387228951,-0.136357016164,-0.0144461937742,-0.101707505428,-0.177924482642,0.0580720906247,0.325961807474,-0.133755131645,0.0219277136308,0.0067839304942,0.137346571157,0.0474289750656,0.0374299899966,-0.0694398025418,0.061211457114,0.0483621355893,-0.0246167517809,-0.0301544379612,0.0493767673139,0.0129675034315,0.0619689843384,-0.0258195761893,0.138716049221,0.0408845111718,0.176271298776,0.181333762982,-0.47680785123,-0.0290753008858,-0.193768223207
0.107462202031,-0.136468246346,-0.0144589145374,-0.10171248808,-0.178070091957,0.0580305651702,0.326112518817,-0.133723524416,0.0218786590666,0.00688374931316,0.137445679604,0.047405051301,0.0373999172901,-0.0693875057971,0.0612177813643,0.0484260262546,-0.0245712322008,-0.0301782543883,0.0494471703541,0.012921703477,0.0620400295813,-0.0258582172023,0.138651805424,0.040913947561,0.17636473261,0.181393348872,-0.477046086246,-0.0290878449066,-0.193906542096
0.107478737715,-0.136534550612,-0.0145319215022,-0.101626040049,-0.178178741878,0.0580058553981,0.326240561366,-0.133623742558,0.0219059593788,0.00678805207592,0.137511271011,0.0473470020363,0.037265205419,-0.0693574721658,0.0612437039063,0.0484597019262,-0.0246231433103,-0.0301370954159,0.0494785413905,0.012865142608,0.062093529081,-0.0258895073986,0.138659239569,0.0409524326197,0.176393157916,0.181416194206,-0.477188276757,-0.0290911881896,-0.19400358469
0.1074608769,-0.136543775145,-0.0144949372811,-0.101571970588,-0.178156991462,0.0580185671121,0.326260970743,-0.133538678744,0.0218664052195,0.00679919643528,0.13755270383,0.0473408523379,0.0372488036157,-0.0693753623734,0.0611987144029,0.0485003332183,-0.0246555963224,-0.0301731806009,0.0494687772323,0.0128962726228,0.062102648097,-0.0259398121632,0.13862491365,0.0409689537818,0.176370725014,0.181415217989,-0.477109766488,-0.0290621098208,-0.193986376297
0.107438566743,-0.136539082702,-0.0144517170549,-0.101539697897,-0.178146522159,0.0580940949998,0.326235684359,-0.133525521807,0.0219287502465,0.00683740882293,0.13754463095,0.0473934637348,0.0372187257317,-0.0693426556875,0.0611551944274,0.0485126083957,-0.0247082581263,-0.0302120853367,0.0494701387962,0.012961053235,0.0620411555293,-0.0259635093511,0.138642614649,0.0409557319021,0.176338805853,0.181406198936,-0.477045677855,-0.0290487373025,-0.19395630569
