0,39944,39944,10000,8.55777562351,2.01737385595,8.7163660526
1,109846,79888,20000,0.7044796885,0.31181872415,17.990149974
2,179804,119864,30000,0.693529106408,0.146951904937,27.04001998
3,239768,159840,40000,0.691640587857,0.107567621982,35.670703887
4,309684,199792,50000,0.693170355151,0.19389262927,42.832984924
5,369648,239768,60000,0.689141124879,0.101818859151,50.382251977
6,439599,279740,70000,0.689035184363,0.168646555442,58.351850032
7,499527,319692,80000,0.685240452144,0.0988681452573,68.097090005
8,569464,359656,90000,0.685011184294,0.131500083187,78.795521020
9,609432,399624,100000,0.682520651554,0.0590305486354,87.22550702
10,679376,439592,110000,0.682428363607,0.140989192902,95.68652200
11,739334,479564,120000,0.677645733029,0.0818456209713,103.54687190
12,809285,519536,130000,0.676802116855,0.116027423414,110.2965900
13,839255,559496,140000,0.674774192835,0.0473938909651,117.33472394
14,909178,599452,150000,0.67312039629,0.207138108343,125.55458593
15,979122,639420,160000,0.672133295559,0.0995662890584,133.78562688
16,1039098,679404,170000,0.669362539036,0.0579825732729,139.59226608
17,1109035,719368,180000,0.670104934827,0.103915850719,146.48029494
18,1168987,759336,190000,0.666105735998,0.0490069685257,154.56910300
19,1198975,799320,200000,0.666674236776,0.0408056449009,161.59531211
20,1268933,847294,214000,0.663500779704,0.127467698837,169.91511511
21,1328903,887274,224000,0.660650194553,0.080211601403,178.21294999
22,1398805,927218,234000,0.664817589827,0.0926272094575,186.4033598
23,1428787,967194,244000,0.661349993421,0.041219301942,193.08627796
24,1488727,1007154,254000,0.657982017569,0.0639597334669,201.86697411
25,1558629,1047098,264000,0.661517981507,0.122528212891,209.92017006
26,1628545,1087050,274000,0.660151521034,0.107136055948,218.44855999
27,1688461,1126994,284000,0.658184292168,0.0751973163351,226.51801395
28,1758398,1166958,294000,0.659226760957,0.118280894825,234.38962888
29,1788359,1206906,304000,0.654560552712,0.0383635236011,240.88356709
30,1848305,1246870,314000,0.657273981821,0.116379866812,248.69316911
31,1918228,1286826,324000,0.660343462557,0.197959297556,257.64479088
32,1988179,1326798,334000,0.654470883884,0.0922391945406,265.01246595
33,2048119,1366758,344000,0.654513578031,0.0499600806705,272.80196189
34,2118014,1406698,354000,0.653263314198,0.0735305139695,281.18086409
35,2177990,1446682,364000,0.658050047948,0.0419820580244,288.89097404
36,2247913,1486638,374000,0.654990938672,0.0826983737737,296.96880006
37,2317836,1526594,384000,0.656039963929,0.065126759629,304.01568388
38,2387766,1566554,394000,0.654289664568,0.0660531520739,310.85168790
39,2457640,1606482,404000,0.654045383831,0.0737546892296,317.32041311
40,2527591,1654452,418000,0.654636901337,0.0818664053725,328.09060001
41,2557561,1694412,428000,0.653048812462,0.0526045153479,334.72826504
42,2587528,1734368,438000,0.65432744651,0.0235715122209,340.56692695
43,2617504,1774336,448000,0.655270565114,0.0623366631132,347.28432512
44,2647462,1814280,458000,0.654604190067,0.0244529047431,354.67269611
45,2677426,1854232,468000,0.652010008752,0.0373520877308,360.12931108
46,2707381,1894172,478000,0.64948691951,0.0238613145872,367.49422907
47,2737360,1934144,488000,0.648453954997,0.0626756903084,373.68407893
48,2767327,1974100,498000,0.653230714954,0.0272043839646,380.66834998
49,2797309,2014076,508000,0.654173171455,0.0238208318968,388.14211201
50,2827270,2054024,518000,0.651724917956,0.0277586764466,394.29739499
51,2857249,2093996,528000,0.648269247616,0.0245112412129,402.06512689
52,2887231,2133972,538000,0.652985259827,0.0327075829014,409.45680499
53,2917207,2173940,548000,0.6539054323,0.0465904368827,417.01593494
54,2947159,2213876,558000,0.646467901975,0.0596148890498,424.07416200
55,2977132,2253840,568000,0.648968987453,0.0240138108978,431.41664600
56,3007090,2293784,578000,0.649802393891,0.0375346335716,437.66749501
57,3037063,2333748,588000,0.651738089981,0.0623994905844,444.84284806
58,3067027,2373700,598000,0.651050646593,0.0306316784057,451.7505819
59,3096988,2413648,608000,0.648250380802,0.0212849275589,459.09447193
60,3126937,2461580,622000,0.649388279201,0.036062303951,467.97094893
61,3156910,2501544,632000,0.645936241628,0.0296948803931,473.28262305
62,3186889,2541516,642000,0.647802933785,0.0230052426723,480.40394711
63,3216880,2581504,652000,0.642228633075,0.0572208876011,487.96761298
64,3246838,2621448,662000,0.648131380149,0.0246687670589,494.69182395
65,3276805,2661404,672000,0.64668570287,0.0356419102986,501.91563105
66,3306772,2701360,682000,0.643338383949,0.0286039583468,508.10933589
67,3336748,2741328,692000,0.644130927177,0.0463799165386,513.61998510
68,3366724,2781296,702000,0.645848996894,0.0230558477026,519.90011310
69,3396709,2821276,712000,0.64868372072,0.0370911634955,526.41884803
70,3426676,2861232,722000,0.651276813888,0.0383316889513,532.71763610
71,3456646,2901192,732000,0.648081159506,0.0242780386274,538.64377689
72,3486631,2941172,742000,0.648416054907,0.0452638465529,545.36146497
73,3516586,2981112,752000,0.648729826586,0.0322971219365,551.72153997
74,3546559,3021076,762000,0.64543733732,0.0278661372317,557.26485395
75,3576538,3061048,772000,0.639505145777,0.0259653746048,563.48055100
76,3606517,3101020,782000,0.648821586151,0.0494299355642,570.05521011
77,3636493,3140988,792000,0.643372830136,0.0245194631299,576.8084309
78,3666466,3180952,802000,0.648068872669,0.0374195854555,583.79684400
79,3696418,3220888,812000,0.651348450095,0.0389632938096,590.09834909
80,3726385,3268842,826000,0.644027548295,0.0553329466811,598.34454011
81,3756358,3308806,836000,0.64753996909,0.028780598176,605.30663704
82,3786316,3348750,846000,0.649437214052,0.0331259163882,611.50061011
83,3816286,3388710,856000,0.648432382165,0.0319568822728,617.20833206
84,3846271,3428690,866000,0.646997814444,0.0470634743964,623.57179188
85,3876244,3468654,876000,0.644708570751,0.0286380984947,630.32725095
86,3906238,3508646,886000,0.650032832789,0.0313439632749,637.32032990
87,3936220,3548622,896000,0.644613590553,0.0380585079464,643.30714702
88,3966184,3588574,906000,0.640845600313,0.0240112531323,650.53422594
89,3996160,3628542,916000,0.647944327427,0.0343528308842,657.10746908
90,4026142,3668518,926000,0.645650518296,0.0201806547278,663.47552990
91,4056100,3708462,936000,0.648145556934,0.0172470015165,670.41194391
92,4086073,3748426,946000,0.651343256877,0.0311371198554,676.49608802
93,4116052,3788398,956000,0.643449910491,0.0469115226503,683.40553212
94,4146031,3828370,966000,0.648094528035,0.0337619837965,690.15288090
95,4176004,3868334,976000,0.648709400449,0.0225231137485,696.6466479
96,4205971,3908290,986000,0.647380228012,0.0239308307258,702.01023507
97,4235941,3948250,996000,0.644982743768,0.0240916753244,708.52945
98,4265890,3988182,1006000,0.641146272716,0.0432403405227,715.04959106
99,4295848,4028126,1016000,0.645236396503,0.0333132670878,720.75934410
100,4325818,4076084,1030000,0.650736140409,0.0275120416646,729.43508505
101,4355797,4116056,1040000,0.647562700337,0.0522567817798,735.70978188
102,4385752,4155996,1050000,0.647709176546,0.0437320616549,741.38000297
103,4415701,4195928,1060000,0.640139506505,0.030192366285,747.44461011
104,4445674,4235892,1070000,0.646391423468,0.0417330887004,754.14231705
105,4475653,4275864,1080000,0.646710382245,0.0396990681363,759.93131208
106,4505626,4315828,1090000,0.643972942813,0.0324531724834,766.0328390
107,4535602,4355796,1100000,0.647650171612,0.0240949696005,772.01664590
108,4565572,4395756,1110000,0.647388582035,0.0249682234198,777.17266607
109,4595554,4435732,1120000,0.647662977182,0.0313346026678,783.37169194
110,4625524,4475692,1130000,0.642080873855,0.021944664931,788.23984789
111,4655509,4515672,1140000,0.645423705273,0.0394054485695,794.92491793
112,4685476,4555628,1150000,0.646583088508,0.0278401248139,801.31444096
113,4715446,4595588,1160000,0.645695928841,0.0230938879899,806.22553992
114,4745398,4635524,1170000,0.642506808525,0.0432716587824,813.26345896
115,4775374,4675492,1180000,0.65133692989,0.0721503687941,820.24058008
116,4805356,4715468,1190000,0.643428304962,0.0584338948101,827.20133495
117,4835320,4755420,1200000,0.644753944635,0.0217816843872,832.16345405
118,4865278,4795364,1210000,0.646023843998,0.0279262430524,838.78490996
119,4895254,4835332,1220000,0.64218672622,0.0224085148802,845.11001300
120,4925227,4883292,1234000,0.642419290228,0.0243806326372,853.62905907
121,4955188,4923240,1244000,0.64567373035,0.0357153310825,858.96896910
122,4985152,4963192,1254000,0.646955487981,0.0431245820316,865.01183509
123,5015131,5003164,1264000,0.644489291595,0.0338282967659,870.32518601
124,5045113,5043140,1274000,0.64181519701,0.0256733160991,876.58253002
125,5075077,5083092,1284000,0.643777585124,0.034525697244,883.62964510
126,5105047,5123052,1294000,0.649298717129,0.0311395715995,889.46256804
127,5135017,5163012,1304000,0.641678082533,0.0246637023637,895.50245308
128,5164990,5202976,1314000,0.640792692173,0.0319315337016,902.51173090
129,5194951,5242924,1324000,0.641792959562,0.0250943836107,907.61614894
130,5224930,5282896,1334000,0.642460176289,0.0267932386261,913.72201895
131,5254900,5322856,1344000,0.640923758078,0.0252550474867,919.84274697
132,5284849,5362788,1354000,0.639869294992,0.0416920129155,924.95050311
133,5314813,5402740,1364000,0.643064862811,0.0227480312839,931.39590406
134,5344777,5442692,1374000,0.641634002693,0.0496892958783,937.92603492
135,5374738,5482640,1384000,0.642552777826,0.027534263735,943.53535890
136,5404705,5522596,1394000,0.639889365966,0.0172414699369,949.04239606
137,5434690,5562576,1404000,0.641057126027,0.031503195545,955.0253989
138,5464660,5602536,1414000,0.648136251374,0.0455131762628,960.38345289
139,5494615,5642476,1424000,0.64535270055,0.0290312040437,966.66009497
140,5524576,5690422,1438000,0.641910651179,0.0334802450618,974.51895189
141,5554552,5730390,1448000,0.643025834696,0.032202964538,980.59064793
142,5584531,5770362,1458000,0.646582567634,0.0310053789578,987.25478291
143,5614501,5810322,1468000,0.636895384289,0.044030657139,993.01719903
144,5644480,5850294,1478000,0.63991573213,0.0216798736145,999.21038603
145,5674447,5890250,1488000,0.641749229407,0.0309501987299,1004.3611149
146,5704408,5930198,1498000,0.639001688568,0.0303599775059,1010.4011199
147,5734378,5970158,1508000,0.645135021431,0.0301836857662,1016.4343910
148,5764348,6010118,1518000,0.638734956762,0.0366662618594,1022.6596860
149,5794321,6050082,1528000,0.651586667077,0.0237123000705,1029.6192638
150,5824282,6090030,1538000,0.642772554157,0.0327582500697,1036.0028779
151,5854249,6129986,1548000,0.642567943767,0.0247353573014,1042.7375969
152,5884225,6169954,1558000,0.646460455273,0.0419079086298,1049.7922270
153,5914210,6209934,1568000,0.645121074098,0.0279501695919,1056.1068460
154,5944195,6249914,1578000,0.645901768433,0.0245169846853,1063.1793539
155,5974156,6289862,1588000,0.652933778457,0.0500064636987,1069.2416470
156,6004123,6329818,1598000,0.641587006594,0.0334299117341,1076.0231940
157,6034096,6369782,1608000,0.64002645903,0.0272308254483,1082.6031799
158,6064060,6409734,1618000,0.636368467462,0.0209847997433,1087.6711299
159,6094030,6449694,1628000,0.646679279241,0.0235913669596,1094.5308370
160,6123988,6497638,1642000,0.639848487707,0.0233938847853,1102.8750200
161,6153970,6537614,1652000,0.646683459289,0.0452817996601,1109.6418099
162,6183952,6577590,1662000,0.644297642666,0.022341490101,1115.9420149
163,6213916,6617542,1672000,0.640987391987,0.0294300717904,1121.2884039
164,6243895,6657514,1682000,0.641560034583,0.0386439678794,1127.4588820
165,6273868,6697478,1692000,0.641752312831,0.0317425404004,1133.3961470
166,6303838,6737438,1702000,0.639452561673,0.024018136405,1139.7632489
167,6333799,6777386,1712000,0.641260350787,0.0355484580409,1146.0783829
168,6363781,6817362,1722000,0.638977361226,0.0450890916214,1152.1440019
169,6393739,6857306,1732000,0.642854974255,0.0345824884767,1159.1296150
170,6423697,6897250,1742000,0.643897272803,0.0470451624427,1165.798729
171,6453664,6937206,1752000,0.633300923884,0.0249678057477,1171.9971830
172,6483652,6977190,1762000,0.639354381815,0.020124288184,1177.6007590
173,6513625,7017154,1772000,0.646557320294,0.0248650572624,1184.0878710
174,6543586,7057102,1782000,0.648677828636,0.022291884982,1191.0930700
175,6573556,7097062,1792000,0.643430580919,0.0272124113744,1197.4423611
176,6603526,7137022,1802000,0.643909406999,0.0394932349615,1203.3521249
177,6633502,7176990,1812000,0.641327058169,0.0489583861707,1209.6212830
178,6663490,7216974,1822000,0.64047861975,0.0231607372632,1214.9628040
179,6693466,7256942,1832000,0.645588561579,0.0473109349952,1221.4252979
180,6723451,7304920,1846000,0.642857418884,0.0160285381483,1230.2687709
181,6753415,7344872,1856000,0.643350445311,0.0193221183119,1237.2336440
182,6783400,7384852,1866000,0.640060599716,0.0214764821642,1242.2275340
183,6813376,7424820,1876000,0.644690493909,0.0436856431308,1248.57767
184,6843358,7464796,1886000,0.639614405034,0.03182354872,1253.9974710
185,6873325,7504752,1896000,0.634624866184,0.0643293925539,1260.0464711
186,6903277,7544688,1906000,0.64301361739,0.0331652837864,1266.3043470
187,6933256,7584660,1916000,0.641565923217,0.0338089279325,1273.0122
188,6963229,7624624,1926000,0.636583153692,0.0287372250973,1279.4239940
189,6993190,7664572,1936000,0.643032126561,0.0407447136492,1285.8426699
190,7023166,7704540,1946000,0.63986304212,0.0642155795594,1291.6850490
191,7053121,7744480,1956000,0.638737562927,0.0209818747861,1297.2326939
192,7083091,7784440,1966000,0.644256833694,0.0320788250129,1303.2581329
193,7113073,7824416,1976000,0.637674850153,0.0308495809349,1309.4319660
194,7143040,7864372,1986000,0.641053871049,0.0246711062697,1316.2626969
195,7172992,7904308,1996000,0.635230473815,0.0318463994693,1322.186870
196,7202962,7944268,2006000,0.638157691013,0.0279303054161,1328.3769030
197,7232935,7984232,2016000,0.639162938159,0.0280295975182,1335.19199
198,7262911,8024200,2026000,0.6404405544,0.028272945995,1342.205401
199,7292869,8064144,2036000,0.643767367102,0.0464741294351,1347.6852819
200,7322839,8112102,2050000,0.639443576084,0.035657842402,1356.2220120
201,7352818,8152074,2060000,0.639144929406,0.0330969702488,1362.5569069
202,7382800,8192050,2070000,0.638968365715,0.0241751379924,1368.1567819
203,7412773,8232014,2080000,0.639279979923,0.0182309583486,1373.82609
204,7442743,8271974,2090000,0.636316499708,0.0404099623237,1379.9790070
205,7472710,8311930,2100000,0.63855553014,0.0346573357883,1385.1457490
206,7502680,8351890,2110000,0.642319773666,0.0323514195572,1391.7333040
207,7532650,8391850,2120000,0.639444170895,0.0261319116201,1397.3620059
208,7562617,8431806,2130000,0.642775676551,0.0388267518819,1403.6402649
209,7592587,8471766,2140000,0.638504771591,0.0244019480404,1410.5544059
210,7622548,8511714,2150000,0.638078859237,0.0212560479244,1417.4897999
211,7652527,8551686,2160000,0.638966317809,0.0267408368915,1423.6610939
212,7682503,8591654,2170000,0.641488251688,0.0484768948933,1429.012149
213,7712452,8631586,2180000,0.645120078133,0.0311149876703,1435.3490719
214,7742416,8671538,2190000,0.644659994368,0.0143785463492,1441.5516319
215,7772383,8711494,2200000,0.637699609407,0.0375463217719,1447.1794140
216,7802356,8751458,2210000,0.642790477656,0.033410134285,1453.3735930
217,7832335,8791430,2220000,0.635721229792,0.0328631895867,1458.1496100
218,7862299,8831382,2230000,0.640307683175,0.0194129040965,1464.009694
219,7892260,8871330,2240000,0.642157098325,0.0454234596776,1468.9087610
220,7922230,8919286,2254000,0.644135772889,0.021450293434,1477.0384979
221,7952200,8959246,2264000,0.64134567453,0.0457805306239,1483.7208700
222,7982167,8999202,2274000,0.640443725699,0.095693905682,1489.4107139
223,8012128,9039150,2284000,0.643564790372,0.102487545386,1494.9697890
224,8042101,9079114,2294000,0.643348375412,0.104340354461,1501.1243770
225,8072086,9119094,2304000,0.64068287033,0.0652944934867,1507.5043089
226,8102053,9159050,2314000,0.642599192674,0.0668751431564,1514.44512
227,8132038,9199030,2324000,0.640165234406,0.0689443506637,1520.1430211
228,8162008,9238990,2334000,0.639392237535,0.0747243557857,1525.8694319
229,8191975,9278946,2344000,0.635924064492,0.0454984669102,1532.365938
230,8221954,9318918,2354000,0.636870938093,0.0343275463937,1538.4647109
231,8251921,9358874,2364000,0.64256864213,0.0209586448159,1543.9180390
232,8281885,9398826,2374000,0.639681528702,0.0339489555751,1549.2949469
233,8311867,9438802,2384000,0.645050202913,0.0459941290619,1554.4943840
234,8341825,9478746,2394000,0.641484890231,0.0191365615149,1560.8345310
235,8371792,9518702,2404000,0.631453528338,0.0233307504213,1566.9765179
236,8401756,9558654,2414000,0.638094373526,0.0674971031445,1573.7177491
237,8431717,9598602,2424000,0.641944885026,0.0624193176781,1580.3135020
238,8461699,9638578,2434000,0.641574068113,0.031928325247,1586.611447
239,8491663,9678530,2444000,0.642334782688,0.0271244239015,1592.9863860
240,8521636,9726492,2458000,0.636195133183,0.0406516326946,1600.7562069
241,8551609,9766456,2468000,0.634294700975,0.0335014848443,1607.1312210
242,8581573,9806408,2478000,0.637420541361,0.0270425146035,1613.3839700
243,8611543,9846368,2488000,0.642936280769,0.0388462749965,1618.6538569
244,8641531,9886352,2498000,0.637808721941,0.0177893296574,1624.8283169
245,8671492,9926300,2508000,0.637205126836,0.0172653078519,1631.003439
246,8701465,9966264,2518000,0.64141281997,0.0322275985124,1636.5828208
247,8731411,10006192,2528000,0.642867177262,0.0370918202454,1642.8495631
248,8761381,10046152,2538000,0.635022172903,0.0160964919655,1649.13953
249,8791357,10086120,2548000,0.639933666981,0.0246302367071,1654.6043000
250,8821330,10126084,2558000,0.6366598463,0.0214409708604,1660.1545159
251,8851297,10166040,2568000,0.63168563227,0.0234261420846,1665.5246291
252,8881279,10206016,2578000,0.641058214611,0.0400540765422,1671.7022368
253,8911246,10245972,2588000,0.636476845366,0.038799124022,1677.5037031
254,8941213,10285928,2598000,0.636562561286,0.027393161056,1684.45038
255,8971192,10325900,2608000,0.635368278265,0.0354154829516,1690.9689950
256,9001180,10365884,2618000,0.641827339435,0.0337771411344,1697.0218648
257,9031159,10405856,2628000,0.63850469247,0.0208091293347,1703.5715649
258,9061120,10445804,2638000,0.639010410027,0.0324160372917,1710.5594680
259,9091078,10485748,2648000,0.642097336189,0.0419316225332,1716.6953620
260,9121054,10533712,2662000,0.638355257773,0.0501126907127,1725.1352980
261,9151033,10573684,2672000,0.634399303803,0.0246033905081,1731.9358520
262,9181000,10613640,2682000,0.640151520883,0.0269424154184,1738.6176619
263,9210961,10653588,2692000,0.641589777805,0.0292407050818,1745.2197320
264,9240916,10693528,2702000,0.634789400937,0.043353816551,1752.140520
265,9270886,10733488,2712000,0.640190914241,0.0641867386606,1757.0404930
266,9300871,10773468,2722000,0.638048908322,0.059488608205,1763.2648620
267,9330841,10813428,2732000,0.628931808461,0.0195132752218,1768.5693969
268,9360817,10853396,2742000,0.639383183248,0.0222390659176,1775.6414039
269,9390793,10893364,2752000,0.640557844706,0.0345953423197,1781.7841949
270,9420769,10933332,2762000,0.638205591512,0.0257707557688,1788.2402439
271,9450748,10973304,2772000,0.640987773055,0.0457233421721,1793.3781969
272,9480733,11013284,2782000,0.642185791798,0.0292880697737,1799.784552
273,9510700,11053240,2792000,0.639840112022,0.0253751175476,1806.6362760
274,9540682,11093216,2802000,0.632142080687,0.0406406029821,1812.7797799
275,9570658,11133184,2812000,0.642483107996,0.0657520584554,1819.3896429
276,9600637,11173156,2822000,0.63289447262,0.0503866634809,1825.6512699
277,9630598,11213104,2832000,0.639124970399,0.0324787857901,1831.7421569
278,9660589,11253092,2842000,0.636134384786,0.0313863759782,1838.4640181
279,9690556,11293048,2852000,0.638329013872,0.0315493222143,1844.6984980
280,9720520,11340994,2866000,0.634940100799,0.0485823088829,1852.7297968
281,9750499,11380966,2876000,0.639467540286,0.0326058196413,1858.9062070
282,9780460,11420914,2886000,0.637409918127,0.0451635163499,1864.2895629
283,9810427,11460870,2896000,0.642362196084,0.0638320940685,1870.5438039
284,9840406,11500842,2906000,0.638275674759,0.0239284954154,1876.7237501
285,9870382,11540810,2916000,0.642304792323,0.0237693861873,1883.3226649
286,9900331,11580742,2926000,0.636566981393,0.0310975285724,1890.2237029
287,9930304,11620706,2936000,0.634802040845,0.0249538925397,1896.5499429
288,9960259,11660646,2946000,0.639347495962,0.0203259352476,1903.1964230
289,9990238,11700618,2956000,0.643930412132,0.028506592322,1909.6436669
290,10020202,11740570,2966000,0.638830534056,0.0266200860746,1916.6052429
291,10050163,11780518,2976000,0.640557449806,0.0570793803058,1921.9462289
292,10080127,11820470,2986000,0.639344989869,0.0317176456953,1927.5306849
293,10110082,11860410,2996000,0.635287109586,0.0274275241067,1933.0694930
294,10140052,11900370,3006000,0.638385712172,0.0268050068515,1938.7565178
295,10170028,11940338,3016000,0.641807128863,0.0320435701565,1944.2993171
296,10199995,11980294,3026000,0.640134424556,0.0319261473764,1950.9485189
297,10229974,12020266,3036000,0.633273441072,0.0247783608174,1957.6107969
298,10259959,12060246,3046000,0.637288224255,0.0365938855385,1963.9192640
299,10289926,12100202,3056000,0.636238492067,0.0276684727571,1968.7138340
300,10319881,12148136,3070000,0.635721983103,0.040887228339,1977.5798621
301,10349863,12188112,3080000,0.638741495456,0.0291497751997,1984.2822780
302,10379833,12228072,3090000,0.633429435449,0.0216512037918,1990.95790
303,10409800,12268028,3100000,0.639907376197,0.0288036642076,1996.0051400
304,10439767,12307984,3110000,0.639563111809,0.0316278015868,2002.1512970
305,10469749,12347960,3120000,0.641830180059,0.0168028647008,2009.0737779
306,10499710,12387908,3130000,0.635229132303,0.0301497453754,2014.0681459
307,10529692,12427884,3140000,0.635913040097,0.0296570420288,2020.8286600
308,10559650,12467828,3150000,0.641537450891,0.0400674245437,2027.75716
309,10589626,12507796,3160000,0.639109990435,0.0251966167128,2033.8064589
310,10619590,12547748,3170000,0.634552522794,0.0384621342039,2039.2983899
311,10649587,12587744,3180000,0.637204914288,0.0221738095438,2045.6836149
312,10679551,12627696,3190000,0.634688509309,0.0219814998221,2052.2162809
313,10709527,12667664,3200000,0.643694889579,0.0442101732638,2058.8340120
314,10739479,12707600,3210000,0.638923917161,0.034066612977,2065.5395410
315,10769452,12747564,3220000,0.637766640561,0.0253099292343,2071.7679169
316,10799416,12787516,3230000,0.636783369405,0.0614450010855,2077.2283289
317,10829392,12827484,3240000,0.634221166098,0.0385741631932,2083.7922220
318,10859350,12867428,3250000,0.629602238649,0.0398888570543,2090.0197250
319,10889323,12907392,3260000,0.638181187923,0.0315010672829,2096.4791750
320,10919269,12955312,3274000,0.641320046823,0.0243978946168,2105.3524200
321,10949242,12995276,3284000,0.634330210479,0.0231454837961,2112.4742960
322,10979197,13035216,3294000,0.635813538183,0.0305090402388,2118.7652239
323,11009170,13075180,3304000,0.64120101221,0.0228225453214,2125.7729659
324,11039143,13115144,3314000,0.641611453903,0.0274398729496,2131.3354110
325,11069101,13155088,3324000,0.641143238355,0.0281083225157,2138.1736719
326,11099053,13195024,3334000,0.641624590624,0.0231520817488,2144.1878979
327,11129035,13235000,3344000,0.631655421221,0.019068036117,2150.6639211
328,11158987,13274936,3354000,0.634566481716,0.021464170563,2157.4934310
329,11188948,13314884,3364000,0.636718470902,0.0298484398822,2164.257445
330,11218924,13354852,3374000,0.637896165436,0.0266838892408,2170.2586860
331,11248903,13394824,3384000,0.637182272842,0.0240460363161,2177.2680330
332,11278879,13434792,3394000,0.6381395045,0.02399810084,2183.6193480
333,11308837,13474736,3404000,0.640830590987,0.0437203307632,2188.9445600
334,11338798,13514684,3414000,0.637042898784,0.0253167016297,2195.1787810
335,11368771,13554648,3424000,0.63856665956,0.0275265745092,2200.3312060
336,11398744,13594612,3434000,0.639509356172,0.0313564114511,2206.1771969
337,11428714,13634572,3444000,0.640552841773,0.0332987938865,2212.3181
338,11458693,13674544,3454000,0.63600885213,0.0291279126704,2217.5729870
339,11488660,13714500,3464000,0.635412411075,0.0217831091999,2224.1455619
340,11518633,13762464,3478000,0.637194266556,0.0299797831548,2232.3602440
341,11548588,13802404,3488000,0.637566523459,0.0208979690077,2238.1374959
342,11578573,13842384,3498000,0.640461367014,0.0466985416173,2244.6559929
343,11608549,13882352,3508000,0.634951384769,0.0211758932298,2251.251619
344,11638525,13922320,3518000,0.640139961696,0.0202845159708,2258.3023800
345,11668504,13962292,3528000,0.646843017105,0.0226198808782,2265.1001019
346,11698483,14002264,3538000,0.63515495099,0.0349246440425,2271.0273220
347,11728441,14042208,3548000,0.639023774605,0.0216939632391,2275.7894101
348,11758423,14082184,3558000,0.640529704379,0.0174275513501,2281.7135000
349,11788390,14122140,3568000,0.636061303757,0.0258891664926,2286.6446669
350,11818366,14162108,3578000,0.637284750116,0.0262459410042,2293.3820140
351,11848330,14202060,3588000,0.639195006208,0.0183372465974,2300.088488
352,11878291,14242008,3598000,0.636914535477,0.0251150875235,2304.9020469
353,11908267,14281976,3608000,0.634610562977,0.0289339068426,2311.1110439
354,11938231,14321928,3618000,0.639126853507,0.0452181071444,2317.9129509
355,11968210,14361900,3628000,0.638895626089,0.0503793331828,2322.8669300
356,11998177,14401856,3638000,0.640446348405,0.0269659654716,2329.6529650
357,12028147,14441816,3648000,0.6344684022,0.0247336612476,2336.107623
358,12058114,14481772,3658000,0.639310814554,0.0231305397767,2340.8590860
359,12088090,14521740,3668000,0.63846203418,0.0201372278204,2347.2382230
360,12118060,14569698,3682000,0.643314822587,0.0233791200861,2356.0448210
361,12148027,14609654,3692000,0.643037081765,0.049837751976,2362.6690580
362,12177985,14649598,3702000,0.6365354615,0.0169851132261,2368.9712669
363,12207946,14689546,3712000,0.639305610204,0.0243730615502,2374.7327780
364,12237916,14729506,3722000,0.638203943404,0.0404570222856,2381.5243151
365,12267859,14769430,3732000,0.64144182319,0.0210571190453,2387.560813
366,12297838,14809402,3742000,0.643374784389,0.0472715460459,2393.0615620
367,12327811,14849366,3752000,0.639005501558,0.0169085744299,2399.2876949
368,12357778,14889322,3762000,0.641886257156,0.0336463417345,2405.2702310
369,12387748,14929282,3772000,0.635788966174,0.0269078284398,2410.9723451
370,12417721,14969246,3782000,0.63704866774,0.0363196455272,2417.0975220
371,12447706,15009226,3792000,0.644646215657,0.0276822920537,2422.2449960
372,12477694,15049210,3802000,0.631242099592,0.0560037595951,2428.4765009
373,12507667,15089174,3812000,0.639756488307,0.0327877019996,2433.7654681
374,12537631,15129126,3822000,0.632632269802,0.0240865799529,2440.2831509
375,12567601,15169086,3832000,0.633377143678,0.03923962371,2446.0535340
376,12597574,15209050,3842000,0.638435387631,0.0280127884287,2452.0391418
377,12627550,15249018,3852000,0.637038451683,0.0285471863143,2457.4430060
378,12657511,15288966,3862000,0.639309126701,0.0161567463248,2463.3836159
379,12687481,15328926,3872000,0.635613632223,0.0350545482846,2469.8502829
380,12717445,15376866,3886000,0.637531472266,0.0216744921291,2478.1829919
381,12747421,15416834,3896000,0.637951258341,0.0356605325393,2483.9676549
382,12777388,15456790,3906000,0.63849560189,0.0225989766115,2490.7589459
383,12807364,15496758,3916000,0.643785126626,0.0349863176558,2497.7730269
384,12837340,15536726,3926000,0.638706156291,0.0193100475607,2502.6663498
385,12867301,15576674,3936000,0.637365136527,0.0399918097258,2509.5603790
386,12897274,15616638,3946000,0.640192573888,0.019046511115,2516.4252440
387,12927229,15656578,3956000,0.638943843083,0.0230060696712,2523.46446
388,12957199,15696538,3966000,0.640211763507,0.0218841682818,2529.6675050
389,12987175,15736506,3976000,0.639753761317,0.0284805941256,2535.8999791
390,13017151,15776474,3986000,0.633469657987,0.0303388277679,2542.1903240
391,13047121,15816434,3996000,0.640069416164,0.0202512075076,2547.1138079
392,13077091,15856394,4006000,0.636026889938,0.0247307367592,2554.0962638
393,13107067,15896362,4016000,0.639849492498,0.0235201550674,2560.6615860
394,13137028,15936310,4026000,0.642298107428,0.0228582600454,2567.6336970
395,13166977,15976242,4036000,0.638885171778,0.0303530832842,2574.6620140
396,13196941,16016194,4046000,0.637693975503,0.0215961563992,2579.9894480
397,13226914,16056158,4056000,0.636174694034,0.022959141228,2586.3619589
398,13256878,16096110,4066000,0.63932976019,0.031030956763,2591.3052730
399,13286836,16136054,4076000,0.639788996886,0.0223266988848,2598.1878559
400,13316788,16183982,4090000,0.632574024106,0.025142528933,2606.8053829
401,13346737,16223914,4100000,0.638726113199,0.024620914026,2613.6178801
402,13376707,16263874,4110000,0.6347367088,0.0285211530852,2619.2270529
403,13406680,16303838,4120000,0.640774337291,0.0272207623584,2626.0942668
404,13436647,16343794,4130000,0.641353250386,0.0189258268485,2632.3302369
405,13466626,16383766,4140000,0.635039958978,0.0251941814555,2639.1577820
406,13496605,16423738,4150000,0.641279380918,0.0274453585347,2645.2374179
407,13526566,16463686,4160000,0.638299219146,0.0208321209233,2650.1617329
408,13556548,16503662,4170000,0.634905726918,0.0194307065208,2657.0713119
409,13586512,16543614,4180000,0.635663441888,0.0307498046059,2663.8523879
410,13616494,16583590,4190000,0.637803174554,0.0243852788818,2670.14901
411,13646461,16623546,4200000,0.63433622871,0.0217820426177,2675.498984
412,13676416,16663486,4210000,0.631725645665,0.022891451497,2681.03097
413,13706392,16703454,4220000,0.638706940357,0.0228905449546,2687.5825250
414,13736365,16743418,4230000,0.638574555132,0.020983179025,2693.0990879
415,13766320,16783358,4240000,0.638177045243,0.0328535855046,2699.1774539
416,13796272,16823294,4250000,0.639259909501,0.0281483967832,2705.8060500
417,13826239,16863250,4260000,0.641845415323,0.0330861323092,2712.6140620
418,13856212,16903214,4270000,0.639738710158,0.0164631242669,2718.7052290
419,13886194,16943190,4280000,0.636640197259,0.0305220477434,2724.2637989
420,13916170,16991156,4294000,0.636189121282,0.0230564853818,2732.5740048
421,13946140,17031116,4304000,0.641503606021,0.0426200296751,2739.5015659
422,13976092,17071052,4314000,0.635569189293,0.0602021593997,2746.1456749
423,14006065,17111016,4324000,0.642029970335,0.0688010898576,2752.2539269
424,14036047,17150992,4334000,0.641695005704,0.033056376319,2758.75618
425,14066014,17190948,4344000,0.637186403454,0.046194942631,2765.6856780
426,14095981,17230904,4354000,0.63586413721,0.0279470680907,2772.2440168
427,14125942,17270852,4364000,0.635198062396,0.0237462939853,2778.2135930
428,14155921,17310824,4374000,0.63805527169,0.0209722780551,2785.1495399
429,14185900,17350796,4384000,0.635889101363,0.0221101652197,2791.6701080
430,14215861,17390744,4394000,0.643451848879,0.0259571258083,2797.3423080
431,14245834,17430708,4404000,0.635643565831,0.0229366004494,2803.2474288
432,14275813,17470680,4414000,0.63319624873,0.029287527916,2809.2339088
433,14305777,17510632,4424000,0.641660140771,0.0295504263693,2815.9540669
434,14335747,17550592,4434000,0.640154173262,0.0249551137892,2822.6795420
435,14365705,17590536,4444000,0.636768482055,0.0304549352936,2828.7955369
436,14395684,17630508,4454000,0.638527624237,0.0325864712896,2835.6213209
437,14425654,17670468,4464000,0.634277081419,0.0310065006455,2842.4636650
438,14455612,17710412,4474000,0.636883159695,0.0275965700756,2849.3995220
439,14485588,17750380,4484000,0.6387524033,0.0140572106637,2855.3169081
440,14515561,17798342,4498000,0.645115940591,0.0160968896681,2864.379664
441,14545552,17838330,4508000,0.637162600149,0.0219253628782,2871.411902
442,14575519,17878286,4518000,0.639166499201,0.0406139395845,2877.1110639
443,14605465,17918214,4528000,0.642420688635,0.0254543502557,2882.2932219
444,14635429,17958166,4538000,0.636323851147,0.0328781653669,2889.3906879
445,14665402,17998130,4548000,0.631529651296,0.0138235798057,2895.1991739
446,14695357,18038070,4558000,0.639196642113,0.031135810112,2901.5345270
447,14725345,18078054,4568000,0.635237801089,0.036550295044,2907.6846499
448,14755327,18118030,4578000,0.634589370799,0.0167377436374,2913.9936940
449,14785306,18158002,4588000,0.642960586699,0.0164837655064,2920.3288359
450,14815267,18197950,4598000,0.645290624142,0.0459755326374,2927.119666
451,14845246,18237922,4608000,0.637112493841,0.0161150945845,2933.6647028
452,14875219,18277886,4618000,0.637551320389,0.0274999278592,2939.367314
453,14905180,18317834,4628000,0.63940935004,0.0241376728987,2946.3125779
454,14935159,18357806,4638000,0.639626479667,0.0149759680636,2952.3112349
455,14965132,18397770,4648000,0.640419378527,0.0278842235795,2958.7503590
456,14995111,18437742,4658000,0.639854752456,0.0207861711097,2964.1201190
457,15025069,18477686,4668000,0.639956192761,0.0456082594327,2970.869834
458,15055033,18517638,4678000,0.636902493103,0.0264220250695,2977.7886071
459,15085000,18557594,4688000,0.636640997527,0.0389033117231,2982.54100
460,15114976,18605560,4702000,0.638773094608,0.0260942166702,2990.474191
461,15144949,18645524,4712000,0.640456707127,0.0194901128539,2997.3223791
462,15174913,18685476,4722000,0.629759248918,0.0316674261512,3004.069943
463,15204889,18725444,4732000,0.641082788842,0.0231578873385,3010.955015
464,15234877,18765428,4742000,0.643158756041,0.0202737084198,3018.039707
465,15264850,18805392,4752000,0.636446730757,0.027768762405,3024.6395080
466,15294826,18845360,4762000,0.637798735874,0.025223574293,3029.920574
467,15324781,18885300,4772000,0.638458153382,0.0224225821063,3036.3898689
468,15354733,18925236,4782000,0.635937693878,0.023364674089,3042.2454769
469,15384721,18965220,4792000,0.642386771768,0.031911025333,3047.870853
470,15414682,19005168,4802000,0.634764670724,0.0281232480343,3054.0415909
471,15444652,19045128,4812000,0.64009995823,0.0169077791131,3059.0843899
472,15474613,19085076,4822000,0.641875967784,0.0612650225453,3065.3616819
473,15504589,19125044,4832000,0.635230635807,0.0171226093029,3071.2569880
474,15534547,19164988,4842000,0.639504009842,0.0256752981549,3077.014072
475,15564511,19204940,4852000,0.637146487325,0.0183983102733,3083.4183080
476,15594490,19244912,4862000,0.639601352837,0.0332398594483,3089.7770230
477,15624460,19284872,4872000,0.638942032527,0.0238712951628,3096.5018620
478,15654436,19324840,4882000,0.64231161903,0.0247332120263,3102.9452168
479,15684418,19364816,4892000,0.63506687222,0.029454152951,3109.1509048
480,15714382,19412768,4906000,0.641915730114,0.0251506169104,3117.9404399
481,15744343,19452716,4916000,0.640401583606,0.033125040669,3124.5630140
482,15774328,19492696,4926000,0.640699731302,0.0267958952902,3130.7895150
483,15804307,19532668,4936000,0.642092453775,0.0175578825152,3137.0688419
484,15834271,19572620,4946000,0.635674043174,0.030640688061,3143.7624990
485,15864247,19612588,4956000,0.634279619987,0.0231003616585,3150.5711920
486,15894199,19652524,4966000,0.63860864584,0.0227083004752,3156.8148701
487,15924184,19692504,4976000,0.645687697112,0.0177546274271,3162.5640289
488,15954154,19732464,4986000,0.642780031875,0.036552709662,3168.9046409
489,15984130,19772432,4996000,0.639977146372,0.0371638058415,3175.8897709
490,16014100,19812392,5006000,0.639921040905,0.0224009866653,3182.6600470
491,16044079,19852364,5016000,0.639313956323,0.0227374735475,3188.7344999
492,16074052,19892328,5026000,0.629853594628,0.0412821490064,3194.700877
493,16104037,19932308,5036000,0.642498060656,0.0176431148763,3200.5086700
494,16134013,19972276,5046000,0.640816176127,0.0215422377195,3206.2285180
495,16163986,20012240,5056000,0.638126064662,0.0419473890507,3211.2970640
496,16193953,20052196,5066000,0.637292179837,0.0228816605803,3217.3598349
497,16223926,20092160,5076000,0.638042466551,0.0279324552006,3222.8316779
498,16253911,20132140,5086000,0.635875276996,0.0232231369485,3229.576023
499,16283881,20172100,5096000,0.634216122086,0.022517811973,3236.5531959
500,16313848,20220054,5110000,0.639071844707,0.0274589628565,3245.7087271
501,16343818,20260014,5120000,0.636416285824,0.0254524817702,3252.7933399
502,16373788,20299974,5130000,0.637603929938,0.0375519891042,3259.2982249
503,16403761,20339938,5140000,0.637401523148,0.0320831279358,3265.7487978
504,16433740,20379910,5150000,0.642076551742,0.0216600922974,3272.6108651
505,16463725,20419890,5160000,0.633615065109,0.0170137340076,3278.9015679
506,16493689,20459842,5170000,0.638539832777,0.0203524398375,3284.0219640
507,16523659,20499802,5180000,0.639391193939,0.021635167141,3290.01330
508,16553635,20539770,5190000,0.631869316769,0.039512369646,3296.7368450
509,16583602,20579726,5200000,0.644140057427,0.0247715509632,3301.4747519
510,16613581,20619698,5210000,0.629046348882,0.0432397540909,3308.3628699
511,16643548,20659654,5220000,0.637774982443,0.0226431684595,3315.3223459
512,16673536,20699638,5230000,0.648374755812,0.0237346954774,3322.0150110
513,16703518,20739614,5240000,0.639054646175,0.0237837769472,3328.5932800
514,16733479,20779562,5250000,0.643254025752,0.021623402417,3334.5146920
515,16763446,20819518,5260000,0.636656925375,0.0223738285668,3340.6550030
516,16793407,20859466,5270000,0.635869826541,0.0412890438723,3345.8472650
517,16823365,20899410,5280000,0.640706200105,0.0258152842854,3352.3148341
518,16853311,20939338,5290000,0.632392960366,0.027803641659,3359.2642979
519,16883284,20979302,5300000,0.641398071672,0.018072598949,3365.3897519
520,16913251,21027256,5314000,0.64326324323,0.016343048464,3374.0729470
521,16943224,21067220,5324000,0.637490426252,0.0311663232185,3380.2785229
522,16973188,21107172,5334000,0.636391679694,0.0425495664508,3386.4868719
523,17003155,21147128,5344000,0.641421044447,0.0230763218526,3391.9098439
524,17033113,21187072,5354000,0.629086308724,0.0337741778178,3398.2376940
525,17063083,21227032,5364000,0.639073823744,0.0112284388079,3404.513626
526,17093047,21266984,5374000,0.643788981156,0.0252113171717,3410.8558599
527,17123005,21306928,5384000,0.637350879089,0.025945541159,3417.8099610
528,17152969,21346880,5394000,0.643372595493,0.0474285712283,3424.1545200
529,17182948,21386852,5404000,0.633673660805,0.025897288884,3429.8398
530,17212909,21426800,5414000,0.634425207766,0.0261471059995,3435.7107999
531,17242885,21466768,5424000,0.635492758485,0.029031356047,3441.8426599
532,17272852,21506724,5434000,0.634599858617,0.0224221982003,3448.0307359
533,17302831,21546696,5444000,0.643633611909,0.030056967373,3454.6653130
534,17332819,21586680,5454000,0.631254735704,0.019884940703,3461.4023740
535,17362801,21626656,5464000,0.641812115035,0.0275982417213,3467.9273960
536,17392777,21666624,5474000,0.635748349401,0.0320945618266,3474.5968360
537,17422753,21706592,5484000,0.639295253738,0.0398650177047,3481.4398019
538,17452720,21746548,5494000,0.63843191241,0.0324168517747,3488.314819
539,17482672,21786484,5504000,0.635409033062,0.0243921205995,3493.3442060
540,17512642,21834440,5518000,0.635787358218,0.017851636863,3502.3647339
541,17542621,21874412,5528000,0.640953623256,0.0222646816366,3508.57272
542,17572600,21914384,5538000,0.6396793625,0.0356158583772,3513.5294220
543,17602558,21954328,5548000,0.643295634912,0.0257372401147,3519.6368129
544,17632528,21994288,5558000,0.63816499541,0.0322694497739,3526.5602691
545,17662501,22034252,5568000,0.642911053144,0.0282439496259,3532.9414589
546,17692474,22074216,5578000,0.641986242532,0.0234950515787,3538.3669149
547,17722453,22114188,5588000,0.638587965379,0.0275431078587,3544.824678
548,17752429,22154156,5598000,0.634017831401,0.0309232889889,3550.767733
549,17782408,22194128,5608000,0.634494878426,0.0408817296574,3557.3249990
550,17812360,22234064,5618000,0.633505455811,0.0235290177827,3562.13908
551,17842324,22274016,5628000,0.640645111096,0.0233122002799,3568.9231600
552,17872282,22313960,5638000,0.643411914053,0.0286371520004,3575.8854520
553,17902249,22353916,5648000,0.634139869411,0.0168189299636,3582.6571180
554,17932213,22393868,5658000,0.634655450611,0.0344344329691,3588.3142249
555,17962192,22433840,5668000,0.636567881376,0.0137423387247,3595.1306750
556,17992174,22473816,5678000,0.638299524896,0.0174525609016,3601.5269770
557,18022138,22513768,5688000,0.634298619298,0.0314569709966,3606.61924
558,18052114,22553736,5698000,0.638687858524,0.0312397369468,3613.2335970
559,18082099,22593716,5708000,0.635784399513,0.0318595328736,3620.2189409
560,18112078,22641682,5722000,0.641568902201,0.0245708979915,3627.325800
561,18142054,22681650,5732000,0.644204174889,0.0252136376918,3634.3206291
562,18172012,22721594,5742000,0.637349411914,0.0441758346396,3640.0619480
563,18201982,22761554,5752000,0.640851609593,0.015854225678,3646.0435099
564,18231943,22801502,5762000,0.635769210951,0.0309132352865,3651.8409581
565,18261907,22841454,5772000,0.640652189327,0.0235724993919,3658.0744440
566,18291877,22881414,5782000,0.633403899627,0.0281869457209,3664.1303200
567,18321847,22921374,5792000,0.640763287976,0.0283678982171,3670.10734
568,18351832,22961354,5802000,0.640953496861,0.0333123436738,3676.9507870
569,18381805,23001318,5812000,0.640339015994,0.0219261989625,3683.6420059
570,18411778,23041282,5822000,0.63044617915,0.028304355945,3690.4834740
571,18441739,23081230,5832000,0.639384930759,0.0230221152429,3695.4972550
572,18471697,23121174,5842000,0.635879690403,0.0228248916712,3701.3125040
573,18501676,23161146,5852000,0.644358820658,0.0236498230961,3706.4094979
574,18531631,23201086,5862000,0.642027353567,0.0333859238063,3713.2795000
575,18561607,23241054,5872000,0.640989368657,0.026601715977,3720.0133249
576,18591577,23281014,5882000,0.636401459253,0.0193003518029,3726.7796890
577,18621541,23320966,5892000,0.639588094766,0.0572204612074,3732.8633201
578,18651520,23360938,5902000,0.631697185619,0.0216016335607,3738.8671190
579,18681499,23400910,5912000,0.638285132323,0.0250572230277,3744.182691
580,18711472,23448874,5926000,0.63410225875,0.0191040590325,3751.9943740
581,18741436,23488826,5936000,0.640055581696,0.0327113231676,3758.2203450
582,18771415,23528798,5946000,0.636131086731,0.0279090017254,3764.0053379
583,18801361,23568726,5956000,0.640237790613,0.0451582478352,3770.1456370
584,18831337,23608694,5966000,0.636209119601,0.0357200001871,3774.9280180
585,18861310,23648658,5976000,0.633962637003,0.0361168188335,3781.0847470
586,18891277,23688614,5986000,0.632801290841,0.0435193288297,3786.17412
587,18921247,23728574,5996000,0.642561732486,0.0241887118991,3792.124478
588,18951229,23768550,6006000,0.640542096598,0.0145915764249,3798.9217290
589,18981196,23808506,6016000,0.641288100431,0.056303040912,3803.7098300
590,19011166,23848466,6026000,0.634740836635,0.0226254205089,3809.7529439
591,19041133,23888422,6036000,0.64096388056,0.0302216386569,3816.6346960
592,19071118,23928402,6046000,0.636646958409,0.0226512575046,3822.5705349
593,19101088,23968362,6056000,0.633352462321,0.0227307202749,3828.9302198
594,19131055,24008318,6066000,0.639122049348,0.0276700114113,3835.06330
595,19161037,24048294,6076000,0.637897356788,0.0323685518372,3841.5217950
596,19191010,24088258,6086000,0.639500377779,0.023084240272,3848.2380220
597,19220992,24128234,6096000,0.640774284687,0.0391129166847,3855.0012021
598,19250956,24168186,6106000,0.633761027164,0.0478441724353,3861.194981
599,19280935,24208158,6116000,0.642367929425,0.0254888347458,3866.7779810
600,19310914,24256126,6130000,0.636834475201,0.0284821220358,3875.816603
601,19340878,24296078,6140000,0.635015461082,0.0234980937688,3882.95393
602,19370848,24336038,6150000,0.640720317315,0.0211630904827,3889.0419449
603,19400812,24375990,6160000,0.637745954268,0.0262716923138,3895.0096418
604,19430785,24415954,6170000,0.639543716325,0.0191892631613,3901.549091
605,19460758,24455918,6180000,0.632990603737,0.0412824525036,3907.40512
606,19490728,24495878,6190000,0.637933563511,0.0235293466314,3913.091262
607,19520701,24535842,6200000,0.640080677458,0.0177807012671,3919.8574659
608,19550677,24575810,6210000,0.640563523972,0.025850742699,3926.2209870
609,19580641,24615762,6220000,0.629553318273,0.0404199264714,3932.8273680
610,19610620,24655734,6230000,0.63600349267,0.0277862642211,3937.5744769
611,19640602,24695710,6240000,0.63583027556,0.0268904910752,3942.312882
612,19670560,24735654,6250000,0.634174916926,0.0305077974569,3947.0027060
613,19700527,24775610,6260000,0.642598318957,0.0192227320476,3951.7043731
614,19730503,24815578,6270000,0.637029775446,0.0282236902554,3956.3948
615,19760464,24855526,6280000,0.63413751063,0.0187240794109,3961.1013109
616,19790434,24895486,6290000,0.641443626306,0.0219970468135,3966.1397669
617,19820392,24935430,6300000,0.638920907251,0.0296254109759,3970.964085
618,19850365,24975394,6310000,0.640747240329,0.0446413143482,3975.7034690
619,19880326,25015342,6320000,0.64031827068,0.0183973882267,3980.3943359
620,19910302,25063308,6334000,0.636203601213,0.0289933907406,3986.5262150
621,19940278,25103276,6344000,0.634432662233,0.0325805503989,3991.2315130
622,19970251,25143240,6354000,0.632098221781,0.029279543688,3996.8231899
623,20000218,25183196,6364000,0.639686746178,0.0241656408365,4001.5644080
624,20030206,25223180,6374000,0.638874245164,0.0436890320723,4006.2657070
625,20060167,25263128,6384000,0.631112920289,0.0518216151216,4010.9812579
626,20090143,25303096,6394000,0.636017524129,0.0183411872886,4015.6944630
627,20120110,25343052,6404000,0.637435315534,0.0379544756367,4020.3817789
628,20150065,25382992,6414000,0.634547019829,0.0254826523088,4025.0845289
629,20180032,25422948,6424000,0.637331298423,0.0209418784993,4030.0262279
630,20209993,25462896,6434000,0.642179339683,0.0249262485949,4035.748658
631,20239972,25502868,6444000,0.631893344708,0.0334145568302,4040.495467
632,20269939,25542824,6454000,0.632489831097,0.0234032708298,4045.2026119
633,20299912,25582788,6464000,0.631967106467,0.0273509527583,4049.8985879
634,20329879,25622744,6474000,0.63866422956,0.0211945350714,4054.5873649
635,20359846,25662700,6484000,0.64048062301,0.0266634952029,4059.2697210
636,20389816,25702660,6494000,0.638880346561,0.0214433470941,4063.992000
637,20419789,25742624,6504000,0.637479658682,0.0283215254697,4068.6960129
638,20449771,25782600,6514000,0.637698598669,0.0230792988187,4073.3925740
639,20479741,25822560,6524000,0.635018992189,0.0239357416232,4078.0960009
640,20509702,25870502,6538000,0.636647512236,0.0377001828865,4084.2425320
641,20539660,25910446,6548000,0.638741328729,0.0227393049007,4088.9501531
642,20569633,25950410,6558000,0.641291707346,0.0201643349504,4093.6638119
643,20599597,25990362,6568000,0.643045606581,0.021022723544,4098.3689820
644,20629561,26030314,6578000,0.641794855118,0.0420507000324,4103.0705161
645,20659534,26070278,6588000,0.64568990256,0.0220157626704,4107.7593469
646,20689510,26110246,6598000,0.63594708983,0.0226808409977,4112.4580309
647,20719489,26150218,6608000,0.636088400454,0.0399808168071,4117.1497340
648,20749456,26190174,6618000,0.63895616599,0.0223692274961,4121.8701500
649,20779423,26230130,6628000,0.633593520059,0.0423135274775,4126.5928580
650,20809387,26270082,6638000,0.641774005704,0.0304902670638,4131.3045809
651,20839366,26310054,6648000,0.634195619511,0.0281422492946,4136.0361559
652,20869333,26350010,6658000,0.633974672688,0.0360266600367,4141.0646970
653,20899294,26389958,6668000,0.635481037375,0.0385056605458,4146.0633370
654,20929264,26429918,6678000,0.62979336972,0.0152833947825,4150.7812089
655,20959240,26469886,6688000,0.642607913395,0.0213783446588,4155.5091719
656,20989219,26509858,6698000,0.638316228672,0.0337444080713,4160.2381110
657,21019186,26549814,6708000,0.638503410279,0.0184790038594,4164.9335389
658,21049150,26589766,6718000,0.639111913136,0.0347541435721,4169.6307370
659,21079120,26629726,6728000,0.642817974593,0.0299438740711,4174.3243598
660,21109078,26677664,6742000,0.633842355625,0.0312158008909,4180.4904379
661,21139051,26717628,6752000,0.638121947181,0.03776227931,4185.4869909
662,21169018,26757584,6762000,0.643218709555,0.0232936408326,4190.4379780
663,21199009,26797572,6772000,0.645108522063,0.0285435572454,4195.1410620
664,21228976,26837528,6782000,0.640288575705,0.0192347480037,4199.8608510
665,21258940,26877480,6792000,0.631075163855,0.0217868837873,4204.5630040
666,21288910,26917440,6802000,0.629626484551,0.0294265986812,4209.26394
667,21318889,26957412,6812000,0.639765413029,0.0430732882928,4213.9885690
668,21348865,26997380,6822000,0.632862975799,0.0204257059523,4218.71194
669,21378829,27037332,6832000,0.631977391601,0.0332985793642,4223.431780
670,21408805,27077300,6842000,0.634093666149,0.0246157703157,4228.1090700
671,21438769,27117252,6852000,0.638268250131,0.02108093643,4232.8154759
672,21468754,27157232,6862000,0.634082330735,0.0146900765562,4237.5113298
673,21498736,27197208,6872000,0.637893484332,0.0212988926943,4242.2054660
674,21528703,27237164,6882000,0.646403445212,0.033804917857,4246.927956
675,21558673,27277124,6892000,0.641500617696,0.0208140012234,4251.6302449
676,21588661,27317108,6902000,0.636502482358,0.0439939215651,4256.3488299
677,21618628,27357064,6912000,0.63802954309,0.0288552407789,4261.0438020
678,21648592,27397016,6922000,0.637303810038,0.0221415926376,4265.7652571
679,21678568,27436984,6932000,0.64257699992,0.0310478007754,4270.8640348
680,21708553,27484962,6946000,0.639705466288,0.0175124814394,4277.5224909
681,21738535,27524938,6956000,0.637047457089,0.0231641989591,4282.273070
682,21768502,27564894,6966000,0.636223708016,0.0216934749438,4287.1970779
683,21798472,27604854,6976000,0.638019985286,0.020431898448,4291.9658889
684,21828427,27644794,6986000,0.635095050267,0.0234128318991,4296.6788599
685,21858397,27684754,6996000,0.631421374095,0.0229900571446,4301.382378
686,21888370,27724718,7006000,0.633385293354,0.0261764003776,4306.0903379
687,21918349,27764690,7016000,0.637235813223,0.0205022743296,4310.82047
688,21948325,27804658,7026000,0.642213912966,0.0326335976077,4315.5269520
689,21978292,27844614,7036000,0.638479487788,0.0222754210975,4320.2624111
690,22008274,27884590,7046000,0.638329412534,0.0186813233019,4325.2149810
691,22038241,27924546,7056000,0.641382024635,0.0202301185709,4330.037851
692,22068238,27964542,7066000,0.638598764548,0.0498664157854,4334.7335810
693,22098202,28004494,7076000,0.637291068272,0.0470862870019,4339.4483280
694,22128181,28044466,7086000,0.643959463636,0.048015716382,4344.1785
695,22158148,28084422,7096000,0.63272778694,0.0242100395793,4348.8797149
696,22188121,28124386,7106000,0.635757358221,0.0222371185011,4353.5705199
697,22218094,28164350,7116000,0.638549301998,0.0243530407358,4358.2852799
698,22248052,28204294,7126000,0.641829974734,0.0279897899195,4362.9856910
699,22278028,28244262,7136000,0.635146954733,0.0289686325182,4367.707374
700,22308004,28292226,7150000,0.63812198287,0.0195638974946,4373.8899600
701,22337974,28332186,7160000,0.642899987172,0.0257678092185,4378.5929920
702,22367935,28372134,7170000,0.637300600818,0.0253511935504,4383.2992041
703,22397893,28412078,7180000,0.637304336351,0.0240783013961,4387.9975140
704,22427860,28452034,7190000,0.640297274047,0.0167410279601,4392.7106690
705,22457845,28492014,7200000,0.638246921633,0.0213718430531,4397.4329481
706,22487821,28531982,7210000,0.638926861377,0.0289835147074,4402.1465311
707,22517782,28571930,7220000,0.640459849958,0.0276198797884,4406.8617050
708,22547746,28611882,7230000,0.636011694712,0.0154622691905,4411.556562
709,22577704,28651826,7240000,0.638057783794,0.0254169109425,4416.2714080
710,22607683,28691798,7250000,0.634639707262,0.0195193479468,4420.97907
711,22637665,28731774,7260000,0.630327595705,0.021831042175,4425.6926100
712,22667653,28771758,7270000,0.636924513368,0.0295607253174,4430.4180109
713,22697617,28811710,7280000,0.636076008231,0.0281217148277,4435.1105549
714,22727602,28851690,7290000,0.637256984781,0.028511578126,4439.8257830
715,22757572,28891650,7300000,0.637124658491,0.0281977504572,4444.5148448
716,22787551,28931622,7310000,0.642128384537,0.019401663146,4449.23279
717,22817530,28971594,7320000,0.637498998379,0.0589471364708,4453.9419441
718,22847500,29011554,7330000,0.634811144552,0.0394354140226,4458.619069
719,22877479,29051526,7340000,0.639313293171,0.0217006289188,4463.32099
720,22907446,29099476,7354000,0.634676053536,0.0367400199668,4469.4720609
721,22937428,29139452,7364000,0.637148316591,0.0257508331121,4474.1821939
722,22967401,29179416,7374000,0.643198389653,0.0172268437993,4478.8649699
723,22997377,29219384,7384000,0.634505073604,0.0237087429812,4483.5705809
724,23027347,29259344,7394000,0.639703690095,0.0215591334376,4488.2627410
725,23057317,29299304,7404000,0.633170754073,0.0189016965187,4492.9674150
726,23087290,29339268,7414000,0.634170420755,0.0208153243361,4497.6839950
727,23117257,29379224,7424000,0.64451463929,0.0370535225777,4502.3860700
728,23147221,29419176,7434000,0.637575979848,0.0713348678769,4507.0757329
729,23177203,29459152,7444000,0.647318973348,0.0261950364148,4511.8010649
730,23207176,29499116,7454000,0.63849330148,0.036567628245,4516.5193560
731,23237167,29539104,7464000,0.643718179335,0.0235284356705,4521.2414460
732,23267152,29579084,7474000,0.635880470459,0.0288842130063,4525.9556140
733,23297137,29619064,7484000,0.633618055561,0.0277132631388,4530.6591250
734,23327089,29659000,7494000,0.638246152805,0.0270884317152,4535.375593
735,23357071,29698976,7504000,0.642203723743,0.0248386664915,4540.0872390
736,23387035,29738928,7514000,0.633870528482,0.0282155959291,4544.77984
737,23417008,29778892,7524000,0.635958914484,0.0234853180462,4549.4965739
738,23446975,29818848,7534000,0.642616377671,0.0178976339837,4554.1941859
739,23476939,29858800,7544000,0.638123501976,0.037662614012,4558.8824291
740,23506909,29906760,7558000,0.637428995661,0.0223883159091,4565.0439729
741,23536882,29946724,7568000,0.641584585197,0.030766105468,4569.7518711
742,23566831,29986656,7578000,0.637612739208,0.0191443231473,4574.4551050
743,23596786,30026596,7588000,0.638636681737,0.0211917125713,4579.17075
744,23626750,30066548,7598000,0.636204694306,0.0189803835759,4583.8519730
745,23656732,30106524,7608000,0.642909057953,0.0198411162678,4588.5666549
746,23686717,30146504,7618000,0.635582200142,0.0263501936701,4593.2717149
747,23716693,30186472,7628000,0.637734507601,0.0403685184778,4597.9673340
748,23746672,30226444,7638000,0.637624414302,0.0271794794353,4602.6566059
749,23776645,30266408,7648000,0.640381990698,0.0240576181045,4607.3495941
750,23806609,30306360,7658000,0.635831467529,0.0353533012926,4612.0505049
751,23836573,30346312,7668000,0.635674080293,0.028751765171,4616.7653160
752,23866528,30386252,7678000,0.63628702242,0.0164583184063,4621.4717280
753,23896501,30426216,7688000,0.639264898245,0.0315415928354,4626.1909749
754,23926468,30466172,7698000,0.643117396304,0.0573917846216,4630.8903169
755,23956438,30506132,7708000,0.642878841018,0.030971908216,4635.6034610
756,23986414,30546100,7718000,0.639555360654,0.0199520735206,4640.3233110
757,24016387,30586064,7728000,0.636304815915,0.0186964046024,4645.0446300
758,24046363,30626032,7738000,0.637025906221,0.0205567616597,4649.7590110
759,24076342,30666004,7748000,0.636776012843,0.0299141563138,4654.4599978
760,24106303,30713950,7762000,0.6339463998,0.017786777332,4660.6112060
761,24136267,30753902,7772000,0.635927115487,0.0178146430067,4665.321765
762,24166228,30793850,7782000,0.638300767426,0.0168532860986,4670.0405340
763,24196189,30833798,7792000,0.643577382237,0.0169247784177,4674.7338619
764,24226153,30873750,7802000,0.636686975444,0.0204201166316,4679.4277789
765,24256123,30913710,7812000,0.639580129417,0.0193879158596,4684.1285879
766,24286099,30953678,7822000,0.635875323544,0.0256691819493,4688.8282480
767,24316072,30993642,7832000,0.639327657237,0.0208941802195,4693.5452480
768,24346045,31033606,7842000,0.634085575884,0.025236751019,4698.2484030
769,24376018,31073570,7852000,0.633620326597,0.043053618002,4702.9645628
770,24405994,31113538,7862000,0.636242719035,0.0339987267889,4707.6618030
771,24435949,31153478,7872000,0.636315510302,0.0424376138879,4712.3737659
772,24465928,31193450,7882000,0.635497711906,0.0278609292543,4717.0774118
773,24495907,31233422,7892000,0.637269281924,0.028382445884,4721.7975571
774,24525880,31273386,7902000,0.637370699545,0.0250800878084,4726.5143890
775,24555847,31313342,7912000,0.643355375757,0.0236753365552,4731.2070360
776,24585820,31353306,7922000,0.636342706992,0.0568858262078,4735.9304189
777,24615781,31393254,7932000,0.635196806352,0.0163223104793,4740.6349439
778,24645742,31433202,7942000,0.633363188011,0.0262548350437,4745.3448259
779,24675715,31473166,7952000,0.636049053609,0.0396795246457,4750.059197
780,24705679,31521116,7966000,0.642114887247,0.0241026426009,4756.441893
781,24735655,31561084,7976000,0.638830241069,0.0230170874585,4761.2118539
782,24765625,31601044,7986000,0.636548448739,0.0287731022517,4765.9225850
783,24795583,31640988,7996000,0.640458174779,0.052411350007,4770.6421899
784,24825568,31680968,8006000,0.63308518712,0.0230409365497,4775.3343279
785,24855523,31720908,8016000,0.63830912233,0.0246110485691,4780.0522301
786,24885487,31760860,8026000,0.637866001827,0.0371114389012,4784.7552270
787,24915454,31800816,8036000,0.636603350566,0.0304822285354,4789.6524469
788,24945427,31840780,8046000,0.6356491302,0.0292719793455,4794.5494589
789,24975400,31880744,8056000,0.640049746295,0.0311277596557,4799.2490239
790,25005388,31920728,8066000,0.640230271027,0.0230503811292,4803.9504299
791,25035367,31960700,8076000,0.640983717739,0.0403965842414,4808.6637139
792,25065334,32000656,8086000,0.639027826281,0.0182386763179,4813.2618451
793,25095298,32040608,8096000,0.638995877121,0.0211878550418,4818.8114349
794,25125271,32080572,8106000,0.63629235912,0.0283124487894,4824.2005000
795,25155226,32120512,8116000,0.638049744733,0.0310842150378,4830.0364010
796,25185202,32160480,8126000,0.636615165682,0.0345413704815,4835.5003
797,25215169,32200436,8136000,0.643815480263,0.0219689869527,4840.8507990
798,25245136,32240392,8146000,0.633987479331,0.0200334077814,4846.59708
799,25275088,32280328,8156000,0.637535510656,0.0334398544079,4852.0666499
800,25305061,32328286,8170000,0.638979077758,0.0229687657133,4859.648171
801,25335028,32368242,8180000,0.639069246985,0.0126337407589,4865.5026829
802,25364998,32408202,8190000,0.638118107631,0.0166171293757,4870.6917450
803,25394977,32448174,8200000,0.642764146043,0.0277667381046,4876.5453851
804,25424923,32488102,8210000,0.639602919111,0.0268827495529,4882.1020979
805,25454887,32528054,8220000,0.634298103364,0.0270315746533,4887.6141200
806,25484860,32568018,8230000,0.640732523981,0.0213895308511,4893.2508380
807,25514818,32607962,8240000,0.639302390207,0.0273465540595,4898.6514010
808,25544773,32647902,8250000,0.639127091916,0.0294680609683,4904.1683878
809,25574755,32687878,8260000,0.641066168334,0.0317343975843,4909.8518791
810,25604698,32727802,8270000,0.635889982353,0.0269913671069,4915.3769
811,25634671,32767766,8280000,0.631800278663,0.0361348647432,4921.09922
812,25664632,32807714,8290000,0.634298000578,0.0165829764829,4926.7899110
813,25694590,32847658,8300000,0.640875112991,0.0416966033392,4932.6966481
814,25724563,32887622,8310000,0.640550252201,0.0233009048586,4938.2093648
815,25754536,32927586,8320000,0.639571153793,0.0343283300737,4943.9283480
816,25784494,32967530,8330000,0.641937565062,0.0209084809422,4949.4361119
817,25814473,33007502,8340000,0.63759460781,0.037431759054,4955.0856530
818,25844437,33047454,8350000,0.637691510495,0.0238248277617,4960.6623330
819,25874410,33087418,8360000,0.635333544751,0.0214066274712,4966.1505699
820,25904374,33135366,8374000,0.638952492576,0.0343505131199,4973.7304849
821,25934335,33175314,8384000,0.639814953188,0.0246947232689,4979.15881
822,25964299,33215266,8394000,0.640262564938,0.0204445756989,4984.6160790
823,25994287,33255250,8404000,0.637868048047,0.0244985818441,4990.4284660
824,26024254,33295206,8414000,0.636975333622,0.0211980107126,4996.0983040
825,26054224,33335166,8424000,0.63389468128,0.028723178384,5001.6443049
826,26084200,33375134,8434000,0.639439181021,0.0440262899979,5007.1074249
827,26114167,33415090,8444000,0.641511877552,0.0249410916396,5012.8616039
828,26144137,33455050,8454000,0.637290932037,0.0287673714416,5018.33040
829,26174104,33495006,8464000,0.636672141718,0.0252011736632,5023.9937760
830,26204080,33534974,8474000,0.644378290808,0.0216375893619,5029.7140150
831,26234047,33574930,8484000,0.639923035303,0.0318409947266,5035.2039051
832,26264014,33614886,8494000,0.635319336807,0.0400484639657,5040.9615089
833,26293957,33654810,8504000,0.634816366647,0.0344480754554,5046.6968669
834,26323924,33694766,8514000,0.636629441186,0.0426592619656,5052.3732149
835,26353867,33734690,8524000,0.640250983666,0.0243996768108,5057.7747681
836,26383822,33774630,8534000,0.637874724558,0.0203247002175,5063.2896330
837,26413801,33814602,8544000,0.637184524875,0.0201488949376,5068.721659
838,26443762,33854550,8554000,0.634523341922,0.0355853022929,5074.1671500
839,26473726,33894502,8564000,0.642752363902,0.0295877893007,5079.6591670
840,26503684,33942444,8578000,0.63508310217,0.0257627182476,5087.0140330
841,26533636,33982380,8588000,0.635782768963,0.0395573556771,5092.8236179
842,26563603,34022336,8598000,0.636451357658,0.022153071976,5098.3543269
843,26593564,34062284,8608000,0.642708400432,0.0356598437408,5104.0603289
844,26623537,34102248,8618000,0.638487100077,0.0215880065358,5109.5707559
845,26653489,34142184,8628000,0.634897980606,0.0245365677992,5115.3063259
846,26683465,34182152,8638000,0.634974514875,0.0470002807773,5121.0198049
847,26713429,34222104,8648000,0.634428086052,0.0286691347019,5126.561369
848,26743390,34262052,8658000,0.63723276739,0.0233514432612,5132.0574951
849,26773351,34302000,8668000,0.639136380956,0.0213541695127,5137.41393
850,26803327,34341968,8678000,0.639562496443,0.0283970474888,5143.0493209
851,26833306,34381940,8688000,0.637626099339,0.0305098683473,5148.7368481
852,26863279,34421904,8698000,0.635257350604,0.0388391319433,5154.4721720
853,26893264,34461884,8708000,0.63766695889,0.0256047243625,5160.0623900
854,26923231,34501840,8718000,0.636787807302,0.01651591056,5165.7926089
855,26953201,34541800,8728000,0.638777119012,0.0221573278211,5171.6330740
856,26983162,34581748,8738000,0.639437452032,0.0205199717261,5177.1425490
857,27013138,34621716,8748000,0.634842219556,0.0277890290199,5182.70070
858,27043102,34661668,8758000,0.639121553732,0.0229258395282,5188.4191911
859,27073069,34701624,8768000,0.633585140497,0.0252714047805,5194.1652469
860,27103036,34749578,8782000,0.6412566623,0.0245307535361,5201.3833150
861,27133009,34789542,8792000,0.638043003668,0.0247663629519,5206.8921539
862,27162985,34829510,8802000,0.635515331015,0.0231016314323,5212.5826199
863,27192955,34869470,8812000,0.643536683802,0.0707170317649,5218.2026369
864,27222919,34909422,8822000,0.637631493673,0.0284310977341,5223.8518168
865,27252889,34949382,8832000,0.63878914783,0.0220378555464,5229.5456399
866,27282874,34989362,8842000,0.637858959097,0.0446449332178,5235.1393759
867,27312814,35029282,8852000,0.635338343685,0.0403785604534,5240.775101
868,27342790,35069250,8862000,0.636225952596,0.0248508583107,5246.6013739
869,27372754,35109202,8872000,0.640409430003,0.0191778498442,5252.1260778
870,27402727,35149166,8882000,0.634423421753,0.0495894365908,5257.9283630
871,27432697,35189126,8892000,0.645407614895,0.0208354242491,5263.481880
872,27462673,35229094,8902000,0.638666778178,0.0282478476416,5268.9437570
873,27492646,35269058,8912000,0.634717865277,0.0396594663401,5274.6001529
874,27522610,35309010,8922000,0.638780877569,0.0513569906508,5280.2331349
875,27552571,35348958,8932000,0.63728692751,0.0321223358636,5286.0257999
876,27582535,35388910,8942000,0.64013656112,0.0244312185994,5291.6082389
877,27612499,35428862,8952000,0.638375213209,0.0238919241566,5297.1490070
878,27642472,35468826,8962000,0.638252815071,0.0342678080369,5302.7534239
879,27672442,35508786,8972000,0.638816247712,0.0281664595106,5308.4136910
880,27702403,35556734,8986000,0.63895086841,0.0344696803027,5316.0835380
881,27732388,35596714,8996000,0.642386843465,0.02089967381,5321.7813460
882,27762352,35636666,9006000,0.639131152038,0.0354045014086,5327.2844569
883,27792322,35676626,9016000,0.640477459168,0.0281696038134,5333.1142280
884,27822310,35716610,9026000,0.638338866598,0.017670474353,5338.9847819
885,27852271,35756558,9036000,0.638503801041,0.028833896838,5344.7671339
886,27882244,35796522,9046000,0.63856986382,0.0446501611138,5350.4002311
887,27912229,35836502,9056000,0.640349502637,0.0264521718717,5356.2010769
888,27942196,35876458,9066000,0.642273760716,0.0147906392995,5361.8100221
889,27972148,35916394,9076000,0.63802547363,0.0237615944599,5367.2696659
890,28002118,35956354,9086000,0.636041844473,0.0489293506241,5372.9473040
891,28032091,35996318,9096000,0.637658753883,0.0284622773592,5378.5617890
892,28062088,36036314,9106000,0.640844290153,0.0303394367168,5384.0894401
893,28092061,36076278,9116000,0.63681975794,0.0330469178517,5389.9063820
894,28122016,36116218,9126000,0.636349953662,0.0291571352191,5395.764530
895,28151974,36156162,9136000,0.636183618531,0.0385979367283,5401.3570809
896,28181950,36196130,9146000,0.633144765282,0.0347092463625,5406.9084219
897,28211932,36236106,9156000,0.634965553237,0.0283313749675,5412.3917310
898,28241890,36276050,9166000,0.635283218147,0.0231388927665,5418.1004800
899,28271857,36316006,9176000,0.637831191829,0.0188162350123,5423.7411220
900,28301815,36363946,9190000,0.636668948052,0.0240387785772,5431.1389229
901,28331803,36403930,9200000,0.635960447492,0.0207350843498,5436.575522
902,28361773,36443890,9210000,0.635762217282,0.0304643859174,5442.3395860
903,28391734,36483838,9220000,0.638109356396,0.024269399317,5448.0234360
904,28421710,36523806,9230000,0.642848496603,0.0177351681486,5453.7292730
905,28451680,36563766,9240000,0.637283153548,0.0264570944419,5459.3299980
906,28481659,36603738,9250000,0.633131543019,0.0201566702381,5464.988593
907,28511626,36643694,9260000,0.638692886057,0.0197663503929,5470.6371059
908,28541575,36683626,9270000,0.635434914929,0.0268401679481,5476.298801
909,28571551,36723594,9280000,0.6397703662,0.0279433269199,5481.8395729
910,28601533,36763570,9290000,0.637597587702,0.021581719644,5487.475423
911,28631506,36803534,9300000,0.636969035822,0.0245247327821,5493.1539580
912,28661470,36843486,9310000,0.637465525783,0.0263525725907,5498.8536579
913,28691425,36883426,9320000,0.641687244083,0.032330422895,5504.5466399
914,28721383,36923370,9330000,0.637820205649,0.0250630576949,5510.20825
915,28751350,36963326,9340000,0.639931700663,0.0214362128295,5515.66562
916,28781314,37003278,9350000,0.641634963116,0.0375565920119,5521.12513
917,28811296,37043254,9360000,0.641701054539,0.0394318762115,5526.9270288
918,28841284,37083238,9370000,0.634327329385,0.0408903526196,5532.2980699
919,28871272,37123222,9380000,0.637762716828,0.0220125794387,5537.7514100
920,28901245,37171186,9394000,0.639802181637,0.0246894536385,5544.95021
921,28931218,37211150,9404000,0.642515643309,0.0305023379219,5550.2885239
922,28961188,37251110,9414000,0.642760485409,0.0236953815657,5555.9217960
923,28991170,37291086,9424000,0.644219456586,0.0244631082028,5561.6675970
924,29021140,37331046,9434000,0.633707339923,0.0125042809369,5567.4138960
925,29051125,37371026,9444000,0.643164860831,0.0246372995864,5573.0708620
926,29081104,37410998,9454000,0.636919957716,0.0226800866168,5578.6444909
927,29111068,37450950,9464000,0.637149099407,0.0160337863578,5584.2256269
928,29141044,37490918,9474000,0.640567503765,0.0220784492277,5589.7987129
929,29171023,37530890,9484000,0.640591913617,0.0185001885965,5595.5349950
930,29200975,37570826,9494000,0.638624282507,0.040180469718,5601.0727839
931,29230945,37610786,9504000,0.635619223988,0.042033129792,5606.8318688
932,29260927,37650762,9514000,0.637344222169,0.0251026510245,5612.4498949
933,29290888,37690710,9524000,0.63594517179,0.0317956850097,5617.7955620
934,29320864,37730678,9534000,0.638535968065,0.0227283691572,5623.1743340
935,29350834,37770638,9544000,0.637490487452,0.0250578317428,5628.76467
936,29380807,37810602,9554000,0.628882503942,0.0281540176022,5634.352322
937,29410777,37850562,9564000,0.638108764902,0.0363530600675,5639.9573891
938,29440747,37890522,9574000,0.642376656777,0.0221409523902,5645.5802679
939,29470714,37930478,9584000,0.641736393384,0.0198639325687,5651.3499119
940,29500675,37978422,9598000,0.634748046609,0.0258737726645,5658.6973750
941,29530642,38018378,9608000,0.639662580561,0.0363234052553,5664.2801239
942,29560627,38058358,9618000,0.643042989577,0.0248276672746,5669.8208870
943,29590600,38098322,9628000,0.63998776021,0.0362019051733,5675.4985809
944,29620558,38138266,9638000,0.634711200689,0.0328350144091,5681.3755919
945,29650540,38178242,9648000,0.636032206615,0.0365549232389,5687.0348420
946,29680498,38218186,9658000,0.634455426843,0.0217700375993,5692.581003
947,29710462,38258138,9668000,0.637941151595,0.019443107424,5698.0601050
948,29740423,38298086,9678000,0.642800563277,0.0254829460555,5703.8023409
949,29770402,38338058,9688000,0.639032917779,0.0198074727575,5709.4982581
950,29800378,38378026,9698000,0.640600289642,0.0325114291075,5715.3167970
951,29830354,38417994,9708000,0.638113739356,0.0259611274315,5720.8496620
952,29860333,38457966,9718000,0.63874186344,0.0357221352074,5726.4952380
953,29890303,38497926,9728000,0.640207995078,0.0304771132833,5732.2931919
954,29920285,38537902,9738000,0.639181618304,0.0289542929386,5737.8098790
955,29950249,38577854,9748000,0.638154142338,0.0277882560067,5743.2711219
956,29980228,38617826,9758000,0.639330931268,0.0236614954409,5748.9374830
957,30010198,38657786,9768000,0.636725208195,0.0492156911867,5754.2722690
958,30040165,38697742,9778000,0.637845511124,0.0538573271949,5759.9736440
959,30070123,38737686,9788000,0.635262470247,0.0234509685254,5765.2056539
960,30100090,38785634,9802000,0.63452723838,0.056931579791,5772.65986
961,30130063,38825598,9812000,0.634000739391,0.0228335310764,5778.432823
962,30160042,38865570,9822000,0.637157162363,0.0312234737315,5784.2073419
963,30190021,38905542,9832000,0.638704668467,0.0265358840697,5789.6992530
964,30220000,38945514,9842000,0.640981879613,0.019549733601,5795.355621
965,30249976,38985482,9852000,0.633774618707,0.0243468040837,5801.0461480
966,30279946,39025442,9862000,0.641617608102,0.0172470435186,5806.65382
967,30309940,39065434,9872000,0.636503671317,0.0214897680846,5812.4380528
968,30339910,39105394,9882000,0.636316887592,0.0291875738708,5818.0327529
969,30369889,39145366,9892000,0.637875926243,0.0294290712976,5823.7988910
970,30399865,39185334,9902000,0.638740795709,0.0367408841507,5829.2493948
971,30429850,39225314,9912000,0.638773385573,0.0172095393902,5834.9109768
972,30459823,39265278,9922000,0.643704754246,0.0219048085141,5840.4606308
973,30489799,39305246,9932000,0.635994962916,0.0396490116979,5846.2337961
974,30519778,39345218,9942000,0.637872322033,0.0213835814367,5851.77822
975,30549751,39385182,9952000,0.637066389394,0.0316672972532,5857.2025339
976,30579724,39425146,9962000,0.637595910033,0.0244384095492,5862.9637119
977,30609700,39465114,9972000,0.636667414718,0.0480147766804,5868.4772601
978,30639670,39505074,9982000,0.637506870006,0.0220203597185,5873.9958219
979,30669637,39545030,9992000,0.643351968541,0.0250998970148,5879.5883529
980,30699607,39592990,10006000,0.639214822967,0.0410660273878,5887.2319619
981,30729574,39632946,10016000,0.635711260146,0.0221865204588,5892.9251570
982,30759544,39672906,10026000,0.645682240878,0.0249248472861,5898.5600678
983,30789523,39712878,10036000,0.63759844437,0.0367916368134,5904.2837510
984,30819493,39752838,10046000,0.636928264458,0.0429218983766,5909.9200708
985,30849478,39792818,10056000,0.635281541574,0.0331727261002,5915.422789
986,30879454,39832786,10066000,0.636461615786,0.0660963816816,5921.2342569
987,30909427,39872750,10076000,0.645268423928,0.026324974937,5926.6316800
988,30939397,39912710,10086000,0.63251361321,0.0215139581776,5932.108774
989,30969367,39952670,10096000,0.641457498551,0.0236643815498,5937.6609981
990,30999343,39992638,10106000,0.633522675122,0.0163168794311,5943.1762819
991,31029322,40032610,10116000,0.638116104956,0.0219717707821,5948.7068779
992,31059286,40072562,10126000,0.63599763164,0.0245430594813,5954.383644
993,31089256,40112522,10136000,0.63460363721,0.0473974757817,5959.9873590
994,31119223,40152478,10146000,0.638542600727,0.0219606188319,5965.4704010
995,31149181,40192422,10156000,0.635550829303,0.0248025976431,5970.9218630
996,31179148,40232378,10166000,0.638048548241,0.0273850409269,5976.5371410
997,31209118,40272338,10176000,0.636736504024,0.0257622401728,5982.0179629
998,31239073,40312278,10186000,0.633062926873,0.026816269076,5987.4886031
999,31269052,40352250,10196000,0.636438151878,0.0495841116428,5992.9396119
1000,31299016,40400200,10210000,0.640405567655,0.024570766525,6000.4699668
