0,9988,29964,10000,13.7515087132,1.51203496474,6.4703800678
1,19976,59928,20000,3.76929756433,1.28109956761,12.79889702
2,29966,89898,30000,4.21752942147,1.69093641494,19.840380907
3,39960,119880,40000,3.06655662359,1.23978749254,27.420011997
4,49947,149841,50000,2.37963401901,0.677134276102,36.128304004
5,59937,179811,60000,2.11687117644,0.424409309193,44.086735010
6,69928,209784,70000,1.96987538091,0.39871276833,51.939995050
7,79921,239763,80000,1.85241471246,0.388088054689,59.621121883
8,89910,269730,90000,1.75764817488,0.380156228702,67.664711952
9,99902,299706,100000,1.71167775322,0.378167502166,75.788508892
10,109892,329676,110000,1.59278533684,0.370749402417,83.814764022
11,119882,359646,120000,1.5691483454,0.363512991556,91.079107999
12,129875,389625,130000,1.49528933079,0.354070713189,98.707571983
13,139867,419601,140000,1.43580638722,0.333309605238,106.50262093
14,149857,449571,150000,1.40483602734,0.330812253903,114.13930797
15,159848,479544,160000,1.38912950328,0.347870952708,122.1335918
16,169841,509523,170000,1.34929725233,0.335450966891,130.21404099
17,179832,539496,180000,1.30371583259,0.318488685529,138.27205085
18,189822,569466,190000,1.2880784125,0.314973181539,145.80526900
19,199811,599433,200000,1.28121121696,0.316713462629,153.19849395
20,209799,631397,211000,1.2402438314,0.299823031755,161.49714589
21,219787,661361,221000,1.20301741771,0.292107986934,169.24743986
22,229779,691337,231000,1.19046464089,0.293227731809,176.5114669
23,239775,721325,241000,1.17279417957,0.282561325438,184.01453185
24,249762,751286,251000,1.16915261122,0.285832405666,191.2741310
25,259755,781265,261000,1.1444897547,0.28567746364,198.69742989
26,269740,811220,271000,1.12784146785,0.275009454696,206.32641601
27,279736,841208,281000,1.10653838154,0.261865502999,213.44419789
28,289729,871187,291000,1.11294819357,0.283692670993,220.48038506
29,299721,901163,301000,1.07202197061,0.257848404921,227.67709994
30,309715,931145,311000,1.06739635458,0.252974406107,234.78006696
31,319704,961112,321000,1.05873275279,0.25155993415,241.92503
32,329693,991079,331000,1.05624946877,0.250912925276,249.13904094
33,339683,1021049,341000,1.06362999708,0.257059111982,256.30827498
34,349673,1051019,351000,1.04188906907,0.239637508734,263.50813198
35,359664,1080992,361000,1.03741869905,0.253549706521,270.62234401
36,369656,1110968,371000,1.03553518737,0.251873089999,277.78446888
37,379650,1140950,381000,1.00948304038,0.235584340117,284.97813892
38,389640,1170920,391000,1.00338379807,0.235182161116,292.33664488
39,399631,1200893,401000,0.999141176805,0.223133112727,299.56941199
40,409624,1232872,412000,0.989495720206,0.223511986672,307.56538200
41,419614,1262842,422000,0.982455528851,0.221020046596,314.93906593
42,429605,1292815,432000,1.00003203133,0.229278669367,322.29064798
43,439593,1322779,442000,0.987336443668,0.222265336346,329.45959591
44,449583,1352749,452000,0.99864656568,0.224994770219,336.60323500
45,459567,1382701,462000,0.984216520727,0.229157437701,343.60862207
46,469558,1412674,472000,0.968573041242,0.21931875794,350.89036703
47,479549,1442647,482000,0.987444961706,0.221457502722,358.10265994
48,489541,1472623,492000,0.984855320152,0.221988100796,365.32501888
49,499530,1502590,502000,0.983810562771,0.21993486749,372.56508493
50,509522,1532566,512000,0.97594556581,0.21993358505,379.86715292
51,519514,1562542,522000,0.976724843693,0.215650623235,387.10456895
52,529498,1592494,532000,0.962307895037,0.212760167016,394.06008100
53,539491,1622473,542000,0.980778383571,0.222781798555,401.40195107
54,549484,1652452,552000,0.971687826339,0.223856009768,408.61426401
55,559474,1682422,562000,0.980281926639,0.226330757384,415.82853007
56,569467,1712401,572000,0.977461657161,0.216420032758,422.98051190
57,579463,1742389,582000,0.98122467764,0.22428654095,430.13770604
58,589457,1772371,592000,0.979719801445,0.215067215076,437.49956202
59,599452,1802356,602000,0.977113449204,0.219590218651,444.95816707
60,609442,1834326,613000,0.966424197188,0.211186987411,452.78467702
61,619436,1864308,623000,0.971285236147,0.220743918591,459.91974091
62,629428,1894284,633000,0.974377568067,0.215949693842,467.07620191
63,639419,1924257,643000,0.971755779803,0.214489883154,474.19808793
64,649406,1954218,653000,0.968074727641,0.215249496761,481.80106806
65,659392,1984176,663000,0.9735787191,0.215717619905,489.37063598
66,669384,2014152,673000,0.969287227859,0.210287347105,497.17606186
67,679375,2044125,683000,0.975904465051,0.220933405654,504.42174696
68,689367,2074101,693000,0.985203968978,0.222250168666,512.39881706
69,699362,2104086,703000,0.957546814133,0.210331972005,520.64948797
70,709353,2134059,713000,0.97046158776,0.222850635053,528.62252187
71,719343,2164029,723000,0.975758703229,0.21229350164,536.61131095
72,729335,2194005,733000,0.980997232881,0.22906942426,544.6849460
73,739323,2223969,743000,0.977974075549,0.220102147914,555.36240696
74,749309,2253927,753000,0.980363452671,0.222125506594,563.29522490
75,759296,2283888,763000,0.965881029861,0.210571425227,571.14811706
76,769289,2313867,773000,0.969529846184,0.213560155025,579.9751648
77,779280,2343840,783000,0.974293194717,0.226640777976,588.36753201
78,789270,2373810,793000,0.975061473113,0.215150215094,598.12266707
79,799260,2403780,803000,0.9776389268,0.222568716073,607.51544785
80,809253,2435759,814000,0.982484786257,0.225799341819,616.94563889
81,819242,2465726,824000,0.956477441302,0.21206112447,625.48169398
82,829229,2495687,834000,0.978371805284,0.225582827539,634.20882201
83,839226,2525678,844000,0.98703949042,0.228082854684,643.11692094
84,849223,2555669,854000,0.985731272283,0.226368382273,651.85239601
85,859210,2585630,864000,0.95808757503,0.209674491446,660.5838539
86,869199,2615597,874000,0.959681407112,0.211157521346,669.45210385
87,879194,2645582,884000,0.96605197767,0.222733370339,678.0566580
88,889183,2675549,894000,0.968569260728,0.222762197274,687.27061605
89,899168,2705504,904000,0.970715183207,0.214835706342,696.28713798
90,909160,2735480,914000,0.966820010927,0.216968919306,706.18899607
91,919151,2765453,924000,0.953622644641,0.207803114627,714.82152605
92,929144,2795432,934000,0.961652919922,0.215249106565,723.34893107
93,939134,2825402,944000,0.976249899822,0.218851341367,731.90118598
94,949116,2855348,954000,0.965063819598,0.220355641658,740.36209702
95,959109,2885327,964000,0.961570478522,0.220379821534,748.10257291
96,969101,2915303,974000,0.973720990173,0.212870761129,757.14311099
97,979087,2945261,984000,0.967684959303,0.213407481848,766.03967690
98,989077,2975231,994000,0.96251912811,0.223480980297,774.69718289
99,999071,3005213,1004000,0.965232826951,0.213365686337,784.04101800
100,1009067,3037201,1015000,0.962163676463,0.209378947381,793.17265701
101,1019057,3067171,1025000,0.953343744115,0.210537425417,801.41300797
102,1029043,3097129,1035000,0.958280998722,0.213287703881,809.42405
103,1039035,3127105,1045000,0.960078854399,0.207211222442,817.46394300
104,1049026,3157078,1055000,0.958651177676,0.205475103034,825.97760796
105,1059014,3187042,1065000,0.944922379969,0.20978636648,834.3275189
106,1068998,3216994,1075000,0.954922854955,0.206916864549,843.07075905
107,1078984,3246952,1085000,0.964041876759,0.211312044291,851.65677404
108,1088978,3276934,1095000,0.951692953887,0.210106615218,860.41855096
109,1098966,3306898,1105000,0.966859945619,0.215495490755,868.92220902
110,1108957,3336871,1115000,0.965758280079,0.206918385594,877.42831492
111,1118952,3366856,1125000,0.953005310169,0.20909644016,885.70719385
112,1128942,3396826,1135000,0.960923621156,0.20594274022,893.88376498
113,1138932,3426796,1145000,0.945743606673,0.2073407189,902.06384491
114,1148921,3456763,1155000,0.968758344941,0.221687182413,911.01977300
115,1158905,3486715,1165000,0.97673514958,0.215004336938,919.35393691
116,1168898,3516694,1175000,0.968588007214,0.215336193889,927.78004002
117,1178881,3546643,1185000,0.955115135519,0.20982419804,935.82599496
118,1188867,3576601,1195000,0.959114471016,0.205967849522,943.93594598
119,1198854,3606562,1205000,0.970253594809,0.217035166371,952.08218097
120,1208845,3638535,1216000,0.953849930952,0.208495007049,961.20302605
121,1218837,3668511,1226000,0.952824196521,0.209938239546,969.27382898
122,1228823,3698469,1236000,0.947443501833,0.198228828314,977.26568198
123,1238813,3728439,1246000,0.959380440867,0.224138740489,985.82608485
124,1248802,3758406,1256000,0.945146670822,0.203220315165,994.31551885
125,1258792,3788376,1266000,0.954795894739,0.211989614794,1002.8506379
126,1268778,3818334,1276000,0.942179769215,0.207812117526,1011.2700059
127,1278766,3848298,1286000,0.967910840381,0.219410678023,1019.4217019
128,1288755,3878265,1296000,0.955555945846,0.209235701582,1027.6954469
129,1298742,3908226,1306000,0.957526594328,0.212385731019,1035.9330160
130,1308723,3938169,1316000,0.940399417979,0.211002763512,1044.6048588
131,1318717,3968151,1326000,0.953036176993,0.210145059255,1053.3816640
132,1328707,3998121,1336000,0.969008401452,0.217522195129,1062.1977319
133,1338697,4028091,1346000,0.937571875172,0.207900546828,1070.7016298
134,1348691,4058073,1356000,0.940792490501,0.204892503145,1079.5317189
135,1358679,4088037,1366000,0.947896026526,0.204966945222,1088.3854210
136,1368670,4118010,1376000,0.956502414764,0.206596852683,1096.9317479
137,1378662,4147986,1386000,0.949076552779,0.200338664919,1105.6904969
138,1388650,4177950,1396000,0.951306518972,0.21226981662,1114.0570268
139,1398644,4207932,1406000,0.945244882366,0.211603683707,1122.6483690
140,1408633,4239899,1417000,0.95919902746,0.207919755754,1131.8970658
141,1418626,4269878,1427000,0.948115586739,0.201330875939,1140.5624258
142,1428613,4299839,1437000,0.951263503666,0.217058775223,1148.7641599
143,1438608,4329824,1447000,0.949955871758,0.208606531623,1157.0313789
144,1448602,4359806,1457000,0.943687626413,0.197676523091,1165.5927939
145,1458591,4389773,1467000,0.95485418718,0.217311767772,1174.0959038
146,1468589,4419767,1477000,0.960275661984,0.215113813724,1182.8031759
147,1478580,4449740,1487000,0.951991187739,0.208897292092,1191.10031
148,1488569,4479707,1497000,0.937138421795,0.211021878899,1199.5507209
149,1498560,4509680,1507000,0.960459691722,0.213211108866,1208.0911128
150,1508543,4539629,1517000,0.947462163266,0.204485400778,1216.2736818
151,1518532,4569596,1527000,0.954097796852,0.215242444374,1224.8507919
152,1528524,4599572,1537000,0.93984025533,0.201279030084,1233.2815520
153,1538515,4629545,1547000,0.965300966099,0.215625659937,1242.0092558
154,1548501,4659503,1557000,0.945720445568,0.204152793086,1250.5100948
155,1558492,4689476,1567000,0.951569865574,0.202492834917,1259.3691580
156,1568485,4719455,1577000,0.93571660953,0.203283362868,1268.1236579
157,1578477,4749431,1587000,0.940312898319,0.205006168895,1277.0910148
158,1588468,4779404,1597000,0.9499980152,0.207623946281,1285.7525279
159,1598459,4809377,1607000,0.965802764746,0.213044613957,1294.2390708
160,1608449,4841347,1618000,0.940664070564,0.210277340839,1303.6798849
161,1618443,4871329,1628000,0.943386903865,0.204164306892,1312.0682818
162,1628436,4901308,1638000,0.948635104672,0.210079742822,1320.5916700
163,1638431,4931293,1648000,0.94583873356,0.208502833684,1329.1172978
164,1648422,4961266,1658000,0.955046324777,0.211051302221,1337.9028880
165,1658409,4991227,1668000,0.943537985016,0.20352336117,1346.1682810
166,1668396,5021188,1678000,0.934738492946,0.200851080876,1354.9862339
167,1678388,5051164,1688000,0.937775140465,0.202721324216,1363.6667559
168,1688379,5081137,1698000,0.944583060653,0.205170980034,1372.4792430
169,1698372,5111116,1708000,0.958124129507,0.213740366311,1381.2787530
170,1708362,5141086,1718000,0.941708488242,0.205188508623,1390.0772259
171,1718348,5171044,1728000,0.949975095653,0.208956150418,1397.6887500
172,1728340,5201020,1738000,0.933126392503,0.204648717692,1405.6012089
173,1738325,5230975,1748000,0.935350197782,0.203285662536,1413.0012729
174,1748317,5260951,1758000,0.946590960008,0.202104507601,1420.4722120
175,1758305,5290915,1768000,0.928976804257,0.202757016709,1427.5308730
176,1768296,5320888,1778000,0.943655042196,0.213652321384,1434.6983649
177,1778291,5350873,1788000,0.95257974141,0.212604566422,1441.77707
178,1788278,5380834,1798000,0.94292367332,0.212706391597,1449.0373408
179,1798270,5410810,1808000,0.920896001086,0.195114168996,1456.3205769
180,1808265,5442793,1819000,0.931693340594,0.203411725828,1464.2033729
181,1818253,5472757,1829000,0.946463623874,0.212590044883,1471.9019820
182,1828246,5502736,1839000,0.954179437383,0.216437301543,1479.2434039
183,1838229,5532685,1849000,0.942687258866,0.207630777483,1486.5272059
184,1848217,5562649,1859000,0.92447802216,0.200352003476,1494.1094770
185,1858207,5592619,1869000,0.942302684903,0.204613025086,1501.5902600
186,1868199,5622595,1879000,0.935663131437,0.200305371221,1508.7079489
187,1878192,5652574,1889000,0.93687049751,0.201736543554,1515.9019470
188,1888180,5682538,1899000,0.957340828978,0.234780742164,1523.3078699
189,1898169,5712505,1909000,0.93107310563,0.208253812637,1530.7046558
190,1908162,5742484,1919000,0.928207419391,0.199801608223,1537.9019770
191,1918146,5772436,1929000,0.940878836312,0.202204022941,1545.1033308
192,1928132,5802394,1939000,0.944179099386,0.215212546347,1552.3037269
193,1938123,5832367,1949000,0.936916680162,0.202543935737,1559.7798769
194,1948113,5862337,1959000,0.94000711861,0.19981551915,1567.7651929
195,1958100,5892298,1969000,0.941750968076,0.207810574484,1574.8940448
196,1968091,5922271,1979000,0.945289195428,0.208120931767,1582.2199599
197,1978080,5952238,1989000,0.94388845362,0.202968716204,1589.4006788
198,1988063,5982187,1999000,0.945465548774,0.208817637248,1596.6808948
199,1998056,6012166,2009000,0.931748476588,0.199059535217,1603.7093720
200,2008042,6044122,2020000,0.938122277637,0.20333557832,1611.3801610
201,2018037,6074107,2030000,0.942653575884,0.210421858362,1618.4400820
202,2028021,6104059,2040000,0.934478985306,0.206570169536,1625.6536550
203,2038008,6134020,2050000,0.939061864332,0.210518923561,1633.0007090
204,2047999,6163993,2060000,0.950548991676,0.217386167123,1640.1780209
205,2057990,6193966,2070000,0.935950743391,0.210732837493,1647.4071309
206,2067973,6223915,2080000,0.929490797369,0.203577770496,1654.6549899
207,2077968,6253900,2090000,0.930528660132,0.199648201593,1661.7679140
208,2087957,6283867,2100000,0.941941063966,0.205386336817,1668.9792010
209,2097943,6313825,2110000,0.932727856785,0.202597183439,1676.0043220
210,2107929,6343783,2120000,0.929811907536,0.205522284378,1683.2445690
211,2117914,6373738,2130000,0.948160941687,0.214642158549,1690.1522738
212,2127903,6403705,2140000,0.93927842377,0.207975683406,1697.1858818
213,2137890,6433666,2150000,0.924743900321,0.207682761924,1704.1981239
214,2147885,6463651,2160000,0.943474849408,0.210548529955,1711.3653528
215,2157871,6493609,2170000,0.917132399567,0.197089598145,1718.4500908
216,2167866,6523594,2180000,0.930138349455,0.199875206123,1725.5179028
217,2177849,6553543,2190000,0.921341647997,0.197618228145,1732.983002
218,2187834,6583498,2200000,0.926534217518,0.202553553009,1740.168011
219,2197826,6613474,2210000,0.932798129752,0.204254953497,1747.4964258
220,2207809,6645423,2221000,0.926680133377,0.216137048922,1755.4904248
221,2217802,6675402,2231000,0.931449997691,0.207949300578,1762.8127999
222,2227789,6705363,2241000,0.923460823805,0.200120718274,1770.2020049
223,2237782,6735342,2251000,0.935987898353,0.203467262804,1777.5187940
224,2247769,6765303,2261000,0.931091238464,0.20576562189,1784.8033869
225,2257765,6795291,2271000,0.928958388668,0.202117268976,1792.2322149
226,2267754,6825258,2281000,0.930030595523,0.204480068372,1799.3544218
227,2277743,6855225,2291000,0.927571304527,0.202810129987,1807.0875608
228,2287727,6885177,2301000,0.919756754022,0.195603223871,1814.5235788
229,2297715,6915141,2311000,0.930653104218,0.201453070583,1822.0136909
230,2307709,6945123,2321000,0.919079016595,0.200008456477,1829.4080948
231,2317700,6975096,2331000,0.92980865714,0.200372030348,1836.7812950
232,2327693,7005075,2341000,0.913116940712,0.19036590633,1844.1959009
233,2337682,7035042,2351000,0.934569346411,0.213887653379,1851.7381210
234,2347668,7065000,2361000,0.92821238602,0.207352998411,1859.2762179
235,2357657,7094967,2371000,0.925482309817,0.199972247869,1866.9244489
236,2367649,7124943,2381000,0.936144205716,0.200600259236,1874.5211489
237,2377635,7154901,2391000,0.934702023705,0.205297980792,1881.9946889
238,2387631,7184889,2401000,0.948101593644,0.216145611583,1889.4945130
239,2397625,7214871,2411000,0.922358286611,0.199579177788,1896.86843
240,2407618,7246850,2422000,0.939660788971,0.204619044873,1904.9363579
241,2417603,7276805,2432000,0.933759589128,0.206707303428,1912.47131
242,2427595,7306781,2442000,0.924904202337,0.205557770545,1919.8674390
243,2437582,7336742,2452000,0.928647989002,0.202336692441,1927.284684
244,2447570,7366706,2462000,0.924815427288,0.200865162079,1934.6186809
245,2457560,7396676,2472000,0.932877408123,0.215163749268,1941.7769439
246,2467554,7426658,2482000,0.939588897204,0.217175045115,1948.855403
247,2477542,7456622,2492000,0.928252641161,0.20205004988,1956.0125298
248,2487531,7486589,2502000,0.923784357224,0.201564480485,1963.1836600
249,2497521,7516559,2512000,0.921481137805,0.199503629622,1970.5096750
250,2507517,7546547,2522000,0.920449353173,0.206134860765,1977.8394858
251,2517510,7576526,2532000,0.917572808597,0.201041773263,1985.0994269
252,2527504,7606508,2542000,0.936966536325,0.211124608517,1992.3739268
253,2537496,7636484,2552000,0.92050698664,0.200113739753,1999.4707369
254,2547485,7666451,2562000,0.920589323558,0.201009821205,2006.8998608
255,2557476,7696424,2572000,0.936822805129,0.206364028261,2014.0819609
256,2567469,7726403,2582000,0.93294770384,0.209084217013,2021.0794959
257,2577466,7756394,2592000,0.921040163671,0.199009743997,2028.5302100
258,2587461,7786379,2602000,0.92520178752,0.208694060077,2035.6629309
259,2597449,7816343,2612000,0.938051761326,0.211881968929,2042.4492180
260,2607438,7848310,2623000,0.932007247272,0.212540631196,2050.0711529
261,2617426,7878274,2633000,0.91556760518,0.19920935406,2057.2139520
262,2627413,7908235,2643000,0.9247709915,0.20011856234,2064.4150588
263,2637405,7938211,2653000,0.905678533243,0.193219446482,2071.5814380
264,2647395,7968181,2663000,0.925667095048,0.200086367859,2078.7247359
265,2657384,7998148,2673000,0.939676925952,0.212105363577,2085.7648298
266,2667375,8028121,2683000,0.930798818027,0.203300391631,2093.0303399
267,2677367,8058097,2693000,0.923035999437,0.201928718544,2100.1868460
268,2687352,8088052,2703000,0.921947975833,0.204127580922,2107.3906428
269,2697340,8118016,2713000,0.912185299751,0.191035102204,2114.5316979
270,2707332,8147992,2723000,0.929918951463,0.207791846902,2121.7762160
271,2717326,8177974,2733000,0.908822292734,0.196373300758,2128.9155209
272,2727317,8207947,2743000,0.925443063431,0.199791935644,2136.0778758
273,2737303,8237905,2753000,0.929589677868,0.204398177213,2143.2808399
274,2747289,8267863,2763000,0.916642576168,0.197885856581,2150.4208018
275,2757273,8297815,2773000,0.921881916919,0.205031312179,2157.6214580
276,2767267,8327797,2783000,0.927001019771,0.204720105748,2165.0376169
277,2777258,8357770,2793000,0.921648908404,0.202971934928,2172.2059550
278,2787251,8387749,2803000,0.939578403512,0.21140897265,2179.5316669
279,2797245,8417731,2813000,0.919892213324,0.20147683304,2186.7084739
280,2807233,8449695,2824000,0.920802336396,0.197837195359,2194.5607969
281,2817225,8479671,2834000,0.923657930592,0.204258652559,2201.7751810
282,2827212,8509632,2844000,0.910861155347,0.203192594084,2209.0393149
283,2837202,8539602,2854000,0.929127266565,0.204940402702,2216.1591529
284,2847192,8569572,2864000,0.913095843339,0.201585314165,2223.4255070
285,2857180,8599536,2874000,0.921744361933,0.201558396606,2230.6932640
286,2867174,8629518,2884000,0.909511317577,0.196079492509,2237.96695
287,2877161,8659479,2894000,0.913236397108,0.194424289934,2245.0290260
288,2887156,8689464,2904000,0.920260256559,0.201330929955,2252.1120190
289,2897150,8719446,2914000,0.921567954062,0.20368423173,2258.9555940
290,2907144,8749428,2924000,0.921672046889,0.198276362047,2265.8951690
291,2917138,8779410,2934000,0.929074108173,0.20366282618,2273.1579718
292,2927129,8809383,2944000,0.931873276695,0.205210723332,2280.4533648
293,2937121,8839359,2954000,0.914015704452,0.200344717543,2287.5166840
294,2947111,8869329,2964000,0.917958678907,0.199474795341,2294.6761519
295,2957100,8899296,2974000,0.925023192029,0.20255293772,2301.801328
296,2967094,8929278,2984000,0.908851417725,0.195751976008,2308.9323990
297,2977087,8959257,2994000,0.923790379446,0.215714533747,2316.1346669
298,2987077,8989227,3004000,0.91970651591,0.205018558543,2323.2817890
299,2997069,9019203,3014000,0.917896370876,0.199031114837,2330.5694298
300,3007063,9051185,3025000,0.918408792044,0.199616266796,2338.2698159
301,3017050,9081146,3035000,0.902586555878,0.195494474201,2345.4375810
302,3027036,9111104,3045000,0.915994203431,0.192496891638,2352.3147368
303,3037027,9141077,3055000,0.920677584701,0.207638881925,2359.3974950
304,3047023,9171065,3065000,0.911906706109,0.203513781949,2366.4477720
305,3057012,9201032,3075000,0.927526699868,0.206102816458,2373.7681729
306,3067004,9231008,3085000,0.911074971763,0.19670278492,2380.7048618
307,3076997,9260987,3095000,0.918668658151,0.203283810866,2387.882299
308,3086979,9290933,3105000,0.913746135621,0.198491493625,2395.1042878
309,3096972,9320912,3115000,0.925025882848,0.204755266056,2402.2783780
310,3106956,9350864,3125000,0.909725099995,0.199882002067,2409.4934818
311,3116953,9380855,3135000,0.899650608816,0.191689991385,2416.7370889
312,3126937,9410807,3145000,0.916490853478,0.195853434766,2423.9333369
313,3136926,9440774,3155000,0.937440390305,0.212963282659,2431.2779049
314,3146915,9470741,3165000,0.914438814453,0.195459579745,2438.5770568
315,3156908,9500720,3175000,0.915197243938,0.20462712035,2445.7667019
316,3166897,9530687,3185000,0.898596952104,0.198863475979,2452.9665498
317,3176887,9560657,3195000,0.895411953552,0.184288325365,2460.1744308
318,3186882,9590642,3205000,0.914656070359,0.201032578153,2467.5325210
319,3196874,9620618,3215000,0.917303042635,0.206622640205,2474.9090950
320,3206865,9652591,3226000,0.908272981655,0.192702713719,2482.562321
321,3216858,9682570,3236000,0.906584863568,0.191645898989,2489.7029578
322,3226841,9712519,3246000,0.920696166774,0.209491652607,2496.9264030
323,3236831,9742489,3256000,0.925275308669,0.206153452325,2504.0722968
324,3246822,9772462,3266000,0.904433075826,0.198319063352,2511.2824850
325,3256814,9802438,3276000,0.918444085682,0.199363823386,2518.4035959
326,3266803,9832405,3286000,0.903821971573,0.193892633436,2525.5858519
327,3276792,9862372,3296000,0.909776563112,0.200700318822,2532.8750228
328,3286784,9892348,3306000,0.908517680365,0.204234038225,2540.0800859
329,3296772,9922312,3316000,0.919186025773,0.202428785853,2547.4641840
330,3306764,9952288,3326000,0.905388721599,0.190400685152,2554.7909848
331,3316756,9982264,3336000,0.899141400045,0.185201361383,2561.9291808
332,3326748,10012240,3346000,0.902820236888,0.190223441758,2569.1486840
333,3336739,10042213,3356000,0.915033119409,0.20757826044,2576.2836298
334,3346730,10072186,3366000,0.915236507184,0.196360246441,2583.575244
335,3356725,10102171,3376000,0.901220197343,0.191305979817,2590.6870770
336,3366716,10132144,3386000,0.924770650904,0.210294123743,2597.8457179
337,3376708,10162120,3396000,0.90731804869,0.203586671753,2604.955015
338,3386698,10192090,3406000,0.913689609023,0.200828027059,2612.1277339
339,3396690,10222066,3416000,0.902192139966,0.191853896441,2619.4906458
340,3406675,10254021,3427000,0.908687195226,0.196839536274,2627.3582088
341,3416661,10283979,3437000,0.906992181361,0.19350246857,2634.8095140
342,3426656,10313964,3447000,0.920005622125,0.202896471953,2642.1613609
343,3436645,10343931,3457000,0.918010361727,0.201151913499,2649.4108278
344,3446637,10373907,3467000,0.902164019207,0.199107379822,2656.6887440
345,3456631,10403889,3477000,0.901416684525,0.19340714916,2663.8440599
346,3466621,10433859,3487000,0.923666070541,0.207584540274,2670.9664869
347,3476614,10463838,3497000,0.916959678962,0.197216203042,2678.2522158
348,3486607,10493817,3507000,0.903461661158,0.19610009865,2685.5560879
349,3496601,10523799,3517000,0.910517344823,0.203040175637,2692.9126019
350,3506594,10553778,3527000,0.907705610176,0.199424303944,2700.3065578
351,3516582,10583742,3537000,0.897069152,0.201753170539,2707.8050448
352,3526577,10613727,3547000,0.905477946737,0.195065854085,2714.8000628
353,3536569,10643703,3557000,0.910560498937,0.202137787154,2721.6429960
354,3546558,10673670,3567000,0.903987786063,0.193926353561,2728.7083430
355,3556545,10703631,3577000,0.910125931181,0.195396978571,2735.6740729
356,3566535,10733601,3587000,0.897878545854,0.188154152518,2742.7901568
357,3576524,10763568,3597000,0.902431255413,0.199754787174,2749.7769210
358,3586511,10793529,3607000,0.909121679625,0.195077797374,2756.8897619
359,3596496,10823484,3617000,0.916695084655,0.199688501046,2763.8328690
360,3606486,10855454,3628000,0.902534139702,0.190700215566,2771.7214889
361,3616474,10885418,3638000,0.912028601465,0.202341795005,2778.81695
362,3626460,10915376,3648000,0.89227486146,0.185781193331,2785.8034539
363,3636450,10945346,3658000,0.901766429126,0.191432384701,2793.0771498
364,3646440,10975316,3668000,0.914250435789,0.201856425682,2800.0841548
365,3656432,11005292,3678000,0.901009677258,0.197731086508,2807.2199950
366,3666420,11035256,3688000,0.908255343197,0.196283159764,2814.1704590
367,3676411,11065229,3698000,0.903153488416,0.195536999335,2821.3053920
368,3686397,11095187,3708000,0.914184128719,0.198116155277,2828.5803859
369,3696389,11125163,3718000,0.894619763174,0.189882093361,2835.8222360
370,3706375,11155121,3728000,0.906050285751,0.188201816993,2842.8686959
371,3716370,11185106,3738000,0.914424283726,0.200082527198,2849.9532649
372,3726355,11215061,3748000,0.889409636542,0.188846927018,2857.0019080
373,3736347,11245037,3758000,0.908809030602,0.199843682857,2863.9275150
374,3746334,11274998,3768000,0.913114834897,0.200566006693,2871.2056610
375,3756325,11304971,3778000,0.909565129783,0.197809535616,2878.0502948
376,3766312,11334932,3788000,0.906276669989,0.194856526893,2885.2515509
377,3776304,11364908,3798000,0.911852406499,0.200775939109,2892.5162038
378,3786294,11394878,3808000,0.898431460985,0.199521904754,2899.7910690
379,3796289,11424863,3818000,0.90910254649,0.202699528211,2907.0175650
380,3806278,11456830,3829000,0.896085753716,0.195198161693,2914.8580870
381,3816270,11486806,3839000,0.906988919921,0.19403723036,2922.05993
382,3826260,11516776,3849000,0.902412676709,0.197504624167,2929.0521328
383,3836255,11546761,3859000,0.919631777389,0.199256262927,2936.3390
384,3846252,11576752,3869000,0.912075511013,0.204191632444,2943.4596190
385,3856241,11606719,3879000,0.90653682203,0.204982046107,2950.5296070
386,3866229,11636683,3889000,0.921305456977,0.200407290589,2957.6768720
387,3876217,11666647,3899000,0.910868482047,0.202340731505,2964.7996518
388,3886206,11696614,3909000,0.916977064604,0.199893781358,2971.7949650
389,3896194,11726578,3919000,0.907422764707,0.203853153685,2978.8660628
390,3906185,11756551,3929000,0.914076108554,0.20100911051,2985.8775429
391,3916167,11786497,3939000,0.900307768888,0.196967090637,2992.9742460
392,3926152,11816452,3949000,0.907297777696,0.192323709218,3000.3489260
393,3936144,11846428,3959000,0.895156366059,0.189488474786,3007.6577849
394,3946131,11876389,3969000,0.918232823665,0.200912572687,3014.9657559
395,3956115,11906341,3979000,0.910766490509,0.200381682352,3022.3615369
396,3966106,11936314,3989000,0.908760782095,0.199972617241,3029.6833679
397,3976089,11966263,3999000,0.899073123695,0.203650435956,3036.8657329
398,3986087,11996257,4009000,0.907625770812,0.19837182306,3044.0886850
399,3996076,12026224,4019000,0.902999037627,0.195707684497,3051.2897758
400,4006067,12058197,4030000,0.902390905091,0.193387148918,3059.3540859
401,4016057,12088167,4040000,0.897521824766,0.192082632157,3066.4461460
402,4026048,12118140,4050000,0.905563580032,0.204877366141,3073.7093560
403,4036032,12148092,4060000,0.909577592851,0.197956789699,3080.948731
404,4046023,12178065,4070000,0.901927050621,0.19783610506,3088.2933800
405,4056011,12208029,4080000,0.903813252874,0.196886992754,3095.4439020
406,4066007,12238017,4090000,0.922633303731,0.20737375528,3102.4109950
407,4075994,12267978,4100000,0.908414991378,0.202768841931,3109.6734540
408,4085985,12297951,4110000,0.902865414332,0.197532438933,3117.1331179
409,4095972,12327912,4120000,0.881133202887,0.187381941063,3124.308564
410,4105956,12357864,4130000,0.906935114666,0.20599332087,3131.57622
411,4115948,12387840,4140000,0.898098243367,0.196694158058,3138.7909429
412,4125938,12417810,4150000,0.896848422463,0.192112959144,3146.19448
413,4135924,12447768,4160000,0.891269606738,0.18665203318,3153.2776708
414,4145916,12477744,4170000,0.901514022725,0.197069996285,3160.4399640
415,4155906,12507714,4180000,0.896689278134,0.193492344643,3167.4313380
416,4165899,12537693,4190000,0.884610978426,0.187634173215,3174.4504790
417,4175891,12567669,4200000,0.911513258631,0.199599811771,3181.4499690
418,4185886,12597654,4210000,0.909755893552,0.203916279647,3188.5420398
419,4195879,12627633,4220000,0.889964162471,0.186469773192,3195.4366929
420,4205867,12659597,4231000,0.895291237919,0.196231583336,3203.0696859
421,4215857,12689567,4241000,0.906845562777,0.192448355499,3210.0712699
422,4225847,12719537,4251000,0.895079344848,0.189006578174,3217.1901938
423,4235834,12749498,4261000,0.905489209087,0.200471019813,3224.2014269
424,4245818,12779450,4271000,0.899652174246,0.198400314483,3231.0781359
425,4255808,12809420,4281000,0.906522600744,0.194464686592,3238.0312039
426,4265796,12839384,4291000,0.895939810136,0.199760856054,3245.2324349
427,4275788,12869360,4301000,0.900987382651,0.191725040784,3252.266326
428,4285775,12899321,4311000,0.88598107868,0.187481304792,3259.5212309
429,4295760,12929276,4321000,0.909007342418,0.198369144268,3266.8060519
430,4305749,12959243,4331000,0.89282592128,0.187925211969,3274.006702
431,4315733,12989195,4341000,0.902210933291,0.191962655308,3281.0605158
432,4325720,13019156,4351000,0.908777672104,0.198113284983,3288.1634728
433,4335705,13049111,4361000,0.8886711268,0.18051360758,3295.2707469
434,4345697,13079087,4371000,0.914083582522,0.19785523158,3302.3710839
435,4355686,13109054,4381000,0.891522012899,0.189481036915,3309.3452649
436,4365676,13139024,4391000,0.889998684181,0.187815349404,3316.378609
437,4375667,13168997,4401000,0.901439937129,0.199421748774,3323.3377778
438,4385655,13198961,4411000,0.909332128446,0.201930670761,3330.5054590
439,4395641,13228919,4421000,0.923338227044,0.209238679291,3337.54912
440,4405632,13260892,4432000,0.890827980021,0.184440733514,3345.3175439
441,4415618,13290850,4442000,0.898394858073,0.199516010005,3352.4410488
442,4425602,13320802,4452000,0.88777216433,0.18226250876,3359.5345950
443,4435593,13350775,4462000,0.903291978947,0.193882719605,3366.6454248
444,4445587,13380757,4472000,0.893724636468,0.195252937452,3373.90993
445,4455577,13410727,4482000,0.891028239874,0.193357366477,3380.8610379
446,4465569,13440703,4492000,0.901153069274,0.196629706859,3388.1263899
447,4475565,13470691,4502000,0.889276816432,0.189877445941,3395.2615859
448,4485557,13500667,4512000,0.890277039407,0.188567216197,3402.3295049
449,4495546,13530634,4522000,0.886148929997,0.191454025766,3409.4714710
450,4505534,13560598,4532000,0.894447936829,0.197989899065,3416.603612
451,4515522,13590562,4542000,0.905184195455,0.202869742433,3423.90509
452,4525511,13620529,4552000,0.894056625464,0.197613388479,3431.3367478
453,4535505,13650511,4562000,0.891450291087,0.193127282353,3438.6666400
454,4545495,13680481,4572000,0.908916567707,0.195993313622,3445.8832168
455,4555478,13710430,4582000,0.899197331642,0.188215940683,3453.5048370
456,4565467,13740397,4592000,0.912175428722,0.200126648695,3460.8528289
457,4575457,13770367,4602000,0.893483384468,0.196539547088,3468.1247038
458,4585445,13800331,4612000,0.885106727015,0.186431545179,3475.4867219
459,4595434,13830298,4622000,0.900358150215,0.20310464571,3482.8059358
460,4605428,13862280,4633000,0.889468629686,0.199880100367,3490.6786699
461,4615417,13892247,4643000,0.902367013734,0.197781579813,3498.0865650
462,4625412,13922232,4653000,0.901735943747,0.196180635428,3505.0350120
463,4635407,13952217,4663000,0.898946584044,0.198176472566,3512.1130399
464,4645402,13982202,4673000,0.904825721917,0.202817481717,3519.2711920
465,4655392,14012172,4683000,0.882221696195,0.187488843382,3526.4833550
466,4665387,14042157,4693000,0.896032357763,0.190512337032,3533.7696828
467,4675379,14072133,4703000,0.892476738089,0.19451064427,3540.8136730
468,4685372,14102112,4713000,0.904356169404,0.207392143422,3547.6965169
469,4695364,14132088,4723000,0.895179954182,0.196050807934,3555.0930149
470,4705352,14162052,4733000,0.904477841497,0.1998615907,3562.3039319
471,4715342,14192022,4743000,0.889666720976,0.193891611262,3569.5469858
472,4725337,14222007,4753000,0.894449120809,0.192692292518,3576.7529978
473,4735320,14251956,4763000,0.90226372404,0.19521548041,3584.2390379
474,4745303,14281905,4773000,0.898530105587,0.196297793561,3591.5731539
475,4755294,14311878,4783000,0.879661965734,0.182984956252,3599.0594589
476,4765288,14341860,4793000,0.890886430825,0.187132119142,3606.4989979
477,4775277,14371827,4803000,0.892650252572,0.185569351217,3614.0287518
478,4785260,14401776,4813000,0.889297337143,0.184829257776,3621.3528459
479,4795251,14431749,4823000,0.88977099702,0.190688448347,3628.7630200
480,4805239,14463713,4834000,0.892050368137,0.188283719047,3636.929282
481,4815226,14493674,4844000,0.897224814709,0.195353043853,3644.1098928
482,4825211,14523629,4854000,0.893382009801,0.210462359913,3651.1018650
483,4835201,14553599,4864000,0.901769893594,0.194049558039,3658.0981600
484,4845189,14583563,4874000,0.899812255048,0.191601845742,3665.2763259
485,4855178,14613530,4884000,0.895880975408,0.194058246941,3672.4427828
486,4865168,14643500,4894000,0.893444410727,0.198104975142,3679.5337989
487,4875158,14673470,4904000,0.892009581606,0.196281063948,3686.7072520
488,4885146,14703434,4914000,0.898749072585,0.19173267646,3693.9377210
489,4895134,14733398,4924000,0.889701110583,0.195078914922,3701.2721128
490,4905125,14763371,4934000,0.87617479142,0.177300170323,3708.475524
491,4915115,14793341,4944000,0.884326680242,0.202138112219,3715.7728760
492,4925098,14823290,4954000,0.89394671089,0.190934019732,3722.8020489
493,4935088,14853260,4964000,0.890922699058,0.194159147701,3730.0103790
494,4945080,14883236,4974000,0.882089418568,0.196760619203,3737.1684880
495,4955076,14913224,4984000,0.897793036966,0.194519049929,3744.1602630
496,4965064,14943188,4994000,0.888723362083,0.188897636905,3751.1182069
497,4975057,14973167,5004000,0.883636300637,0.192747906308,3758.1100020
498,4985051,15003149,5014000,0.89685670395,0.200478928916,3765.1832878
499,4995041,15033119,5024000,0.882594417358,0.187509527347,3772.2276098
500,5005027,15065077,5035000,0.898684414401,0.195224301706,3779.8468198
501,5015017,15095047,5045000,0.90844006399,0.21062811178,3786.8970339
502,5025005,15125011,5055000,0.89788307163,0.19960522322,3793.7742080
503,5034997,15154987,5065000,0.896487471504,0.195716925839,3800.8069758
504,5044986,15184954,5075000,0.890575162192,0.193567477405,3807.8291170
505,5054982,15214942,5085000,0.902812366754,0.201497006044,3814.8149619
506,5064975,15244921,5095000,0.887296555403,0.197738295679,3821.8882870
507,5074967,15274897,5105000,0.889376895308,0.1949807337,3828.9503059
508,5084957,15304867,5115000,0.891032228305,0.190781064036,3836.0819010
509,5094951,15334849,5125000,0.888208472347,0.189299303657,3842.9151480
510,5104940,15364816,5135000,0.899001799064,0.195554939601,3850.4749050
511,5114931,15394789,5145000,0.896452363754,0.198917842457,3858.0265979
512,5124921,15424759,5155000,0.909608780427,0.200967285019,3865.3345699
513,5134913,15454735,5165000,0.891801377547,0.196572603804,3872.77717
514,5144903,15484705,5175000,0.894164494784,0.197777104733,3880.4025559
515,5154898,15514690,5185000,0.897023733473,0.193334744557,3887.8098509
516,5164884,15544648,5195000,0.888809136575,0.197535160295,3894.9781539
517,5174872,15574612,5205000,0.886566164196,0.191707702645,3902.2046608
518,5184864,15604588,5215000,0.890597655177,0.193209617096,3909.4073190
519,5194852,15634552,5225000,0.894967050259,0.193940476815,3916.7356169
520,5204849,15666543,5236000,0.888600249506,0.191342449579,3924.5897638
521,5214845,15696531,5246000,0.889574222752,0.191564227413,3931.6569850
522,5224836,15726504,5256000,0.904022757293,0.199486792868,3939.0559480
523,5234824,15756468,5266000,0.893373167519,0.190260340752,3946.1714458
524,5244812,15786432,5276000,0.889827844759,0.191923711773,3953.2345149
525,5254805,15816411,5286000,0.88651695761,0.192359660346,3960.362881
526,5264796,15846384,5296000,0.886624373457,0.184730554368,3967.5726509
527,5274785,15876351,5306000,0.878267750412,0.184072172661,3974.6012239
528,5284774,15906318,5316000,0.901371518642,0.195599943227,3982.0194039
529,5294761,15936279,5326000,0.88812851041,0.185916775924,3989.2003259
530,5304747,15966237,5336000,0.897189276093,0.192565669979,3996.7895228
531,5314733,15996195,5346000,0.893723140899,0.199186159868,4004.1681590
532,5324719,16026153,5356000,0.888381399197,0.191340269266,4011.5154180
533,5334708,16056120,5366000,0.881898343088,0.183113139091,4018.8867130
534,5344690,16086066,5376000,0.886986247551,0.192190086232,4026.2851159
535,5354673,16116015,5386000,0.892724761391,0.190039041499,4033.7789399
536,5364663,16145985,5396000,0.902654565422,0.192771301207,4041.1909608
537,5374655,16175961,5406000,0.88879170304,0.192813681441,4048.4848520
538,5384646,16205934,5416000,0.890198037566,0.187353041922,4055.8145070
539,5394636,16235904,5426000,0.892184504673,0.199563607579,4063.0263509
540,5404631,16267889,5437000,0.898054707415,0.195755285156,4070.8645758
541,5414621,16297859,5447000,0.882859308748,0.188028894343,4077.9557149
542,5424612,16327832,5457000,0.875869406273,0.18479893528,4085.2322020
543,5434604,16357808,5467000,0.887039573357,0.190355101785,4092.444449
544,5444597,16387787,5477000,0.899018740856,0.203575704288,4099.6505508
545,5454583,16417745,5487000,0.888504694205,0.192493011496,4106.7883658
546,5464574,16447718,5497000,0.896275204917,0.193555124015,4113.9938309
547,5474562,16477682,5507000,0.90114242505,0.192471282895,4121.1456880
548,5484548,16507640,5517000,0.875262177536,0.183856365964,4128.2775039
549,5494536,16537604,5527000,0.875095255697,0.193147514778,4135.3991360
550,5504532,16567592,5537000,0.900877199114,0.205587251757,4142.7868828
551,5514524,16597568,5547000,0.884986636647,0.19878417612,4150.2301139
552,5524509,16627523,5557000,0.883766168471,0.193759331612,4157.5749390
553,5534498,16657490,5567000,0.891273578706,0.196027242154,4164.8676519
554,5544492,16687472,5577000,0.886150397127,0.192870058311,4172.26671
555,5554484,16717448,5587000,0.887107738517,0.187288977933,4179.6162970
556,5564473,16747415,5597000,0.883058182717,0.184240108485,4187.0332009
557,5574466,16777394,5607000,0.895707145697,0.201693070567,4194.5605859
558,5584454,16807358,5617000,0.882624512247,0.188355515425,4202.2867729
559,5594443,16837325,5627000,0.890428508069,0.19714624588,4209.6983709
560,5604432,16869292,5638000,0.892152208326,0.192704716783,4217.5867190
561,5614416,16899244,5648000,0.898209293887,0.198353100893,4225.132160
562,5624400,16929196,5658000,0.889431762286,0.189405943968,4232.6211829
563,5634389,16959163,5668000,0.885993366841,0.188770147359,4239.9454798
564,5644377,16989127,5678000,0.879508213275,0.186221584378,4247.19171
565,5654366,17019094,5688000,0.890148656243,0.192358007376,4254.4790978
566,5664358,17049070,5698000,0.885953943553,0.197025534282,4261.7458009
567,5674342,17079022,5708000,0.888682540341,0.196366000488,4268.9991970
568,5684333,17108995,5718000,0.887589973546,0.194861657776,4276.06456
569,5694316,17138944,5728000,0.878806698688,0.183807800878,4283.5144400
570,5704311,17168929,5738000,0.895427824415,0.197734650386,4290.8915090
571,5714295,17198881,5748000,0.874439136932,0.183987917225,4298.1529529
572,5724277,17228827,5758000,0.890501005692,0.191540757218,4305.4015729
573,5734272,17258812,5768000,0.87948622227,0.189001138944,4312.5767018
574,5744262,17288782,5778000,0.878635701201,0.188773354855,4319.9130990
575,5754253,17318755,5788000,0.880547887073,0.192941841576,4327.0715110
576,5764246,17348734,5798000,0.890943959014,0.194707133067,4334.1765420
577,5774231,17378689,5808000,0.889442635131,0.189368490645,4341.3542518
578,5784223,17408665,5818000,0.894268318843,0.194029473229,4348.4604380
579,5794213,17438635,5828000,0.895872932007,0.196847753315,4355.7120368
580,5804204,17470608,5839000,0.891596615605,0.195465796101,4363.6385588
581,5814194,17500578,5849000,0.893240753196,0.195195997369,4370.64610
582,5824187,17530557,5859000,0.877310804934,0.186925427252,4377.545641
583,5834171,17560509,5869000,0.889882618337,0.201976633409,4384.5790910
584,5844157,17590467,5879000,0.882817536479,0.19382080133,4391.6821348
585,5854144,17620428,5889000,0.882326160003,0.19001680158,4398.9034960
586,5864141,17650419,5899000,0.890769507746,0.196235745543,4405.9975550
587,5874127,17680377,5909000,0.881258802563,0.192030008927,4413.2151830
588,5884122,17710362,5919000,0.876265554356,0.186142794105,4420.3677449
589,5894113,17740335,5929000,0.901185192311,0.198026138998,4427.3715159
590,5904102,17770302,5939000,0.885728494072,0.191378739655,4435.0373258
591,5914083,17800245,5949000,0.877982709704,0.191648832244,4442.4239389
592,5924076,17830224,5959000,0.897846039654,0.198528451026,4449.8587970
593,5934061,17860179,5969000,0.888853943196,0.195736675112,4457.3161559
594,5944048,17890140,5979000,0.881959108325,0.190021445864,4464.8303179
595,5954034,17920098,5989000,0.895048000432,0.197498605414,4472.1548800
596,5964030,17950086,5999000,0.887079613101,0.189472045952,4479.6456849
597,5974019,17980053,6009000,0.870274624142,0.18114771272,4487.0896248
598,5984004,18010008,6019000,0.876708321587,0.183795818307,4494.4242820
599,5993996,18039984,6029000,0.892930510829,0.199511939081,4501.8048679
600,6003987,18071957,6040000,0.899226022357,0.193138517387,4509.6873319
601,6013975,18101921,6050000,0.89480878729,0.195407224235,4516.6966450
602,6023967,18131897,6060000,0.886806157442,0.196894865624,4524.0654990
603,6033952,18161852,6070000,0.89326554908,0.196628138236,4531.401156
604,6043934,18191798,6080000,0.892884367927,0.192061579853,4538.7394218
605,6053926,18221774,6090000,0.883746967093,0.187421894634,4545.9430310
606,6063921,18251759,6100000,0.879480960534,0.186684738983,4553.25758
607,6073914,18281738,6110000,0.881922986224,0.194085527387,4560.4356470
608,6083907,18311717,6120000,0.871232436205,0.179236960733,4567.5092258
609,6093898,18341690,6130000,0.879249930209,0.189958429617,4574.4568300
610,6103889,18371663,6140000,0.877706656315,0.183346964001,4581.6765708
611,6113881,18401639,6150000,0.888218280095,0.189190437053,4588.9802529
612,6123867,18431597,6160000,0.880252923818,0.182860871348,4596.2303450
613,6133857,18461567,6170000,0.875582267085,0.18712771483,4603.5304670
614,6143846,18491534,6180000,0.888120644985,0.190432845209,4610.7256839
615,6153838,18521510,6190000,0.883837535431,0.193190712274,4617.9642798
616,6163828,18551480,6200000,0.887675181727,0.193799380145,4625.1453449
617,6173819,18581453,6210000,0.881435430175,0.192795216656,4632.282404
618,6183808,18611420,6220000,0.872094408945,0.191524113393,4639.3765909
619,6193797,18641387,6230000,0.884538258907,0.201608855443,4646.5977890
620,6203790,18673366,6241000,0.882241988126,0.190930632599,4654.3275899
621,6213783,18703345,6251000,0.881189776206,0.186491138855,4661.59975
622,6223775,18733321,6261000,0.888620893013,0.196133163093,4668.8478648
623,6233764,18763288,6271000,0.879920259594,0.188889545626,4676.0507600
624,6243752,18793252,6281000,0.884192674294,0.189161804095,4683.1908638
625,6253734,18823198,6291000,0.885940920408,0.183767980115,4690.2903289
626,6263723,18853165,6301000,0.874769475189,0.188650396708,4697.2968058
627,6273713,18883135,6311000,0.877799258959,0.182114540882,4704.1437220
628,6283702,18913102,6321000,0.86280745363,0.178055024927,4711.2561829
629,6293693,18943075,6331000,0.875866248578,0.189213426739,4718.3109679
630,6303679,18973033,6341000,0.888958242684,0.192616446671,4725.4324169
631,6313669,19003003,6351000,0.870052897803,0.180004713666,4732.4801700
632,6323659,19032973,6361000,0.882914993731,0.187444160882,4739.5474500
633,6333645,19062931,6371000,0.883051211435,0.192887193429,4746.5314478
634,6343634,19092898,6381000,0.881954807903,0.187019722996,4753.4352569
635,6353625,19122871,6391000,0.87253210106,0.179049354905,4760.5144209
636,6363616,19152844,6401000,0.876187678452,0.187739254223,4767.7172570
637,6373606,19182814,6411000,0.886990023585,0.195792228597,4775.1243250
638,6383596,19212784,6421000,0.879269281946,0.190657496193,4782.3635928
639,6393587,19242757,6431000,0.870596054355,0.184396074241,4789.5248000
640,6403577,19274725,6442000,0.885358267701,0.19374029543,4797.3092429
641,6413570,19304704,6452000,0.879368820239,0.192831570363,4804.6626989
642,6423558,19334668,6462000,0.880987096775,0.195448342464,4811.7906050
643,6433552,19364650,6472000,0.882937888291,0.199462109837,4818.946132
644,6443541,19394617,6482000,0.898012332238,0.19814957365,4826.2865829
645,6453531,19424587,6492000,0.867394359993,0.181419285734,4833.5734460
646,6463524,19454566,6502000,0.888556448173,0.193081308769,4840.5042669
647,6473511,19484527,6512000,0.875644079596,0.188577874491,4847.5516240
648,6483502,19514500,6522000,0.884273447781,0.19555338324,4854.7572789
649,6493493,19544473,6532000,0.896046222103,0.200350789291,4862.0713958
650,6503483,19574443,6542000,0.875426688845,0.182171683204,4869.29656
651,6513470,19604404,6552000,0.884579834534,0.19668072209,4876.3458249
652,6523459,19634371,6562000,0.887291957164,0.200336395078,4883.5703909
653,6533451,19664347,6572000,0.889063903625,0.191045134778,4890.6652760
654,6543439,19694311,6582000,0.880992411406,0.195279544339,4897.7357928
655,6553425,19724269,6592000,0.87852670276,0.192194280156,4904.6618218
656,6563418,19754248,6602000,0.871121672455,0.185854138376,4912.0218539
657,6573407,19784215,6612000,0.880322060384,0.185306629822,4919.4304740
658,6583401,19814197,6622000,0.893351511867,0.201313169729,4926.8972818
659,6593393,19844173,6632000,0.884608754778,0.20166563411,4934.3008840
660,6603384,19876146,6643000,0.88317577886,0.19266022013,4942.1428730
661,6613371,19906107,6653000,0.876930865061,0.191265878386,4949.2994260
662,6623362,19936080,6663000,0.890251268165,0.195465838916,4956.5058679
663,6633354,19966056,6673000,0.879578767227,0.190042439872,4963.7021429
664,6643342,19996020,6683000,0.891532409341,0.195720819145,4970.9061839
665,6653331,20025987,6693000,0.878451764892,0.188172789436,4978.1133859
666,6663325,20055969,6703000,0.876650958968,0.188525790058,4985.0162930
667,6673312,20085930,6713000,0.876517077139,0.195893886727,4992.2137260
668,6683302,20115900,6723000,0.892105861807,0.191262443748,4999.5151760
669,6693297,20145885,6733000,0.886998513741,0.193033089101,5006.6372768
670,6703285,20175849,6743000,0.887958698739,0.18959696282,5013.8964810
671,6713271,20205807,6753000,0.896137414552,0.19771957663,5021.1784539
672,6723258,20235768,6763000,0.884869419371,0.193269645121,5028.3645460
673,6733244,20265726,6773000,0.887823490868,0.192310016953,5035.3612680
674,6743234,20295696,6783000,0.877736196913,0.182375641905,5042.5263519
675,6753221,20325657,6793000,0.883658944124,0.192220367872,5049.8073089
676,6763214,20355636,6803000,0.884430493851,0.197370508311,5056.7955219
677,6773202,20385600,6813000,0.877700348258,0.195427551007,5064.0366959
678,6783193,20415573,6823000,0.886722137051,0.196512087606,5071.2707779
679,6793186,20445552,6833000,0.892000861743,0.194548417781,5078.3882849
680,6803173,20477513,6844000,0.87918664786,0.189889973182,5086.0817260
681,6813162,20507480,6854000,0.866786275386,0.182901220279,5092.8841509
682,6823152,20537450,6864000,0.882993337923,0.19470512459,5100.0775818
683,6833147,20567435,6874000,0.878139258152,0.185453419751,5107.1720550
684,6843136,20597402,6884000,0.871205931576,0.188571822433,5114.4055979
685,6853127,20627375,6894000,0.867752757189,0.192083304335,5121.6932020
686,6863116,20657342,6904000,0.875006357229,0.188482323342,5128.7620818
687,6873107,20687315,6914000,0.858400914447,0.18166477683,5135.8111028
688,6883099,20717291,6924000,0.865611137505,0.178933439826,5142.7626049
689,6893089,20747261,6934000,0.879662796498,0.185537953147,5150.0073258
690,6903076,20777222,6944000,0.881874524951,0.193453305913,5157.0526530
691,6913059,20807171,6954000,0.881583910782,0.190748782844,5164.6655440
692,6923051,20837147,6964000,0.873392085311,0.192178393117,5172.0275540
693,6933045,20867129,6974000,0.866640073836,0.185920015129,5179.3973200
694,6943036,20897102,6984000,0.882240051213,0.188448399934,5186.7026760
695,6953032,20927090,6994000,0.869380828518,0.189350468967,5193.9774620
696,6963023,20957063,7004000,0.879249841296,0.19137717934,5201.339325
697,6973014,20987036,7014000,0.867975323241,0.179462579742,5208.6786429
698,6983004,21017006,7024000,0.87398260211,0.186117234772,5215.9967699
699,6992998,21046988,7034000,0.873436482374,0.185581925143,5223.3863658
700,7002985,21078949,7045000,0.879679986056,0.185454430823,5231.27436
701,7012978,21108928,7055000,0.880469218076,0.185710109197,5238.6451430
702,7022972,21138910,7065000,0.881346432295,0.195454532396,5245.9744238
703,7032960,21168874,7075000,0.875010671195,0.181904852996,5253.31716
704,7042953,21198853,7085000,0.888501992367,0.198390175259,5260.6159720
705,7052941,21228817,7095000,0.8771160584,0.190121914574,5267.6483058
706,7062935,21258799,7105000,0.877181968397,0.186856211096,5274.8131489
707,7072925,21288769,7115000,0.878084793877,0.185788588273,5282.0032389
708,7082917,21318745,7125000,0.870928660846,0.184015861546,5289.091708
709,7092906,21348712,7135000,0.873195473896,0.187760766773,5296.0913250
710,7102896,21378682,7145000,0.880738444631,0.189196041023,5303.1055660
711,7112890,21408664,7155000,0.89940995838,0.2029289958,5310.4079148
712,7122877,21438625,7165000,0.876585825507,0.191585249925,5317.5660300
713,7132865,21468589,7175000,0.872118866338,0.192295075025,5324.4640240
714,7142856,21498562,7185000,0.873621693532,0.184314088369,5331.5799429
715,7152848,21528538,7195000,0.874964323838,0.192668996672,5338.8220949
716,7162840,21558514,7205000,0.879081766622,0.190088958167,5345.9179968
717,7172825,21588469,7215000,0.87940663122,0.184456012904,5353.0208499
718,7182809,21618421,7225000,0.880549640929,0.191943428782,5360.2402780
719,7192803,21648403,7235000,0.87644957003,0.182219566136,5367.2682709
720,7202789,21680361,7246000,0.890446000569,0.195302397492,5375.1742429
721,7212782,21710340,7256000,0.870550833794,0.18643909931,5382.309197
722,7222775,21740319,7266000,0.876782960582,0.189958391243,5389.3312599
723,7232762,21770280,7276000,0.885778277434,0.192010236535,5396.3161969
724,7242755,21800259,7286000,0.872129566985,0.184060124455,5403.2855169
725,7252750,21830244,7296000,0.86917132655,0.180906253898,5410.3206839
726,7262741,21860217,7306000,0.869310602687,0.186393618221,5417.570746
727,7272732,21890190,7316000,0.872387050673,0.189413460432,5424.7539360
728,7282723,21920163,7326000,0.876586652503,0.181688068849,5431.9583549
729,7292711,21950127,7336000,0.878399072049,0.18529248001,5439.1085090
730,7302701,21980097,7346000,0.868480128532,0.183116297711,5446.0129530
731,7312691,22010067,7356000,0.877579532702,0.19025917327,5453.3402049
732,7322681,22040037,7366000,0.887903158413,0.192171134144,5460.6648778
733,7332670,22070004,7376000,0.874441432971,0.189706122223,5467.8339209
734,7342660,22099974,7386000,0.885344400724,0.195640289585,5475.0144889
735,7352646,22129932,7396000,0.881674352613,0.191083138485,5482.3671729
736,7362633,22159893,7406000,0.875221783618,0.192338092936,5489.5545749
737,7372626,22189872,7416000,0.880688792819,0.190083435199,5496.7496039
738,7382619,22219851,7426000,0.868581098941,0.189757978764,5503.9516360
739,7392608,22249818,7436000,0.870680996965,0.179250678434,5511.1690158
740,7402599,22281791,7447000,0.87334425886,0.187996312199,5518.8301339
741,7412594,22311776,7457000,0.880366695938,0.190271639709,5526.2060508
742,7422582,22341740,7467000,0.869809040485,0.188853576967,5533.4005038
743,7432572,22371710,7477000,0.871177282222,0.184532251052,5540.6955108
744,7442557,22401665,7487000,0.869481664961,0.18587767842,5547.8753929
745,7452545,22431629,7497000,0.88860918618,0.1941111456,5555.14431
746,7462538,22461608,7507000,0.881195722809,0.183101642495,5562.1585099
747,7472530,22491584,7517000,0.871305443252,0.183392794239,5569.2871999
748,7482526,22521572,7527000,0.878402042582,0.178833737569,5576.4027619
749,7492513,22551533,7537000,0.87530711485,0.188697087889,5583.3553199
750,7502504,22581506,7547000,0.87285958531,0.185627087129,5590.2895500
751,7512489,22611461,7557000,0.883997561366,0.194593690287,5597.3560168
752,7522480,22641434,7567000,0.878917652925,0.194212757735,5604.1593198
753,7532469,22671401,7577000,0.882455990724,0.191461314398,5611.2158620
754,7542460,22701374,7587000,0.864800157644,0.178898013087,5618.2218718
755,7552445,22731329,7597000,0.870511742081,0.187885591135,5625.3325309
756,7562436,22761302,7607000,0.879322750723,0.188390749089,5632.5029799
757,7572418,22791248,7617000,0.874100316668,0.184242575529,5639.4845390
758,7582410,22821224,7627000,0.884268723599,0.196728535727,5646.836757
759,7592399,22851191,7637000,0.87789320157,0.191254606505,5654.2561209
760,7602392,22883170,7648000,0.873781277457,0.183276706887,5662.2132089
761,7612380,22913134,7658000,0.878488995281,0.186132117932,5669.6033930
762,7622369,22943101,7668000,0.868955396398,0.183715222129,5676.6974968
763,7632362,22973080,7678000,0.867138015526,0.189972671063,5683.8343899
764,7642352,23003050,7688000,0.869322401346,0.184058354465,5691.0722160
765,7652343,23033023,7698000,0.870843464258,0.190499957071,5698.3329470
766,7662330,23062984,7708000,0.881077821818,0.197328882226,5705.3092749
767,7672321,23092957,7718000,0.88510202124,0.19600565793,5712.4726059
768,7682308,23122918,7728000,0.868508363384,0.18324152932,5719.7390248
769,7692296,23152882,7738000,0.875246834328,0.196028805941,5726.8073220
770,7702287,23182855,7748000,0.87103584519,0.187984655282,5733.9301030
771,7712278,23212828,7758000,0.877766246202,0.187401947976,5740.9007790
772,7722269,23242801,7768000,0.858943186689,0.181181917656,5747.9234418
773,7732255,23272759,7778000,0.869308188096,0.194221914584,5754.770294
774,7742243,23302723,7788000,0.865016476243,0.174687992745,5761.9800989
775,7752224,23332666,7798000,0.861820048204,0.177996571876,5768.936832
776,7762213,23362633,7808000,0.877868628578,0.187191061802,5775.8939549
777,7772204,23392606,7818000,0.880082796493,0.186059949205,5782.7886509
778,7782195,23422579,7828000,0.879173718151,0.196932617916,5790.0105979
779,7792182,23452540,7838000,0.858214728598,0.180946631209,5797.3299269
780,7802174,23484514,7849000,0.86730707555,0.18615306937,5805.0198609
781,7812166,23514490,7859000,0.880894605737,0.184922905648,5812.2421128
782,7822157,23544463,7869000,0.865120173319,0.184157574448,5819.2457799
783,7832148,23574436,7879000,0.868689065995,0.179930268679,5826.3922288
784,7842136,23604400,7889000,0.875605149853,0.187974366872,5833.3738110
785,7852123,23634361,7899000,0.876183282932,0.197005012973,5840.403400
786,7862115,23664337,7909000,0.869567259718,0.186587774403,5847.4752578
787,7872101,23694295,7919000,0.865413829212,0.18785175626,5854.4395449
788,7882084,23724244,7929000,0.869345339297,0.187538966836,5861.5721659
789,7892072,23754208,7939000,0.875564643223,0.187806429401,5868.4795398
790,7902064,23784184,7949000,0.870198135903,0.188495239425,5875.593499
791,7912052,23814148,7959000,0.873310679979,0.19358256765,5882.4949078
792,7922044,23844124,7969000,0.866302295325,0.185864265513,5889.7549378
793,7932026,23874070,7979000,0.864390612286,0.185583117494,5897.034442
794,7942011,23904025,7989000,0.873592717646,0.191294728798,5904.395114
795,7952000,23933992,7999000,0.864044673465,0.180493546951,5911.6798379
796,7961987,23963953,8009000,0.887713411333,0.195182529707,5918.8526928
797,7971977,23993923,8019000,0.868709627324,0.185580472195,5926.04557
798,7981966,24023890,8029000,0.865794621495,0.183861079701,5933.5237250
799,7991957,24053863,8039000,0.875381519314,0.190423561793,5940.8457179
800,8001946,24085830,8050000,0.894505932967,0.203533015833,5948.8861029
801,8011934,24115794,8060000,0.853219087279,0.179814859367,5956.0940730
802,8021919,24145749,8070000,0.861513718346,0.177971273811,5963.1118540
803,8031908,24175716,8080000,0.868033876884,0.181996720355,5970.1339709
804,8041899,24205689,8090000,0.862067754933,0.177661793534,5977.4649410
805,8051893,24235671,8100000,0.869463706152,0.186871277682,5984.6713290
806,8061884,24265644,8110000,0.873560957267,0.186412248714,5991.9085490
807,8071873,24295611,8120000,0.864065229347,0.181491768145,5999.0569510
808,8081852,24325548,8130000,0.868692460672,0.182449951842,6006.1361429
809,8091842,24355518,8140000,0.871514372537,0.186284864169,6013.5775909
810,8101834,24385494,8150000,0.879621922182,0.1927543254,6020.6565899
811,8111829,24415479,8160000,0.873793096651,0.184394929935,6027.5981998
812,8121822,24445458,8170000,0.874431765076,0.18993807501,6034.7328188
813,8131813,24475431,8180000,0.872204619714,0.191855497688,6041.9331169
814,8141801,24505395,8190000,0.873983400352,0.186600319188,6049.3202369
815,8151786,24535350,8200000,0.855102236712,0.183725080556,6056.6317188
816,8161772,24565308,8210000,0.868408557405,0.185937815985,6063.8985719
817,8171762,24595278,8220000,0.88473771473,0.207829996449,6071.2399709
818,8181754,24625254,8230000,0.86862152056,0.1880351602,6078.4760739
819,8191744,24655224,8240000,0.86480661766,0.17716464607,6085.7052240
820,8201737,24687203,8251000,0.856107756922,0.178126197983,6093.6490118
821,8211730,24717182,8261000,0.870227979147,0.185757686517,6100.699750
822,8221723,24747161,8271000,0.870351936285,0.187080587721,6107.6853849
823,8231713,24777131,8281000,0.863474791979,0.184431235645,6114.7399098
824,8241707,24807113,8291000,0.865651625982,0.184908512624,6121.753259
825,8251694,24837074,8301000,0.869725211754,0.187891726842,6129.0175590
826,8261677,24867023,8311000,0.872764250519,0.186869142714,6136.1087179
827,8271669,24896999,8321000,0.866181724565,0.183571837289,6143.1664259
828,8281652,24926948,8331000,0.867231254931,0.188396669024,6150.3262698
829,8291637,24956903,8341000,0.862518013319,0.183721658797,6157.5102679
830,8301628,24986876,8351000,0.873871489565,0.187843371634,6164.6399428
831,8311620,25016852,8361000,0.875145468703,0.191824174972,6171.8164629
832,8321612,25046828,8371000,0.869457983387,0.188021857401,6179.0555529
833,8331605,25076807,8381000,0.87136467507,0.18525100541,6186.4356210
834,8341597,25106783,8391000,0.877309091918,0.199120191149,6193.6649818
835,8351583,25136741,8401000,0.866654981593,0.186638090612,6201.0884399
836,8361577,25166723,8411000,0.871454719398,0.189963594554,6208.3817019
837,8371568,25196696,8421000,0.869382938984,0.185163742747,6215.6167640
838,8381557,25226663,8431000,0.863095845289,0.190380376356,6222.8846728
839,8391548,25256636,8441000,0.864073366144,0.191774418037,6230.2829489
840,8401542,25288618,8452000,0.87243094797,0.191029216181,6238.2730739
841,8411531,25318585,8462000,0.858668007923,0.182801550041,6245.7744860
842,8421520,25348552,8472000,0.861385888489,0.177519540895,6253.3112099
843,8431505,25378507,8482000,0.872394426877,0.187153442172,6260.6025869
844,8441493,25408471,8492000,0.890571180103,0.200995281552,6268.1821188
845,8451481,25438435,8502000,0.862887199605,0.180064810596,6275.5168650
846,8461469,25468399,8512000,0.86516275263,0.184968841695,6282.6688489
847,8471462,25498378,8522000,0.872983276828,0.19188016453,6289.5469670
848,8481449,25528339,8532000,0.877664438111,0.190056308777,6296.5141429
849,8491436,25558300,8542000,0.863001145936,0.185465463539,6303.3898670
850,8501427,25588273,8552000,0.867046741569,0.186292897775,6310.1761579
851,8511415,25618237,8562000,0.867429111036,0.184340313225,6317.2830810
852,8521402,25648198,8572000,0.880122229408,0.206874480599,6324.2086808
853,8531394,25678174,8582000,0.869655667143,0.185600467758,6331.2836868
854,8541390,25708162,8592000,0.854853257263,0.175804421315,6338.3522870
855,8551379,25738129,8602000,0.88104429387,0.191611544837,6345.6745779
856,8561371,25768105,8612000,0.867197643779,0.187689070298,6352.6506569
857,8571365,25798087,8622000,0.880211996498,0.190851028112,6359.5802478
858,8581353,25828051,8632000,0.872552890572,0.187524334206,6366.7020480
859,8591346,25858030,8642000,0.880190762353,0.194975088987,6374.0301649
860,8601336,25889998,8653000,0.868810520477,0.184985285953,6382.0099699
861,8611325,25919965,8663000,0.868363619011,0.188021740933,6389.11306
862,8621318,25949944,8673000,0.873223885742,0.186976775586,6396.0582959
863,8631312,25979926,8683000,0.867163652178,0.181013877454,6403.2825429
864,8641303,26009899,8693000,0.862014349782,0.185070127544,6410.4100859
865,8651291,26039863,8703000,0.859595663323,0.184174173066,6417.6593668
866,8661272,26069806,8713000,0.872620807072,0.18881818985,6424.7502379
867,8671258,26099764,8723000,0.863128671014,0.19183729529,6431.7966320
868,8681247,26129731,8733000,0.878296879283,0.199390434356,6439.0120830
869,8691238,26159704,8743000,0.855036824869,0.172932287015,6446.05200
870,8701223,26189659,8753000,0.873995102318,0.183856714613,6453.1339819
871,8711216,26219638,8763000,0.872017258961,0.184892421666,6460.2965989
872,8721210,26249620,8773000,0.85847271158,0.182065144844,6467.6784570
873,8731202,26279596,8783000,0.872758657544,0.18718791228,6474.559830
874,8741189,26309557,8793000,0.868817878728,0.188450914468,6481.3675930
875,8751177,26339521,8803000,0.868406193232,0.183855095159,6488.378995
876,8761167,26369491,8813000,0.871209749829,0.182361866505,6495.5104329
877,8771159,26399467,8823000,0.872732213576,0.190054351811,6502.8041799
878,8781148,26429434,8833000,0.878861510236,0.192908437589,6510.1360359
879,8791136,26459398,8843000,0.858704428979,0.185947151732,6517.3558130
880,8801126,26491368,8854000,0.87369286563,0.188326865337,6525.3874628
881,8811120,26521350,8864000,0.875131959126,0.195662598172,6532.1901519
882,8821109,26551317,8874000,0.872714991191,0.188955343937,6539.5060589
883,8831096,26581278,8884000,0.879718190309,0.193919372757,6546.5102059
884,8841087,26611251,8894000,0.860837805689,0.191082159171,6553.7951939
885,8851079,26641227,8904000,0.858428257134,0.186954201369,6560.8657529
886,8861068,26671194,8914000,0.87559143716,0.191636537331,6567.8586809
887,8871058,26701164,8924000,0.86234369684,0.186852755535,6575.0536420
888,8881046,26731128,8934000,0.864379623835,0.188009814332,6582.1011660
889,8891032,26761086,8944000,0.879225026028,0.194990330574,6589.1891379
890,8901025,26791065,8954000,0.874672158575,0.189836527382,6596.2860078
891,8911019,26821047,8964000,0.864544175147,0.186589985233,6603.5480170
892,8921010,26851020,8974000,0.860259197564,0.184313875893,6610.6471350
893,8931002,26880996,8984000,0.871207782714,0.196043284639,6618.1711280
894,8940996,26910978,8994000,0.871970997696,0.187154237049,6625.4745318
895,8950986,26940948,9004000,0.874022651199,0.186853136776,6632.8181250
896,8960975,26970915,9014000,0.874973800066,0.19453317091,6640.0359270
897,8970962,27000876,9024000,0.856693057252,0.177543631656,6647.3966069
898,8980952,27030846,9034000,0.858737485172,0.183483982126,6654.7840499
899,8990939,27060807,9044000,0.879418157519,0.193479447074,6662.1081390
900,9000932,27092786,9055000,0.866764877046,0.18718446422,6670.02254
901,9010920,27122750,9065000,0.859188029129,0.181229059109,6677.3276889
902,9020910,27152720,9075000,0.871133422792,0.178997660569,6684.6134898
903,9030904,27182702,9085000,0.864092179612,0.186957997385,6692.1394350
904,9040892,27212666,9095000,0.86975956301,0.19644818541,6699.4681160
905,9050882,27242636,9105000,0.869131504534,0.189328768332,6706.7624449
906,9060873,27272609,9115000,0.874238332773,0.187492404264,6714.386586
907,9070866,27302588,9125000,0.866512715645,0.185615041805,6721.6605310
908,9080858,27332564,9135000,0.859499481789,0.185959116076,6729.1242890
909,9090848,27362534,9145000,0.866630698562,0.182417169535,6736.49767
910,9100840,27392510,9155000,0.857346158655,0.182501857556,6743.7442350
911,9110832,27422486,9165000,0.862461976919,0.175560260177,6751.0453779
912,9120818,27452444,9175000,0.873040752882,0.200213342264,6758.4612190
913,9130813,27482429,9185000,0.862306734158,0.182184333801,6765.57703
914,9140793,27512369,9195000,0.869454156413,0.183752651899,6772.8958568
915,9150786,27542348,9205000,0.868142956357,0.183594555473,6780.3395369
916,9160773,27572309,9215000,0.867584417097,0.183697253609,6787.7660059
917,9170766,27602288,9225000,0.869215895105,0.190161433058,6795.0158698
918,9180753,27632249,9235000,0.869617056881,0.185324599541,6802.1577708
919,9190743,27662219,9245000,0.871075188563,0.184836796364,6809.6559450
920,9200739,27694207,9256000,0.856850108064,0.17998829418,6817.3627638
921,9210729,27724177,9266000,0.857284377782,0.179656128182,6824.8704609
922,9220719,27754147,9276000,0.862080707692,0.183762047575,6832.0038979
923,9230711,27784123,9286000,0.868987769935,0.186810147837,6839.1347410
924,9240708,27814114,9296000,0.880602603472,0.192747159818,6846.3912298
925,9250703,27844099,9306000,0.870146594673,0.186439525829,6853.5195438
926,9260696,27874078,9316000,0.872500109913,0.183329576372,6860.6140508
927,9270689,27904057,9326000,0.874061730198,0.193258049942,6867.5949580
928,9280678,27934024,9336000,0.856482498653,0.183289670992,6874.4891169
929,9290667,27963991,9346000,0.867579059054,0.188028449033,6881.6903989
930,9300655,27993955,9356000,0.869714735228,0.192701268006,6888.7516279
931,9310646,28023928,9366000,0.854092339843,0.186768651102,6896.0574009
932,9320639,28053907,9376000,0.858028415527,0.176033143536,6902.9675109
933,9330628,28083874,9386000,0.874927255489,0.191493040198,6910.2702438
934,9340616,28113838,9396000,0.878707471271,0.18912886129,6917.602521
935,9350603,28143799,9406000,0.853156017319,0.181325984996,6924.6933569
936,9360589,28173757,9416000,0.871604473296,0.19159181217,6932.0551
937,9370580,28203730,9426000,0.845387137514,0.172595048136,6939.3034088
938,9380573,28233709,9436000,0.868189481612,0.18139136938,6946.5607850
939,9390563,28263679,9446000,0.859898839488,0.185965968915,6953.9031119
940,9400547,28295631,9457000,0.858068672174,0.178847391276,6961.8660690
941,9410538,28325604,9467000,0.870831458054,0.189609301726,6968.9424550
942,9420530,28355580,9477000,0.867507128267,0.188545108402,6976.2174818
943,9430517,28385541,9487000,0.856428788355,0.178088766983,6983.3408119
944,9440509,28415517,9497000,0.865635208492,0.188197218382,6990.3706309
945,9450497,28445481,9507000,0.876865096789,0.192574772881,6997.4276769
946,9460489,28475457,9517000,0.870612780726,0.190812783168,7004.5380458
947,9470478,28505424,9527000,0.857880736598,0.183733460181,7011.5809328
948,9480469,28535397,9537000,0.86075642597,0.188391235164,7018.5289938
949,9490456,28565358,9547000,0.868963468592,0.184819785772,7025.6155710
950,9500445,28595325,9557000,0.856114087171,0.184798177505,7032.5936229
951,9510433,28625289,9567000,0.882218600638,0.195255199956,7039.6027200
952,9520420,28655250,9577000,0.862405007827,0.181251699643,7046.8104140
953,9530412,28685226,9587000,0.870158038155,0.190323400777,7053.9860949
954,9540399,28715187,9597000,0.866495398924,0.188646118862,7061.0115590
955,9550390,28745160,9607000,0.857570020122,0.187035469378,7068.0313909
956,9560379,28775127,9617000,0.860857581532,0.182667763208,7075.2794270
957,9570369,28805097,9627000,0.871473723972,0.183977368101,7082.4808070
958,9580359,28835067,9637000,0.866792981093,0.195596666371,7089.5937728
959,9590353,28865049,9647000,0.873294833293,0.194150066544,7096.6715910
960,9600342,28897016,9658000,0.869267797597,0.195399808396,7104.5357849
961,9610332,28926986,9668000,0.872643589621,0.190611579996,7111.5298149
962,9620315,28956935,9678000,0.870737862959,0.186187808321,7118.7907059
963,9630304,28986902,9688000,0.870424928611,0.183958659759,7125.9503798
964,9640298,29016884,9698000,0.869754569701,0.183854046117,7133.0613110
965,9650283,29046839,9708000,0.878149263247,0.191785177675,7140.207192
966,9660275,29076815,9718000,0.863142238228,0.185392697959,7147.3534488
967,9670266,29106788,9728000,0.871046496267,0.200793739938,7154.4932460
968,9680250,29136740,9738000,0.866944130254,0.186616245725,7161.60793
969,9690242,29166716,9748000,0.867060013424,0.187641050091,7168.7410750
970,9700232,29196686,9758000,0.863651262051,0.183079978356,7175.918253
971,9710222,29226656,9768000,0.871418890886,0.189874414896,7183.0705959
972,9720209,29256617,9778000,0.872040036137,0.189841392315,7190.1531460
973,9730200,29286590,9788000,0.866906356111,0.186253513567,7197.2066879
974,9740189,29316557,9798000,0.854900717911,0.179239572281,7204.1208269
975,9750174,29346512,9808000,0.852272980289,0.177822220158,7211.1363589
976,9760162,29376476,9818000,0.859045248675,0.18165595446,7218.2426528
977,9770143,29406419,9828000,0.858675052658,0.178740738642,7225.2906100
978,9780133,29436389,9838000,0.86193669072,0.185903035474,7232.4860329
979,9790127,29466371,9848000,0.874792701243,0.191255001946,7239.9111690
980,9800118,29498344,9859000,0.868491826655,0.190329887372,7247.9702398
981,9810106,29528308,9869000,0.858361026648,0.18010522341,7254.9540550
982,9820097,29558281,9879000,0.864822226932,0.195099552584,7262.0687880
983,9830089,29588257,9889000,0.851639025176,0.178289672745,7269.1895339
984,9840081,29618233,9899000,0.874127950965,0.196110970226,7276.3326640
985,9850072,29648206,9909000,0.873389173609,0.193086379226,7283.6840629
986,9860066,29678188,9919000,0.859055759166,0.180026860618,7290.5770769
987,9870057,29708161,9929000,0.874310835793,0.193294504074,7297.6517770
988,9880046,29738128,9939000,0.863440239319,0.184237904836,7304.7702720
989,9890031,29768083,9949000,0.869176428534,0.188726634605,7311.8980429
990,9900024,29798062,9959000,0.863900515899,0.183473740292,7319.0271499
991,9910016,29828038,9969000,0.864280184067,0.190179789067,7326.1161708
992,9920005,29858005,9979000,0.877081200731,0.193276036304,7333.3575189
993,9929999,29887987,9989000,0.865917857999,0.183040805991,7340.4372248
994,9939981,29917933,9999000,0.85726761386,0.175954063299,7348.2517330
995,9949971,29947903,10009000,0.874673680696,0.189993999505,7356.0567209
996,9959959,29977867,10019000,0.877463983625,0.200547226677,7363.71369
997,9969953,30007849,10029000,0.865462087438,0.192936119951,7371.3160169
998,9979944,30037822,10039000,0.857985981001,0.183210283902,7378.6623060
999,9989935,30067795,10049000,0.866362374724,0.189281028149,7385.9771900
1000,9999930,30099780,10060000,0.864273140939,0.184164646098,7393.9067690
1001,10009925,30129765,10070000,0.864130353432,0.182975562298,7401.2603030
