0,1000,3000,1000,314.922699981,63.7834699317,0.56389403343
1,2000,6000,2000,124.612353374,59.1160252321,0.66395616531
2,3000,9000,3000,9167.21606366,188.348228526,0.7645041942
3,4000,12000,4000,16352.7330593,230.02402021,0.86484813690
4,5000,15000,5000,5880.41399497,172.260340953,0.96796202659
5,6000,18000,6000,2312.45297256,123.558514278,1.0743501186
6,7000,21000,7000,750.210580537,89.71030769,1.1780722141
7,8000,24000,8000,398.243887732,77.8302957231,1.2791361808
8,9000,27000,9000,275.721454941,97.0219098917,1.3802270889
9,10000,30000,10000,564.384782641,95.8662265536,1.4943070411
10,11000,33000,11000,192.19673491,87.1645749821,1.5941960811
11,12000,36000,12000,275.055803157,93.5144884722,1.6940231323
12,13000,39000,13000,190.256392584,91.4344866365,1.7948930263
13,14000,42000,14000,191.899807772,81.8463886165,1.8950572013
14,15000,45000,15000,98.6756289512,70.1411135516,1.9970660209
15,16000,48000,16000,91.0518923769,77.0852931922,2.0969882011
16,17000,51000,17000,95.3890593441,88.466876739,2.1974761486
17,18000,54000,18000,124.265414593,70.2476384233,2.2986609935
18,19000,57000,19000,39.6961032025,76.6251507755,2.3985149860
19,20000,60000,20000,122.65126161,82.9439954306,2.5000171661
20,21000,71000,25000,45.0545705095,78.8977940846,3.2165021896
21,22000,74000,26000,92.6993674485,84.9018625233,3.3213691711
22,23000,77000,27000,51.9352849352,78.1730714799,3.4286630153
23,24000,80000,28000,63.021101322,80.4108074938,3.535559177
24,25000,83000,29000,50.0243566661,74.0425302347,3.6409521102
25,26000,86000,30000,47.0698362306,73.323137739,3.7480881214
26,27000,89000,31000,41.4085495817,84.4277120188,3.8676559925
27,28000,92000,32000,61.5492547387,70.2123906413,3.9726550579
28,29000,95000,33000,24.5969733667,66.3265409629,4.0784461498
29,30000,98000,34000,47.0278439552,74.3936744739,4.1838600635
30,31000,101000,35000,28.3614612787,68.0303160735,4.2899692058
31,32000,104000,36000,40.0114706831,77.4226125976,4.3939380645
32,33000,107000,37000,37.1356139935,72.7014439156,4.5110561847
33,34000,110000,38000,31.9974834653,68.0059543229,4.6156280040
34,35000,113000,39000,29.8504433752,80.5080683186,4.7201139926
35,36000,116000,40000,39.9805956443,72.59212995,4.8282840251
36,37000,119000,41000,23.0849592171,71.4240855759,4.9344320297
37,38000,122000,42000,36.5694186433,72.9136329657,5.040438175
38,39000,125000,43000,23.7569713285,74.0658726746,5.1504940986
39,40000,128000,44000,33.6897576988,68.3737725109,5.2551040649
40,41000,139000,49000,19.5201285906,66.7435157691,6.3600900173
41,42000,142000,50000,29.9035924771,74.2341183725,6.4687931537
42,43000,145000,51000,30.3541261087,74.741743141,6.5991880893
43,44000,148000,52000,29.8268194858,75.7092990523,6.725143194
44,45000,151000,53000,29.6168322757,70.3832516286,6.8507330417
45,46000,154000,54000,29.3870969811,65.6942826036,6.9752080440
46,47000,157000,55000,29.8478204746,67.3158804032,7.0996479988
47,48000,160000,56000,29.6614682796,68.5506110382,7.2229440212
48,49000,163000,57000,29.7094008815,84.5178450189,7.3468000888
49,50000,166000,58000,30.1470870788,74.4103688882,7.4860210418
50,51000,169000,59000,29.5028237662,69.7156641959,7.6128041744
51,52000,172000,60000,29.7045017249,70.1237794812,7.737699985
52,53000,175000,61000,30.2634586586,74.0792225979,7.8627390861
53,54000,178000,62000,29.5648446079,70.9364596872,7.9914820194
54,55000,181000,63000,29.3461867288,68.2460768549,8.1164259910
55,56000,184000,64000,29.666435918,68.7758450349,8.2447171211
56,57000,187000,65000,29.1054565622,69.8655839292,8.3744521141
57,58000,190000,66000,29.9677428159,69.971930455,8.5025091171
58,59000,193000,67000,30.7239698225,77.4592255592,8.6270329952
59,60000,196000,68000,29.5021233401,68.4482390525,8.7515470981
60,61000,207000,73000,29.1835303776,70.205139625,10.245776176
61,62000,210000,74000,29.4004764513,75.6401501127,10.350261211
62,63000,213000,75000,29.1198799575,68.7117481808,10.459419012
63,64000,216000,76000,29.4326303124,81.7535340749,10.56640911
64,65000,219000,77000,28.7243252944,76.0210136841,10.67253518
65,66000,222000,78000,28.336217586,68.6616269008,10.778311014
66,67000,225000,79000,27.5745404743,72.8834776157,10.885264158
67,68000,228000,80000,27.1732165739,76.3630414516,10.990687131
68,69000,231000,81000,26.8979829645,76.6576478127,11.094386100
69,70000,234000,82000,25.7863657011,65.9827214151,11.200284004
70,71000,237000,83000,25.7544004696,80.9532068225,11.307291984
71,72000,240000,84000,25.9916322152,67.5370751427,11.414223194
72,73000,243000,85000,24.9804143054,70.1295944156,11.519042015
73,74000,246000,86000,24.7910298442,72.8761213901,11.624727010
74,75000,249000,87000,25.3635306348,70.2669329092,11.730379104
75,76000,252000,88000,24.4226050757,68.814041624,11.835949182
76,77000,255000,89000,24.0548279663,72.1498807106,11.942241191
77,78000,258000,90000,25.2688663533,81.9870689036,12.048431158
78,79000,261000,91000,23.3056406481,70.4715951805,12.153905153
79,80000,264000,92000,23.4203389515,70.4057340514,12.258620023
80,81000,275000,97000,22.0464548891,70.8955531293,14.078672170
81,82000,278000,98000,24.2816019928,88.9695016449,14.183185100
82,83000,281000,99000,22.5959151932,73.3044754102,14.2875940
83,84000,284000,100000,22.5329392649,70.5505213183,14.392445087
84,85000,287000,101000,22.8934189405,65.968540751,14.497240066
85,86000,290000,102000,23.3848727845,73.144065476,14.603248119
86,87000,293000,103000,22.054732472,72.9470406777,14.709136009
87,88000,296000,104000,22.4087392249,83.3749734785,14.814772129
88,89000,299000,105000,21.5232027221,65.8947840696,14.92027616
89,90000,302000,106000,22.7826292228,78.0631839498,15.02726912
90,91000,305000,107000,21.37613959,64.9565548385,15.134610176
91,92000,308000,108000,20.805304849,60.0760972717,15.238224029
92,93000,311000,109000,21.4660733134,65.3126736222,15.344096183
93,94000,314000,110000,20.3128222083,65.735408951,15.450206041
94,95000,317000,111000,21.7974401371,79.455481332,15.555873155
95,96000,320000,112000,22.1536746898,74.1773694725,15.66220903
96,97000,323000,113000,21.4790523999,78.1961287736,15.767527103
97,98000,326000,114000,21.708514763,70.4236942923,15.873272180
98,99000,329000,115000,20.3121654545,69.9461501854,15.980635166
99,100000,332000,116000,20.2408018868,66.1681571459,16.090944051
100,101000,343000,121000,19.982760605,75.6171447321,18.322864055
101,102000,346000,122000,19.6996850551,62.2705530014,18.433356046
102,103000,349000,123000,21.0710774621,65.2297045289,18.540814161
103,104000,352000,124000,19.910791594,69.7875959793,18.646039009
104,105000,355000,125000,19.9930503187,70.3325816826,18.756641149
105,106000,358000,126000,20.6192117815,73.8790436846,18.870113134
106,107000,361000,127000,19.6597620327,69.5560247247,18.975931167
107,108000,364000,128000,20.0361214504,74.0844669859,19.081082105
108,109000,367000,129000,19.4998107813,65.0970108098,19.190672159
109,110000,370000,130000,19.1699541468,70.6836095421,19.30399203
110,111000,373000,131000,18.5687940513,72.4583998422,19.416995048
111,112000,376000,132000,18.2845271198,70.3475860811,19.529921054
112,113000,379000,133000,18.8656794052,69.501400835,19.639584064
113,114000,382000,134000,18.9372014301,69.7196754622,19.75004100
114,115000,385000,135000,19.0201007975,71.706091032,19.861199140
115,116000,388000,136000,19.0796811869,72.9549425924,19.971775054
116,117000,391000,137000,18.5358679004,72.6965893608,20.07859206
117,118000,394000,138000,18.0486196873,63.7383283922,20.185965061
118,119000,397000,139000,18.3957633787,69.0179894235,20.292600154
119,120000,400000,140000,19.2440727719,78.77675474,20.400075197
120,121000,411000,145000,17.6791568718,59.4846331061,23.014654159
121,122000,414000,146000,18.1602953431,67.6546028782,23.120935201
122,123000,417000,147000,18.2783230569,68.1806043348,23.227176189
123,124000,420000,148000,17.7681538177,67.0310192689,23.33463311
124,125000,423000,149000,18.7265533022,73.1553934844,23.441896200
125,126000,426000,150000,17.9950295547,67.4355935879,23.550325155
126,127000,429000,151000,17.7840875952,67.9676220981,23.657260179
127,128000,432000,152000,17.7524489982,63.0491464851,23.764147996
128,129000,435000,153000,17.7764535689,64.2695588483,23.874690055
129,130000,438000,154000,17.7170190711,64.8849473088,23.977529048
130,131000,441000,155000,17.5941049362,67.1091989106,24.081986188
131,132000,444000,156000,17.9291381992,69.0469180372,24.184151172
132,133000,447000,157000,17.3096250004,64.8082950999,24.287750005
133,134000,450000,158000,17.15281776,72.126355827,24.392746210
134,135000,453000,159000,17.5872288988,66.301457568,24.497686147
135,136000,456000,160000,17.5714223458,69.4080925702,24.603376150
136,137000,459000,161000,16.9059094263,70.4408172287,24.707937002
137,138000,462000,162000,18.0949010804,71.5883353428,24.813583135
138,139000,465000,163000,17.3321422301,73.1284189151,24.918434143
139,140000,468000,164000,16.2866469627,67.034746894,25.020833015
140,141000,479000,169000,17.196121517,66.4851932305,27.936679124
141,142000,482000,170000,16.0765709154,63.2413584527,28.047427177
142,143000,485000,171000,16.6245857574,71.5605732078,28.1569631
143,144000,488000,172000,16.4285684856,62.481555813,28.265698194
144,145000,491000,173000,16.7845853816,67.0944950757,28.375197172
145,146000,494000,174000,17.2964054502,71.3667347056,28.488924980
146,147000,497000,175000,16.6773472952,63.3563551286,28.599235057
147,148000,500000,176000,17.2473910141,70.1168531775,28.710400104
148,149000,503000,177000,16.8090822625,65.2516574955,28.817181110
149,150000,506000,178000,16.398715886,67.8495639634,28.927845001
150,151000,509000,179000,17.1139027919,74.4810985746,29.035016059
151,152000,512000,180000,16.0804267423,76.4454431211,29.150760173
152,153000,515000,181000,16.9491706333,66.0232464123,29.258773088
153,154000,518000,182000,15.9473677168,68.4048519706,29.367354154
154,155000,521000,183000,15.7088519566,63.8428830644,29.476210117
155,156000,524000,184000,16.1928447431,64.8084022592,29.587956190
156,157000,527000,185000,16.6794009683,66.6224735993,29.699340105
157,158000,530000,186000,15.5825650167,61.147041084,29.80865812
158,159000,533000,187000,15.7802331359,64.6342378765,29.916091203
159,160000,536000,188000,16.4188329763,65.0014008839,30.027194976
160,161000,547000,193000,16.1668841576,63.5681121109,33.313770055
161,162000,550000,194000,16.3749738784,67.2719302512,33.422008037
162,163000,553000,195000,15.0698479244,68.6103680505,33.531702041
163,164000,556000,196000,15.4526696878,71.370144149,33.63786816
164,165000,559000,197000,15.6263965417,63.9064087703,33.744342088
165,166000,562000,198000,16.4063458621,69.2649590394,33.852846145
166,167000,565000,199000,15.9872864802,67.8417731738,33.959995031
167,168000,568000,200000,16.0221125607,64.6444754961,34.06522607
168,169000,571000,201000,15.7289429497,71.2742162771,34.172945022
169,170000,574000,202000,15.2001345005,67.9781279453,34.280373096
170,171000,577000,203000,15.9716657487,64.4987089188,34.386901140
171,172000,580000,204000,15.9657349175,60.4785271794,34.502073049
172,173000,583000,205000,15.8406357616,69.2135754649,34.608569145
173,174000,586000,206000,16.0007606197,69.0011734907,34.715748071
174,175000,589000,207000,15.8168649014,62.6633591665,34.823016166
175,176000,592000,208000,15.4437862245,62.058092406,34.931739091
176,177000,595000,209000,15.0180625997,63.8625938654,35.03828215
177,178000,598000,210000,14.9630819729,63.4217993286,35.144278049
178,179000,601000,211000,15.8352487052,69.4247070219,35.250955104
179,180000,604000,212000,15.7356628708,65.3097967232,35.359093189
180,181000,615000,217000,15.7763709626,65.5450064643,39.047286033
181,182000,618000,218000,15.2482560306,66.9142479695,39.154440164
182,183000,621000,219000,14.8366140242,67.767512033,39.260544061
183,184000,624000,220000,15.8337832507,74.8906026906,39.368201017
184,185000,627000,221000,16.1325811475,61.7976853585,39.477229118
185,186000,630000,222000,15.5861574268,64.6780912492,39.585348129
186,187000,633000,223000,15.4651903051,64.384798192,39.691572189
187,188000,636000,224000,14.9369084995,56.6427119939,39.800141096
188,189000,639000,225000,15.483154644,65.018820829,39.907112121
189,190000,642000,226000,15.6142822013,64.5197039588,40.012286186
190,191000,645000,227000,15.2239698293,65.7628244098,40.12222099
191,192000,648000,228000,15.1486888579,66.3778442305,40.230499982
192,193000,651000,229000,15.4971482882,62.3376566431,40.336868047
193,194000,654000,230000,15.7793626366,67.3081972846,40.447508096
194,195000,657000,231000,16.2595880314,69.4173963996,40.55707120
195,196000,660000,232000,14.9958803746,64.6851952217,40.666716098
196,197000,663000,233000,15.5132481073,65.6015996318,40.771578073
197,198000,666000,234000,15.938263971,71.4249680399,40.878302097
198,199000,669000,235000,15.339191437,68.0084945259,40.985961198
199,200000,672000,236000,15.0993519041,66.7246842513,41.093245029
200,201000,683000,241000,14.5051028695,59.0487775372,45.114366054
201,202000,686000,242000,14.9178725016,65.5992400162,45.221579074
202,203000,689000,243000,15.6760935468,71.0676678932,45.326858997
203,204000,692000,244000,15.635999869,73.0640849285,45.435137987
204,205000,695000,245000,15.5734533683,66.7984295456,45.54449009
205,206000,698000,246000,15.4656951488,75.0862140328,45.65127921
206,207000,701000,247000,14.7094668959,61.8374730528,45.760233163
207,208000,704000,248000,15.3353763392,61.1637829461,45.870055198
208,209000,707000,249000,14.8506645865,57.0769405445,45.977178096
209,210000,710000,250000,15.435498332,62.6984242741,46.083165168
210,211000,713000,251000,15.1560998822,69.4331729405,46.192790031
211,212000,716000,252000,15.4163215379,73.5764360229,46.30104613
212,213000,719000,253000,14.2290008637,60.3764252791,46.410744190
213,214000,722000,254000,14.8916291033,69.9088744771,46.520671129
214,215000,725000,255000,16.0057605716,69.1120570736,46.630386114
215,216000,728000,256000,14.7633613891,63.5293326807,46.737461090
216,217000,731000,257000,14.5126634776,55.782021435,46.843730211
217,218000,734000,258000,14.4168375103,64.7059146363,46.952448129
218,219000,737000,259000,14.4738803289,62.8083714079,47.061606168
219,220000,740000,260000,15.0121268213,69.0447912899,47.168698072
220,221000,751000,265000,15.4084328452,72.9852411145,50.999716997
221,222000,754000,266000,14.5480236917,58.8519820885,51.109034061
222,223000,757000,267000,14.4683544265,61.5767081126,51.216704130
223,224000,760000,268000,14.8862154306,66.0168063254,51.320139169
224,225000,763000,269000,15.010803113,68.6227980354,51.426723003
225,226000,766000,270000,15.2199823413,66.9921035261,51.534752130
226,227000,769000,271000,14.0018366037,60.8155140414,51.639597177
227,228000,772000,272000,14.4458985822,64.1954571939,51.744302034
228,229000,775000,273000,14.6886678203,67.6099781325,51.851356029
229,230000,778000,274000,15.0537010636,63.5694988364,51.95798301
230,231000,781000,275000,14.2411385592,60.5742486812,52.06266403
231,232000,784000,276000,14.7054101928,63.6753977984,52.170513153
232,233000,787000,277000,14.4982306713,64.7524176842,52.278573989
233,234000,790000,278000,14.9590594201,65.8575130694,52.385374069
234,235000,793000,279000,14.2562923027,60.6076280869,52.49297809
235,236000,796000,280000,14.6993446526,57.463779349,52.601082086
236,237000,799000,281000,14.2946041998,59.9819569847,52.710911989
237,238000,802000,282000,14.5012261298,70.7952364596,52.814105987
238,239000,805000,283000,15.0308972337,61.4265778913,52.922492027
239,240000,808000,284000,14.6623078353,60.7539826454,53.030609130
240,241000,819000,289000,15.8349716778,75.2454648127,57.069843053
241,242000,822000,290000,14.341303341,69.5257717469,57.179134130
242,243000,825000,291000,15.6034712574,67.6383191094,57.28575205
243,244000,828000,292000,14.8945480402,62.6488744532,57.393437147
244,245000,831000,293000,14.2164214137,61.7880972382,57.503089189
245,246000,834000,294000,13.9388765001,68.5807776535,57.612418174
246,247000,837000,295000,14.4273907024,53.9576455579,57.717737197
247,248000,840000,296000,15.2216211795,69.9019039868,57.827013015
248,249000,843000,297000,14.6840320555,69.3546644335,57.936133146
249,250000,846000,298000,15.0175632887,62.6781591047,58.041086196
250,251000,849000,299000,14.496572911,60.2801671192,58.146781206
251,252000,852000,300000,14.308050309,64.2711786089,58.254709005
252,253000,855000,301000,14.4351318493,63.4864589859,58.363689184
253,254000,858000,302000,15.6711346507,73.0505310945,58.473215103
254,255000,861000,303000,14.7216475001,62.439322632,58.580099105
255,256000,864000,304000,14.1339684009,65.257855043,58.687113046
256,257000,867000,305000,13.8203469957,67.0913101033,58.793572187
257,258000,870000,306000,14.3403275768,62.2502227279,58.899234056
258,259000,873000,307000,14.5528108724,61.1426106329,59.005943059
259,260000,876000,308000,14.3892965273,64.3825988386,59.112665176
260,261000,887000,313000,13.6780155889,52.7369293574,63.118147134
261,262000,890000,314000,14.6450178603,64.9745158639,63.227887153
262,263000,893000,315000,14.2174443192,61.9875527966,63.332781076
263,264000,896000,316000,14.7754337875,62.304698088,63.441128015
264,265000,899000,317000,14.0687313252,60.1512889381,63.550477027
265,266000,902000,318000,14.8499988392,66.2370311216,63.657807111
266,267000,905000,319000,14.8027911495,63.9666785895,63.76364111
267,268000,908000,320000,14.8675799532,63.6166620894,63.871932029
268,269000,911000,321000,14.4575076341,64.4800274472,63.980069160
269,270000,914000,322000,13.921629908,58.8412684978,64.088030099
270,271000,917000,323000,14.8434129683,65.7530499874,64.196539163
271,272000,920000,324000,14.2425552919,64.8428926065,64.305795192
272,273000,923000,325000,14.0747994049,63.8637146055,64.417325019
273,274000,926000,326000,14.4137124314,62.9215333983,64.538597106
274,275000,929000,327000,14.1338495577,65.1439078601,64.64834809
275,276000,932000,328000,14.152925017,61.2428869766,64.757012128
276,277000,935000,329000,14.5176965202,65.4800563216,64.862979173
277,278000,938000,330000,14.3029796026,58.0013346109,64.970522165
278,279000,941000,331000,14.2490876666,62.9157461742,65.078140020
279,280000,944000,332000,14.4398415646,58.480028236,65.183818101
280,281000,955000,337000,14.330355983,58.6736901348,69.246831178
281,282000,958000,338000,15.3985680858,70.5519210047,69.352746009
282,283000,961000,339000,14.0734351132,57.9310749169,69.459868192
283,284000,964000,340000,13.9944132136,59.5880972603,69.567247152
284,285000,967000,341000,14.2723512669,65.7139941582,69.673662185
285,286000,970000,342000,14.9193034518,61.429549401,69.781551122
286,287000,973000,343000,14.362867762,60.0066691717,69.890386104
287,288000,976000,344000,14.1418313967,59.9668556132,69.99856805
288,289000,979000,345000,13.7878917328,65.7465351331,70.104652166
289,290000,982000,346000,13.9616060586,59.6862778456,70.212507009
290,291000,985000,347000,14.7769505056,60.7260166365,70.320909023
291,292000,988000,348000,14.4799545741,59.5443451684,70.432485103
292,293000,991000,349000,14.1225073615,61.4667951993,70.542196989
293,294000,994000,350000,14.2054616454,64.9178518899,70.650199174
294,295000,997000,351000,14.5372314062,65.3413733842,70.757784128
295,296000,1000000,352000,14.2438209362,65.9121080331,70.863301038
296,297000,1003000,353000,13.9971443877,55.9083548561,70.971041202
297,298000,1006000,354000,13.9088350526,52.224635318,71.079167127
298,299000,1009000,355000,14.319612282,57.5551749849,71.184647083
299,300000,1012000,356000,14.761747622,69.1338633563,71.292621135
300,301000,1023000,361000,14.1031347864,60.6050441262,75.115931034
301,302000,1026000,362000,14.0227060733,64.6225011269,75.223892211
302,303000,1029000,363000,14.2000153153,67.1498681575,75.32812213
303,304000,1032000,364000,13.6853918304,54.569008424,75.43594217
304,305000,1035000,365000,14.7624002083,68.9902533948,75.544696092
305,306000,1038000,366000,14.3589410912,66.6140467066,75.653060197
306,307000,1041000,367000,14.2697894144,62.223919072,75.758980035
307,308000,1044000,368000,13.822883782,64.9700161589,75.868033170
308,309000,1047000,369000,14.347182995,57.5533280265,75.976458072
309,310000,1050000,370000,14.1260854013,62.6788281522,76.082673072
310,311000,1053000,371000,14.0743340675,58.6347797296,76.190147161
311,312000,1056000,372000,14.3994302521,70.2344172518,76.298114061
312,313000,1059000,373000,14.4159870589,62.2452773138,76.407557010
313,314000,1062000,374000,13.6336225367,70.5098727239,76.517225027
314,315000,1065000,375000,15.0020543052,69.0513742735,76.624912023
315,316000,1068000,376000,14.5568187979,66.9458668937,76.732969999
316,317000,1071000,377000,13.6402555745,59.9052845577,76.839169979
317,318000,1074000,378000,14.5313654095,64.0753682986,76.947170019
318,319000,1077000,379000,13.8251059594,65.9565177587,77.055015087
319,320000,1080000,380000,14.017322801,57.2931894025,77.168383121
320,321000,1091000,385000,13.7257672406,53.5999268194,81.194648027
321,322000,1094000,386000,14.084318186,60.9158214015,81.303259134
322,323000,1097000,387000,14.2049712275,62.0341499086,81.409003019
323,324000,1100000,388000,13.9340002757,60.5096123992,81.518042087
324,325000,1103000,389000,14.1813723729,64.0464872262,81.626146078
325,326000,1106000,390000,15.2070392759,65.3125419597,81.732283115
326,327000,1109000,391000,14.5246963799,67.7122435464,81.839790105
327,328000,1112000,392000,14.0540701757,71.2869174086,81.947057008
328,329000,1115000,393000,14.6711060311,65.6853758229,82.053203105
329,330000,1118000,394000,14.0301984705,65.6570425003,82.158712148
330,331000,1121000,395000,13.0871238172,58.2375647563,82.267183065
331,332000,1124000,396000,14.0106453329,62.0764411461,82.375058174
332,333000,1127000,397000,13.9765205414,70.9480814347,82.484789133
333,334000,1130000,398000,14.4680124007,62.7229580882,82.592211008
334,335000,1133000,399000,13.5107556976,55.7725430427,82.699695110
335,336000,1136000,400000,14.4568473814,66.9104587696,82.806740999
336,337000,1139000,401000,13.8348848851,61.342775074,82.912631988
337,338000,1142000,402000,13.8300978074,58.5219131618,83.020265102
338,339000,1145000,403000,14.5791095996,70.3791433062,83.128166198
339,340000,1148000,404000,14.2375003893,67.8918757173,83.233153104
340,341000,1159000,409000,13.9332076227,71.1951074717,87.227827072
341,342000,1162000,410000,13.5043226537,59.2980926828,87.333379983
342,343000,1165000,411000,14.620360624,60.7095636536,87.439915180
343,344000,1168000,412000,13.7020552016,63.7291676854,87.547195196
344,345000,1171000,413000,13.930351993,60.9119576649,87.654861211
345,346000,1174000,414000,13.8161029926,52.8301013064,87.760646104
346,347000,1177000,415000,14.3093883438,69.3177823612,87.868304014
347,348000,1180000,416000,13.7743938321,60.9311593778,87.97622418
348,349000,1183000,417000,13.7448809855,60.2071962699,88.082171201
349,350000,1186000,418000,13.3013388626,60.1831508573,88.188982009
350,351000,1189000,419000,14.5635799967,64.46804452,88.299582004
351,352000,1192000,420000,14.053750977,65.7682356489,88.409372091
352,353000,1195000,421000,14.0639283806,65.9095728219,88.518901109
353,354000,1198000,422000,13.2362376431,61.406679329,88.624109983
354,355000,1201000,423000,14.1575998162,62.9409738555,88.734893083
355,356000,1204000,424000,13.5094061598,64.1746354978,88.840733051
356,357000,1207000,425000,13.9395235848,57.4010628667,88.948831081
357,358000,1210000,426000,12.9469156046,59.1192549461,89.056331157
358,359000,1213000,427000,14.5541010857,62.7372271493,89.164637088
359,360000,1216000,428000,14.1757584392,61.6693631978,89.269623041
360,361000,1227000,433000,13.8911782147,64.3373320541,93.310310125
361,362000,1230000,434000,13.6050875013,58.3448578091,93.418065071
362,363000,1233000,435000,14.0427319883,62.0649395696,93.526732206
363,364000,1236000,436000,14.6431712944,62.7926470697,93.63533520
364,365000,1239000,437000,13.7135224008,54.970517415,93.739863157
365,366000,1242000,438000,14.2482389046,73.0254102165,93.848219156
366,367000,1245000,439000,13.9388648799,62.2729683689,93.956538200
367,368000,1248000,440000,13.5372101886,62.3890320091,94.062427043
368,369000,1251000,441000,13.9464619984,62.7262138033,94.168884992
369,370000,1254000,442000,13.4789197922,57.479425034,94.278017044
370,371000,1257000,443000,13.3728965239,60.8618927383,94.386403083
371,372000,1260000,444000,14.5067624182,66.6805183988,94.503354072
372,373000,1263000,445000,14.184798149,65.7121458188,94.613059043
373,374000,1266000,446000,13.3363791607,74.8506143216,94.72196817
374,375000,1269000,447000,13.244488951,56.26793716,94.828042030
375,376000,1272000,448000,13.3321851978,55.4201042467,94.935253143
376,377000,1275000,449000,13.7619563487,63.9845170743,95.04341816
377,378000,1278000,450000,13.7501407758,64.4688080431,95.150197029
378,379000,1281000,451000,13.5105662445,59.2978980445,95.25448608
379,380000,1284000,452000,13.8301008346,65.3535253407,95.364457130
380,381000,1295000,457000,13.4131938252,60.9311927652,99.245418071
381,382000,1298000,458000,13.9257425045,65.7617463845,99.354243993
382,383000,1301000,459000,13.3643286688,66.6792044721,99.465384006
383,384000,1304000,460000,13.5606271343,62.5425321488,99.573662996
384,385000,1307000,461000,13.8046015596,64.4815701123,99.6781120
385,386000,1310000,462000,14.0799976206,62.3893722537,99.784407138
386,387000,1313000,463000,13.864920426,63.0230639997,99.894273042
387,388000,1316000,464000,12.2272358314,56.0965253945,100.00218319
388,389000,1319000,465000,14.2699616425,61.7537227095,100.10645699
389,390000,1322000,466000,14.0561026452,65.80826606,100.21459913
390,391000,1325000,467000,13.506150438,66.5120887409,100.32218408
391,392000,1328000,468000,13.2311090206,58.0048079852,100.43877720
392,393000,1331000,469000,13.0847295545,56.7730364177,100.54493308
393,394000,1334000,470000,13.0798502544,56.9872988579,100.65128111
394,395000,1337000,471000,13.463378672,56.1446596446,100.75800013
395,396000,1340000,472000,13.572934953,60.0310047824,100.86135411
396,397000,1343000,473000,13.6356502139,62.4294600395,100.96950507
397,398000,1346000,474000,13.3970326992,59.901316685,101.08097410
398,399000,1349000,475000,14.5103944108,67.8776450239,101.1886382
399,400000,1352000,476000,14.3547003405,69.3646885815,101.29379010
400,401000,1363000,481000,14.0128444416,56.7351421024,105.30490803
401,402000,1366000,482000,13.0421664902,60.9661814304,105.41068601
402,403000,1369000,483000,13.4033784449,61.5077366598,105.51914715
403,404000,1372000,484000,13.0395561661,60.3355482589,105.63031005
404,405000,1375000,485000,12.9206330748,57.5383857898,105.73469114
405,406000,1378000,486000,14.1592130048,59.452376542,105.84350204
406,407000,1381000,487000,13.5444256424,56.3025018095,105.95250010
407,408000,1384000,488000,13.3564654067,57.24881106,106.06110811
408,409000,1387000,489000,13.3606393472,57.9658629077,106.16717815
409,410000,1390000,490000,14.2622155429,60.6150987366,106.27588009
410,411000,1393000,491000,13.2853927331,56.0595865878,106.38500404
411,412000,1396000,492000,13.4694145036,69.3982206192,106.50232315
412,413000,1399000,493000,13.2858295814,62.7895727864,106.61057400
413,414000,1402000,494000,13.2423410227,57.3642880608,106.72053098
414,415000,1405000,495000,14.4572002552,66.6469504573,106.82633113
415,416000,1408000,496000,13.8082005302,69.2484732776,106.93150019
416,417000,1411000,497000,13.7113895144,63.191562209,107.03982615
417,418000,1414000,498000,13.1330147783,58.8557307692,107.14785599
418,419000,1417000,499000,13.1772121188,59.8878792192,107.25266909
419,420000,1420000,500000,13.5562436703,58.6260074592,107.35997
420,421000,1431000,505000,13.7308299308,62.6795550019,111.36855411
421,422000,1434000,506000,14.2659025942,63.4025345468,111.47882604
422,423000,1437000,507000,13.0858595434,60.3131861141,111.58751511
423,424000,1440000,508000,13.5766425569,61.2701929117,111.69401407
424,425000,1443000,509000,13.3835630701,57.7211069481,111.79899120
425,426000,1446000,510000,13.353317441,59.7014808194,111.90701913
426,427000,1449000,511000,13.513173149,61.3577375925,112.01448798
427,428000,1452000,512000,12.9030646779,62.7426917831,112.11785507
428,429000,1455000,513000,13.3207352161,59.2667878262,112.22573208
429,430000,1458000,514000,12.8871828899,58.7451231802,112.33487105
430,431000,1461000,515000,13.7978822502,64.7519615833,112.45273113
431,432000,1464000,516000,13.61544202,65.2661814523,112.56048703
432,433000,1467000,517000,13.5664094598,52.1248810891,112.66836810
433,434000,1470000,518000,13.5305572833,60.4801325393,112.7772321
434,435000,1473000,519000,14.0251698986,64.2053945231,112.88019609
435,436000,1476000,520000,13.1189058318,57.0106455084,112.98809313
436,437000,1479000,521000,13.6513589254,56.046021867,113.09621214
437,438000,1482000,522000,13.1182392937,54.3482554609,113.2041561
438,439000,1485000,523000,13.0224855659,59.7121492012,113.3115291
439,440000,1488000,524000,12.8233862482,59.9654515127,113.42073607
440,441000,1499000,529000,13.6453247133,66.3282101392,117.64976000
441,442000,1502000,530000,14.336088382,70.1362003403,117.756745
442,443000,1505000,531000,12.5624491118,58.9148410914,117.86777210
443,444000,1508000,532000,13.6186641623,60.3857471468,117.97803401
444,445000,1511000,533000,13.90671955,58.1447499305,118.08486509
445,446000,1514000,534000,13.9312555045,62.8335621377,118.19221806
446,447000,1517000,535000,13.6995458204,57.9221204187,118.30567121
447,448000,1520000,536000,12.8117693466,63.667126584,118.41697406
448,449000,1523000,537000,13.0013651408,58.962703027,118.52805900
449,450000,1526000,538000,13.712346359,66.3679540656,118.63685011
450,451000,1529000,539000,13.1399827264,60.0550520779,118.74520015
451,452000,1532000,540000,13.1106832958,59.1856951554,118.85141420
452,453000,1535000,541000,13.2749401733,58.1226472282,118.96135902
453,454000,1538000,542000,13.7569901122,64.1393393098,119.06829404
454,455000,1541000,543000,14.4537043415,62.1768975292,119.1749460
455,456000,1544000,544000,12.9266943451,56.8994417785,119.29146599
456,457000,1547000,545000,14.0270833511,63.7854361856,119.4260420
457,458000,1550000,546000,13.5153183447,62.2879450073,119.53826403
458,459000,1553000,547000,12.9708486424,59.8889928727,119.64618706
459,460000,1556000,548000,12.4992903301,59.0896714372,119.75649118
460,461000,1567000,553000,12.7633287358,55.3485774284,123.62894105
461,462000,1570000,554000,12.8304311887,60.6132247786,123.73565220
462,463000,1573000,555000,13.3664166443,60.9862465424,123.84050011
463,464000,1576000,556000,13.0044098784,61.8834171955,123.96295118
464,465000,1579000,557000,13.7727489061,61.8366139722,124.07099819
465,466000,1582000,558000,13.1411338767,54.2995054112,124.17461299
466,467000,1585000,559000,13.9545910273,65.0122534086,124.28180313
467,468000,1588000,560000,13.0783082709,62.3190958295,124.38922715
468,469000,1591000,561000,12.7326511219,53.4912922192,124.4978079
469,470000,1594000,562000,13.2790890931,61.1939991729,124.60353398
470,471000,1597000,563000,13.6312098664,65.8777763384,124.7123501
471,472000,1600000,564000,12.8018124111,57.7104356243,124.8189480
472,473000,1603000,565000,13.5879419101,69.5080522095,124.92288398
473,474000,1606000,566000,13.7020980753,55.3885433314,125.03702712
474,475000,1609000,567000,12.9492342022,58.7308951322,125.14547514
475,476000,1612000,568000,13.2947668112,56.9033659734,125.25089907
476,477000,1615000,569000,13.7249618731,60.3716387938,125.3569190
477,478000,1618000,570000,12.3786631795,51.2512248608,125.46737909
478,479000,1621000,571000,13.1785437913,62.0053451257,125.57615518
479,480000,1624000,572000,13.5847740696,63.0396092848,125.6801261
480,481000,1635000,577000,12.8169346585,69.0011844284,129.7431011
481,482000,1638000,578000,13.1701939997,58.7336753542,129.85016512
482,483000,1641000,579000,12.9958126216,54.8064080329,129.95899009
483,484000,1644000,580000,13.2950364006,55.9460562917,130.06762719
484,485000,1647000,581000,13.5922476536,58.833634833,130.17226505
485,486000,1650000,582000,13.1577056411,63.3485903239,130.28081202
486,487000,1653000,583000,13.0312329021,57.1330257064,130.38813400
487,488000,1656000,584000,12.2980307013,53.2088877631,130.50629019
488,489000,1659000,585000,14.1287172536,60.4114478523,130.61182308
489,490000,1662000,586000,12.6559928526,58.7354465417,130.72050619
490,491000,1665000,587000,13.2684506313,64.2366611541,130.82848715
491,492000,1668000,588000,13.5804038132,59.7333732723,130.93183708
492,493000,1671000,589000,13.0596247893,56.5440767851,131.04003810
493,494000,1674000,590000,13.6590452617,64.6400156638,131.14853000
494,495000,1677000,591000,14.0199699578,64.1898622223,131.2548530
495,496000,1680000,592000,13.540450336,61.7720610093,131.36213517
496,497000,1683000,593000,13.1684584251,71.4317934177,131.47067809
497,498000,1686000,594000,13.3758325508,70.4353678026,131.57970213
498,499000,1689000,595000,12.6974581246,51.5285144092,131.68333721
499,500000,1692000,596000,12.4404200903,56.6795128542,131.79220104
500,501000,1703000,601000,13.268637219,61.4877213532,135.84256005
501,502000,1706000,602000,12.065674484,57.8669046324,135.9522399
502,503000,1709000,603000,13.3529334186,60.618663483,136.06108999
503,504000,1712000,604000,12.9204604082,58.5942132042,136.16615414
504,505000,1715000,605000,13.2686927088,62.6010233845,136.27515006
505,506000,1718000,606000,13.2725732499,59.9512915482,136.38407301
506,507000,1721000,607000,13.2907303309,63.3797229055,136.50283718
507,508000,1724000,608000,13.5123659391,57.2195612696,136.60783314
508,509000,1727000,609000,12.1225531526,50.9704596588,136.71598219
509,510000,1730000,610000,12.7275344441,66.0630120622,136.82353210
510,511000,1733000,611000,12.7127530443,60.4399630459,136.92845511
511,512000,1736000,612000,12.934060025,62.7267846574,137.03747010
512,513000,1739000,613000,12.8396375808,58.1002484602,137.14641809
513,514000,1742000,614000,13.0252268,56.7647918604,137.25248408
514,515000,1745000,615000,12.507035623,57.9366067216,137.35957217
515,516000,1748000,616000,13.1232884199,61.4555129799,137.46781706
516,517000,1751000,617000,13.6040111557,64.1309250376,137.57579708
517,518000,1754000,618000,12.7505098514,54.6485667264,137.68021011
518,519000,1757000,619000,13.1923171449,65.3473072218,137.78943014
519,520000,1760000,620000,12.8489668469,59.8699835299,137.89861321
520,521000,1771000,625000,13.3429295596,61.8692423828,141.95808005
521,522000,1774000,626000,12.6341543224,56.5240664482,142.06659412
522,523000,1777000,627000,12.6398886454,62.0356960093,142.17081999
523,524000,1780000,628000,13.5615306826,59.0962610831,142.28006315
524,525000,1783000,629000,12.9070784017,64.8113011683,142.38969016
525,526000,1786000,630000,13.7012342216,65.1679866648,142.50784206
526,527000,1789000,631000,12.7915328307,56.8163543767,142.61255502
527,528000,1792000,632000,12.9673533421,61.1741688136,142.72010207
528,529000,1795000,633000,13.2781610691,60.0665943839,142.82803797
529,530000,1798000,634000,12.7243407895,55.92650353,142.93205118
530,531000,1801000,635000,12.7206484496,58.3430227725,143.04015302
531,532000,1804000,636000,13.3166034572,60.0052353238,143.14792299
532,533000,1807000,637000,12.9276235617,64.5034183567,143.25385403
533,534000,1810000,638000,12.4017824258,62.7521421259,143.36062812
534,535000,1813000,639000,12.9641144638,54.9586946654,143.46906304
535,536000,1816000,640000,13.4464301298,62.75866853,143.57775020
536,537000,1819000,641000,12.4004120362,54.6951777209,143.68305611
537,538000,1822000,642000,12.4392522531,51.1048669211,143.79280805
538,539000,1825000,643000,12.9310478148,63.4898413229,143.89822411
539,540000,1828000,644000,13.0844647851,62.4661710371,143.99913811
540,541000,1839000,649000,12.0702066254,55.4771185313,147.85049200
541,542000,1842000,650000,12.9321780384,60.3541929024,147.95957708
542,543000,1845000,651000,13.1047737811,53.7216304877,148.06900119
543,544000,1848000,652000,13.6835695758,66.1607608743,148.17484116
544,545000,1851000,653000,13.1777323977,58.60288346,148.2819390
545,546000,1854000,654000,12.9391019206,56.2116653758,148.38671302
546,547000,1857000,655000,12.8343676398,54.4236307641,148.49754905
547,548000,1860000,656000,13.2947661591,68.3891809644,148.60099601
548,549000,1863000,657000,13.7124292172,64.9466696616,148.70752406
549,550000,1866000,658000,12.8430695988,62.2754083809,148.81620001
550,551000,1869000,659000,12.3744896864,52.0904948366,148.92238211
551,552000,1872000,660000,12.869008603,63.1407644065,149.02692818
552,553000,1875000,661000,13.3800446583,53.1142308338,149.13675713
553,554000,1878000,662000,12.0417092659,57.581652569,149.24505305
554,555000,1881000,663000,12.417473587,65.4263179715,149.35013914
555,556000,1884000,664000,13.068488534,62.6140372728,149.457310
556,557000,1887000,665000,13.0591186076,61.5464935059,149.56610798
557,558000,1890000,666000,12.6942587475,62.6787812609,149.67318701
558,559000,1893000,667000,12.7032499145,66.5369129659,149.78154516
559,560000,1896000,668000,12.1256146132,61.1724568469,149.88957810
560,561000,1907000,673000,12.9865304326,63.8994434932,153.93991708
561,562000,1910000,674000,12.9113381543,60.1603281463,154.04653310
562,563000,1913000,675000,12.7227790356,61.4332534187,154.15245199
563,564000,1916000,676000,13.5897709817,67.1359904318,154.25623416
564,565000,1919000,677000,12.2606066345,53.7439705549,154.36520600
565,566000,1922000,678000,12.3396304765,61.3550069011,154.47605609
566,567000,1925000,679000,12.9971993658,54.9539261681,154.57969212
567,568000,1928000,680000,12.7565882927,58.7371855442,154.68978619
568,569000,1931000,681000,12.6070526616,63.434431109,154.79891920
569,570000,1934000,682000,13.6246021116,68.8053581994,154.90681505
570,571000,1937000,683000,12.5535766951,56.9576031472,155.01234698
571,572000,1940000,684000,12.6941951665,61.4020826149,155.1205902
572,573000,1943000,685000,12.6075300201,57.0669107168,155.22908210
573,574000,1946000,686000,13.1750542221,58.0483115469,155.33501601
574,575000,1949000,687000,13.0775399582,64.6649632417,155.44320607
575,576000,1952000,688000,13.4212769932,63.592054619,155.55113911
576,577000,1955000,689000,13.788096309,62.7055029207,155.65792512
577,578000,1958000,690000,12.7690113305,57.6460793466,155.76338720
578,579000,1961000,691000,12.7590432357,58.1095557827,155.87151598
579,580000,1964000,692000,12.433138515,57.4868940594,155.98092007
580,581000,1975000,697000,12.7800810938,60.2850775654,160.01036620
581,582000,1978000,698000,13.4699009477,61.1479207507,160.11816215
582,583000,1981000,699000,13.7514959549,61.5960413503,160.22116708
583,584000,1984000,700000,12.3741170545,55.7976156108,160.3294291
584,585000,1987000,701000,12.2816738537,52.0638492083,160.43916010
585,586000,1990000,702000,12.6785097258,59.3790416327,160.54334020
586,587000,1993000,703000,12.8957283052,56.7220551538,160.64958906
587,588000,1996000,704000,12.1070881429,58.9625745905,160.7579240
588,589000,1999000,705000,12.0115010744,60.5615229317,160.86700916
589,590000,2002000,706000,12.3230868051,55.4455337553,160.97146105
590,591000,2005000,707000,12.8697155938,61.8486741324,161.0794110
591,592000,2008000,708000,13.0598280207,59.8352439903,161.18714404
592,593000,2011000,709000,12.6293515424,57.9754269424,161.29439210
593,594000,2014000,710000,12.9184967463,59.1635085102,161.40202808
594,595000,2017000,711000,13.1162707715,73.9463300436,161.50835514
595,596000,2020000,712000,12.2309813817,58.0668384963,161.6165301
596,597000,2023000,713000,13.0089305484,59.6509609466,161.72121405
597,598000,2026000,714000,12.2546239875,55.1417490738,161.83092498
598,599000,2029000,715000,13.2681521596,57.0426966717,161.93885803
599,600000,2032000,716000,12.756414508,59.3059806528,162.04551005
600,601000,2043000,721000,12.9448148042,67.3827387313,166.06841802
601,602000,2046000,722000,12.1574495981,58.2349209411,166.17490315
602,603000,2049000,723000,12.3191279018,57.9314101435,166.28081512
603,604000,2052000,724000,12.5691023113,58.6082199428,166.38672614
604,605000,2055000,725000,12.1777848767,59.0209278751,166.49630999
605,606000,2058000,726000,11.8737494346,58.818593706,166.60160303
606,607000,2061000,727000,12.3988275938,57.9145113626,166.70860004
607,608000,2064000,728000,12.4181519662,59.5648491965,166.81582903
608,609000,2067000,729000,13.2119188618,61.3672518665,166.92215108
609,610000,2070000,730000,13.0011919184,62.5410746063,167.0274870
610,611000,2073000,731000,12.6253191633,59.4652044759,167.13473200
611,612000,2076000,732000,11.9141643765,50.4821566518,167.24163508
612,613000,2079000,733000,12.6442771456,61.8963589016,167.34556317
613,614000,2082000,734000,11.6181927099,55.0946733162,167.45283412
614,615000,2085000,735000,12.6679091563,52.2589635288,167.55951619
615,616000,2088000,736000,12.6641494037,60.8848941004,167.66565704
616,617000,2091000,737000,11.8816855031,54.9216212531,167.77176499
617,618000,2094000,738000,12.606044296,59.5697315626,167.8802871
618,619000,2097000,739000,12.7588386892,59.7757723731,167.9814231
619,620000,2100000,740000,11.915017992,55.5595938426,168.0821201
620,621000,2111000,745000,13.0019368111,64.1382120562,171.97644519
621,622000,2114000,746000,12.174063885,57.5761454447,172.08541607
622,623000,2117000,747000,12.0551948839,60.7471244697,172.19347715
623,624000,2120000,748000,12.3151941026,55.955163601,172.29997515
624,625000,2123000,749000,11.9731763752,60.2708581331,172.41038107
625,626000,2126000,750000,12.5142629155,51.4421311768,172.51583814
626,627000,2129000,751000,12.0987029998,51.4976538146,172.62028312
627,628000,2132000,752000,11.9842263322,66.6029449579,172.72924518
628,629000,2135000,753000,12.3157265364,57.8579763248,172.83747410
629,630000,2138000,754000,12.7817209037,65.3159648796,172.94465398
630,631000,2141000,755000,12.3914021383,54.8017280972,173.04973506
631,632000,2144000,756000,12.6222477113,57.9170084946,173.16195321
632,633000,2147000,757000,12.8131078233,59.3938207087,173.27118110
633,634000,2150000,758000,12.7603056068,60.6607858121,173.37780499
634,635000,2153000,759000,12.3265532897,58.7221195012,173.48467302
635,636000,2156000,760000,12.1994741377,63.1943443245,173.59251713
636,637000,2159000,761000,12.9103468457,66.1457017545,173.70029997
637,638000,2162000,762000,12.8693936642,62.6328390875,173.80694198
638,639000,2165000,763000,11.913886402,58.7670270709,173.91620206
639,640000,2168000,764000,12.0256876217,51.7490240845,174.02398705
640,641000,2179000,769000,12.0338721965,58.7154917891,178.0676741
641,642000,2182000,770000,12.0823142853,60.0200010559,178.17514514
642,643000,2185000,771000,12.7784065636,60.3695677235,178.27973818
643,644000,2188000,772000,12.512442919,59.4799593433,178.38893413
644,645000,2191000,773000,12.2334183055,53.4382156437,178.49847221
645,646000,2194000,774000,12.3032964947,58.1005149753,178.60578608
646,647000,2197000,775000,12.266233839,54.9306501868,178.71390700
647,648000,2200000,776000,12.0642940597,56.4823992858,178.82356715
648,649000,2203000,777000,11.7400534832,55.2287159344,178.93150305
649,650000,2206000,778000,12.6302103731,62.7565833966,179.03556299
650,651000,2209000,779000,12.497416099,60.7140886666,179.14236807
651,652000,2212000,780000,11.6591021632,50.1564856138,179.25239610
652,653000,2215000,781000,13.0040676775,68.156403128,179.35807514
653,654000,2218000,782000,12.377294823,59.453556425,179.46694707
654,655000,2221000,783000,12.6744141814,56.3469092547,179.57414603
655,656000,2224000,784000,12.4996280507,61.9457671815,179.68124818
656,657000,2227000,785000,12.326621309,57.3497301422,179.78604412
657,658000,2230000,786000,11.3614241428,52.3911206364,179.89405202
658,659000,2233000,787000,12.3934046198,56.3120077989,180.00339317
659,660000,2236000,788000,12.4841264977,55.8287513744,180.10951805
660,661000,2247000,793000,12.2635957984,65.1744791995,184.16030001
661,662000,2250000,794000,11.5046218282,52.3576571674,184.26609206
662,663000,2253000,795000,12.650753962,62.6346376821,184.37595820
663,664000,2256000,796000,12.4152923754,63.7749351254,184.48676919
664,665000,2259000,797000,11.7996905405,59.4988285057,184.59211611
665,666000,2262000,798000,12.1810676378,60.9051374707,184.69791412
666,667000,2265000,799000,12.1848948268,62.0946602884,184.80585312
667,668000,2268000,800000,12.7237110548,58.7122381174,184.91356015
668,669000,2271000,801000,12.0446907612,59.9333524572,185.01633501
669,670000,2274000,802000,13.1043151781,62.0412645982,185.12399911
670,671000,2277000,803000,12.7154490296,68.9717106036,185.23187112
671,672000,2280000,804000,12.4919828951,63.9015726114,185.33822202
672,673000,2283000,805000,12.7369000788,67.862535173,185.44615817
673,674000,2286000,806000,11.7729681224,58.0882082744,185.55501198
674,675000,2289000,807000,11.5762225403,56.6152392464,185.66433811
675,676000,2292000,808000,12.575681711,58.2038297199,185.76835918
676,677000,2295000,809000,11.6333164932,55.4480057098,185.87697601
677,678000,2298000,810000,12.5997152534,58.4408246445,185.98523712
678,679000,2301000,811000,12.1598074176,53.6583320862,186.09158611
679,680000,2304000,812000,12.3559447056,58.1911977958,186.19967913
680,681000,2315000,817000,13.0390729828,65.3653921426,190.25935506
681,682000,2318000,818000,12.6583829919,63.6145583852,190.36762213
682,683000,2321000,819000,11.7163053466,53.7333852004,190.47578811
683,684000,2324000,820000,12.8160203352,62.2409113,190.58181905
684,685000,2327000,821000,12.4204675152,59.4690626273,190.68932819
685,686000,2330000,822000,12.4330790773,60.2911850883,190.79867601
686,687000,2333000,823000,12.5349112074,57.0077418048,190.90799617
687,688000,2336000,824000,11.9601227215,61.9290282655,191.01127409
688,689000,2339000,825000,12.1936714245,58.2766553658,191.12085
689,690000,2342000,826000,12.3729005716,61.941943011,191.23037719
690,691000,2345000,827000,12.6268527198,63.275706635,191.33711409
691,692000,2348000,828000,12.4173429249,63.9380587321,191.44266414
692,693000,2351000,829000,12.0177856043,52.1467715849,191.55039811
693,694000,2354000,830000,12.2204649434,53.7792053275,191.65893006
694,695000,2357000,831000,12.2289806944,56.2508522654,191.76396608
695,696000,2360000,832000,12.0060873644,59.2134794507,191.87444710
696,697000,2363000,833000,11.3381800236,53.5291538622,191.97580814
697,698000,2366000,834000,13.1781493168,66.6247774218,192.07857799
698,699000,2369000,835000,12.8779023235,58.4317448979,192.18040108
699,700000,2372000,836000,12.4577658232,59.7696575228,192.28231811
700,701000,2383000,841000,12.0673924102,62.9230531128,196.1659741
701,702000,2386000,842000,11.9214809155,56.4226438066,196.27236914
702,703000,2389000,843000,11.9366865818,60.1013370418,196.38130998
703,704000,2392000,844000,11.6315802706,52.5203957676,196.50374507
704,705000,2395000,845000,12.9881398272,57.5154352496,196.60963416
705,706000,2398000,846000,12.2452316475,56.424168561,196.71387219
706,707000,2401000,847000,12.6690106837,60.8281630666,196.8218970
707,708000,2404000,848000,12.6169295415,61.2709068506,196.93114519
708,709000,2407000,849000,12.1406356997,61.0176476113,197.03619098
709,710000,2410000,850000,11.9658599208,60.295233346,197.14589905
710,711000,2413000,851000,11.8125431197,51.8295965211,197.25197005
711,712000,2416000,852000,11.3671180254,57.7850266431,197.36030507
712,713000,2419000,853000,12.2955141452,54.7937472459,197.46522307
713,714000,2422000,854000,12.3746287398,57.8400957702,197.57195520
714,715000,2425000,855000,12.0890845639,58.808534783,197.68023419
715,716000,2428000,856000,12.6488395861,61.0925919136,197.78388619
716,717000,2431000,857000,11.707217477,57.5583048012,197.89174008
717,718000,2434000,858000,12.0938080098,61.3382865605,198.00708818
718,719000,2437000,859000,12.5211042443,60.2335420647,198.11387300
719,720000,2440000,860000,11.9756835742,56.9564165333,198.22009015
720,721000,2451000,865000,12.6415292871,56.9461254511,202.2707841
721,722000,2454000,866000,11.9728361247,54.3643965342,202.37958407
722,723000,2457000,867000,11.9834268339,58.5090281836,202.49111318
723,724000,2460000,868000,12.4156910525,58.4088190629,202.5994970
724,725000,2463000,869000,11.6771809502,52.8955409313,202.70434808
725,726000,2466000,870000,12.5946028978,66.7028861419,202.8126959
726,727000,2469000,871000,11.7556873659,55.6431961524,202.92174601
727,728000,2472000,872000,12.2441748386,56.0896827292,203.02783799
728,729000,2475000,873000,12.354152924,65.0798003065,203.13716006
729,730000,2478000,874000,12.06364567,58.2776707343,203.24610018
730,731000,2481000,875000,11.4028470059,55.425646719,203.3544390
731,732000,2484000,876000,12.938705043,66.6387055692,203.46024203
732,733000,2487000,877000,12.8301847038,61.6991909415,203.56798005
733,734000,2490000,878000,11.718993987,60.2621731013,203.67540311
734,735000,2493000,879000,11.9418383552,59.7005726578,203.77853703
735,736000,2496000,880000,11.7927902874,56.0652846037,203.88486218
736,737000,2499000,881000,11.9122641516,63.2572850149,203.99221801
737,738000,2502000,882000,11.4962227681,58.5958915757,204.09935116
738,739000,2505000,883000,12.0948459216,59.8925623173,204.20426917
739,740000,2508000,884000,12.5001139033,56.5682742153,204.31309604
740,741000,2519000,889000,12.0617729289,57.2483259204,208.38612103
741,742000,2522000,890000,12.3563805865,60.8394959097,208.5005080
742,743000,2525000,891000,12.0189917109,53.0996271428,208.60736203
743,744000,2528000,892000,12.6753811958,61.2612769602,208.71315002
744,745000,2531000,893000,11.6668054418,58.7575488743,208.81967902
745,746000,2534000,894000,11.0813708545,47.4549668991,208.92738103
746,747000,2537000,895000,11.5927454954,57.4835742468,209.03254914
747,748000,2540000,896000,12.6510014148,63.7285337736,209.13915109
748,749000,2543000,897000,11.5445941573,54.8753908959,209.24636912
749,750000,2546000,898000,11.8713466227,56.5929462414,209.35332298
750,751000,2549000,899000,11.7725199734,55.5248779828,209.45997810
751,752000,2552000,900000,12.0758280536,68.1128619703,209.56930613
752,753000,2555000,901000,12.0971476221,58.2877997569,209.67867612
753,754000,2558000,902000,11.8846386957,56.5227231747,209.78501820
754,755000,2561000,903000,11.7714138161,57.3071632065,209.89327907
755,756000,2564000,904000,12.2504570021,63.3390765664,210.00095319
756,757000,2567000,905000,11.8467902969,54.4152991103,210.10908913
757,758000,2570000,906000,11.8462483571,55.3217831391,210.21477603
758,759000,2573000,907000,11.7268135941,61.6276889279,210.32345318
759,760000,2576000,908000,11.5916154706,56.3538695715,210.43345904
760,761000,2587000,913000,11.4137555831,49.1633988483,214.52470517
761,762000,2590000,914000,12.1271175338,60.501919882,214.63098621
762,763000,2593000,915000,11.8305599928,55.6033100439,214.73651504
763,764000,2596000,916000,11.7089573134,50.6839392633,214.8446350
764,765000,2599000,917000,11.760296463,50.5127679508,214.95250511
765,766000,2602000,918000,12.1727086368,56.3200815581,215.0576951
766,767000,2605000,919000,11.5457305831,53.5035713241,215.16495513
767,768000,2608000,920000,11.5734389242,59.8582319785,215.27188801
768,769000,2611000,921000,11.9812300453,56.8028055294,215.37712597
769,770000,2614000,922000,11.25471782,56.9728458405,215.48394203
770,771000,2617000,923000,12.0913743526,56.8639077624,215.59249210
771,772000,2620000,924000,11.8027627859,58.0370093284,215.69883608
772,773000,2623000,925000,12.151543884,58.9419153619,215.80980420
773,774000,2626000,926000,11.459744323,57.7685620544,215.91204309
774,775000,2629000,927000,12.3660174648,59.3853942953,216.01334619
775,776000,2632000,928000,11.8792058736,64.0156964371,216.11676621
776,777000,2635000,929000,11.7660957774,57.0707225001,216.21986818
777,778000,2638000,930000,11.9628533089,60.3550082742,216.32302498
778,779000,2641000,931000,11.5128055818,59.7772252135,216.42635917
779,780000,2644000,932000,12.0820307877,58.0371711179,216.52918815
780,781000,2655000,937000,11.5377422933,55.4831256215,220.54148817
781,782000,2658000,938000,11.4807631816,49.2316188427,220.65036702
782,783000,2661000,939000,11.2250592062,59.4260002849,220.75639319
783,784000,2664000,940000,12.1655640863,62.5061894075,220.8644361
784,785000,2667000,941000,11.6322373533,57.3869802094,220.97380709
785,786000,2670000,942000,12.5700958947,59.9114243473,221.08401417
786,787000,2673000,943000,11.6924838395,62.4121205151,221.19254207
787,788000,2676000,944000,12.1798443228,57.8378551594,221.30205011
788,789000,2679000,945000,12.0437520837,60.2509839254,221.40891003
789,790000,2682000,946000,11.7953562188,53.1195361623,221.51663613
790,791000,2685000,947000,12.1979559225,54.1306678551,221.62657713
791,792000,2688000,948000,10.9876989521,50.7731747834,221.73467302
792,793000,2691000,949000,11.6504263299,57.4734580445,221.84078812
793,794000,2694000,950000,11.4991126379,61.6968088774,221.94885611
794,795000,2697000,951000,12.3197821543,56.1054523424,222.05775213
795,796000,2700000,952000,12.0987759458,61.0873070734,222.16370606
796,797000,2703000,953000,11.8079786314,59.0643457291,222.27061700
797,798000,2706000,954000,11.8001175096,64.9817848038,222.37940216
798,799000,2709000,955000,12.1474480073,63.3382262779,222.48690009
799,800000,2712000,956000,11.6448583824,57.2850351154,222.59156703
800,801000,2723000,961000,11.9148990101,53.7229420401,226.64982819
801,802000,2726000,962000,11.0649976437,50.6559606941,226.75603508
802,803000,2729000,963000,11.3911504574,53.8009536182,226.8633520
803,804000,2732000,964000,11.0746076963,56.6769970823,226.97049117
804,805000,2735000,965000,11.9915909098,55.3218863061,227.07491612
805,806000,2738000,966000,11.1802432578,57.6120825187,227.18319010
806,807000,2741000,967000,11.9648373967,55.7662209312,227.29038405
807,808000,2744000,968000,11.7065904318,56.0100329957,227.39647412
808,809000,2747000,969000,11.782804168,57.2119776565,227.50218415
809,810000,2750000,970000,11.7683380825,55.0016892121,227.60903310
810,811000,2753000,971000,11.9806028126,60.9352464658,227.71795606
811,812000,2756000,972000,11.0503360294,53.5671491962,227.82314109
812,813000,2759000,973000,12.0035074299,57.0664840465,227.93032813
813,814000,2762000,974000,11.1547332727,55.5370223028,228.03708314
814,815000,2765000,975000,12.1404226886,62.4012481346,228.1434321
815,816000,2768000,976000,11.8265309827,52.2902883974,228.25077199
816,817000,2771000,977000,11.9617181476,57.6223417169,228.3573939
817,818000,2774000,978000,11.9510932904,61.9852152491,228.46542501
818,819000,2777000,979000,11.723814857,54.817035577,228.57004499
819,820000,2780000,980000,11.4680384455,56.9537938738,228.67769813
820,821000,2791000,985000,12.4732298514,61.3247986277,232.74677705
821,822000,2794000,986000,11.6928254201,64.0342756552,232.85402107
822,823000,2797000,987000,12.1937765432,60.4712908267,232.96109104
823,824000,2800000,988000,12.1583114894,57.1149693285,233.06643509
824,825000,2803000,989000,12.4705822847,54.919122615,233.17289018
825,826000,2806000,990000,12.1757488982,59.8204064418,233.28151106
826,827000,2809000,991000,11.7979369628,52.2346214838,233.38854408
827,828000,2812000,992000,12.1001935861,61.0660608421,233.49427509
828,829000,2815000,993000,11.5737208489,61.6091050576,233.60163712
829,830000,2818000,994000,12.336555623,68.6825632164,233.7092971
830,831000,2821000,995000,11.9065410067,59.5101117139,233.81603097
831,832000,2824000,996000,11.8282579804,55.5732602854,233.92351007
832,833000,2827000,997000,12.2691355847,59.4607290507,234.03163313
833,834000,2830000,998000,12.4424221643,61.62456919,234.1381721
834,835000,2833000,999000,12.5792591841,67.994198936,234.24263715
835,836000,2836000,1000000,11.9592076337,57.9350725867,234.35013008
836,837000,2839000,1001000,11.9894083323,58.4559980691,234.45798516
837,838000,2842000,1002000,11.8614944998,56.8059818174,234.56252312
838,839000,2845000,1003000,12.3355447698,56.807149025,234.66919016
839,840000,2848000,1004000,11.589008534,55.9955587484,234.77606606
840,841000,2859000,1009000,12.0626856984,56.1870702237,238.81229615
841,842000,2862000,1010000,11.3430006383,55.7679157013,238.91971802
842,843000,2865000,1011000,11.1682286018,52.0897540043,239.025916
843,844000,2868000,1012000,11.1803805265,56.3464579905,239.13285207
844,845000,2871000,1013000,12.2141284949,58.2651080526,239.23915505
845,846000,2874000,1014000,10.8970950137,58.2263195825,239.34727716
846,847000,2877000,1015000,11.3305944842,54.6639037579,239.45255017
847,848000,2880000,1016000,12.306234823,65.6762578837,239.55872702
848,849000,2883000,1017000,11.7750615672,58.3527569721,239.66680002
849,850000,2886000,1018000,11.4125410742,50.4713890319,239.77362513
850,851000,2889000,1019000,11.1253574912,52.9433157042,239.88344597
851,852000,2892000,1020000,11.8425221529,50.2208901789,239.98499107
852,853000,2895000,1021000,11.7440940211,54.9358374962,240.08717608
853,854000,2898000,1022000,11.8973655287,57.1267248955,240.18815803
854,855000,2901000,1023000,11.2275307255,51.3157828127,240.28928613
855,856000,2904000,1024000,11.4702396952,53.7112731981,240.39245915
856,857000,2907000,1025000,12.0834855421,60.5373113631,240.49391508
857,858000,2910000,1026000,11.8019809601,59.3859113535,240.59479308
858,859000,2913000,1027000,11.1940762702,54.7662432351,240.69582915
859,860000,2916000,1028000,11.4723589673,56.5775445377,240.79682397
860,861000,2927000,1033000,12.3867954636,64.7802735646,244.76106500
861,862000,2930000,1034000,11.5058412656,57.0685593364,244.87077212
862,863000,2933000,1035000,11.1872976452,54.4182282256,244.98020911
863,864000,2936000,1036000,10.5815784301,46.2806887041,245.09046816
864,865000,2939000,1037000,11.4381338333,56.6261511956,245.19898414
865,866000,2942000,1038000,11.8690571861,61.9396124374,245.30817103
866,867000,2945000,1039000,11.603849207,58.8667104144,245.41777920
867,868000,2948000,1040000,11.4820195078,58.7727362052,245.52505302
868,869000,2951000,1041000,11.3988727104,59.8236842832,245.63257598
869,870000,2954000,1042000,10.5798672782,47.5041792044,245.73966002
870,871000,2957000,1043000,11.7073147944,63.2168203686,245.84668612
871,872000,2960000,1044000,11.3207035633,57.4739198604,245.95410418
872,873000,2963000,1045000,11.2430759711,55.9232552096,246.0633261
873,874000,2966000,1046000,11.2629295995,56.6372492186,246.1720151
874,875000,2969000,1047000,11.9586166243,53.1910303437,246.27716517
875,876000,2972000,1048000,11.9028719297,66.0042387637,246.38646912
876,877000,2975000,1049000,11.2035863537,57.9818680368,246.49468398
877,878000,2978000,1050000,11.5892489743,59.6242097312,246.60040903
878,879000,2981000,1051000,11.258660384,57.6370842569,246.70860505
879,880000,2984000,1052000,11.9679160044,60.2181971336,246.81829810
880,881000,2995000,1057000,11.516342641,58.9987804789,250.86729311
881,882000,2998000,1058000,11.643230558,57.85558259,250.97654509
882,883000,3001000,1059000,11.6448687507,54.1622867677,251.08166909
883,884000,3004000,1060000,11.9710123335,59.905311106,251.1896121
884,885000,3007000,1061000,11.5008819523,52.627097619,251.29912519
885,886000,3010000,1062000,11.380940839,51.3479695032,251.40840721
886,887000,3013000,1063000,11.3459091946,51.9278447781,251.51401305
887,888000,3016000,1064000,10.6452119395,53.5591589542,251.62189912
888,889000,3019000,1065000,11.4292810282,57.9663234289,251.72975611
889,890000,3022000,1066000,11.5986076841,59.3161938549,251.83613014
890,891000,3025000,1067000,11.7243721281,54.1715557199,251.94440007
891,892000,3028000,1068000,11.6392165791,57.7088544903,252.05375409
892,893000,3031000,1069000,11.0731110946,56.5930475927,252.16337704
893,894000,3034000,1070000,10.6454212309,51.3220072958,252.26887106
894,895000,3037000,1071000,11.6523402033,57.2240085946,252.3778750
895,896000,3040000,1072000,11.2626437264,57.5147891804,252.48553419
896,897000,3043000,1073000,11.2519367937,54.8688361758,252.58972215
897,898000,3046000,1074000,11.3524294455,63.6954997299,252.69608020
898,899000,3049000,1075000,11.5941447513,57.8509828246,252.80404114
899,900000,3052000,1076000,11.2696256009,57.86875675,252.91164898
900,901000,3063000,1081000,10.8361866297,57.5152610285,256.9829261
901,902000,3066000,1082000,12.3062606384,56.0284915128,257.0904090
902,903000,3069000,1083000,11.4939738823,50.9769238382,257.19772911
903,904000,3072000,1084000,11.0329474126,51.3593484745,257.30737304
904,905000,3075000,1085000,11.2051312098,59.2316300799,257.41614413
905,906000,3078000,1086000,10.6563114914,44.921267569,257.52220702
906,907000,3081000,1087000,12.1973499794,64.6227119307,257.63158106
907,908000,3084000,1088000,11.585877127,55.2948918287,257.74125909
908,909000,3087000,1089000,11.2633841455,52.6676452756,257.84673404
909,910000,3090000,1090000,11.6958494111,60.8349881509,257.95473098
910,911000,3093000,1091000,11.34071071,62.3572356055,258.06164908
911,912000,3096000,1092000,11.8563376437,56.7048956532,258.16851019
912,913000,3099000,1093000,11.3420098084,46.6970090786,258.27270913
913,914000,3102000,1094000,10.9357788065,50.2163806433,258.38078904
914,915000,3105000,1095000,10.9510605128,53.2046133432,258.4892551
915,916000,3108000,1096000,11.4619197944,61.4939768728,258.59315609
916,917000,3111000,1097000,11.0889175961,59.924235321,258.70003604
917,918000,3114000,1098000,11.7685398191,54.9562223128,258.80820417
918,919000,3117000,1099000,11.3269317286,58.528911591,258.91594505
919,920000,3120000,1100000,11.4145679043,58.2385319563,259.02155
920,921000,3131000,1105000,11.5046159339,49.8674925,263.08481216
921,922000,3134000,1106000,12.5042619261,62.9816891545,263.19256019
922,923000,3137000,1107000,11.6982501249,62.8215008734,263.29978299
923,924000,3140000,1108000,11.8242842864,56.8123881114,263.4063901
924,925000,3143000,1109000,11.5841032396,59.8428376996,263.51206111
925,926000,3146000,1110000,11.6620345726,56.0021993395,263.61978316
926,927000,3149000,1111000,12.2022192882,56.9662259167,263.72853112
927,928000,3152000,1112000,11.5536311908,60.8253552331,263.84053015
928,929000,3155000,1113000,11.4963942033,52.4528378223,263.94159007
929,930000,3158000,1114000,11.7362899367,66.0469856841,264.04265713
930,931000,3161000,1115000,10.4343977096,57.6013475806,264.14645814
931,932000,3164000,1116000,11.3100036804,57.2509685805,264.24785304
932,933000,3167000,1117000,11.7155722871,60.552643716,264.35170602
933,934000,3170000,1118000,10.9378441331,51.7696886867,264.45309209
934,935000,3173000,1119000,12.1065392763,56.9986706527,264.55369520
935,936000,3176000,1120000,11.7860087864,60.3098013582,264.6574771
936,937000,3179000,1121000,11.0452054373,61.6888736637,264.7580070
937,938000,3182000,1122000,10.6745881893,49.4337034053,264.86158013
938,939000,3185000,1123000,11.3772384508,56.1452734136,264.96277499
939,940000,3188000,1124000,10.8767166682,50.9577379786,265.06434011
940,941000,3199000,1129000,11.0286958305,50.3929376949,269.02508997
941,942000,3202000,1130000,11.1334967186,56.008739607,269.13303303
942,943000,3205000,1131000,11.4085454672,57.3364848608,269.24131798
943,944000,3208000,1132000,11.737962246,59.1897640335,269.35093212
944,945000,3211000,1133000,10.7028837097,46.8480055494,269.45843601
945,946000,3214000,1134000,10.7110732667,53.1998893297,269.56679415
946,947000,3217000,1135000,11.7963510833,59.6644096024,269.67475318
947,948000,3220000,1136000,11.2685802307,58.2263508711,269.78351402
948,949000,3223000,1137000,11.4164751938,57.7406153599,269.88732099
949,950000,3226000,1138000,10.6725497412,48.6061648684,269.99631404
950,951000,3229000,1139000,11.8509674444,56.0375656735,270.10634517
951,952000,3232000,1140000,11.1484410749,52.5128947811,270.21221399
952,953000,3235000,1141000,11.3198523525,58.268251722,270.31753015
953,954000,3238000,1142000,11.5611596507,61.9879248876,270.42469716
954,955000,3241000,1143000,11.4851979203,55.3278921916,270.53231906
955,956000,3244000,1144000,11.2581181629,53.6686418943,270.63854312
956,957000,3247000,1145000,11.1481942672,48.8970620219,270.74570703
957,958000,3250000,1146000,10.5589000956,53.3032921095,270.85276508
958,959000,3253000,1147000,10.8792830911,55.2096482528,270.95788407
959,960000,3256000,1148000,11.5676159699,61.0048594521,271.06459999
960,961000,3267000,1153000,11.532229364,57.3337385377,275.07559108
961,962000,3270000,1154000,11.8167774097,55.7500595503,275.18167614
962,963000,3273000,1155000,11.5076656969,51.7736694424,275.28919911
963,964000,3276000,1156000,11.251266015,51.0629140613,275.39705109
964,965000,3279000,1157000,11.9005773229,66.4838846764,275.50306415
965,966000,3282000,1158000,11.3424241268,58.3755656307,275.61164903
966,967000,3285000,1159000,11.6177254911,54.8580170144,275.71960711
967,968000,3288000,1160000,11.198169249,57.3961695396,275.8255062
968,969000,3291000,1161000,11.2363795568,56.4225919059,275.93082618
969,970000,3294000,1162000,11.454344067,54.2757419426,276.03819012
970,971000,3297000,1163000,12.3842122924,61.9702056179,276.14715504
971,972000,3300000,1164000,11.3061568206,52.0775929494,276.25390315
972,973000,3303000,1165000,10.8428805242,53.2682080958,276.36167120
973,974000,3306000,1166000,11.4383365032,60.4790854589,276.46973013
974,975000,3309000,1167000,11.3690927905,56.3363972376,276.5756540
975,976000,3312000,1168000,11.2940486052,57.196819864,276.68280100
976,977000,3315000,1169000,10.847707232,56.0792675172,276.79110813
977,978000,3318000,1170000,10.9297402859,53.6938343266,276.89993405
978,979000,3321000,1171000,11.7852948245,58.3699406066,277.00468802
979,980000,3324000,1172000,11.6179184331,53.2469719954,277.11295914
980,981000,3335000,1177000,11.0482209064,53.6100929125,281.16022610
981,982000,3338000,1178000,11.1065528576,60.2318403843,281.27121114
982,983000,3341000,1179000,10.6855171214,50.5927039146,281.37849712
983,984000,3344000,1180000,9.97886156682,48.7253029073,281.48320817
984,985000,3347000,1181000,11.2298612456,55.4782545286,281.59233403
985,986000,3350000,1182000,11.1331799221,55.5318481097,281.70091915
986,987000,3353000,1183000,10.2800229336,45.7889679619,281.80998921
987,988000,3356000,1184000,10.4208655258,60.511462537,281.91541814
988,989000,3359000,1185000,11.8023035072,58.1509375396,282.02472114
989,990000,3362000,1186000,10.9114488389,55.3635387412,282.13377308
990,991000,3365000,1187000,10.1225102992,48.1408245782,282.24008917
991,992000,3368000,1188000,10.6553264592,51.3830994106,282.34988999
992,993000,3371000,1189000,11.8182501858,63.2801308537,282.46034908
993,994000,3374000,1190000,10.7155806931,58.3863803881,282.57007598
994,995000,3377000,1191000,10.8670145743,63.1315036065,282.67548918
995,996000,3380000,1192000,11.4656576462,55.8300611378,282.78272199
996,997000,3383000,1193000,11.0825639951,53.9248831459,282.8914420
997,998000,3386000,1194000,10.7678530522,55.0708352088,282.99735999
998,999000,3389000,1195000,11.0378001278,52.222789766,283.10725021
999,1000000,3392000,1196000,11.2719417173,65.1105808641,283.21703815
1000,1001000,3403000,1201000,11.2292797901,56.5064170704,287.26466298
1001,1002000,3406000,1202000,10.9169620142,55.4001862219,287.37258100
