-0.0729953853127,-0.0729129920078,0.0434571600933,0.0529901091699,-0.0817502167949,0.0470959336,-0.0684554644914,0.0543587271865,0.0498299568204,-0.0779377894758,-0.0678210347884,0.0443174859305,0.0535727207981,-0.080396443563,-0.0713143682404,0.0587313321598,0.0532402701453,-0.0796388700505,-0.072247514799,0.0442756730433,0.0616018185116,-0.0682609266244,-0.0764021298254,-0.0727941236689,-0.0781436572831,-0.0771830225114,-0.0793078556678,-0.0788247122433,-0.072900358998
0.762971696913,0.72564238552,-0.0290968797016,0.031275239559,0.752053062613,0.0395215263238,0.853016560252,0.000147775065568,0.0593010597771,0.789458174064,0.805703186785,0.0214451564117,0.0804583400577,0.599784407287,0.77216474984,-0.0378416765544,0.033051778791,0.808777458795,0.790930971069,-0.0235732356372,-0.0392112104485,0.808187507186,0.779909205827,0.80281310864,0.82278790182,0.780739813204,0.659762312281,0.789972579635,0.714921502106
-0.0453525614365,-0.0996952936493,-0.00791046817402,-0.0286577011006,-0.129580044644,0.00585747519085,0.077691906256,0.0301924092353,0.0829261506504,-0.0978735580104,0.0354339477292,0.0298074750687,0.0518940799873,-0.169875113789,-0.0261915107795,-0.0890623527902,0.0270015847901,-0.0724777677395,0.00499318231566,-0.0591133934453,-0.00283989153201,0.0766452302472,-0.0424594243612,-0.0202100310913,-0.0306364891016,-0.0315055077274,-0.191621019548,-0.060586691268,-0.092094676742
0.25256833266,0.184838050184,-0.0273755587747,-0.0323151915393,0.14988786077,-0.00988783076673,0.397736501659,0.0262512435989,0.0903249015135,0.204783195553,0.332012809416,0.0124708902984,0.0477843138488,0.119002987304,0.274030064055,-0.0516077322807,0.00997840770437,0.251797008863,0.314635122112,-0.0554614719365,-0.00443592725371,0.342282803881,0.270159337621,0.291809376852,0.286279285404,0.278251847965,0.0770749072333,0.245361628753,0.179885763311
-0.184876301172,-0.267625693592,-0.0029584843742,-0.0194426335471,-0.315167026591,-0.0361091083506,-0.0261635668823,0.0388265154567,0.102684348436,-0.249505388852,-0.0836281407015,0.0570794038533,0.0653662674181,-0.35708922254,-0.150032867861,-0.0393014650597,-0.0280233410947,-0.16674308762,-0.100181763156,-0.0135313682908,-0.00785954821499,-0.0782283503954,-0.161702097308,-0.146245530314,-0.1761052316,-0.16381395519,-0.391954483473,-0.214027152746,-0.254191461271
0.242888819722,0.143755062291,0.0191166897432,-0.0120519362488,0.0950821017727,-0.0205703053294,0.410144987631,0.0491848903446,0.104611559542,0.192617512062,0.344735168385,0.0684073918446,0.0519459699664,0.0373246247643,0.276541798434,-0.0235254441409,0.00332291882097,0.205960994051,0.34111084181,0.000657405030487,-0.0048232862422,0.382261599273,0.276098826919,0.293367624417,0.273406119378,0.264540817022,-0.0137837052022,0.214358195054,0.14078935565
-0.0692786245061,-0.158382542495,0.0489365866143,-0.0031364643738,-0.247353409092,-0.0145207069582,0.111751368228,0.0649203340741,0.119644751296,-0.139646213744,0.0339052651282,0.083761482496,0.0310602464588,-0.306780750899,-0.0367105267807,-0.0114395531078,-0.00727955783239,-0.0920385443251,0.0430235244285,0.0109269295351,-0.0111581212398,0.0955996883308,-0.0367857067524,-0.0202649246732,-0.0506485160251,-0.0556800387891,-0.350401143382,-0.117489040445,-0.168647192271
0.1335471736,0.0327109463503,0.0469185641081,-0.00775610583503,-0.066510388685,-0.0124688017926,0.327776443698,0.0491514072543,0.130487698703,0.0856953261145,0.23925774887,0.0783327695138,0.0199326667867,-0.10462887173,0.156347360233,0.00733249611782,-0.0145622762117,0.111554759002,0.252133116287,0.0101868759264,-0.0359527251416,0.263139717298,0.168973857376,0.188748845688,0.16341309584,0.152698987195,-0.158405727378,0.0921660145396,0.0185185026936
-0.0620848192777,-0.16271013482,0.0623582590485,-0.0142553576447,-0.282860591136,-0.0141895732284,0.134150515581,0.0231976450859,0.120453894393,-0.108701059185,0.0409105956434,0.0828541861293,0.0179813696487,-0.305086319843,-0.0397221447656,-0.000985131020264,-0.0144843254173,-0.0963018507538,0.060584967754,-0.00914685549787,-0.0297442377316,0.0699306156926,-0.0418136427911,-0.0148079107754,-0.0377673851077,-0.0505583046612,-0.368334803842,-0.122181991287,-0.183061318441
0.123738785754,0.0121755687317,0.0483745380672,-0.011893813076,-0.106127568885,-2.16983588174e-05,0.323742529301,-0.00028329558899,0.119175928405,0.0850320040517,0.225469340585,0.05931608475,0.0159901828392,-0.0986526989553,0.144413788378,-0.00905283930488,-0.0114239072532,0.062288462005,0.244257309378,-0.00349879610044,-0.0126033839427,0.232238316048,0.159643752449,0.184027569285,0.157467439534,0.130010708751,-0.201383360024,0.069044409726,-0.00979855395055
-0.00988981808646,-0.130949902633,0.0485344286145,-0.0140039776919,-0.258258535229,0.00607015200554,0.189196530649,0.0024481407326,0.106550989825,-0.0552132363207,0.0900483280284,0.0555118302173,0.0132290889727,-0.220696818481,0.0092883237262,-0.0129107191419,-0.0216633874132,-0.076281365747,0.112374089922,-0.0154177637463,-0.00258660437949,0.0690368733553,0.0176794690041,0.0454624060243,0.0159045119698,-0.0111530915375,-0.347529356485,-0.0779022782053,-0.150341709451
0.0680503614874,-0.0546065734736,0.0466366330538,-0.0111875939865,-0.187972481819,-0.00234161249561,0.270693487536,0.000869398277854,0.100757981974,0.0316439619358,0.168225208018,0.0672084337531,0.0217008399971,-0.127379346854,0.0911884849953,-0.0131591008891,-0.0285758760905,-0.0112878618448,0.189796255191,-0.0205803886217,0.0128277353768,0.124457606162,0.0968223823577,0.128605968901,0.0981319154944,0.0664918834695,-0.27576289992,0.00250447963335,-0.0801025170452
0.029171194873,-0.097782256566,0.0330648621443,-0.000155131106593,-0.234656280304,-0.0142160229641,0.229685495955,-0.0049211381051,0.100246341524,-0.0146959616141,0.123898290862,0.06260490991,0.0232036188134,-0.176319215399,0.0477561479977,-0.014303362592,-0.027589613126,-0.0420828010698,0.145970263528,-0.0205108473879,0.0101200757494,0.0675157838445,0.0482090549619,0.0835185368388,0.0572581105066,0.0266557614056,-0.337431902681,-0.0497804744365,-0.128926355984
0.05200526405,-0.0739346932099,0.0241758910989,0.0180629782079,-0.21804462124,-0.0192298031683,0.255379989908,-0.000968442576824,0.0919226747866,0.0180986241354,0.141550747214,0.0615119074102,0.0216760011476,-0.148178884637,0.0663350203851,-0.0161323789846,-0.0212169516016,-0.0282238190014,0.170608282279,-0.0218268307593,0.0144321869285,0.0650028180122,0.0703529873871,0.10629581385,0.0820241804493,0.0507334157774,-0.320964315117,-0.0280665801827,-0.112215465958
0.0497467720135,-0.0835372205352,0.0194596378747,0.017274134706,-0.220549362756,-0.018681845393,0.252914799442,-0.0100221070128,0.0826362728272,0.00831856785112,0.14072239635,0.0655225068217,0.0248549138006,-0.138946396262,0.064731510311,-0.00398029581594,-0.0141558114974,-0.032875407228,0.166977734353,-0.0161069562284,0.0124997347589,0.0573590708044,0.0691476353248,0.104482716694,0.0803193703719,0.0456439954331,-0.331190668631,-0.0341300524304,-0.11976964771
0.0471186071332,-0.0914519792228,0.0154176903164,0.009690329676,-0.225717879171,-0.0185788528878,0.252315882253,-0.00966299033736,0.0822327441931,0.006313840064,0.141253061372,0.060069742781,0.0276420416851,-0.136353686251,0.0634478249468,0.00588844692575,-0.0155629051099,-0.0475805032865,0.165506398889,-0.010798135166,0.0118104782627,0.0486967209626,0.0698468537576,0.105146766037,0.0778551091204,0.0450817889912,-0.338659468921,-0.0351221808918,-0.123569626609
0.0503094808499,-0.0939379564272,0.0172039075248,0.00736145288978,-0.225941804324,-0.0177734532835,0.256249892956,-0.0107235689128,0.0822003384412,0.0133268193655,0.141508514501,0.063031177533,0.0229359288066,-0.121542515951,0.063597955568,0.00660417451827,-0.0166828066306,-0.0508122129882,0.166459920969,-0.0139735692656,0.0154997523225,0.0345085582833,0.0674427641145,0.105725935114,0.0816135740768,0.0487301271359,-0.342297915655,-0.0334677855697,-0.12539063971
0.0562878498392,-0.094076941248,0.0110573231059,0.0113278665437,-0.224817152491,-0.0150459253017,0.263678815353,-0.0108805891687,0.0733442523061,0.0214721743313,0.143239758221,0.0593741726216,0.0211446806409,-0.113383538508,0.0696860508497,0.000720557355283,-0.0148652172747,-0.040981366555,0.171548529908,-0.0196972586235,0.0170965619046,0.0259882112367,0.0728984520112,0.113446085853,0.0872047177824,0.0524594093023,-0.344042880716,-0.0311677680716,-0.126288875473
0.0508297536573,-0.103653133222,0.00679385847852,0.00623801933534,-0.23335733529,-0.0149705288288,0.259453207879,-0.0109366607115,0.0704083099516,0.0132054538068,0.137741598364,0.0583810700563,0.0262185590769,-0.109272395692,0.064655393803,-0.00579136643971,-0.0106473623601,-0.0523873302392,0.166351310282,-0.0182951388658,0.0150598631105,0.016384432365,0.0576584463974,0.104934129564,0.0820236002165,0.0455162688471,-0.355099826668,-0.0405659945131,-0.136561981602
0.0599650781967,-0.0984231604183,0.00744976004433,0.0049275084164,-0.229515421503,-0.0171787680109,0.269412346916,-0.0123079921083,0.0687212203242,0.021565234006,0.144685812773,0.0578713437386,0.0215146778471,-0.103584481108,0.0717594548271,0.00170886407592,-0.0147591059322,-0.0392041647996,0.174503302281,-0.019117631921,0.0117740265854,0.026500333355,0.0614289553166,0.112833609785,0.0916615507048,0.0521903718754,-0.35221533538,-0.0343077825029,-0.132601013018
0.0581210416584,-0.103356830321,0.0113055458762,0.000273712269539,-0.228288793544,-0.0201074498409,0.267307467691,-0.0170198875395,0.0651710030987,0.0191900431376,0.140991465995,0.0550860741433,0.0190319325177,-0.10035117483,0.0674071399329,-0.00255048788742,-0.00781651099956,-0.0415589124996,0.167253221858,-0.0188813403855,0.0100998556748,0.0179491649048,0.0581829620198,0.110834935181,0.0899713487844,0.0509047994249,-0.362271583964,-0.0382315450588,-0.137549060922
0.0542742016426,-0.110115605902,0.0127795815244,-0.00041436037535,-0.232009924674,-0.0200691973525,0.264020531618,-0.0179928201506,0.0646830111606,0.00994977741268,0.138440680429,0.0594929822094,0.0174765224469,-0.108479795708,0.0653604827617,-0.000711575128217,-0.00771963333659,-0.0389375554043,0.164788969705,-0.0181155727441,0.00566295853526,0.017247363779,0.0563167177779,0.107725345519,0.0863783952144,0.0493373593017,-0.372594776307,-0.0427502011452,-0.142887059724
0.0638058599723,-0.10486429833,0.0115118457547,0.0022653248754,-0.228617768658,-0.0242937340351,0.272290717354,-0.0111784228714,0.0645525373366,0.02050349698,0.145198438441,0.0615434486874,0.0158539062725,-0.100401786998,0.07491222325,-0.00169092561909,-0.00760668510774,-0.0295121781112,0.177646530937,-0.0128828327919,-0.000241496927589,0.0218002399797,0.0635682376299,0.116263232585,0.096982454859,0.0554834822769,-0.370051547787,-0.0369124096115,-0.138777655359
0.0636776554103,-0.104485699616,0.00788831023323,0.00210032531523,-0.229719847217,-0.0271481467542,0.274573687051,-0.0151407326607,0.0632003426766,0.0203884905099,0.145275779004,0.0557873110829,0.0103849630423,-0.102531699282,0.0762463774516,-0.00288894543403,-0.00801098143284,-0.0298154900651,0.176899342543,-0.0135793238119,-0.000149819995221,0.0144734973121,0.0650706602234,0.117812201757,0.0963497671024,0.0556608322984,-0.373195153701,-0.0366994101568,-0.140917980262
0.0685568157433,-0.102447525618,0.00929301094282,0.0025868561212,-0.229079403085,-0.0308100296691,0.280145650123,-0.0139923125409,0.0613837921284,0.0263169878963,0.149880105747,0.0520522359262,0.012795710018,-0.0954314275495,0.0780480095634,0.00184969130302,-0.00452719924036,-0.0321105596352,0.179507613675,-0.0118088689554,0.00197614108188,0.0150257330007,0.0689870849213,0.122721482534,0.100667695679,0.0600306712151,-0.374920678383,-0.0335147830581,-0.139975005018
0.0670795418138,-0.106204750754,0.00504033359691,0.000996289801836,-0.233026856623,-0.0250689403351,0.279295585281,-0.0127063442477,0.0544449151873,0.0252453677988,0.147673446115,0.0522967107775,0.010881457314,-0.0955212621528,0.0769823128645,-0.000874960680721,-0.00534711545526,-0.0353984693033,0.178560841895,-0.0112347632799,0.00332537782823,0.00344147873876,0.064459125075,0.121934730504,0.0997507217545,0.0563051519483,-0.379572969961,-0.0362965011797,-0.144470470025
0.0697213529917,-0.106800993333,0.00393881355088,0.00406198704954,-0.236266925242,-0.0250898636793,0.280792436941,-0.0110224525403,0.049792779915,0.0253360302001,0.14866792225,0.0518731252158,0.00899487918254,-0.0908085747291,0.078765195806,0.000270595600672,-0.00795563968884,-0.0295001790122,0.181600161504,-0.0137181122172,0.00645515943423,0.0024402652539,0.0657621231669,0.125252222755,0.102810387625,0.0585718662537,-0.382308953564,-0.0359583279942,-0.145009312235
0.0673112412459,-0.110362761448,-0.00394660020788,0.00789925040361,-0.241402446941,-0.0245163059563,0.279400282925,-0.0111278451889,0.0477924554136,0.0217786647659,0.144615024222,0.0485751781635,0.014387102722,-0.094405129009,0.073513761797,-0.0027554039852,-0.0149367778056,-0.0313557173234,0.177907082635,-0.0172351964562,0.00883328339215,-0.00212249424186,0.0645470592099,0.123738462605,0.100752135057,0.055886172533,-0.390033251554,-0.0402474051019,-0.15094313915
0.0720574773381,-0.10531776207,-0.00374319673912,0.00451141959382,-0.237739176019,-0.0231929024096,0.285373478739,-0.0132682562907,0.0474579283412,0.0250414164202,0.148939562581,0.0482481468001,0.0170779121444,-0.0879715133284,0.0789163948142,-0.000405208525177,-0.0152351708642,-0.0225537703574,0.18289393554,-0.0190495445447,0.00836442221702,-0.00192928805335,0.0686245755254,0.128635320143,0.106756322969,0.0610579224524,-0.387434440738,-0.035555236976,-0.148301346393
0.069688999357,-0.108048316743,-0.00239853378039,0.00468506699987,-0.244122783085,-0.0239468812069,0.283216505413,-0.0127669837008,0.0445401076815,0.0221378181769,0.145688921878,0.0461221745025,0.0161895020055,-0.0891730647018,0.0738030844217,0.00107939050216,-0.0141230490735,-0.0248873280084,0.179161367859,-0.0190837388864,0.00718346845552,-0.00368934513843,0.0627186700225,0.125278605231,0.104697532187,0.0583741156681,-0.394733425309,-0.0397985529169,-0.153766180897
0.0750789026419,-0.102621752843,-0.00249952479356,0.00237360925111,-0.240272126781,-0.0230102349158,0.28872798847,-0.0128058595307,0.0382857680132,0.027468470578,0.149533426941,0.0492106388151,0.0170903794282,-0.0815083635721,0.0771020582705,-0.00302134697305,-0.015514580794,-0.023173079006,0.184676416302,-0.0158157974242,0.0101584487188,0.000283595702726,0.065914825438,0.12951164064,0.110587779083,0.0641222473987,-0.392662032818,-0.0367529129437,-0.151800702072
0.0746676793893,-0.10531636407,-0.00230334007141,0.00328913831326,-0.244213129412,-0.0207587761074,0.288828601839,-0.0156537607111,0.0382958481994,0.0282085319406,0.149398556672,0.0464741002906,0.0149959350248,-0.0773728853083,0.0769889580409,-0.00634092121092,-0.0159272183681,-0.0276584052471,0.18251254977,-0.0146694594175,0.0115918476913,-0.0059685977035,0.064578739727,0.129022436201,0.110638568617,0.0641982897043,-0.394854291141,-0.0378281756565,-0.154107396989
0.0767678361055,-0.10377971113,-0.000461569153201,0.00515269088902,-0.244010170644,-0.0166268483714,0.292731417857,-0.0173572393285,0.0343155683544,0.0334620733259,0.151562619297,0.0473584135161,0.0139301905524,-0.0762034547048,0.0788084344233,-0.00307795548998,-0.0142567156756,-0.0289473626142,0.183129969274,-0.0155017219848,0.0123119450311,-0.00807337510153,0.0651373438203,0.130511460527,0.113624809771,0.0683024031556,-0.393118758505,-0.0356805503124,-0.15341320595
0.075622191999,-0.10470299278,0.00194871042074,0.00542391556736,-0.246609425269,-0.0168846210045,0.292545642556,-0.012342074672,0.0320930857789,0.0316942732781,0.150010021118,0.0455434646396,0.0164672260245,-0.0807910293899,0.0771228270083,-0.00123773505374,-0.0127552348807,-0.0239865369288,0.182142578813,-0.0130048914177,0.0125844112014,-0.0145636924436,0.064633822998,0.129792225348,0.113139741901,0.0667715425544,-0.39755623713,-0.0381887269118,-0.156573142796
0.0771294813188,-0.106046067013,0.0026468128228,0.00294152903655,-0.246333695108,-0.0159150168259,0.294484550334,-0.0113020362359,0.0324523097955,0.0345930085198,0.150336893904,0.0472132553319,0.0164186366463,-0.0792619015915,0.0780608521819,0.00118766908948,-0.0143895523707,-0.0280110922339,0.181770095458,-0.0121071859825,0.0132707151783,-0.00785393234189,0.0625289266956,0.129548310761,0.114162102173,0.0680398616952,-0.399329057895,-0.0388825547795,-0.158110419505
0.0780594033308,-0.106318579913,0.00439426239263,0.00598129132509,-0.249203465032,-0.0148645833332,0.294841463503,-0.0144251486035,0.030805040754,0.0313029275163,0.151486932015,0.0466766219716,0.015913354161,-0.0779777555575,0.0793690233021,0.00011283499339,-0.0107204458517,-0.0275586549724,0.183754132589,-0.0119097021643,0.00844339696829,-0.0040474567085,0.0647215989205,0.130658056105,0.115272480876,0.066813170593,-0.401067878543,-0.0399536521147,-0.160606809489
0.0772075938592,-0.109540235855,0.00434595673129,0.000232073939079,-0.251257902626,-0.0154162891388,0.292589182572,-0.016122502136,0.0312583858704,0.0318478514316,0.149948063914,0.0442648498447,0.0121982273676,-0.0787447955048,0.0793844123705,-0.00285487989891,-0.0105364086072,-0.0321673801614,0.182647610419,-0.0133139883194,0.00834129763455,-0.00770281121502,0.0625327108421,0.130057688973,0.114653880042,0.0652519876866,-0.405328305109,-0.0421148971784,-0.163857396767
0.0743638781852,-0.113472146566,0.00155830155131,-0.00023388502521,-0.253819377376,-0.0162787330014,0.290626861374,-0.0160408425971,0.0340110843721,0.0295348639605,0.144895151686,0.0429970504363,0.0112410707781,-0.0827959979299,0.074633010413,-0.00426352287561,-0.00624784506118,-0.0383672447057,0.179503858341,-0.0134446949016,0.00754800681175,-0.0119561754987,0.0577429166753,0.125874242647,0.112510010291,0.0620725912754,-0.412628314164,-0.0463631535306,-0.168637369086
0.0778617983111,-0.110598096335,0.00114955817793,-4.99890046179e-05,-0.252713904127,-0.0158442524842,0.294403617823,-0.0192870793895,0.0320419768543,0.029169062407,0.147308726961,0.0387765815539,0.0129996933523,-0.0741301282698,0.076630952843,-0.00731952942849,-0.00801839096282,-0.0390728232387,0.182948039035,-0.0114208213256,0.011159695941,-0.00958751547125,0.0583986083295,0.128844954171,0.116394521408,0.0659064701371,-0.412348903563,-0.0443471714706,-0.167776272891
0.079922603053,-0.109709311878,0.00283193112406,0.00191730354689,-0.250045329919,-0.0168991855639,0.296003488543,-0.0222084805752,0.0318387403795,0.0314565913444,0.148710960698,0.0379720179386,0.0111427882055,-0.0692504335534,0.0785042398393,-0.00861057222152,-0.00595208460118,-0.0380904788171,0.182584296375,-0.0114076197163,0.0107009754077,-0.0122600211792,0.0588349210986,0.130656601956,0.119219567338,0.0679481927249,-0.412294454051,-0.0429077789668,-0.167426476702
0.0819194046925,-0.109772224243,0.00388608257268,0.00284200486854,-0.249718937036,-0.0144425046584,0.298543609524,-0.0195243493706,0.0336422796194,0.0372745767122,0.15052409198,0.0358466080771,0.00942298493673,-0.068979045874,0.0803807409564,-0.00475295481818,-0.00547631447633,-0.0388793095307,0.184060836719,-0.00768654207354,0.00822216078492,-0.0133836449506,0.0608223580358,0.132117828578,0.121378678359,0.0697421584702,-0.412820536993,-0.0418504074465,-0.167324295184
0.0819230126901,-0.109787638745,0.0038848518478,0.00285157128221,-0.249751345232,-0.014445137441,0.298557007321,-0.0195395907316,0.03362740142,0.0372763716368,0.15052455566,0.0358514218669,0.00941417754983,-0.0689713693244,0.0803780532451,-0.00474804414977,-0.00547993456133,-0.0388948628854,0.184063084535,-0.0076821617778,0.0082191727039,-0.0134190361877,0.0608099828566,0.13212083767,0.121385712256,0.0697428870966,-0.412871887593,-0.0418649597492,-0.167352691651
0.0819270907658,-0.109816779788,0.00388323381195,0.00284983417829,-0.249794280695,-0.014450787702,0.298582199098,-0.0195547297361,0.0336159187551,0.0372795664442,0.150527025915,0.0358391844619,0.0094074450835,-0.0689675878151,0.0803773205057,-0.00475186045724,-0.00548994309223,-0.0389112738755,0.184071197352,-0.00768749964063,0.00821793758358,-0.0134683908474,0.0608009949356,0.132127214796,0.121393830526,0.0697412432502,-0.412939824672,-0.0418835388939,-0.167392082409
0.0819291956318,-0.1098244951,0.00388323713827,0.00285074743944,-0.249810157635,-0.0144503757915,0.29858987728,-0.0195525850272,0.0336100189374,0.0372857663682,0.150529498551,0.0358378924404,0.00940098434016,-0.0689678385223,0.0803760338126,-0.00475195695832,-0.00549161098685,-0.0389211963116,0.184072736174,-0.00768564357087,0.00821313146602,-0.0134908421521,0.0607956044437,0.132130188765,0.121397612679,0.0697414905909,-0.412964531046,-0.0418911672172,-0.167407877326
0.0819309169339,-0.109855893856,0.00387512320542,0.00284577300604,-0.249848194251,-0.0144514274392,0.298610338736,-0.0195590852752,0.0335939935744,0.0372833767515,0.150531188773,0.0358335077124,0.00939953275216,-0.0689635938073,0.0803711546726,-0.00474978062082,-0.00548982403846,-0.0389407284453,0.184081738743,-0.00768123329851,0.00820732360151,-0.0135324992411,0.0607872728729,0.132134661351,0.121402519062,0.069739241572,-0.413028914805,-0.0419094009968,-0.16744369545
0.0819350812747,-0.109866305408,0.00386903542313,0.00284496193533,-0.249863328949,-0.0144474726866,0.298622348111,-0.0195657178523,0.033583483316,0.0372931777925,0.150534269631,0.0358239168337,0.00939844232797,-0.068965681232,0.0803734178956,-0.00475117241835,-0.00549424115463,-0.0389475697759,0.184088839382,-0.00768380233513,0.00821215020563,-0.0135365754937,0.0607875643378,0.132140250099,0.121409876277,0.0697416589018,-0.413055822786,-0.0419148222461,-0.16745814292
0.0819402993022,-0.10988398885,0.00386078826224,0.00284283501867,-0.249896015145,-0.0144529013912,0.298644058384,-0.0195743224009,0.0335756877818,0.0372936069176,0.150539313658,0.035818747545,0.00939191628746,-0.068965882487,0.0803760884858,-0.00474901911,-0.00549287721992,-0.0389538630899,0.184098926234,-0.00769428847907,0.00820687829517,-0.0135540675924,0.0607851708471,0.13214841085,0.12141770684,0.0697420649185,-0.413102519663,-0.0419250413073,-0.167482120535
0.0819458162343,-0.109880270675,0.00386129843934,0.00284396860953,-0.249900290451,-0.0144555871803,0.298653525798,-0.0195715963432,0.0335761332874,0.0372922034997,0.150547292784,0.0358247836754,0.00939287992853,-0.0689598405037,0.0803799573656,-0.00474446802173,-0.00549464905357,-0.038945262172,0.184104600551,-0.00769779670067,0.00820215080262,-0.0135445275412,0.0607893880519,0.132153173514,0.121425375494,0.0697460245622,-0.413108459838,-0.0419234344926,-0.167484414291
0.0819501024303,-0.109893360166,0.00385804760892,0.00284005964471,-0.249922662594,-0.0144572960556,0.298667324164,-0.0195759842059,0.0335669222201,0.0372973677879,0.150548668739,0.0358198675102,0.00939449599346,-0.0689560236908,0.080380267473,-0.00474294596401,-0.00549798023921,-0.0389477093146,0.184114358982,-0.00769709548597,0.00819511278091,-0.0135593625273,0.0607914111658,0.132160613148,0.121432005225,0.069746304833,-0.41314154535,-0.0419313988641,-0.167503676313
0.0819540903576,-0.109897393749,0.00386403595505,0.00284396563335,-0.249927287656,-0.0144575773886,0.298677033893,-0.0195718079368,0.0335607357618,0.0372955992382,0.150556953545,0.0358193197339,0.00938955524423,-0.0689503857332,0.0803849860392,-0.00474800605086,-0.00549726814338,-0.0389449739396,0.184119929269,-0.00770216489941,0.00819131159401,-0.0135557094211,0.0607911538276,0.132163382982,0.121436964397,0.0697505808388,-0.413153473584,-0.0419327147853,-0.167509076369
0.0819594911665,-0.109911249383,0.0038578172674,0.00285016936315,-0.249950856193,-0.0144665847625,0.298699431692,-0.0195799709775,0.0335501602778,0.0372978698795,0.150565154903,0.0358113613705,0.00938401216532,-0.0689472799656,0.0803876429547,-0.00475437617223,-0.00549905126726,-0.0389531202737,0.1841277743,-0.00770857454346,0.00819336078018,-0.0135770372793,0.0607920192316,0.132171944645,0.121445289031,0.0697520129992,-0.413194630257,-0.0419414141469,-0.16753069609
0.0819632329457,-0.109934956175,0.00385288962743,0.00284779197196,-0.249987082475,-0.0144676492986,0.298716702677,-0.0195872542317,0.0335449329986,0.0372952658316,0.150567405087,0.035807035719,0.00936930851843,-0.0689419025495,0.0803842995449,-0.00475434014075,-0.0055003944265,-0.0389692027596,0.184137067429,-0.00771331584514,0.00819010095017,-0.0136159633131,0.0607821478506,0.132177210574,0.121451465513,0.0697476887436,-0.413250823113,-0.0419584904439,-0.167563109719
0.0819671810552,-0.10994242887,0.00384965811215,0.0028424030379,-0.25000507155,-0.0144697187168,0.298728915474,-0.0195890168418,0.0335435059186,0.0372975906448,0.150568813749,0.0358019655887,0.00936810003749,-0.0689485985746,0.0803865097222,-0.00475721499691,-0.00550227390327,-0.0389751037918,0.184144832261,-0.00771502792309,0.00818219036089,-0.013617745902,0.0607840108622,0.132182691529,0.121457593896,0.069750216038,-0.413280284176,-0.0419649112636,-0.167578223444
0.0819707349522,-0.109962183091,0.00384901260429,0.00284947577277,-0.250030211133,-0.0144697572299,0.298742491271,-0.0195944048286,0.0335354430044,0.0372972529938,0.150570853987,0.0358019675547,0.00936083124313,-0.0689412304085,0.0803887727832,-0.00476118186845,-0.00550655025517,-0.0389858316638,0.184152506863,-0.00771759904147,0.00818149176256,-0.0136412344615,0.0607781532777,0.132188027697,0.121462624249,0.069750534756,-0.413318901226,-0.0419744778249,-0.167600638203
0.0819729489696,-0.10997283314,0.00384203351228,0.00284525311975,-0.250051831218,-0.0144679646957,0.29875354013,-0.0195962941743,0.0335342898872,0.0372954335792,0.150571241418,0.0357997523301,0.00935566631293,-0.0689347414112,0.0803877351254,-0.00476368674067,-0.00550788229327,-0.0389937795074,0.184154086269,-0.00772163337288,0.00817904793892,-0.0136617634077,0.0607751122702,0.13219206908,0.121466739333,0.0697497966426,-0.413353331248,-0.041984498439,-0.16762061592
0.0819751454915,-0.109985797024,0.00383785563524,0.00285169006207,-0.250070916265,-0.0144652913999,0.298763702515,-0.0195999780229,0.0335258782481,0.0372965770767,0.150571062463,0.0357996617187,0.00934794746797,-0.068926371244,0.0803833588647,-0.00475779205761,-0.00551095129832,-0.0390012501316,0.184154166743,-0.0077225457965,0.00818077083792,-0.0136911477213,0.0607694470649,0.132194087121,0.121471606475,0.069748743443,-0.413387325678,-0.0419942218651,-0.167640316446
0.0819794281648,-0.109996319766,0.00383796409414,0.00284842999989,-0.250093287769,-0.0144641524277,0.298777199328,-0.0196024532855,0.0335195130279,0.0373023171058,0.150575233188,0.0357979223296,0.00934346436846,-0.0689200518674,0.0803827927465,-0.00475918422034,-0.00550983958072,-0.0390146105091,0.184160247495,-0.00771854864969,0.00817737389358,-0.0137022016603,0.0607685193313,0.132199784331,0.121477565741,0.0697492706604,-0.413415974661,-0.0420001927267,-0.167656169425
0.0819823258743,-0.110011923369,0.00383294699272,0.00284663599242,-0.250125091744,-0.0144638098061,0.298790043371,-0.0196072875806,0.0335040677616,0.0373054143395,0.150575541845,0.0357899633414,0.00933891526584,-0.0689103523936,0.0803794680894,-0.00475612557968,-0.00550918092657,-0.0390284716357,0.184166019894,-0.0077219345398,0.00818022061317,-0.01372884605,0.0607630400474,0.132203121718,0.121484139635,0.069746424543,-0.413463204935,-0.0420140523711,-0.167682861384
0.0819870773714,-0.110023841202,0.00383194159273,0.00284883920352,-0.250143800514,-0.0144640312268,0.298804623395,-0.0196090999836,0.0334992023326,0.0373058588806,0.150578749659,0.0357862015395,0.00933779035639,-0.0689092787325,0.0803824739191,-0.00475415583061,-0.00550834817687,-0.0390382544019,0.184175812232,-0.00772284876758,0.00817996638208,-0.0137313778323,0.0607645904849,0.132210302595,0.121491213978,0.0697486743654,-0.413494208041,-0.0420203186003,-0.1676975574
0.0819920025428,-0.11003210719,0.00382971848087,0.0028473436435,-0.250163721718,-0.0144686427812,0.298820971339,-0.0196127531059,0.0334933296247,0.0373102661866,0.150586065899,0.0357864856271,0.00933458905994,-0.0689131729375,0.0803862644565,-0.00475854224897,-0.00551257519919,-0.0390442885737,0.184185520051,-0.00772526854545,0.0081772349316,-0.0137416247963,0.0607645062591,0.132216671528,0.121498734759,0.069750713196,-0.413522992765,-0.0420265974366,-0.167713163371
0.0819967499569,-0.11004086811,0.00381818757821,0.0028472174646,-0.250180615054,-0.0144718656155,0.29883587023,-0.0196197724188,0.0334888575899,0.0373144659848,0.15059402857,0.0357752251642,0.00933048823788,-0.068913225085,0.0803881553726,-0.0047670657882,-0.00551467255886,-0.0390518814529,0.184195399614,-0.00772893950672,0.00818023193529,-0.0137496710514,0.0607660400126,0.13222347816,0.121505347942,0.0697541534579,-0.413547603939,-0.0420302717105,-0.167726031943
0.0820638130508,-0.110082863151,0.00383606929471,0.00286052227459,-0.250252197071,-0.014424950664,0.29894072687,-0.0196489685688,0.0333984636292,0.0373923296736,0.15061680318,0.0356931367579,0.00930963890697,-0.068829347423,0.0804226773889,-0.00477845853157,-0.00553620034336,-0.0391139884392,0.184218881354,-0.00770990064001,0.00822694567843,-0.0138625983997,0.0607281886618,0.132263329572,0.121599594306,0.0698060747784,-0.41374282306,-0.042065783517,-0.167849991483
0.0820824913563,-0.110101501901,0.00383055534619,0.00286403732919,-0.250283791633,-0.0144117900151,0.29898159184,-0.01964813137,0.0333770179132,0.0373853027807,0.150625675052,0.0356685032909,0.00927488032977,-0.0687988321778,0.0804318019011,-0.00478030106594,-0.00553968603553,-0.039081984587,0.184225492896,-0.00768534703332,0.00823407093851,-0.0138979515106,0.0607081743705,0.132283108606,0.121631979611,0.0698269846049,-0.413816430867,-0.0420714360459,-0.167888086437
0.0821201012047,-0.110124740341,0.00382548749284,0.00286415275728,-0.2503540318,-0.0143878776256,0.299067595267,-0.0196579578424,0.0333578864044,0.0374110546935,0.15065526517,0.0356287235898,0.00926852334892,-0.0687590213105,0.0804484351684,-0.00479856850183,-0.00554948869366,-0.0391415191658,0.184270351917,-0.0076649512751,0.00824125904171,-0.0139322380082,0.0607058641423,0.132320108631,0.121691934713,0.0698670171868,-0.41394506794,-0.0420906365449,-0.167969035491
0.08216055092,-0.110159637221,0.00383080896849,0.00284550310091,-0.250396569941,-0.0143671757115,0.299135525053,-0.0196670834624,0.0333288085942,0.0374328791638,0.150679872718,0.0355764562993,0.00924743938269,-0.0687339393463,0.0804707802855,-0.00482619812499,-0.00556441887592,-0.0391713712019,0.184293586749,-0.00764785189864,0.00825078544556,-0.0139390790294,0.0607053260439,0.132355121063,0.121742936257,0.0698981763442,-0.414055857711,-0.0421070456437,-0.168036967988
0.0821898326601,-0.110192719963,0.00380432331238,0.00284933520031,-0.250452458018,-0.0143650246745,0.299196519223,-0.0197027149449,0.0333025719524,0.0374623476815,0.150686559721,0.0355475960978,0.00921739146437,-0.0686790720331,0.0804947600679,-0.0048130926896,-0.00555759206999,-0.0391976087719,0.18430795255,-0.00764737333407,0.00821083639658,-0.0139971989295,0.060680316531,0.132371560936,0.121788679714,0.0699243379429,-0.414169362453,-0.0421317778082,-0.168110530641
0.0822048347922,-0.110193094731,0.0037878160831,0.00285030889147,-0.250479551442,-0.0143537411851,0.299225905138,-0.0197026180251,0.0333249361154,0.0374576418552,0.150695632615,0.0355337482732,0.00922840329999,-0.0686609888043,0.0804944739088,-0.00480740883293,-0.00554333997852,-0.0391964717481,0.184317978175,-0.00765121016359,0.0082271101661,-0.0140170949707,0.0606729456287,0.132372693059,0.121814158413,0.0699282963404,-0.414225298603,-0.042146444326,-0.168146731338
0.0822503852091,-0.110235991093,0.00378665373485,0.00283735372034,-0.250554774417,-0.0143668872656,0.29930299616,-0.0197446785596,0.0332923152947,0.0375295380243,0.15071398335,0.0354679750471,0.00920103560891,-0.0686163212586,0.0805172504089,-0.00482431458046,-0.00555737601818,-0.0392513916343,0.184348602985,-0.00762758485795,0.00823104792309,-0.0140694334061,0.0606529804618,0.132412719855,0.121878665433,0.0699542295297,-0.414361940316,-0.0421748197166,-0.168236946621
0.082310106926,-0.110269755727,0.00380007837239,0.00284559341374,-0.250629644416,-0.0143236121079,0.29940194777,-0.019759145954,0.0332348407457,0.0376107967567,0.150741360197,0.0354158688283,0.00920406631218,-0.0685556606358,0.0805321332348,-0.00482893016035,-0.0055545796928,-0.0393343700893,0.184383686606,-0.00757596684595,0.00824339213858,-0.0140927921187,0.0606338123116,0.132464103893,0.121963319677,0.0700041529321,-0.414516296444,-0.0421940006906,-0.168329119406
0.0823345672375,-0.11028903985,0.00379848005812,0.00284257300304,-0.250672352941,-0.0143329241106,0.299447214856,-0.0197706442941,0.0332094790758,0.0376372313783,0.150745146106,0.0354053051406,0.00921492225119,-0.0685134072454,0.0805482449604,-0.00482947491806,-0.00550939203692,-0.0393355503007,0.184383334697,-0.00754724964416,0.00825203668346,-0.0141717006433,0.0605983242761,0.1324694467,0.12199922357,0.0700234362882,-0.414595353432,-0.0422114329245,-0.168385649409
0.0823536388564,-0.110303294381,0.00380506872893,0.00281956125458,-0.250692054441,-0.0143441669025,0.299468949962,-0.0197471880484,0.0331952703335,0.0376602359207,0.150749137976,0.0353917219491,0.00922745013448,-0.0685083128784,0.0805569031166,-0.004836848478,-0.00550173281586,-0.039336285283,0.184387620753,-0.0075301376275,0.00827955540275,-0.0141677175123,0.0605896141681,0.132479637873,0.122025639564,0.0700355128741,-0.414660752315,-0.0422262303741,-0.168423425453
0.0824221039417,-0.110332766781,0.00384141188123,0.00282648968311,-0.250761287406,-0.0142826030382,0.299575179877,-0.0197541295974,0.0331249472907,0.0377729848036,0.150766960666,0.0353366321379,0.00919479536956,-0.0684218959625,0.0805806388345,-0.00482493587592,-0.00547038885279,-0.0394065471695,0.184416501513,-0.00748122721469,0.00831116702168,-0.0142612828509,0.0605695292253,0.132525708068,0.122121133354,0.0700968001484,-0.414817408345,-0.0422498002809,-0.168535769517
0.0824713698807,-0.1103640151,0.00384620445268,0.00284479101558,-0.250834207176,-0.0142617344692,0.299656413077,-0.0197645011778,0.0330726799874,0.0378298327447,0.150778042823,0.0353001236633,0.00919632830864,-0.0683673595998,0.080599611711,-0.0048324455256,-0.005474960765,-0.0394386696677,0.184443262896,-0.00743888261587,0.0083117606637,-0.0143531460124,0.0605566309766,0.132562271275,0.122193060603,0.0701377412371,-0.414978401536,-0.042281134706,-0.168632841234
0.082513908059,-0.110378297415,0.00386711159496,0.00285183104245,-0.250899092067,-0.0142702961069,0.29970883867,-0.0197478309902,0.0330287930141,0.0378806825675,0.150786173359,0.0352429379038,0.00919954211687,-0.0683079708672,0.0806212212421,-0.00480806626943,-0.00547661169013,-0.0394641428121,0.184453309242,-0.00740720710315,0.00834071343598,-0.0143982978625,0.0605284543213,0.132581742206,0.12224618471,0.0701740256007,-0.415083055167,-0.0422976467234,-0.168703218209
0.0825525259176,-0.110389461619,0.00386169351757,0.00284291765738,-0.250954840263,-0.0142570025052,0.29977642574,-0.0197538896622,0.0330051647895,0.0379292220086,0.150804893902,0.0352078695174,0.00919347177453,-0.0682599859374,0.0806224811489,-0.0048044779791,-0.00546801132609,-0.0395154610625,0.184464055766,-0.00740415367424,0.00834141476819,-0.0144256226531,0.0605210032428,0.132608024753,0.122300306368,0.0702034985342,-0.415186883456,-0.0423171360196,-0.168769807947
0.0825968338069,-0.110423203799,0.00383846312131,0.00286439328321,-0.251015713237,-0.0142429306959,0.299843494452,-0.0197684420841,0.0329569863826,0.0379885387598,0.150812524756,0.0351549239157,0.00918633971228,-0.0682174685617,0.0806430980262,-0.00481016259329,-0.00546310899617,-0.0395589650138,0.184491374549,-0.00738045766313,0.00834712256013,-0.0144526481461,0.0604894362568,0.132632228713,0.122359890224,0.0702322615711,-0.415315164278,-0.0423430532557,-0.168850964956
0.0826113088665,-0.110426500615,0.00383535931646,0.00285127683164,-0.251027984521,-0.0142422859604,0.299881622465,-0.0197693955733,0.0329538813886,0.0379838741656,0.150822659149,0.0351762384899,0.00917154578629,-0.0682262099435,0.0806582258879,-0.00480495454743,-0.00547864068244,-0.0395419026739,0.184505943668,-0.00735947835182,0.00831917919449,-0.0144558292369,0.0604896240264,0.132647271295,0.122383637043,0.0702435061573,-0.41536346141,-0.042348943283,-0.168875764404
0.0826587581859,-0.110452529896,0.00384968981342,0.00285928980708,-0.251083671792,-0.0142158327435,0.299956696169,-0.0197944927875,0.0328987323271,0.0380280238639,0.150831405375,0.0351231384697,0.00918076901247,-0.0681490642696,0.0806762436884,-0.00479824320521,-0.00546937055994,-0.0396002333676,0.184529870719,-0.00733977471299,0.00833565046417,-0.0145255867861,0.0604764691047,0.132685699919,0.122454630406,0.0702855037652,-0.415502969756,-0.0423677942516,-0.168957954854
0.0826995594818,-0.110474184183,0.00385632180816,0.00287291311785,-0.251130554098,-0.0142011689201,0.300020353179,-0.0198042245969,0.0328467571106,0.0380770773921,0.150839253949,0.0350657373316,0.00914230102278,-0.06810155135,0.080688869161,-0.00479079940501,-0.0054281886834,-0.0396334899533,0.184551704575,-0.00731855899515,0.00835157446541,-0.0145763012822,0.0604555562487,0.132711412559,0.122516435512,0.0703219467369,-0.41561982013,-0.0423876865112,-0.169032048699
0.0827210677986,-0.110493838673,0.00385227270619,0.00288093501702,-0.251166590801,-0.014207005121,0.300057538804,-0.019834342798,0.0328349294541,0.0380946278125,0.150850861277,0.0350423719219,0.0091403311404,-0.068082082893,0.0806999513136,-0.00478929077011,-0.00546144364903,-0.0396434602881,0.184567744467,-0.00730393653292,0.00835389650855,-0.0145944531374,0.0604490760409,0.132731773022,0.122548071985,0.0703402859351,-0.415693597406,-0.0423956233997,-0.169073092198
0.0827352006196,-0.11050434643,0.00385418453778,0.0028957663621,-0.251200587313,-0.0141983662073,0.300101561623,-0.0198569878496,0.0328131073706,0.0381087970427,0.150860332477,0.0350352328962,0.00914239073748,-0.0680794114378,0.0807062727568,-0.00480257087691,-0.00545986795129,-0.0396653575214,0.184583192428,-0.0073010495356,0.00835122660371,-0.0146049101298,0.0604408164421,0.13274438501,0.122572154915,0.0703521677711,-0.415753443503,-0.0424055849706,-0.169112384972
0.0827895375069,-0.110537079801,0.00386323462916,0.00288666583539,-0.251273213963,-0.014186807584,0.30019557517,-0.0198784006246,0.0327817056133,0.0381474955797,0.150891366151,0.0349897763474,0.00911765524208,-0.0680227067579,0.0807323767693,-0.00482130579504,-0.00545089757805,-0.0397054841499,0.184617672539,-0.00728479321989,0.00836123408991,-0.0146459073811,0.0604282055799,0.132786573781,0.122650772099,0.0703956651741,-0.415910861671,-0.042429718583,-0.16920731765
0.0828193872381,-0.110561920341,0.00386813822095,0.00288415545919,-0.251316132208,-0.0141757696377,0.300249464372,-0.0198814790939,0.0327578645325,0.0381777460151,0.150909326564,0.034973671222,0.00911094393136,-0.0679960677758,0.080744314156,-0.00482187944269,-0.00544656228924,-0.0397274082497,0.184639909931,-0.00727895752521,0.00835732192988,-0.0146657420981,0.0604248775063,0.132813090693,0.122693010614,0.0704196726684,-0.416004678445,-0.042444912831,-0.169264365176
0.0828478709449,-0.11058576773,0.00387689718628,0.00288448427083,-0.251364638902,-0.0141654097401,0.300306077924,-0.0198851788906,0.0327407287764,0.0381972733218,0.150928273843,0.0349589313726,0.00908621352654,-0.0679734421126,0.0807589946475,-0.00482369483482,-0.00544665988956,-0.0397457732785,0.184665108001,-0.00726540894226,0.00835764722332,-0.0146892802995,0.0604154239584,0.132836633997,0.12273379144,0.0704403277947,-0.416104656472,-0.0424619545827,-0.16932255159
0.0828910993881,-0.110610956024,0.00387414865003,0.00289877576812,-0.25143150362,-0.0141607035758,0.300385698912,-0.0198991253828,0.0327158039941,0.0382315105169,0.150950521276,0.0349213958997,0.00906858734776,-0.0679473784847,0.0807794327821,-0.00483034963631,-0.00545984921584,-0.0397636552094,0.184694162644,-0.00724480514416,0.00835809342856,-0.0147278386628,0.0604062010038,0.13287327448,0.122794979926,0.0704736547071,-0.416240997685,-0.0424838170183,-0.169401454683
0.0829340987803,-0.110637883186,0.00388319790822,0.00290411610339,-0.251493808758,-0.0141521911239,0.300463087329,-0.0199044914993,0.0326850704248,0.0382658692701,0.150973165253,0.0348873138805,0.00904681322837,-0.0678907418723,0.0807968186148,-0.00483244489267,-0.00545410551249,-0.0397881207363,0.184718360908,-0.00722655069084,0.00836039102403,-0.0147777853649,0.0603949918827,0.132907388801,0.122859138805,0.0705120450185,-0.416379400554,-0.0425062405224,-0.169485917914
0.0829656374973,-0.110660028823,0.0038804751803,0.00289947509256,-0.251540501715,-0.014144859339,0.300524558634,-0.0199191550606,0.0326569900272,0.038290954526,0.150988577933,0.0348583037027,0.00903932244251,-0.0678596504695,0.0808076966995,-0.00483867850042,-0.00545651966083,-0.0398124270236,0.184739460061,-0.00721383422259,0.0083671129628,-0.0148100332309,0.0603808606661,0.132934076651,0.122905488903,0.0705390321688,-0.416481050761,-0.0425224130261,-0.169549865463
0.0829975364896,-0.110679566144,0.0038795989718,0.00290233759124,-0.251604012119,-0.0141376128992,0.300585948277,-0.0199342163633,0.0326326911062,0.0383184033768,0.151004929004,0.0348276724433,0.00902730178623,-0.0678409790402,0.0808206441271,-0.00483628103874,-0.0054648702783,-0.0398330625657,0.184761866292,-0.00720699932774,0.00836803617776,-0.0148246544205,0.0603650610682,0.132958885623,0.122952940163,0.0705626620399,-0.416595818065,-0.0425447220755,-0.16961808975
0.0830501951524,-0.110716867185,0.00387460158644,0.00289875312886,-0.251686234002,-0.0141176842982,0.300683209871,-0.0199529384136,0.0325945776027,0.0383610240482,0.151032834934,0.0347770685636,0.00900856585716,-0.0677972168972,0.0808476814756,-0.00484537779942,-0.00547906953794,-0.0398662133429,0.184805874115,-0.00718542739114,0.0083758742062,-0.0148790063177,0.0603565843921,0.133006452371,0.123031582008,0.0706011286918,-0.416762561985,-0.0425720796719,-0.169718193631
0.0830812357967,-0.110747042636,0.00387640700288,0.00289369277895,-0.251740938003,-0.0140980634326,0.300740287963,-0.0199608138573,0.0325663180975,0.0383864982562,0.151049019079,0.0347557786937,0.00900531968455,-0.0677783009924,0.0808688831351,-0.00484713500835,-0.00548300798652,-0.0398840150739,0.184835679315,-0.00717239797257,0.00838157202425,-0.0148980757408,0.0603496686403,0.133034499231,0.123076374653,0.0706237932947,-0.416865190467,-0.042591492677,-0.169781051726
0.0831156485655,-0.110770761308,0.00387585993959,0.00288977179698,-0.251791868472,-0.0140874434338,0.30080602595,-0.0199727130509,0.0325489385478,0.038414239971,0.151070764802,0.0347154487149,0.00899133129148,-0.0677435533222,0.0808820972736,-0.00485423149234,-0.00548756166121,-0.0399141581686,0.184856212539,-0.00716647145264,0.00838269278298,-0.0149267562323,0.0603431006194,0.133064223366,0.123126405626,0.0706526122905,-0.416973171724,-0.0426077917458,-0.169845799761
0.0831547157819,-0.110794343404,0.00388675225701,0.00288629908992,-0.251848761782,-0.0140757038802,0.300867849599,-0.0199810108948,0.0325250731978,0.0384460270495,0.151086665656,0.0346805324243,0.00897649015885,-0.0676895215514,0.0808961047593,-0.00484468791499,-0.00548791820953,-0.0399344729895,0.184881209967,-0.00714697572578,0.00838628521031,-0.0149673521569,0.0603263823075,0.13309280227,0.123182850142,0.070683587345,-0.417093647428,-0.042629383196,-0.16992234592
0.0831627411074,-0.110806093335,0.00388461207143,0.00289026724365,-0.251864009069,-0.0140693235602,0.300883253646,-0.0199730648218,0.0325273331459,0.038449409445,0.151087932749,0.0346636133584,0.00897970466304,-0.0676803394478,0.0808951712975,-0.00484105017336,-0.00548919741631,-0.0399390500681,0.184881847465,-0.00713641479785,0.00837800471575,-0.0149782701819,0.0603195836269,0.133098768,0.123195350182,0.0706890961487,-0.417135554931,-0.0426394015596,-0.169947958616
0.0832006228697,-0.110834325299,0.00388272919114,0.00289494666625,-0.25191063846,-0.0140530803309,0.300944424289,-0.0199806326614,0.0325047477123,0.0384854104998,0.151104077225,0.0346247411043,0.00895757603305,-0.067640421299,0.0809144359462,-0.00485046458573,-0.00548380055183,-0.0399612217249,0.184905865196,-0.00712121640402,0.00838247346324,-0.0150148112714,0.0603128316481,0.13312962042,0.123250572157,0.0707206595438,-0.417249443003,-0.0426586977006,-0.170018802194
0.0832655828634,-0.11087542123,0.00387589376464,0.00288948102503,-0.252002878181,-0.0140323293032,0.301060669621,-0.0200068642634,0.0324506015118,0.0385372598182,0.151139604412,0.0345519647328,0.00893510812247,-0.0675725726886,0.080947199481,-0.00487125375924,-0.00548459311597,-0.0400036881726,0.184951179581,-0.00710737712557,0.00839075393462,-0.0150781526388,0.0602955354517,0.13318005778,0.123346567015,0.070773831146,-0.417455073264,-0.0426924235089,-0.170142430948
0.083287266525,-0.110908331213,0.003866921359,0.00289787927795,-0.252058626196,-0.0140301314163,0.301113947536,-0.0200157754082,0.0324312757142,0.0385438972721,0.151157833886,0.0345251519732,0.00892616685728,-0.0675569585333,0.0809551566099,-0.00488265993817,-0.00549149721881,-0.0400197590863,0.184972349773,-0.00710060887353,0.00839287905143,-0.0151080100625,0.0602869906269,0.133203128393,0.123379851977,0.0707906017558,-0.417561911372,-0.0427134169731,-0.170204410842
0.0833200311535,-0.110932013573,0.0038672147253,0.00290447563137,-0.252102243568,-0.0140225441518,0.301168875644,-0.0200252103861,0.0324103321356,0.0385648750544,0.151173164991,0.03449330495,0.00890772775861,-0.0675251819349,0.0809716075595,-0.00488235691103,-0.005495437847,-0.0400377120965,0.184995106218,-0.00708476445846,0.00839448587146,-0.0151332511417,0.0602790172967,0.133229770773,0.123426637261,0.0708168096532,-0.417661942482,-0.0427288466985,-0.170264080583
0.0833607552827,-0.110957895208,0.00386418345187,0.00290686319931,-0.25216402014,-0.0140030557304,0.301244747499,-0.0200411540382,0.0323797075343,0.0386029733358,0.151192890971,0.0344578134309,0.00889030830959,-0.0674856313558,0.0809916417241,-0.00488519561017,-0.00550661437206,-0.0400646258274,0.18502271396,-0.0070651182933,0.00840035977674,-0.015173976072,0.060269279891,0.133264078775,0.123486180202,0.0708470023348,-0.417787919629,-0.0427498610701,-0.170341674937
0.0833944179343,-0.110978711504,0.0038642309238,0.00291033445221,-0.25221497694,-0.013993567061,0.301306539755,-0.0200518150744,0.0323568866168,0.0386294775371,0.151213448377,0.0344256343694,0.00888107511963,-0.06745678408,0.0810128585226,-0.00489142455329,-0.00551137386836,-0.0400752114547,0.185044706282,-0.0070638835588,0.00839352146341,-0.015203263212,0.0602583856687,0.133290330409,0.123535170388,0.0708739393908,-0.417891568145,-0.0427673971272,-0.17040472531
0.0834313065192,-0.110999837492,0.00386754943674,0.00290876367028,-0.252255304921,-0.0139760182894,0.301364549454,-0.0200663518354,0.0323335712843,0.0386688263786,0.151232522244,0.0343949657119,0.00887114505001,-0.067429151924,0.0810296731178,-0.0048973031664,-0.00551851318599,-0.0400931943209,0.185069220689,-0.00705079975128,0.00838961988596,-0.0152294622518,0.0602510556507,0.133318250746,0.123587466039,0.0709037268511,-0.417991482302,-0.0427808525357,-0.170464086079
0.0834632808183,-0.111025662116,0.00386968565997,0.00289684442746,-0.25230609742,-0.0139642089831,0.301425323546,-0.0200823170926,0.032311881865,0.0386848764351,0.151250076357,0.0343640623121,0.00886116484644,-0.0673963346865,0.0810456091136,-0.00489744171482,-0.00552108497978,-0.0401119091767,0.185092214573,-0.00703826937184,0.00838949180234,-0.0152557943781,0.0602458692375,0.133347269129,0.123634538291,0.0709268738962,-0.418094761881,-0.0427964172609,-0.170525063767
0.0835025122833,-0.111054153601,0.00388001456525,0.00288914522908,-0.252365436294,-0.0139404771489,0.301485228095,-0.0200980174681,0.0322857105325,0.0387069959272,0.151271576,0.0343438473934,0.00887173944877,-0.0673760681223,0.0810647667013,-0.00489766924404,-0.00551428672561,-0.0401407354404,0.185120317874,-0.00704835201327,0.00836445859384,-0.0152608517581,0.0602355876017,0.133383616094,0.123688493559,0.070940188498,-0.418223496678,-0.0428184936896,-0.170600550725
