0,9989,29967,10000,13.7462323263,1.34747207653,6.2947452068
1,19987,59961,20000,13.8594299303,1.1915133614,12.455397129
2,29975,89925,30000,13.8791149873,1.07666512663,19.165114164
3,39961,119883,40000,13.8698957007,1.04102143103,25.780160188
4,49950,149850,50000,13.7995349863,1.07296363093,33.440658092
5,59943,179829,60000,13.6883790318,0.966680523875,41.366413116
6,69931,209793,70000,13.7870612054,0.98788372153,50.179445028
7,79923,239769,80000,13.6110877613,0.921144334004,58.36902213
8,89916,269748,90000,13.5767790556,0.906913436721,66.248431205
9,99905,299715,100000,13.8565476232,0.924125494114,74.350251197
10,109895,329685,110000,13.5548644253,0.888212931335,82.540328025
11,119884,359652,120000,13.5628579992,0.881898581592,90.161429166
12,129875,389625,130000,13.6408799329,0.88126933747,98.182032108
13,139860,419580,140000,13.6336455929,0.854818893463,105.63602614
14,149850,449550,150000,13.7418538719,0.805969065823,113.65207314
15,159839,479517,160000,13.8777131023,0.897892510614,121.48976898
16,169822,509466,170000,13.8314805558,0.870167119277,129.27843999
17,179815,539445,180000,13.5233201953,0.843550662638,137.15502810
18,189807,569421,190000,13.7770236456,0.807407684532,145.39121007
19,199798,599394,200000,14.0987534212,0.847427977499,153.1385641
20,209792,629376,210000,13.5227828597,0.825037838384,161.52837014
21,219782,659346,220000,13.5541648834,0.822032287425,169.25030016
22,229772,689316,230000,13.6043353799,0.812781644459,176.90543699
23,239760,719280,240000,13.3734714814,0.755808559119,184.48039102
24,249744,749232,250000,13.6794668188,0.803736456394,191.92668199
25,259734,779202,260000,13.6014540335,0.792914999737,199.58238720
26,269726,809178,270000,13.7011087131,0.781842793443,207.47126007
27,279718,839154,280000,13.7089662347,0.81623689161,214.92535209
28,289703,869109,290000,13.8516647585,0.85662939015,222.56105613
29,299693,899079,300000,13.7167280904,0.842627874356,230.1459891
30,309676,929028,310000,13.5074263448,0.788837146203,237.56184816
31,319663,958989,320000,13.4919359784,0.762666792855,244.90113902
32,329654,988962,330000,13.8157567617,0.759421881963,252.03535819
33,339644,1018932,340000,13.4817696691,0.750924826237,259.39325404
34,349639,1048917,350000,14.1234823288,0.802440098031,266.74403119
35,359629,1078887,360000,13.7155717435,0.811706786025,273.92176008
36,369616,1108848,370000,13.8576713685,0.773907944053,281.29609203
37,379604,1138812,380000,13.6361988782,0.768933782427,288.69487309
38,389595,1168785,390000,13.7000924425,0.748028927446,296.17955517
39,399590,1198770,400000,13.7245991004,0.801842488529,303.69610810
40,409579,1228737,410000,14.1990668934,0.874457995245,311.11711621
41,419566,1258698,420000,13.9540111835,0.773696132994,318.41435909
42,429552,1288656,430000,13.947557689,0.788904059096,325.60586404
43,439541,1318623,440000,13.7703848436,0.772248171597,332.96526408
44,449531,1348593,450000,13.8484112981,0.762421658555,340.49137210
45,459525,1378575,460000,13.5469587762,0.725611532036,347.90279102
46,469518,1408554,470000,13.5558642683,0.760397785245,355.2636032
47,479510,1438530,480000,13.750387336,0.740678857105,362.82876801
48,489503,1468509,490000,13.7673078479,0.763623355711,369.78645205
49,499493,1498479,500000,13.8967919763,0.755803608029,377.11725521
50,509486,1528458,510000,13.5415587792,0.748581792666,384.42922210
51,519475,1558425,520000,13.6153750176,0.74109523633,391.57657408
52,529464,1588392,530000,13.8559251293,0.743918724529,399.03011202
53,539456,1618368,540000,13.5971268933,0.743933188976,406.46073913
54,549441,1648323,550000,13.5456349739,0.751936330125,413.80244708
55,559434,1678302,560000,13.7780281678,0.736566016455,421.08676314
56,569423,1708269,570000,13.6472427533,0.744961203336,428.57294702
57,579416,1738248,580000,13.8776279383,0.748152642466,435.97884321
58,589404,1768212,590000,13.7111802903,0.765843069003,443.31027007
59,599396,1798188,600000,14.1504113765,0.779841453757,450.93711304
60,609384,1828152,610000,13.7928628936,0.724812307044,458.31234717
61,619372,1858116,620000,13.8128252044,0.759993199141,465.59998607
62,629361,1888083,630000,13.6686183402,0.719764604348,472.78763103
63,639347,1918041,640000,13.8875458443,0.745454901167,480.11855101
64,649336,1948008,650000,13.7723571109,0.718124480705,487.43267703
65,659325,1977975,660000,13.8282919442,0.762216742044,495.25245404
66,669312,2007936,670000,13.8794851664,0.731779224489,502.49482512
67,679300,2037900,680000,13.917151995,0.745343369423,510.20232009
68,689289,2067867,690000,13.8074485188,0.743263747628,517.94981718
69,699277,2097831,700000,13.7118832378,0.746510783925,525.92800903
70,709268,2127804,710000,13.6890741153,0.71765128411,534.51197910
71,719257,2157771,720000,13.729015542,0.697548531987,542.43785405
72,729250,2187750,730000,13.8668960536,0.738806352654,550.50894904
73,739234,2217702,740000,14.0291588414,0.764449282924,558.27166509
74,749227,2247681,750000,13.9001406128,0.733066277098,568.49826312
75,759215,2277645,760000,13.7035003129,0.733631320487,577.02835416
76,769201,2307603,770000,13.6876373302,0.69815107654,585.14473915
77,779192,2337576,780000,13.9634995655,0.736983695711,593.22413015
78,789184,2367552,790000,13.9944402753,0.737369813399,601.38862419
79,799176,2397528,800000,13.7829761319,0.728869195967,609.9365110
80,809164,2427492,810000,13.9616184451,0.736513291314,618.903132
81,819151,2457453,820000,13.9152525678,0.713443811024,627.7479391
82,829146,2487438,830000,13.8869900754,0.724839525819,636.70728206
83,839135,2517405,840000,13.7656775515,0.70872106743,645.37365198
84,849126,2547378,850000,13.9696672704,0.723101249688,654.30872821
85,859111,2577333,860000,13.6746722248,0.703535717017,663.32886099
86,869102,2607306,870000,13.8172287599,0.776100201411,672.23499798
87,879096,2637288,880000,13.7642219199,0.742995183804,680.60387921
88,889088,2667264,890000,13.7833151357,0.702852269162,689.30735206
89,899075,2697225,900000,13.759690705,0.691272399397,698.5532431
90,909065,2727195,910000,13.6506052979,0.688867573529,708.22404408
91,919057,2757171,920000,13.613209805,0.660963435343,716.82553410
92,929045,2787135,930000,13.5856400803,0.695772695986,725.65348100
93,939030,2817090,940000,13.8415994212,0.735846197966,733.94833111
94,949020,2847060,950000,13.6309718275,0.71577911612,742.47385215
95,959013,2877039,960000,14.0273984542,0.727983817223,750.75392508
96,969009,2907027,970000,13.5689389682,0.682817361393,758.94651198
97,978998,2936994,980000,13.5855929677,0.694423749613,767.5413751
98,988986,2966958,990000,13.7531191593,0.720240392307,776.24532604
99,998979,2996937,1000000,13.9673664683,0.710057037362,785.54969501
100,1008968,3026904,1010000,13.6922325951,0.678586305146,794.84485912
101,1018958,3056874,1020000,13.908014251,0.720061697477,803.99725818
102,1028952,3086856,1030000,13.6275843076,0.681614081083,812.36471605
103,1038947,3116841,1040000,14.0767914749,0.72409066538,820.06069111
104,1048937,3146811,1050000,13.8748057271,0.69377210923,827.96361112
105,1058928,3176784,1060000,13.7409840731,0.748915217083,836.51817417
106,1068910,3206730,1070000,13.7343880137,0.671436086874,844.62726402
107,1078899,3236697,1080000,13.7099453158,0.727180020581,852.7775170
108,1088892,3266676,1090000,13.8346592657,0.690104216779,860.30550408
109,1098877,3296631,1100000,14.126450245,0.69246184963,868.77547502
110,1108865,3326595,1110000,13.7207485266,0.684526763547,877.38692212
111,1118855,3356565,1120000,13.6106031734,0.691733319989,885.84713816
112,1128847,3386541,1130000,13.8565984675,0.689044997415,893.9891390
113,1138839,3416517,1140000,13.6386723549,0.694614214382,902.10651016
114,1148825,3446475,1150000,13.6808139223,0.675925815825,910.01972007
115,1158816,3476448,1160000,13.8365778638,0.658810718092,917.77521920
116,1168807,3506421,1170000,13.9811272948,0.691146703535,926.61908006
117,1178794,3536382,1180000,13.8657989763,0.693493846407,934.68508410
118,1188784,3566352,1190000,13.6603598053,0.681760592699,943.12684798
119,1198776,3596328,1200000,13.6655975784,0.68226429702,951.56501102
120,1208769,3626307,1210000,13.7693221098,0.736763808246,960.01159715
121,1218760,3656280,1220000,13.9257484656,0.699665211313,968.42324113
122,1228747,3686241,1230000,13.8633404537,0.775046325228,976.78812408
123,1238734,3716202,1240000,13.8748745179,0.669913164032,985.30274820
124,1248722,3746166,1250000,13.8083989443,0.728773309134,993.52445316
125,1258710,3776130,1260000,13.9917015745,0.694627252301,1001.7045521
126,1268705,3806115,1270000,13.4833854659,0.660492817406,1010.21439
127,1278696,3836088,1280000,13.7125562242,0.681814238836,1018.9359650
128,1288686,3866058,1290000,13.5530127517,0.673927909923,1027.2046251
129,1298678,3896034,1300000,13.933591796,0.704577389454,1035.4640321
130,1308668,3926004,1310000,13.9211864226,0.673754536602,1043.725351
131,1318660,3955980,1320000,13.8974105953,0.727217356881,1052.1971449
132,1328654,3985962,1330000,13.7417445811,0.651929332769,1061.403304
133,1338644,4015932,1340000,13.7146240639,0.683304534054,1070.3083190
134,1348635,4045905,1350000,13.8826704794,0.657672893019,1079.4735090
135,1358621,4075863,1360000,13.5978753051,0.642467723695,1088.2617330
136,1368615,4105845,1370000,13.9060497632,0.679557660277,1097.303098
137,1378604,4135812,1380000,13.7137994882,0.700071214299,1105.9762160
138,1388589,4165767,1390000,13.7665554039,0.662859805284,1114.9560260
139,1398575,4195725,1400000,13.9918754637,0.707585084512,1123.7886350
140,1408561,4225683,1410000,13.7675469123,0.700996821581,1132.5274391
141,1418552,4255656,1420000,13.8731808163,0.680251339565,1141.258086
142,1428543,4285629,1430000,13.9717560663,0.692184987405,1149.842320
143,1438532,4315596,1440000,13.9599640675,0.704154370479,1158.9978911
144,1448518,4345554,1450000,13.979252563,0.725948249258,1167.6311101
145,1458506,4375518,1460000,13.5588206616,0.715025753708,1176.4705610
146,1468492,4405476,1470000,13.7702925222,0.729182690541,1185.007237
147,1478483,4435449,1480000,13.6074719426,0.671826724005,1193.792460
148,1488473,4465419,1490000,13.8964158097,0.675432169955,1202.1273090
149,1498465,4495395,1500000,13.8159733132,0.706095183631,1210.7226831
150,1508451,4525353,1510000,13.7408329147,0.669731806816,1219.0720360
151,1518446,4555338,1520000,14.0244795503,0.697030918083,1227.787154
152,1528440,4585320,1530000,13.6132338354,0.696851165424,1236.6123762
153,1538434,4615302,1540000,13.7088690404,0.694128834286,1245.4197280
154,1548422,4645266,1550000,13.6745543077,0.674476291535,1254.2534952
155,1558418,4675254,1560000,13.6708571501,0.714235480809,1263.1633820
156,1568410,4705230,1570000,13.8354004009,0.655569583816,1271.31534
157,1578400,4735200,1580000,13.8513569547,0.696126804795,1279.9810390
158,1588389,4765167,1590000,13.7891815946,0.710632208848,1288.4269740
159,1598375,4795125,1600000,13.6143790471,0.667214880015,1297.2730081
160,1608371,4825113,1610000,13.6787071204,0.670706496553,1305.8678991
161,1618359,4855077,1620000,13.7570248912,0.697568941193,1314.2554850
162,1628350,4885050,1630000,13.7986486525,0.709125117029,1323.0866811
163,1638343,4915029,1640000,13.7714244913,0.703367193557,1332.2463560
164,1648335,4945005,1650000,13.4892542299,0.678411320182,1341.0095109
165,1658328,4974984,1660000,13.8028790951,0.670359214895,1349.8336269
166,1668321,5004963,1670000,13.9194339258,0.688598754955,1359.2563860
167,1678310,5034930,1680000,13.8964177019,0.684524133945,1368.3704249
168,1688303,5064909,1690000,13.8121863064,0.692018440966,1377.6883151
169,1698293,5094879,1700000,13.6587116239,0.661541764563,1386.4077191
170,1708284,5124852,1710000,13.8335393906,0.683523383678,1395.2438440
171,1718270,5154810,1720000,13.7977273969,0.650791008421,1404.2933201
172,1728263,5184789,1730000,13.8742955034,0.673038288111,1412.1142051
173,1738253,5214759,1740000,13.9589850935,0.677532827632,1420.425566
174,1748249,5244747,1750000,13.7232336044,0.671784700632,1428.2034871
175,1758244,5274732,1760000,13.5596747889,0.685089351677,1435.7747411
176,1768232,5304696,1770000,13.5382606848,0.696914424561,1443.17570
177,1778220,5334660,1780000,13.8489709496,0.684159222604,1450.4778091
178,1788209,5364627,1790000,13.8097668195,0.673985612517,1457.7479450
179,1798200,5394600,1800000,13.9431725816,0.667639268051,1464.79340
180,1808189,5424567,1810000,13.8264795333,0.690507452727,1471.9324691
181,1818182,5454546,1820000,13.529644565,0.65601579141,1479.2548341
182,1828169,5484507,1830000,13.6934115723,0.677486863105,1487.0706741
183,1838158,5514474,1840000,13.7446388072,0.718958463669,1494.45786
184,1848150,5544450,1850000,13.9512299361,0.663896583356,1501.9588429
185,1858140,5574420,1860000,13.7484580413,0.668672782348,1509.7927060
186,1868124,5604372,1870000,13.6805176519,0.633558995361,1517.1964170
187,1878120,5634360,1880000,14.0503428189,0.635699136183,1524.5880410
188,1888109,5664327,1890000,13.7658232987,0.684220679686,1531.99891
189,1898095,5694285,1900000,13.603756043,0.667820203893,1539.3217780
190,1908088,5724264,1910000,13.8193050445,0.685603620366,1546.8511831
191,1918082,5754246,1920000,14.0555152009,0.677857857077,1554.316402
192,1928071,5784213,1930000,14.0143733131,0.663760222066,1561.6631071
193,1938062,5814186,1940000,13.8757348915,0.629188289624,1569.0396361
194,1948053,5844159,1950000,13.9133210975,0.665197972522,1576.6731200
195,1958035,5874105,1960000,13.7781243907,0.666449852043,1584.2863171
196,1968021,5904063,1970000,13.8819370902,0.723886535933,1591.6770701
197,1978013,5934039,1980000,13.646209355,0.674814247213,1599.0176451
198,1988008,5964024,1990000,13.7139691896,0.683318971388,1606.9314889
199,1997995,5993985,2000000,13.7019942878,0.666553139271,1614.2701652
200,2007985,6023955,2010000,13.8434161601,0.649694168187,1621.6320321
201,2017973,6053919,2020000,13.5030680314,0.668281840808,1629.060326
202,2027953,6083859,2030000,13.751959534,0.675568542497,1636.3830351
203,2037945,6113835,2040000,13.7639034765,0.692548068286,1643.560007
204,2047936,6143808,2050000,13.7096715116,0.677684620958,1650.959168
205,2057927,6173781,2060000,14.052367516,0.686842348754,1658.2301690
206,2067916,6203748,2070000,13.9988041181,0.678355274292,1665.5419750
207,2077905,6233715,2080000,13.7403209216,0.648471966258,1672.9103851
208,2087895,6263685,2090000,13.848298001,0.684846742831,1680.2358360
209,2097886,6293658,2100000,13.6441142379,0.646734262186,1687.6228311
210,2107883,6323649,2110000,13.6583075036,0.679161018941,1694.9692962
211,2117870,6353610,2120000,13.6704389329,0.634926355891,1702.3595330
212,2127856,6383568,2130000,13.8515879424,0.713967220719,1709.6994090
213,2137842,6413526,2140000,13.937807318,0.642420321726,1717.0983891
214,2147837,6443511,2150000,13.8981966262,0.683554620321,1724.4524171
215,2157823,6473469,2160000,13.6939326666,0.626084108458,1732.0280370
216,2167816,6503448,2170000,13.6773729184,0.680244464821,1739.6864471
217,2177804,6533412,2180000,13.7165653075,0.642904996733,1747.2052731
218,2187798,6563394,2190000,13.8476927922,0.660380026478,1754.5177860
219,2197787,6593361,2200000,13.7096418909,0.639467246638,1761.7902591
220,2207782,6623346,2210000,13.4647932901,0.645958942185,1769.1796941
221,2217770,6653310,2220000,13.9609843114,0.68045793692,1776.5336260
222,2227757,6683271,2230000,14.0321027352,0.636204616329,1783.891261
223,2237746,6713238,2240000,13.9591085159,0.689746124877,1791.4016292
224,2247735,6743205,2250000,13.7485838838,0.657395234247,1798.7504692
225,2257722,6773166,2260000,13.6433504541,0.645126964028,1806.0836951
226,2267716,6803148,2270000,13.8253300483,0.637282506416,1813.7305071
227,2277707,6833121,2280000,13.7532485217,0.664355479754,1821.4771761
228,2287696,6863088,2290000,13.7822400179,0.68574562201,1828.9753031
229,2297688,6893064,2300000,13.486429237,0.643358410644,1836.2498271
230,2307676,6923028,2310000,13.6393742557,0.683657227671,1843.902429
231,2317669,6953007,2320000,13.7587938085,0.660468597491,1851.3807730
232,2327661,6982983,2330000,13.8633850408,0.672436923125,1859.0592901
233,2337650,7012950,2340000,13.7972410169,0.660832432576,1866.6376900
234,2347637,7042911,2350000,13.8170657639,0.683616061152,1874.2943470
235,2357631,7072893,2360000,13.7915960179,0.663568740578,1881.9877190
236,2367618,7102854,2370000,13.8096167317,0.669558613684,1889.6954820
237,2377614,7132842,2380000,13.865170884,0.624465922255,1897.5867800
238,2387609,7162827,2390000,14.0651535833,0.655027674359,1905.4639091
239,2397597,7192791,2400000,13.755666089,0.632382917932,1913.24188
240,2407589,7222767,2410000,13.7620113145,0.636458816066,1920.7658171
241,2417574,7252722,2420000,13.5952140043,0.657410267171,1928.719950
242,2427562,7282686,2430000,13.8800749569,0.646256928161,1936.3888461
243,2437550,7312650,2440000,13.7123172723,0.640474549388,1944.2271840
244,2447538,7342614,2450000,13.8569750061,0.629333829503,1952.0442731
245,2457526,7372578,2460000,13.721337507,0.629886515897,1959.6353571
246,2467516,7402548,2470000,13.7547990473,0.675086876481,1966.8105142
247,2477503,7432509,2480000,13.5844473551,0.611971043794,1973.9790542
248,2487493,7462479,2490000,13.7366526246,0.649912849954,1981.1410770
249,2497480,7492440,2500000,13.9040127762,0.662693909,1988.5251400
250,2507467,7522401,2510000,13.7271208055,0.654418593427,1995.6013650
251,2517455,7552365,2520000,13.7368434229,0.670141055519,2002.613735
252,2527442,7582326,2530000,14.2408515872,0.666844510301,2009.7947540
253,2537431,7612293,2540000,13.8764202917,0.6342383939,2016.9548251
254,2547420,7642260,2550000,13.7533695758,0.64662218615,2024.1645381
255,2557408,7672224,2560000,13.9365382503,0.674656143318,2031.2996730
256,2567400,7702200,2570000,13.6031893565,0.644888024474,2038.3787431
257,2577389,7732167,2580000,14.0628703664,0.669787078273,2045.5780081
258,2587374,7762122,2590000,13.8208293713,0.661986521474,2052.6313130
259,2597369,7792107,2600000,13.9156664988,0.673127499987,2059.9745800
260,2607362,7822086,2610000,13.855076673,0.609793664029,2067.1476640
261,2617355,7852065,2620000,13.6331230954,0.65126250652,2074.2790501
262,2627344,7882032,2630000,13.5891731376,0.621924154191,2081.4346151
263,2637333,7911999,2640000,13.8110626584,0.669211995239,2088.5517380
264,2647321,7941963,2650000,13.9452040471,0.667059178464,2095.7238600
265,2657314,7971942,2660000,13.6077931484,0.637223200768,2102.9380781
266,2667302,8001906,2670000,13.7471997829,0.654545747871,2110.2371761
267,2677298,8031894,2680000,14.0719015729,0.673565012834,2117.5364360
268,2687291,8061873,2690000,13.7412231112,0.623344471824,2124.6202011
269,2697279,8091837,2700000,13.7638579241,0.63312009571,2131.7140111
270,2707273,8121819,2710000,13.947284088,0.650268514792,2138.8732721
271,2717254,8151762,2720000,13.7357724742,0.625798111059,2146.1335210
272,2727241,8181723,2730000,13.8091873753,0.665877719606,2153.326829
273,2737231,8211693,2740000,13.8499982124,0.661099343324,2160.5748391
274,2747221,8241663,2750000,13.8113403993,0.655563482613,2167.8001670
275,2757214,8271642,2760000,13.6765169215,0.668493276685,2174.997129
276,2767199,8301597,2770000,13.7653359714,0.680879963048,2182.3352420
277,2777193,8331579,2780000,13.6779401608,0.68434358971,2189.6914579
278,2787187,8361561,2790000,13.4157561326,0.599822534403,2197.0257220
279,2797182,8391546,2800000,13.7410226169,0.630506585353,2204.3026840
280,2807172,8421516,2810000,13.5896202507,0.658290051817,2211.4688880
281,2817157,8451471,2820000,13.8901481388,0.635624234153,2218.6950991
282,2827144,8481432,2830000,13.9356326087,0.633746944044,2225.9074790
283,2837133,8511399,2840000,13.5174910799,0.632658141547,2233.1938171
284,2847122,8541366,2850000,13.7215249264,0.62717247854,2240.3247990
285,2857113,8571339,2860000,13.5813204431,0.651588674863,2247.4895241
286,2867101,8601303,2870000,13.7434687901,0.642139472802,2254.9469749
287,2877091,8631273,2880000,13.662703213,0.653199702498,2262.4305250
288,2887081,8661243,2890000,13.711506228,0.631175613533,2270.0527210
289,2897075,8691225,2900000,13.7957066087,0.625444181954,2277.3893861
290,2907055,8721165,2910000,13.8721950685,0.649638614421,2284.6360330
291,2917049,8751147,2920000,13.7543227452,0.647047907323,2292.0111420
292,2927041,8781123,2930000,13.8030603863,0.676153312864,2299.1845481
293,2937032,8811096,2940000,13.5922113084,0.668707620569,2306.6375381
294,2947023,8841069,2950000,13.8213681413,0.657362622866,2313.9435660
295,2957017,8871051,2960000,13.825704567,0.620127901803,2321.1515991
296,2967010,8901030,2970000,13.8454062795,0.649775541691,2328.2800550
297,2977000,8931000,2980000,13.5798920154,0.642890366446,2335.5302281
298,2986995,8960985,2990000,13.5688769702,0.613342794188,2342.5727121
299,2996979,8990937,3000000,13.8027826048,0.675724201193,2349.9939131
300,3006969,9020907,3010000,13.7836259036,0.661842418614,2357.0438480
301,3016961,9050883,3020000,13.942343348,0.65848068937,2364.4559969
302,3026953,9080859,3030000,13.7082501481,0.636841156706,2371.49371
303,3036941,9110823,3040000,13.9728072134,0.624470138292,2378.5369930
304,3046936,9140808,3050000,13.7456001088,0.630190607032,2385.842065
305,3056926,9170778,3060000,13.7216732299,0.650235601781,2393.1722621
306,3066917,9200751,3070000,13.718582186,0.618211973429,2400.6877970
307,3076905,9230715,3080000,13.7172314615,0.625272050857,2408.17001
308,3086898,9260694,3090000,13.9458633081,0.648375344573,2415.7125151
309,3096885,9290655,3100000,13.6454817783,0.661995362005,2423.256470
310,3106879,9320637,3110000,13.5634694906,0.649104965361,2430.7326240
311,3116872,9350616,3120000,13.4977204161,0.625280224511,2438.2927360
312,3126864,9380592,3130000,14.1848216239,0.670966940146,2445.5937671
313,3136851,9410553,3140000,13.9425783472,0.637437766403,2452.8591060
314,3146839,9440517,3150000,13.8438788954,0.624499222882,2460.0996210
315,3156832,9470496,3160000,13.8542300631,0.639772911576,2467.2904419
316,3166822,9500466,3170000,13.7681184458,0.633493983179,2474.5161101
317,3176818,9530454,3180000,13.8940459848,0.637851092747,2481.883994
318,3186804,9560412,3190000,13.8401175551,0.650291955843,2489.2377359
319,3196793,9590379,3200000,13.8436303168,0.63618857365,2496.391228
320,3206782,9620346,3210000,13.8631212856,0.709004360545,2503.7655100
321,3216770,9650310,3220000,13.8519830628,0.647964051296,2510.996776
322,3226761,9680283,3230000,13.9017258983,0.649277704001,2518.2285771
323,3236747,9710241,3240000,13.880286531,0.63137569556,2525.4937231
324,3246739,9740217,3250000,13.6820312609,0.606903586755,2532.7061040
325,3256730,9770190,3260000,13.8713169486,0.672331184468,2539.9113740
326,3266723,9800169,3270000,13.5369469344,0.642602479085,2547.2677400
327,3276712,9830136,3280000,13.9119220149,0.680334897138,2554.461453
328,3286697,9860091,3290000,13.6868165633,0.645742794651,2561.8968110
329,3296685,9890055,3300000,13.8252651204,0.636997762207,2569.1831150
330,3306678,9920034,3310000,13.6918452604,0.611927956406,2576.2212600
331,3316667,9950001,3320000,13.9041428683,0.633478092397,2583.4009091
332,3326658,9979974,3330000,14.0286709728,0.663406032699,2590.6898751
333,3336647,10009941,3340000,13.5449423539,0.683168971346,2597.7995290
334,3346634,10039902,3350000,13.6047640702,0.650369550016,2604.9244661
335,3356624,10069872,3360000,13.6667608408,0.66138383464,2612.2498371
336,3366612,10099836,3370000,13.8861201545,0.628669728087,2619.4476001
337,3376602,10129806,3380000,13.846169834,0.631951418933,2626.9360020
338,3386597,10159791,3390000,13.8087441454,0.63276387065,2634.6054160
339,3396588,10189764,3400000,13.5300686295,0.650119035042,2642.126938
340,3406570,10219710,3410000,13.9853857501,0.667651038855,2649.7606580
341,3416561,10249683,3420000,13.9215709431,0.621335127884,2657.3940620
342,3426556,10279668,3430000,14.0048748265,0.61949674143,2664.9938981
343,3436541,10309623,3440000,13.7650832363,0.61668827632,2672.4519851
344,3446532,10339596,3450000,13.6988848526,0.668421652596,2680.0288491
345,3456526,10369578,3460000,13.8254342916,0.650027247646,2687.3755581
346,3466518,10399554,3470000,14.0121489169,0.649104455824,2694.7354290
347,3476510,10429530,3480000,13.754800069,0.692898028402,2702.0916640
348,3486500,10459500,3490000,13.7478187411,0.67085588271,2709.3588252
349,3496489,10489467,3500000,13.6248676253,0.627011408113,2716.50783
350,3506483,10519449,3510000,13.9616001238,0.644696106618,2723.6843800
351,3516477,10549431,3520000,13.8811464947,0.657812492129,2730.9271621
352,3526472,10579416,3530000,14.0138857923,0.637261722407,2738.3253431
353,3536463,10609389,3540000,13.8635805308,0.654244772931,2745.63068
354,3546454,10639362,3550000,14.1362364981,0.641387171059,2752.7040741
355,3556444,10669332,3560000,13.6179797559,0.639334593704,2759.82942
356,3566432,10699296,3570000,13.7426257801,0.649650500988,2766.9243140
357,3576416,10729248,3580000,13.8637657732,0.666144498748,2774.09859
358,3586412,10759236,3590000,13.7346073694,0.648051452264,2781.0946950
359,3596407,10789221,3600000,13.81169872,0.618799709135,2787.9318630
360,3606396,10819188,3610000,13.7251839032,0.611596889396,2795.0842151
361,3616387,10849161,3620000,13.7886543404,0.651927332855,2802.3204832
362,3626379,10879137,3630000,13.7610691834,0.658285065036,2809.5831019
363,3636369,10909107,3640000,13.8523143242,0.640040470615,2816.8029730
364,3646362,10939086,3650000,13.8346805669,0.638155156201,2823.99873
365,3656349,10969047,3660000,13.8653294086,0.63548115339,2831.241681
366,3666341,10999023,3670000,13.8191945294,0.667896885149,2838.6415991
367,3676330,11028990,3680000,13.8309954515,0.64553816997,2846.0066580
368,3686321,11058963,3690000,13.6387642047,0.636623865591,2853.4177751
369,3696315,11088945,3700000,13.8877647715,0.623129670313,2860.7316911
370,3706305,11118915,3710000,13.8994406506,0.60989308512,2867.9499511
371,3716299,11148897,3720000,13.8119097912,0.646499376453,2875.3504571
372,3726289,11178867,3730000,13.6825432002,0.634745271362,2882.4976701
373,3736280,11208840,3740000,13.8256734038,0.639764521958,2889.637854
374,3746269,11238807,3750000,13.9175477631,0.620054496457,2896.9632611
375,3756258,11268774,3760000,13.5116957618,0.656202599152,2904.2040240
376,3766246,11298738,3770000,13.85890403,0.608696503463,2911.3563411
377,3776237,11328711,3780000,13.7459274659,0.638072970666,2918.5417261
378,3786221,11358663,3790000,13.7850558617,0.687003291943,2925.6411590
379,3796208,11388624,3800000,13.6967665033,0.597115480285,2932.7253282
380,3806198,11418594,3810000,13.8829419638,0.611027856241,2939.9376912
381,3816194,11448582,3820000,13.8268036082,0.607031811985,2947.2674961
382,3826183,11478549,3830000,13.622185285,0.609429739185,2954.3192410
383,3836171,11508513,3840000,13.7363270254,0.666020575429,2961.6772701
384,3846161,11538483,3850000,14.0989137501,0.645557027077,2968.8878500
385,3856149,11568447,3860000,13.677115916,0.6482804923,2975.8848080
386,3866136,11598408,3870000,13.6675046609,0.642134432815,2983.2750160
387,3876123,11628369,3880000,13.7440555373,0.657918602169,2990.4857029
388,3886116,11658348,3890000,13.8290682987,0.673864900781,2997.8130781
389,3896102,11688306,3900000,13.8621963777,0.6459607301,3005.3530111
390,3906090,11718270,3910000,13.9184857938,0.639610963071,3012.952989
391,3916077,11748231,3920000,13.8150007537,0.592591277349,3020.5781791
392,3926070,11778210,3930000,13.6946795123,0.631587646373,3028.26889
393,3936060,11808180,3940000,13.8361365435,0.625391424405,3035.8039190
394,3946050,11838150,3950000,14.0063134887,0.674652059301,3043.2490410
395,3956042,11868126,3960000,13.9548868049,0.64438747858,3050.7402310
396,3966028,11898084,3970000,13.6307644912,0.652924942543,3058.1385121
397,3976019,11928057,3980000,13.6565558075,0.651558317369,3065.6265790
398,3986010,11958030,3990000,13.7914882948,0.613893228387,3072.9850401
399,3995999,11987997,4000000,13.793617811,0.675121474049,3080.25007
400,4005988,12017964,4010000,13.6514494181,0.632091236508,3087.4845430
401,4015983,12047949,4020000,13.9762893305,0.614973449941,3094.7008190
402,4025973,12077919,4030000,13.7621972445,0.650136727103,3101.8322651
403,4035963,12107889,4040000,13.7478391881,0.626721106543,3109.0753700
404,4045955,12137865,4050000,13.5274457244,0.621205933484,3116.1855990
405,4055942,12167826,4060000,13.7872958114,0.619755280985,3123.23845
406,4065932,12197796,4070000,13.938858061,0.650782517099,3130.8265221
407,4075921,12227763,4080000,13.7263129344,0.610170200994,3138.5215210
408,4085908,12257724,4090000,13.6439767095,0.609794994399,3146.1831581
409,4095902,12287706,4100000,13.7890087681,0.614670437192,3153.2770490
410,4105889,12317667,4110000,13.7620951969,0.673138802005,3160.4827470
411,4115876,12347628,4120000,13.6509048601,0.640126411658,3167.8838381
412,4125869,12377607,4130000,13.8523234435,0.643187742612,3175.2844409
413,4135857,12407571,4140000,14.0102677436,0.650802471038,3182.6904301
414,4145850,12437550,4150000,13.6574635087,0.613259947614,3190.0104610
415,4155840,12467520,4160000,13.8089495783,0.624869961246,3197.1817541
416,4165835,12497505,4170000,13.776876124,0.6572188211,3204.3921630
417,4175823,12527469,4180000,13.8184294999,0.652407558431,3211.6153581
418,4185816,12557448,4190000,13.7220277569,0.642593286699,3218.8503830
419,4195804,12587412,4200000,13.7232130113,0.640112629979,3225.9885041
420,4205794,12617382,4210000,13.7854895926,0.627295325693,3233.0403270
421,4215788,12647364,4220000,13.6312092793,0.647362595965,3240.1582729
422,4225777,12677331,4230000,13.8177752873,0.628647797814,3247.2650880
423,4235767,12707301,4240000,14.0500421743,0.669339160408,3254.3006520
424,4245756,12737268,4250000,13.7679585016,0.648721483157,3261.2953000
425,4255747,12767241,4260000,14.1424601812,0.64644166881,3268.5307760
426,4265745,12797235,4270000,13.7456494282,0.62651283004,3275.8796410
427,4275739,12827217,4280000,13.8099350953,0.637144520837,3283.2374041
428,4285732,12857196,4290000,13.8406274111,0.612054757422,3290.4195091
429,4295726,12887178,4300000,13.957037735,0.666248937282,3297.58507
430,4305723,12917169,4310000,13.7747214777,0.642415732251,3304.9488010
431,4315719,12947157,4320000,13.7867749762,0.622022162618,3312.4866061
432,4325707,12977121,4330000,13.9574042186,0.632965883158,3319.7435259
433,4335697,13007091,4340000,13.8263848555,0.671476564642,3327.0620861
434,4345685,13037055,4350000,13.6689938714,0.586675911239,3334.4021050
435,4355674,13067022,4360000,13.7693398579,0.613033626056,3341.5279941
436,4365662,13096986,4370000,13.8030535896,0.641088320364,3348.9579110
437,4375654,13126962,4380000,14.2330878692,0.654376235395,3356.0939021
438,4385639,13156917,4390000,13.7212903615,0.631591170881,3363.2363691
439,4395631,13186893,4400000,13.922186361,0.655984166847,3370.431500
440,4405617,13216851,4410000,13.5254441659,0.624408772505,3377.4779961
441,4415612,13246836,4420000,13.8892821779,0.615903628817,3384.9098510
442,4425604,13276812,4430000,13.6605595472,0.630412581782,3392.361483
443,4435591,13306773,4440000,13.5787943756,0.606030338165,3399.3631651
444,4445585,13336755,4450000,13.7118387556,0.584033325575,3406.7895860
445,4455573,13366719,4460000,13.7843459917,0.605043459677,3413.732554
446,4465566,13396698,4470000,13.5712292105,0.631846685417,3421.1068661
447,4475555,13426665,4480000,13.7559891485,0.618169639605,3428.8223571
448,4485545,13456635,4490000,13.5568034767,0.619777640958,3436.4677131
449,4495536,13486608,4500000,13.8158883494,0.653152969671,3443.9854450
450,4505523,13516569,4510000,13.9478969024,0.608843814678,3451.454186
451,4515514,13546542,4520000,13.9315641379,0.654971720734,3459.2459900
452,4525504,13576512,4530000,13.7696562523,0.617185273676,3466.8238761
453,4535498,13606494,4540000,13.6172432333,0.615743009557,3474.139190
454,4545482,13636446,4550000,14.0510057221,0.672340325997,3481.6233720
455,4555473,13666419,4560000,13.8982235524,0.658049264676,3489.1013941
456,4565464,13696392,4570000,13.938433444,0.64720034116,3496.43420
457,4575457,13726371,4580000,13.6290528481,0.625031098145,3503.6802589
458,4585452,13756356,4590000,13.5226520006,0.620687773781,3510.8182032
459,4595439,13786317,4600000,13.9104242904,0.636255533936,3517.8695261
460,4605432,13816296,4610000,13.8248582929,0.634449861873,3525.0306770
461,4615419,13846257,4620000,14.0015134886,0.625172628845,3532.3674011
462,4625410,13876230,4630000,13.8981806052,0.637576000064,3539.4983451
463,4635400,13906200,4640000,13.7649375472,0.606408600608,3546.5448591
464,4645392,13936176,4650000,13.6350965024,0.614878416561,3553.4960811
465,4655382,13966146,4660000,13.5929164497,0.602541033936,3560.4479811
466,4665375,13996125,4670000,13.5156902783,0.623948012858,3567.6745450
467,4675366,14026098,4680000,13.7209664634,0.620236851303,3575.1582210
468,4685357,14056071,4690000,13.5808694269,0.615614139841,3582.240276
469,4695349,14086047,4700000,13.974701851,0.651252535181,3589.5870571
470,4705341,14116023,4710000,13.7738009681,0.608121299858,3596.9884731
471,4715334,14146002,4720000,13.8177671979,0.649214433062,3604.202817
472,4725321,14175963,4730000,14.129934278,0.653178632578,3611.4784660
473,4735312,14205936,4740000,13.5997579511,0.584976852287,3618.8815472
474,4745296,14235888,4750000,13.8275324777,0.638411052546,3626.2344000
475,4755291,14265873,4760000,13.9091771533,0.618937375812,3633.6056871
476,4765278,14295834,4770000,13.6933558076,0.610807092456,3640.6935410
477,4775267,14325801,4780000,14.0889338899,0.671084339011,3647.9804480
478,4785257,14355771,4790000,13.9018419469,0.635803158173,3655.063522
479,4795248,14385744,4800000,13.8560622603,0.591410570773,3662.2164571
480,4805232,14415696,4810000,13.5487206976,0.655192404005,3669.2629032
481,4815224,14445672,4820000,13.6766195063,0.635175372763,3676.3968491
482,4825210,14475630,4830000,13.6840330689,0.602611990671,3683.6116051
483,4835203,14505609,4840000,13.8801811047,0.640175012781,3690.8177640
484,4845197,14535591,4850000,13.7350863926,0.625199413382,3698.0889961
485,4855184,14565552,4860000,13.6925911149,0.656515551665,3705.3706021
486,4865173,14595519,4870000,14.0278042369,0.633845301281,3712.4792001
487,4875154,14625462,4880000,13.9215922669,0.656955870438,3719.4225871
488,4885143,14655429,4890000,13.6654120521,0.63912655479,3726.4211370
489,4895134,14685402,4900000,13.8796704182,0.650504820176,3733.5607931
490,4905120,14715360,4910000,13.6879037785,0.624263136956,3740.7018270
491,4915114,14745342,4920000,13.9628196231,0.611347721923,3747.978977
492,4925101,14775303,4930000,13.7744913592,0.595346118618,3755.1879131
493,4935089,14805267,4940000,13.6164311587,0.599540636407,3762.2609720
494,4945080,14835240,4950000,13.9378552512,0.636093066499,3769.4566640
495,4955073,14865219,4960000,13.9229339029,0.625197393853,3776.7396659
496,4965067,14895201,4970000,13.9117318477,0.599629049839,3783.9265291
497,4975054,14925162,4980000,13.7950283914,0.603832421464,3791.1588311
498,4985045,14955135,4990000,13.7132940351,0.653855337342,3798.4493269
499,4995034,14985102,5000000,14.0066630705,0.635451344295,3805.651413
500,5005020,15015060,5010000,13.6399010314,0.633429148806,3812.8422009
501,5015008,15045024,5020000,13.490568127,0.609452101165,3819.9057190
502,5024998,15074994,5030000,13.7937875184,0.629745706235,3827.0149071
503,5034991,15104973,5040000,13.8793405805,0.644456103212,3834.3837451
504,5044976,15134928,5050000,13.8642390234,0.650488953509,3841.5955491
505,5054965,15164895,5060000,13.7855485515,0.600360167815,3848.8018851
506,5064954,15194862,5070000,13.9911449908,0.625828585995,3856.0395660
507,5074947,15224841,5080000,13.7104846215,0.605781628866,3863.4157
508,5084933,15254799,5090000,13.7491891892,0.623848392348,3870.5168881
509,5094922,15284766,5100000,13.7740320127,0.62557956889,3877.7816131
510,5104913,15314739,5110000,13.86630197,0.598488225471,3885.0010311
511,5114899,15344697,5120000,13.675973439,0.644012795948,3892.1297080
512,5124890,15374670,5130000,13.8453999682,0.62779053462,3899.2079970
513,5134878,15404634,5140000,13.9313240896,0.638489504994,3906.3429861
514,5144863,15434589,5150000,13.7877528034,0.611826812217,3913.404712
515,5154854,15464562,5160000,13.7102992853,0.638332128086,3920.3921680
516,5164843,15494529,5170000,13.5869537922,0.621573586849,3927.5553121
517,5174832,15524496,5180000,13.6196738359,0.60059434966,3934.6641211
518,5184823,15554469,5190000,13.8219315566,0.616984141959,3941.879082
519,5194813,15584439,5200000,14.0067563825,0.650067991217,3948.9992930
520,5204804,15614412,5210000,13.5154385156,0.616466812013,3956.3361110
521,5214793,15644379,5220000,14.025228131,0.640187234238,3963.4616160
522,5224788,15674364,5230000,13.9458026141,0.606698913485,3970.7527430
523,5234776,15704328,5240000,13.5418262581,0.612653590497,3977.9464440
524,5244767,15734301,5250000,13.8153147763,0.623329988553,3985.1629600
525,5254756,15764268,5260000,13.722272504,0.60738416246,3992.4388921
526,5264748,15794244,5270000,13.8867135072,0.617430373655,3999.5614831
527,5274734,15824202,5280000,13.8222057693,0.599351836555,4006.510924
528,5284728,15854184,5290000,13.8336745434,0.588942089952,4013.5685031
529,5294718,15884154,5300000,13.6595838178,0.632679836405,4020.7290830
530,5304712,15914136,5310000,13.5647354141,0.661235441962,4027.7881860
531,5314704,15944112,5320000,13.7153638354,0.596818938474,4035.2124130
532,5324691,15974073,5330000,13.9544008967,0.612094543827,4042.4985802
533,5334684,16004052,5340000,13.8091301771,0.616677448255,4049.54575
534,5344671,16034013,5350000,13.8310745564,0.585407974449,4056.7117130
535,5354666,16063998,5360000,13.6640811573,0.612960611622,4063.9157240
536,5364658,16093974,5370000,13.5872327351,0.589598580604,4071.102603
537,5374651,16123953,5380000,13.8782244128,0.625504673328,4078.2263631
538,5384644,16153932,5390000,13.8581384114,0.633031283531,4085.436029
539,5394633,16183899,5400000,13.9255316437,0.622751647641,4092.8199632
540,5404624,16213872,5410000,13.7827043231,0.616747853912,4100.030620
541,5414610,16243830,5420000,13.9585473444,0.62515722722,4107.214649
542,5424597,16273791,5430000,13.903503077,0.633577056494,4114.1428861
543,5434592,16303776,5440000,13.6598184283,0.643014110149,4121.1838831
544,5444584,16333752,5450000,13.710640341,0.616064906482,4128.2930641
545,5454571,16363713,5460000,13.7022150616,0.627093493014,4135.4629950
546,5464565,16393695,5470000,13.7558434189,0.632964661282,4142.582029
547,5474554,16423662,5480000,13.6457043216,0.62480534145,4149.7668831
548,5484546,16453638,5490000,13.4308653231,0.591433370943,4157.2014641
549,5494539,16483617,5500000,13.6949272007,0.614322533198,4164.4871292
550,5504527,16513581,5510000,13.740447474,0.605767276551,4171.8370690
551,5514514,16543542,5520000,13.4408983017,0.614355554058,4179.1866011
552,5524503,16573509,5530000,14.1812805548,0.645427723056,4186.4472520
553,5534497,16603491,5540000,13.6922069876,0.614633232812,4193.8354442
554,5544486,16633458,5550000,13.7671058259,0.629275271652,4201.1041920
555,5554470,16663410,5560000,14.094475526,0.644201364782,4208.1927452
556,5564455,16693365,5570000,13.6667402869,0.639050337864,4215.7890181
557,5574443,16723329,5580000,13.5109142444,0.59097274183,4223.1797220
558,5584436,16753308,5590000,13.8786009708,0.604763751699,4230.6272180
559,5594429,16783287,5600000,13.8074928085,0.638926236094,4237.8650891
560,5604418,16813254,5610000,13.6663871691,0.571729868544,4245.1640150
561,5614406,16843218,5620000,14.1054573472,0.657911947684,4252.3871371
562,5624394,16873182,5630000,13.6259969759,0.589124463494,4259.5796680
563,5634385,16903155,5640000,13.8978356499,0.628228249359,4266.8159680
564,5644375,16933125,5650000,13.3777416203,0.609041601986,4273.8493900
565,5654358,16963074,5660000,13.8037828621,0.60375489666,4280.8215060
566,5664346,16993038,5670000,13.6354760247,0.607363183825,4287.8604471
567,5674339,17023017,5680000,14.0585774267,0.622240603946,4294.9407870
568,5684327,17052981,5690000,13.559132082,0.620471141643,4302.2950530
569,5694318,17082954,5700000,13.6715179878,0.589212072449,4309.5439159
570,5704310,17112930,5710000,14.1462953016,0.668328893018,4316.6930680
571,5714300,17142900,5720000,13.7569209604,0.645524517169,4323.8564891
572,5724289,17172867,5730000,13.6979500945,0.618033575402,4330.9754970
573,5734282,17202846,5740000,13.784262385,0.588831738076,4338.1914930
574,5744278,17232834,5750000,13.493430416,0.625971670429,4345.3856570
575,5754262,17262786,5760000,13.9097568098,0.628602443307,4352.5209970
576,5764250,17292750,5770000,13.8488247465,0.613176219044,4359.7490491
577,5774240,17322720,5780000,13.5463542808,0.599596330492,4366.9670441
578,5784230,17352690,5790000,14.089723948,0.647917845361,4374.0265250
579,5794216,17382648,5800000,13.9517528823,0.627220551277,4381.1869630
580,5804209,17412627,5810000,13.6123830395,0.591588922323,4388.339860
581,5814194,17442582,5820000,13.8764265454,0.641665838201,4395.6735870
582,5824179,17472537,5830000,13.9678749775,0.629230526438,4402.8904790
583,5834166,17502498,5840000,13.7142044349,0.606845799491,4410.05375
584,5844159,17532477,5850000,13.9193293421,0.610987470541,4417.2376911
585,5854151,17562453,5860000,14.0168933401,0.598274526267,4424.5102460
586,5864142,17592426,5870000,13.6392868923,0.626464296656,4431.6427261
587,5874132,17622396,5880000,13.6106334899,0.61854560438,4438.7752180
588,5884124,17652372,5890000,13.8055935233,0.62480968045,4446.1008150
589,5894113,17682339,5900000,13.6825301855,0.646449545951,4453.2401971
590,5904102,17712306,5910000,13.8619068315,0.618342353761,4460.2601811
591,5914094,17742282,5920000,14.1578623275,0.638636962265,4467.3073341
592,5924079,17772237,5930000,14.0109679106,0.632784333651,4474.4989030
593,5934072,17802216,5940000,13.7146421075,0.624304822156,4481.5155420
594,5944062,17832186,5950000,13.7340067828,0.611291287366,4488.7229130
595,5954054,17862162,5960000,13.821372461,0.615956077151,4495.8662080
596,5964043,17892129,5970000,14.0810881918,0.658290604284,4502.9622311
597,5974031,17922093,5980000,13.7244782054,0.600194157883,4510.1929051
598,5984020,17952060,5990000,13.9350887394,0.611030692323,4517.462328
599,5994013,17982039,6000000,13.5895558318,0.581458782856,4524.5901870
600,6004008,18012024,6010000,14.0405805877,0.609255617875,4532.1074490
601,6013997,18041991,6020000,13.8302392266,0.608631987587,4539.3038330
602,6023985,18071955,6030000,13.8022315219,0.637390249495,4546.5330350
603,6033976,18101928,6040000,13.9472296511,0.639233897623,4553.8897461
604,6043964,18131892,6050000,13.6452580338,0.605564526649,4561.1810340
605,6053956,18161868,6060000,13.6865678494,0.610103065586,4568.5105400
606,6063947,18191841,6070000,13.7854900907,0.616332402696,4575.5687460
607,6073934,18221802,6080000,13.5556677468,0.610313171831,4582.8469719
608,6083924,18251772,6090000,13.9170220195,0.593876709473,4589.9483411
609,6093915,18281745,6100000,13.8328207605,0.565538355044,4597.5781459
610,6103904,18311712,6110000,13.6417671424,0.585731942734,4604.9955639
611,6113892,18341676,6120000,13.818787513,0.602708068395,4612.5913181
612,6123881,18371643,6130000,13.6926567146,0.590050222712,4620.109975
613,6133871,18401613,6140000,13.7270697473,0.596604999162,4627.4928650
614,6143863,18431589,6150000,13.515554296,0.588493375557,4634.9212861
615,6153852,18461556,6160000,13.9909701932,0.600869718485,4642.2949039
616,6163840,18491520,6170000,13.5969811244,0.597396368059,4649.5784351
617,6173834,18521502,6180000,13.8513883674,0.59730620709,4656.7704989
618,6183821,18551463,6190000,14.0343892288,0.653716713455,4664.08510
619,6193809,18581427,6200000,13.7624594871,0.625452958454,4671.3886752
620,6203797,18611391,6210000,13.9934280019,0.626758374568,4678.6871211
621,6213783,18641349,6220000,13.8642496751,0.608261869665,4685.8653111
622,6223769,18671307,6230000,13.7406362722,0.617488047196,4693.0983810
623,6233762,18701286,6240000,13.8310126087,0.60847961853,4700.3719050
624,6243755,18731265,6250000,13.7085967641,0.601650217236,4707.5187411
625,6253747,18761241,6260000,14.1255905353,0.641074885412,4714.6591880
626,6263737,18791211,6270000,13.8319228545,0.659037834277,4722.0839140
627,6273723,18821169,6280000,13.9071513385,0.631049877534,4729.1983380
628,6283713,18851139,6290000,14.1647236999,0.642337659829,4736.4409861
629,6293701,18881103,6300000,13.9160386389,0.599343457364,4743.7488231
630,6303694,18911082,6310000,13.8905734593,0.606065738317,4750.8870811
631,6313681,18941043,6320000,14.0493642348,0.61708897043,4758.0752270
632,6323673,18971019,6330000,13.7570755231,0.636803656487,4765.4383511
633,6333661,19000983,6340000,14.1173746332,0.627777941875,4772.8043470
634,6343649,19030947,6350000,13.6602053449,0.605570918826,4780.24104
635,6353640,19060920,6360000,13.5479307753,0.61412826161,4787.62493
636,6363632,19090896,6370000,13.9073552297,0.615462520463,4794.9555251
637,6373624,19120872,6380000,13.669960788,0.611810808682,4802.2049779
638,6383612,19150836,6390000,13.755359457,0.626153809609,4809.2794780
639,6393601,19180803,6400000,13.7853243834,0.62488090152,4816.3549320
640,6403594,19210782,6410000,13.6006189088,0.587811554668,4823.4444310
641,6413582,19240746,6420000,13.8970615027,0.612878866777,4830.5242881
642,6423572,19270716,6430000,13.7541599463,0.636486893168,4837.5588991
643,6433562,19300686,6440000,13.8359068462,0.641446342479,4844.6785
644,6443554,19330662,6450000,13.7959769856,0.609364185379,4851.9452800
645,6453546,19360638,6460000,14.2263963911,0.632878294673,4859.2245881
646,6463536,19390608,6470000,14.0666547225,0.639228135367,4866.2760121
647,6473527,19420581,6480000,13.7643842765,0.601172368453,4873.4712271
648,6483518,19450554,6490000,13.9709847051,0.593734505789,4880.800321
649,6493503,19480509,6500000,13.8231673718,0.600425885311,4888.2719950
650,6503491,19510473,6510000,13.7900375538,0.623969599005,4895.7150850
651,6513482,19540446,6520000,13.7258833048,0.648266427066,4902.8759741
652,6523468,19570404,6530000,13.6371998321,0.645921220926,4910.4008901
653,6533458,19600374,6540000,13.6207920517,0.58592958781,4917.8583841
654,6543446,19630338,6550000,13.7957931214,0.617628479272,4925.3008542
655,6553436,19660308,6560000,13.7065070307,0.618357949785,4932.1649770
656,6563426,19690278,6570000,13.9555237264,0.60953405577,4939.5630941
657,6573421,19720263,6580000,13.6011653425,0.605986143657,4946.8222210
658,6583411,19750233,6590000,13.7983634983,0.616322756466,4954.07050
659,6593407,19780221,6600000,13.7676766596,0.618058005245,4961.1177461
660,6603392,19810176,6610000,13.6383860806,0.587080360018,4967.9943761
661,6613379,19840137,6620000,13.8015326927,0.645399646137,4974.9923200
662,6623374,19870122,6630000,14.0137022741,0.632225983243,4981.9607720
663,6633365,19900095,6640000,13.8152828101,0.642617960772,4989.0615119
664,6643359,19930077,6650000,13.3747335475,0.601982205668,4996.1977701
665,6653348,19960044,6660000,13.9223710405,0.629382330926,5003.1105291
666,6663341,19990023,6670000,14.049467038,0.660236955525,5010.1715199
667,6673329,20019987,6680000,13.9779928926,0.627580112707,5017.3789780
668,6683322,20049966,6690000,13.8117818888,0.596403087972,5024.5577700
669,6693312,20079936,6700000,13.9806892099,0.627314773643,5031.7273540
670,6703303,20109909,6710000,13.8958546183,0.605063698982,5038.6912281
671,6713295,20139885,6720000,13.7255486883,0.617024325057,5045.6806390
672,6723287,20169861,6730000,13.7527817384,0.615019533651,5052.6993560
673,6733278,20199834,6740000,13.4875583346,0.596663549797,5059.7223870
674,6743266,20229798,6750000,13.8667367185,0.590865752766,5066.6772251
675,6753251,20259753,6760000,13.828581963,0.610391034157,5073.7548320
676,6763243,20289729,6770000,14.1377150826,0.604220716616,5080.8022661
677,6773234,20319702,6780000,13.5758514086,0.616756366459,5088.0159761
678,6783225,20349675,6790000,13.7505677854,0.608818953196,5095.2696762
679,6793214,20379642,6800000,13.810551414,0.608883277851,5102.4354531
680,6803207,20409621,6810000,13.9459721196,0.630153649248,5109.8753080
681,6813197,20439591,6820000,13.6703375121,0.610302130186,5117.0128090
682,6823185,20469555,6830000,13.8099956838,0.601576050434,5124.1539
683,6833175,20499525,6840000,13.8546314018,0.619869453048,5131.4628241
684,6843163,20529489,6850000,13.5916154347,0.636238516926,5138.6976180
685,6853149,20559447,6860000,13.7388665298,0.631351382126,5145.8678979
686,6863140,20589420,6870000,13.703933703,0.604426938249,5153.0372841
687,6873126,20619378,6880000,13.8766964624,0.64284919783,5160.2559640
688,6883116,20649348,6890000,13.842642337,0.636747845137,5167.2855110
689,6893105,20679315,6900000,13.3700390717,0.592020968765,5174.2937550
690,6903095,20709285,6910000,13.8171628076,0.597020862419,5181.5502531
691,6913091,20739273,6920000,13.752552951,0.618074848804,5188.6582930
692,6923079,20769237,6930000,13.9878784989,0.636958861844,5196.1332449
693,6933070,20799210,6940000,13.6947498911,0.626868551636,5203.4489080
694,6943063,20829189,6950000,13.8543809243,0.608174215671,5210.8792970
695,6953057,20859171,6960000,13.8816072954,0.607899154586,5218.0537550
696,6963042,20889126,6970000,13.7337898086,0.619432698307,5225.1910591
697,6973036,20919108,6980000,13.6100382867,0.605463976266,5232.2048940
698,6983028,20949084,6990000,14.020576546,0.639346423675,5239.4132800
699,6993018,20979054,7000000,13.9940247437,0.603790444469,5246.7458851
700,7003006,21009018,7010000,13.5844199012,0.577335676916,5254.221913
701,7012989,21038967,7020000,13.7152457169,0.605645684675,5261.6623251
702,7022980,21068940,7030000,13.456111591,0.593926120716,5269.001514
703,7032972,21098916,7040000,13.681232948,0.629091593401,5276.3427231
704,7042967,21128901,7050000,13.6798999595,0.598890659702,5283.6222600
705,7052951,21158853,7060000,13.8594938138,0.601085354558,5291.0326042
706,7062941,21188823,7070000,13.7579373253,0.605072843039,5298.1637961
707,7072932,21218796,7080000,13.8730385886,0.617137062329,5305.2734081
708,7082915,21248745,7090000,13.6195932122,0.600485167573,5312.3921611
709,7092903,21278709,7100000,13.7335813459,0.60363748105,5319.4406611
710,7102895,21308685,7110000,13.8180454701,0.633515276693,5326.4803631
711,7112883,21338649,7120000,13.9604408446,0.686921081368,5333.6526482
712,7122874,21368622,7130000,13.5697069995,0.582330014335,5340.8406910
713,7132867,21398601,7140000,13.8141231491,0.588709630505,5347.7976021
714,7142852,21428556,7150000,13.6854208905,0.606404100969,5354.7922370
715,7152843,21458529,7160000,13.8876301436,0.630995000534,5361.929112
716,7162833,21488499,7170000,13.5762938828,0.62726355131,5369.01759
717,7172820,21518460,7180000,13.7271620695,0.605109255409,5376.1669981
718,7182812,21548436,7190000,13.9266620123,0.641163442724,5383.4251010
719,7192800,21578400,7200000,13.7821468824,0.641686058835,5390.7704331
720,7202792,21608376,7210000,13.6324729521,0.59638478852,5397.9941279
721,7212785,21638355,7220000,13.6019553764,0.612035835996,5405.0254981
722,7222777,21668331,7230000,13.7878954373,0.616201729894,5412.4430031
723,7232763,21698289,7240000,13.9400073129,0.592493586263,5419.3497459
724,7242754,21728262,7250000,13.9743818552,0.62787252223,5426.4963321
725,7252744,21758232,7260000,13.9565406236,0.631210091897,5433.7100491
726,7262729,21788187,7270000,13.6503078763,0.590467212782,5441.0496590
727,7272721,21818163,7280000,13.7588724296,0.575711255319,5448.0161371
728,7282711,21848133,7290000,13.637046891,0.642419801583,5455.2226581
729,7292698,21878094,7300000,13.8341020824,0.620823444946,5462.5649390
730,7302692,21908076,7310000,13.7358285862,0.575261075359,5469.9610021
731,7312683,21938049,7320000,13.8077027589,0.611141314067,5477.303731
732,7322674,21968022,7330000,13.6469730581,0.593590901229,5484.6950471
733,7332660,21997980,7340000,13.9332624354,0.623796068625,5491.9411749
734,7342657,22027971,7350000,13.8573968178,0.644430033278,5499.3036491
735,7352650,22057950,7360000,14.0211958097,0.624927825796,5506.5700480
736,7362632,22087896,7370000,13.4298595565,0.591389284531,5513.9048411
737,7372621,22117863,7380000,13.6725127017,0.573304536475,5521.1938531
738,7382606,22147818,7390000,14.0574422024,0.622285736746,5528.5340390
739,7392597,22177791,7400000,13.8707088198,0.612881864964,5535.6277031
740,7402590,22207770,7410000,13.4687282911,0.592932896858,5542.9379551
741,7412577,22237731,7420000,13.9601182414,0.627503254733,5550.1052801
742,7422568,22267704,7430000,13.7092525356,0.662634213685,5557.2860100
743,7432556,22297668,7440000,13.7907190649,0.621674625589,5564.6518042
744,7442546,22327638,7450000,13.8266045407,0.615964622037,5571.8855590
745,7452531,22357593,7460000,13.5415822802,0.595878757289,5579.0899360
746,7462519,22387557,7470000,13.7439687269,0.604383569584,5586.3480889
747,7472514,22417542,7480000,13.6342543514,0.60582240364,5593.3686971
748,7482507,22447521,7490000,13.8476276752,0.612327626053,5600.4802560
749,7492495,22477485,7500000,13.6807802998,0.608844361533,5607.610047
750,7502483,22507449,7510000,13.8982248342,0.623911781723,5615.1383261
751,7512473,22537419,7520000,13.6497308706,0.608746763116,5622.7734770
752,7522462,22567386,7530000,13.8695153527,0.603372019842,5629.8997590
753,7532454,22597362,7540000,13.6293044562,0.604736332041,5637.0288381
754,7542444,22627332,7550000,13.9249317354,0.604980761193,5644.3411731
755,7552440,22657320,7560000,13.9308631585,0.608464629575,5651.6332390
756,7562429,22687287,7570000,13.4297465508,0.583775873003,5658.7499802
757,7572413,22717239,7580000,13.6697781363,0.617281116177,5665.8909461
758,7582396,22747188,7590000,13.958774678,0.621993101353,5673.0559780
759,7592389,22777167,7600000,13.980535265,0.602881120689,5680.1437931
760,7602380,22807140,7610000,13.5499786166,0.583359974267,5687.4174561
761,7612370,22837110,7620000,14.0388810371,0.605222236243,5694.5070691
762,7622363,22867089,7630000,13.8156874719,0.618735839055,5701.7674009
763,7632354,22897062,7640000,13.6100074353,0.564652917718,5708.8168201
764,7642348,22927044,7650000,13.7652084104,0.576824815216,5716.0339050
765,7652341,22957023,7660000,13.7325397433,0.60245639211,5723.194598
766,7662330,22986990,7670000,13.9589613727,0.625357359654,5730.0690951
767,7672318,23016954,7680000,13.7582574658,0.604457857996,5737.1700470
768,7682305,23046915,7690000,13.5528483141,0.630953428219,5744.50797
769,7692293,23076879,7700000,13.6483369074,0.605679211257,5751.7965271
770,7702288,23106864,7710000,13.6437447569,0.595886994788,5759.1458110
771,7712282,23136846,7720000,14.0017175951,0.602181106851,5766.3403840
772,7722273,23166819,7730000,13.7803897364,0.608174908896,5773.6475961
773,7732258,23196774,7740000,13.6915499103,0.600079655051,5780.9120111
774,7742252,23226756,7750000,14.0318282979,0.621526537836,5788.358223
775,7752242,23256726,7760000,13.6327764039,0.585227405645,5795.8664522
776,7762232,23286696,7770000,13.9403554544,0.61626722166,5802.9627821
777,7772227,23316681,7780000,13.9256199223,0.644082366061,5809.7811582
778,7782217,23346651,7790000,13.555211414,0.59770031177,5816.8873770
779,7792210,23376630,7800000,13.7453977241,0.600042592142,5823.9996612
780,7802198,23406594,7810000,13.6367033187,0.612224905921,5831.1582720
781,7812190,23436570,7820000,13.6338262555,0.592006091654,5838.2036850
782,7822179,23466537,7830000,14.065016382,0.57628069869,5845.3127691
783,7832168,23496504,7840000,13.7454662328,0.588594218929,5852.3969960
784,7842155,23526465,7850000,13.9335545473,0.609556343646,5859.6299331
785,7852142,23556426,7860000,13.8027882113,0.596094178061,5866.6112680
786,7862130,23586390,7870000,13.831386217,0.638645164992,5873.6975
787,7872118,23616354,7880000,13.7977946601,0.598077297646,5880.8334631
788,7882111,23646333,7890000,13.8705292549,0.623450735796,5887.9573371
789,7892103,23676309,7900000,13.6893087841,0.633696226061,5895.1049380
790,7902096,23706288,7910000,13.5968702468,0.608849264642,5902.7168722
791,7912084,23736252,7920000,13.6166447636,0.630801571042,5910.1380081
792,7922070,23766210,7930000,13.6555200304,0.621984860922,5917.3451540
793,7932064,23796192,7940000,13.784812825,0.606217062434,5924.4132521
794,7942054,23826162,7950000,13.8171520855,0.604246747563,5931.6763219
795,7952043,23856129,7960000,13.6778901383,0.608340474539,5938.7634241
796,7962038,23886114,7970000,13.7174150591,0.573642666561,5945.9453630
797,7972026,23916078,7980000,13.7066091801,0.630744837052,5952.9681181
798,7982019,23946057,7990000,13.9585803606,0.624186285252,5960.0320901
799,7992009,23976027,8000000,13.8056417129,0.611779883903,5967.2316420
800,8002003,24006009,8010000,13.8606094379,0.581600336159,5974.1784660
801,8011995,24035985,8020000,13.803125494,0.608647291116,5981.2048051
802,8021978,24065934,8030000,13.8495079216,0.587998662751,5988.3405070
803,8031971,24095913,8040000,14.0051366328,0.630169174098,5995.3326430
804,8041963,24125889,8050000,13.7950714535,0.60425218213,6002.4977581
805,8051955,24155865,8060000,13.8651868849,0.55804383047,6009.3223421
806,8061949,24185847,8070000,13.5125424572,0.571464321993,6016.3941390
807,8071939,24215817,8080000,13.8552459474,0.598621320526,6023.519313
808,8081931,24245793,8090000,13.6923026454,0.583542388568,6030.6591651
809,8091917,24275751,8100000,13.6793816751,0.585247357623,6037.5747280
810,8101910,24305730,8110000,14.0468054144,0.60929599497,6044.7817730
811,8111902,24335706,8120000,13.8301195379,0.578207451867,6051.6986801
812,8121893,24365679,8130000,13.7395076604,0.61239026007,6058.7033731
813,8131882,24395646,8140000,13.8280758797,0.617797444602,6065.7132241
814,8141873,24425619,8150000,13.7915175718,0.622966193017,6072.7556750
815,8151863,24455589,8160000,13.8135133617,0.595985364029,6079.7117130
816,8161855,24485565,8170000,13.9620965151,0.608651016938,6086.8718180
817,8171837,24515511,8180000,13.6996968429,0.596312470327,6094.0142681
818,8181823,24545469,8190000,13.8537758756,0.614579283762,6101.0160710
819,8191811,24575433,8200000,13.9104459495,0.620288684164,6108.5367040
820,8201792,24605376,8210000,13.7775178931,0.575923864248,6115.8045790
821,8211778,24635334,8220000,13.7077287335,0.584785605462,6122.9417090
822,8221769,24665307,8230000,13.6241976944,0.57599811311,6130.1025180
823,8231761,24695283,8240000,13.8241624009,0.573254417943,6137.1190030
824,8241757,24725271,8250000,13.6969616779,0.586163460097,6144.2845811
825,8251743,24755229,8260000,13.8590587918,0.613666786383,6151.3319110
826,8261733,24785199,8270000,13.7457455345,0.629028273471,6158.4011061
827,8271722,24815166,8280000,13.9148667481,0.626274513857,6165.3776090
828,8281714,24845142,8290000,13.8376702421,0.601113548127,6172.3922421
829,8291708,24875124,8300000,13.6817635556,0.617634642676,6179.4616990
830,8301697,24905091,8310000,13.7076353772,0.617558573817,6186.7020041
831,8311685,24935055,8320000,13.7976492598,0.609203329952,6194.3838491
832,8321671,24965013,8330000,13.751628795,0.593891912645,6201.7450861
833,8331661,24994983,8340000,13.7786378035,0.627205714401,6209.3031511
834,8341653,25024959,8350000,13.8944554995,0.634913631782,6216.8358261
835,8351649,25054947,8360000,13.4864721624,0.592252242466,6224.3480300
836,8361643,25084929,8370000,13.881912766,0.616783801454,6231.9019601
837,8371623,25114869,8380000,13.8506249802,0.606390925104,6239.3961100
838,8381604,25144812,8390000,13.9524004206,0.59705487398,6246.7330222
839,8391598,25174794,8400000,14.0511960677,0.610831513984,6254.2095420
840,8401592,25204776,8410000,13.5270263112,0.573257280829,6261.8888440
841,8411586,25234758,8420000,13.7773065708,0.588847273187,6269.3584740
842,8421577,25264731,8430000,13.61816847,0.625919525149,6276.8874950
843,8431562,25294686,8440000,13.7637457381,0.602569095055,6284.0541272
844,8441547,25324641,8450000,13.5122552198,0.623903223397,6291.5291740
845,8451535,25354605,8460000,13.806317767,0.620073804863,6298.9351460
846,8461525,25384575,8470000,14.0144742459,0.598714832637,6306.2896690
847,8471517,25414551,8480000,13.7863050809,0.624602223731,6313.454250
848,8481507,25444521,8490000,13.9063887661,0.626717340663,6320.6459581
849,8491495,25474485,8500000,13.9866202096,0.635955756931,6327.8721151
850,8501489,25504467,8510000,13.7188166903,0.608690715188,6335.1318700
851,8511478,25534434,8520000,13.572615707,0.613651622661,6342.6208291
852,8521470,25564410,8530000,13.9104541354,0.631435630443,6349.7625131
853,8531466,25594398,8540000,13.7432636404,0.608755960652,6357.0123040
854,8541456,25624368,8550000,13.8252163485,0.583275266752,6364.1732840
855,8551446,25654338,8560000,13.7806634595,0.601275448882,6371.2016651
856,8561435,25684305,8570000,13.8062795389,0.602776022346,6378.2816231
857,8571426,25714278,8580000,13.8499263387,0.598763747033,6385.61871
858,8581421,25744263,8590000,13.977395864,0.604819268077,6392.7449121
859,8591411,25774233,8600000,13.8825652726,0.62273844135,6399.9527621
860,8601402,25804206,8610000,13.5224131555,0.596840089835,6407.2383470
861,8611390,25834170,8620000,13.7544676869,0.586076732617,6414.5117261
862,8621378,25864134,8630000,13.7187638856,0.611061051594,6421.6632831
863,8631369,25894107,8640000,13.9591498706,0.599765943884,6428.5039341
864,8641353,25924059,8650000,13.8090654232,0.597174854531,6435.7107250
865,8651345,25954035,8660000,13.9545235462,0.640637213574,6442.9155662
866,8661337,25984011,8670000,14.0893038439,0.645320214726,6450.0399270
867,8671329,26013987,8680000,13.796110041,0.637295888999,6456.9403090
868,8681322,26043966,8690000,13.705062898,0.580180703178,6464.1312379
869,8691312,26073936,8700000,13.6187354444,0.582336402846,6471.2306950
870,8701303,26103909,8710000,13.8032669098,0.592822279556,6478.3936300
871,8711294,26133882,8720000,14.0031476642,0.619681019877,6485.9183180
872,8721286,26163858,8730000,13.8982937807,0.607491169872,6493.2095820
873,8731278,26193834,8740000,13.4849242283,0.618710366626,6500.548350
874,8741260,26223780,8750000,13.7422100058,0.612955570864,6508.31678
875,8751242,26253726,8760000,13.5963514046,0.605913870111,6515.7478539
876,8761241,26283723,8770000,13.7557801084,0.613058903435,6523.24543
877,8771225,26313675,8780000,13.9262815651,0.570497974817,6530.7652001
878,8781218,26343654,8790000,13.9866595357,0.590677650925,6538.2198991
879,8791207,26373621,8800000,13.6124105208,0.607529624645,6545.5246460
880,8801195,26403585,8810000,13.8289355829,0.639149636503,6552.6677970
881,8811183,26433549,8820000,13.7431946619,0.610818777987,6559.6130330
882,8821177,26463531,8830000,13.8281820753,0.619745536657,6566.8060531
883,8831172,26493516,8840000,13.7392007158,0.614526939593,6573.9294741
884,8841162,26523486,8850000,13.9062749874,0.620600754041,6581.0646791
885,8851156,26553468,8860000,13.7079631455,0.584752233106,6588.36056
886,8861143,26583429,8870000,14.0091583319,0.591305360592,6595.5092010
887,8871135,26613405,8880000,13.8497386293,0.584175904317,6602.7740302
888,8881121,26643363,8890000,13.7193296598,0.583909079888,6609.9051451
889,8891111,26673333,8900000,13.7864573158,0.606327628449,6617.1833641
890,8901101,26703303,8910000,13.8097015883,0.634436271376,6624.3419001
891,8911091,26733273,8920000,13.7895958266,0.589994386135,6632.0840849
892,8921082,26763246,8930000,13.8408446345,0.633545980296,6639.676585
893,8931077,26793231,8940000,13.5034006956,0.584036092601,6647.0547640
894,8941067,26823201,8950000,13.7824258759,0.603432975438,6654.2894480
895,8951059,26853177,8960000,13.8964962782,0.648104295236,6661.7931640
896,8961045,26883135,8970000,13.7506061489,0.598561786561,6669.0569410
897,8971039,26913117,8980000,13.7631592117,0.60114486143,6676.299305
898,8981033,26943099,8990000,13.9810295085,0.587789333962,6683.6194341
899,8991023,26973069,9000000,13.7336177765,0.592804484594,6690.7923331
900,9001012,27003036,9010000,13.658275747,0.603464804297,6698.3028831
901,9010999,27032997,9020000,13.7286921221,0.599776698086,6705.6629810
902,9020984,27062952,9030000,13.8856901745,0.606632686951,6713.23690
903,9030974,27092922,9040000,13.7883103716,0.620678225656,6720.7243080
904,9040966,27122898,9050000,13.9607846307,0.579692336732,6727.9789030
905,9050954,27152862,9060000,14.1106579678,0.614799005486,6735.3034830
906,9060945,27182835,9070000,13.7450126282,0.579895723021,6742.6406180
907,9070937,27212811,9080000,13.9773491553,0.621186301369,6749.7995359
908,9080923,27242769,9090000,13.824642453,0.598132563798,6757.1030740
909,9090911,27272733,9100000,13.9461434609,0.621189166937,6764.2844631
910,9100900,27302700,9110000,13.7252776142,0.628432050306,6771.3548431
911,9110891,27332673,9120000,13.7225581303,0.593111962091,6778.96748
912,9120878,27362634,9130000,13.7325462608,0.579112689263,6786.3104832
913,9130864,27392592,9140000,13.6195459367,0.635412288315,6793.3787150
914,9140860,27422580,9150000,13.5700630646,0.637334357999,6800.298569
915,9150846,27452538,9160000,13.9322889873,0.603837123948,6807.2975699
916,9160830,27482490,9170000,13.7335766536,0.58475663503,6814.4784641
917,9170820,27512460,9180000,13.8287608829,0.584512670287,6821.405870
918,9180806,27542418,9190000,13.8707153142,0.594804732869,6828.4676880
919,9190794,27572382,9200000,13.7966529366,0.569991332673,6835.4888122
920,9200785,27602355,9210000,13.8045512115,0.606615882581,6842.5920870
921,9210775,27632325,9220000,13.8706956644,0.586122115393,6849.7135980
922,9220764,27662292,9230000,13.7787921368,0.603952429476,6856.7927541
923,9230755,27692265,9240000,13.7669881848,0.595267330769,6863.6515810
924,9240745,27722235,9250000,13.8365376058,0.583531358926,6870.5754480
925,9250734,27752202,9260000,13.6076462707,0.586562191118,6877.8515071
926,9260722,27782166,9270000,13.6497237894,0.576662325755,6885.2179400
927,9270709,27812127,9280000,13.8141337578,0.629860783356,6892.4207341
928,9280698,27842094,9290000,13.9485804734,0.606168983387,6899.5361092
929,9290687,27872061,9300000,13.6635861844,0.56084572964,6906.5250852
930,9300676,27902028,9310000,13.5293690346,0.562783094661,6913.8519971
931,9310672,27932016,9320000,13.8107569096,0.566569309448,6920.9931421
932,9320664,27961992,9330000,13.5833045086,0.622812178608,6927.9883000
933,9330651,27991953,9340000,14.0715031983,0.609595307036,6934.8912780
934,9340639,28021917,9350000,13.7016898008,0.592939054952,6941.8828251
935,9350626,28051878,9360000,13.7533802371,0.592117564348,6948.8143870
936,9360615,28081845,9370000,14.1542412695,0.60227609953,6955.8529701
937,9370606,28111818,9380000,13.6846059924,0.583965044271,6963.1236290
938,9380599,28141797,9390000,13.6314687923,0.596746745387,6970.1381590
939,9390587,28171761,9400000,13.9473682225,0.586105279133,6977.249375
940,9400573,28201719,9410000,13.8161754348,0.611832926902,6984.54968
941,9410560,28231680,9420000,13.7916335493,0.598655990922,6991.6506
942,9420548,28261644,9430000,13.8064575439,0.604490842359,6998.8136110
943,9430539,28291617,9440000,13.8312192822,0.601207846444,7006.04375
944,9440535,28321605,9450000,13.5396816951,0.586566465464,7013.49785
945,9450519,28351557,9460000,13.8671137054,0.597405486346,7020.9165229
946,9460509,28381527,9470000,13.7045210176,0.562807053003,7028.0932722
947,9470496,28411488,9480000,13.7592428011,0.580484822007,7035.3783540
948,9480489,28441467,9490000,14.0769496971,0.618269921589,7042.7831811
949,9490487,28471461,9500000,14.2450693166,0.653417388031,7050.2249631
950,9500476,28501428,9510000,13.8707182352,0.607565610081,7057.5934171
951,9510464,28531392,9520000,13.6197670137,0.589731287261,7064.8919889
952,9520445,28561335,9530000,13.6800882315,0.610984568519,7072.11955
953,9530434,28591302,9540000,13.8784934577,0.603308088905,7079.1901640
954,9540422,28621266,9550000,13.7164374455,0.602005388273,7086.4600319
955,9550413,28651239,9560000,13.8522706862,0.636212008547,7093.6604750
956,9560403,28681209,9570000,13.8307358858,0.605133694894,7100.8098380
957,9570394,28711182,9580000,13.7884068056,0.596676884379,7108.0444381
958,9580387,28741161,9590000,13.7699915931,0.599534997446,7115.1042950
959,9590375,28771125,9600000,13.8852942446,0.617524909193,7122.0989401
960,9600357,28801071,9610000,13.7634649917,0.603121615749,7129.214538
961,9610349,28831047,9620000,13.7680804109,0.581132800497,7136.3726141
962,9620336,28861008,9630000,13.7657682153,0.598377976374,7143.4973771
963,9630325,28890975,9640000,13.904589408,0.597128745932,7150.667843
964,9640322,28920966,9650000,13.9416456148,0.611677982421,7157.87335
965,9650316,28950948,9660000,13.7862232176,0.610516875236,7164.9710810
966,9660309,28980927,9670000,13.658045175,0.594004874767,7172.002288
967,9670297,29010891,9680000,13.8660711568,0.602953897616,7178.9692220
968,9680277,29040831,9690000,13.9054393747,0.614764218269,7186.322549
969,9690270,29070810,9700000,13.7172701606,0.560473750112,7193.46130
970,9700260,29100780,9710000,13.4483873071,0.578713454788,7200.5935580
971,9710245,29130735,9720000,13.933022273,0.603657881243,7207.6938500
972,9720236,29160708,9730000,13.6885128279,0.589220080396,7215.2366449
973,9730226,29190678,9740000,13.9075688966,0.590281650587,7222.9135370
974,9740215,29220645,9750000,13.9289214366,0.572887973303,7230.1297371
975,9750202,29250606,9760000,13.8046450229,0.609151955737,7237.7291781
976,9760189,29280567,9770000,13.8561336347,0.591207131848,7245.1307940
977,9770175,29310525,9780000,13.7279206591,0.601229593316,7252.7451779
978,9780162,29340486,9790000,13.7714592837,0.596250865989,7260.3662550
979,9790154,29370462,9800000,13.8549746345,0.610881331079,7267.7328891
980,9800145,29400435,9810000,13.7101130027,0.605257080467,7275.070303
981,9810141,29430423,9820000,13.9277516305,0.609070744375,7282.4896190
982,9820126,29460378,9830000,13.6890084525,0.593053493901,7289.8544361
983,9830117,29490351,9840000,13.7695684596,0.609584957945,7297.0916972
984,9840109,29520327,9850000,13.6629273393,0.589965296455,7304.7078561
985,9850099,29550297,9860000,13.6627904953,0.599933275674,7311.9666681
986,9860085,29580255,9870000,13.9305063084,0.601623177333,7319.0204541
987,9870075,29610225,9880000,13.7147322152,0.577670979763,7326.2078740
988,9880059,29640177,9890000,13.4921530546,0.579308638709,7333.2183401
989,9890045,29670135,9900000,13.8035788337,0.59834765521,7340.38114
990,9900035,29700105,9910000,13.6817986721,0.609482126714,7347.608609
991,9910026,29730078,9920000,13.4848781294,0.596129317139,7354.7342841
992,9920013,29760039,9930000,13.9148402941,0.631364106774,7362.6601290
993,9930004,29790012,9940000,13.9284396794,0.6166817717,7370.3655459
994,9939995,29819985,9950000,13.9531199507,0.614861170936,7378.0620160
995,9949987,29849961,9960000,13.8658701605,0.571153388624,7385.6971640
996,9959973,29879919,9970000,13.9389216612,0.602038725563,7393.529354
997,9969964,29909892,9980000,13.8097136835,0.588008753782,7401.2623131
998,9979948,29939844,9990000,13.7506001595,0.574450106452,7409.0169401
999,9989941,29969823,10000000,13.6584560239,0.603996133241,7416.2278251
1000,9999933,29999799,10010000,13.767012664,0.598483623946,7421.9963061
1001,10009924,30029772,10020000,13.8656821909,0.60273284042,7428.2032201
