0,300,400,100,15.6466456386,1.14694916843,0.096234083175
1,600,800,200,4.04065220054,0.605359464622,0.17824912071
2,1100,1200,300,3.34974863418,1.11473007475,0.26461005210
3,1500,1600,400,3.22076696372,0.767629367275,0.35275006294
4,2000,2000,500,3.79726974397,1.8817999909,0.43999695777
5,2500,2400,600,2.99031012598,1.35292296147,0.53089499473
6,3000,2800,700,1.91322981504,0.609139706417,0.6177730560
7,3500,3200,800,2.22967159981,0.756505886859,0.70495605468
8,4000,3600,900,2.47444695399,1.33791615381,0.79730010032
9,4500,4000,1000,1.95770749397,1.24231269057,0.88873004913
10,5100,4400,1100,2.55006611253,1.26045610259,0.97618699073
11,5600,4800,1200,1.81442822671,0.511262801157,1.0630559921
12,6200,5200,1300,1.43710037594,0.721108471873,1.1520969867
13,6700,5600,1400,1.22139003984,0.585052451635,1.2383141517
14,7300,6000,1500,1.97115558116,1.1931204269,1.3297181129
15,7600,6400,1600,1.53871495741,0.478110820899,1.409461975
16,8200,6800,1700,1.37363504668,0.708612619707,1.497758150
17,8700,7200,1800,1.74844887302,0.656054781718,1.5839021205
18,9300,7600,1900,1.17169791188,0.758921346519,1.6729059219
19,9800,8000,2000,0.984443091414,0.40821168459,1.7576420307
20,10400,28392,12100,1.33619479432,1.06367401513,9.3601040840
21,11000,28792,12200,1.03463053925,0.917056857093,9.4621441364
22,11600,29192,12300,1.32524996336,0.626247510377,9.5655281543
23,12100,29592,12400,0.950791076179,0.385684643953,9.6574919223
24,12700,29992,12500,1.28995204118,0.831911924518,9.7482061386
25,13300,30392,12600,1.06487145633,0.847012048517,9.8455340862
26,13900,30792,12700,1.12373387389,0.768359874653,9.9367370605
27,14300,31192,12800,0.905309676074,0.335650890952,10.0217640
28,14900,31592,12900,1.01553533672,0.606856456956,10.114156961
29,15500,31992,13000,1.45164969595,1.23137935615,10.213040113
30,16100,32392,13100,1.14940580712,1.29846582693,10.31500506
31,16700,32792,13200,1.38228194805,1.23320196367,10.403831005
32,17300,33192,13300,1.09087434097,1.19488473433,10.497340917
33,17900,33592,13400,1.49546728612,1.67236642718,10.595476150
34,18500,33992,13500,1.55803015749,1.59537665883,10.690659999
35,19100,34392,13600,1.03984743467,0.918137130703,10.800132036
36,19700,34792,13700,0.992097108301,0.687048047508,10.903352975
37,20300,35192,13800,1.00311971332,0.83156795552,11.00232505
38,20900,35592,13900,1.02163457739,1.12987128516,11.091783046
39,21500,35992,14000,1.01441500755,1.10153489858,11.182282924
40,22100,56376,24100,1.11395403975,1.2094924433,19.480402946
41,22400,56776,24200,1.26226948067,1.59010320958,19.589323997
42,22700,57176,24300,0.874982110363,0.51339180815,19.695511102
43,23000,57576,24400,0.846550102496,0.537786103513,19.825946092
44,23300,57976,24500,0.890009151772,0.650896065936,19.929264068
45,23600,58376,24600,0.718457024211,0.474388004618,20.03506398
46,23900,58776,24700,0.969259390357,0.40167552298,20.129719018
47,24200,59176,24800,0.845133131907,0.278674503531,20.243499994
48,24500,59576,24900,0.837915002566,0.329104454306,20.336946964
49,24800,59976,25000,0.908185179017,0.345753255577,20.440343141
50,25100,60376,25100,0.900745467476,0.300135985405,20.534698963
51,25400,60776,25200,0.882822746729,0.309366302195,20.643505096
52,25700,61176,25300,0.959213557293,0.211869875429,20.7368640
53,26000,61576,25400,0.729625171285,0.435390937801,20.858716964
54,26300,61976,25500,0.789922465105,0.456086154722,20.958992958
55,26600,62376,25600,0.789850913548,0.289156350189,21.056390047
56,26900,62776,25700,0.813357865782,0.519400565052,21.165923118
57,27200,63176,25800,0.823792011407,0.37659552698,21.277374029
58,27500,63576,25900,0.784145748989,0.248476933976,21.428981065
59,27800,63976,26000,0.756227674257,0.387997268686,21.563727140
60,28100,84362,36100,0.747490659246,0.230323393328,30.9663679
61,28400,84762,36200,0.714918053226,0.208777448232,31.081818103
62,28700,85162,36300,0.731262571664,0.212486765285,31.175926923
63,29000,85562,36400,0.806332891985,0.332067771641,31.280038118
64,29300,85962,36500,0.769935298465,0.248201684463,31.376205921
65,29600,86362,36600,0.73514156032,0.207048507338,31.471692085
66,29900,86762,36700,0.651854434828,0.411024088877,31.561362981
67,30200,87162,36800,0.841701831535,0.356123888182,31.651957035
68,30500,87562,36900,0.744069472762,0.24458770618,31.744936943
69,30800,87962,37000,0.78026523508,0.284437106129,31.840759992
70,31100,88362,37100,0.743952039109,0.294803360949,31.927557945
71,31400,88762,37200,0.700670204512,0.227387468273,32.016683101
72,31700,89162,37300,0.731975169246,0.753192275598,32.105013132
73,32000,89562,37400,0.70974618477,0.409328679751,32.193969011
74,32300,89962,37500,0.836552985745,0.438483248177,32.28426313
75,32600,90362,37600,0.693317867034,0.323926371545,32.376805067
76,32900,90762,37700,0.727373444656,0.514464075431,32.464376926
77,33200,91162,37800,0.841016322146,0.250158030947,32.556596994
78,33500,91562,37900,0.741189996305,0.236014731834,32.649512052
79,33800,91962,38000,0.716152034523,0.397960843298,32.753623962
80,34100,112340,48100,0.675470634989,0.17372049146,41.259658098
81,34400,112740,48200,0.833811967313,0.469242978138,41.398323059
82,34700,113140,48300,0.677662017986,0.492792535303,41.5166411
83,35000,113540,48400,0.74824115969,0.417693551193,41.619683980
84,35300,113940,48500,0.751706992333,0.720627158469,41.759554147
85,35600,114340,48600,0.787916491528,0.544936581437,41.948183059
86,35900,114740,48700,0.781033349021,0.28209457432,42.103644132
87,36200,115140,48800,0.644198374989,0.317876126258,42.190000057
88,36500,115540,48900,0.845200047771,0.815599251716,42.274603128
89,36800,115940,49000,0.797287365688,0.695890803675,42.359936952
90,37100,116340,49100,0.667751410113,0.28435221494,42.445284128
91,37400,116740,49200,0.773676590423,0.392800765613,42.533051013
92,37700,117140,49300,0.708167558741,0.353809741878,42.620578050
93,38000,117540,49400,0.759932465942,0.193612011101,42.7135291
94,38300,117940,49500,0.637219763819,0.285956762652,42.807959079
95,38600,118340,49600,0.821990485594,0.75744942625,42.919655084
96,38900,118740,49700,0.713561220729,0.564067877162,43.016310930
97,39200,119140,49800,0.798157706508,0.25953368275,43.122339963
98,39500,119540,49900,0.729439159026,0.266965518737,43.204904079
99,39800,119940,50000,0.756254349996,0.234169846081,43.29552507
100,40100,140314,60100,0.753485018612,0.289499465547,51.152554035
101,40400,140714,60200,0.68831860282,0.244855724057,51.239537954
102,40700,141114,60300,0.68290032942,0.256514058914,51.315464019
103,41000,141514,60400,0.608262279899,0.233471697723,51.394076108
104,41300,141914,60500,0.733741447852,0.318879204293,51.472922086
105,41600,142314,60600,0.648990742699,0.223938353389,51.551985025
106,41900,142714,60700,0.669176944149,0.25993825032,51.631721019
107,42200,143114,60800,0.650036744641,0.44766888027,51.710802078
108,42500,143514,60900,0.675455622868,0.611904717582,51.788157939
109,42800,143914,61000,0.692079997364,0.441203981551,51.868849039
110,43100,144314,61100,0.721356959578,0.167300026918,51.946260929
111,43400,144714,61200,0.761056070391,0.714666145595,52.023277044
112,43700,145114,61300,0.741971391114,0.593580032486,52.10025811
113,44000,145514,61400,0.714008519538,0.366727311557,52.178189992
114,44300,145914,61500,0.715560331776,0.234953366163,52.263145923
115,44600,146314,61600,0.771555645113,0.323113814744,52.341436147
116,44900,146714,61700,0.669228569642,0.414108874504,52.420855045
117,45200,147114,61800,0.720280583159,0.34223161485,52.498960971
118,45500,147514,61900,0.620157136331,0.152546706692,52.576061010
119,45800,147914,62000,0.774074551687,0.295116837606,52.651591062
120,46100,168296,72100,0.775591028609,0.42581744916,60.711282014
121,46400,168696,72200,0.696965328819,0.420831944388,60.848367929
122,46700,169096,72300,0.754023088561,0.259387484701,60.948077917
123,47000,169496,72400,0.68023479857,0.233176404983,61.033288955
124,47300,169896,72500,0.747594058161,0.481851534593,61.127251148
125,47600,170296,72600,0.746917193481,0.362334770676,61.217433929
126,47900,170696,72700,0.718633759655,0.270772381796,61.309870958
127,48200,171096,72800,0.71950441531,0.209534106538,61.454185962
128,48500,171496,72900,0.662584777537,0.358649426518,61.566329002
129,48800,171896,73000,0.635061246262,0.226265229185,61.666155099
130,49100,172296,73100,0.714437474214,0.246680636948,61.787224054
131,49400,172696,73200,0.711508772018,0.211160748204,61.906191110
132,49700,173096,73300,0.76625130478,0.225744278477,62.007960081
133,50000,173496,73400,0.642078576414,0.311746272861,62.121253013
134,50300,173896,73500,0.70615797899,0.215653806315,62.252124071
135,50600,174296,73600,0.642237939851,0.214813937419,62.375437974
136,50900,174696,73700,0.764413183797,0.247842232272,62.487687110
137,51200,175096,73800,0.717339266381,0.317005024047,62.577247142
138,51500,175496,73900,0.650443370023,0.256269125068,62.669108152
139,51800,175896,74000,0.704190649607,0.199466919013,62.7606000
140,52100,196278,84100,0.672079040903,0.215993515816,70.791831016
141,52400,196678,84200,0.636999356762,0.286377890055,70.895038127
142,52700,197078,84300,0.761106564286,0.360146246708,70.995795011
143,53000,197478,84400,0.766391095622,0.637715718962,71.085984945
144,53300,197878,84500,0.735755744042,0.235187588438,71.180974960
145,53600,198278,84600,0.708387979879,0.451070961097,71.273468017
146,53900,198678,84700,0.630853826971,0.261721044048,71.374459028
147,54200,199078,84800,0.747217097992,0.269457246861,71.479898929
148,54500,199478,84900,0.660185510814,0.266495616119,71.582876920
149,54800,199878,85000,0.673001892287,0.415857141924,71.696635007
150,55100,200278,85100,0.746092487011,0.269550040334,71.803514003
151,55400,200678,85200,0.710793451933,0.341134638435,71.911602020
152,55700,201078,85300,0.655737284241,0.246910370109,72.01485204
153,56000,201478,85400,0.745841500183,0.271052496722,72.12365007
154,56300,201878,85500,0.655696081388,0.427851110456,72.227679967
155,56600,202278,85600,0.605860236378,0.357428124349,72.334331989
156,56900,202678,85700,0.68790026284,0.243841166773,72.438816070
157,57200,203078,85800,0.659912533459,0.250382753676,72.547076940
158,57500,203478,85900,0.667924595006,0.219673603437,72.638132095
159,57800,203878,86000,0.704981611226,0.344629529589,72.720585107
160,58100,224260,96100,0.661664125849,0.217615003551,80.570361137
161,58400,224660,96200,0.718314881168,0.228889610555,80.654320001
162,58700,225060,96300,0.680035243427,0.311347777447,80.736313104
163,59000,225460,96400,0.616813224279,0.249187744151,80.829318046
164,59300,225860,96500,0.764821267386,0.487154212665,80.932122945
165,59600,226260,96600,0.721184321707,0.259997414286,81.028310060
166,59900,226660,96700,0.704998971693,0.387145174683,81.103986978
167,60200,227060,96800,0.63599494949,0.509294267199,81.191949129
168,60500,227460,96900,0.716581975931,0.156671427171,81.27855300
169,60800,227860,97000,0.672280396644,0.258558648967,81.35608506
170,61100,228260,97100,0.793635344457,0.16985671995,81.446413040
171,61400,228660,97200,0.673909210308,0.1758731558,81.527908086
172,61700,229060,97300,0.771632644175,0.210116165328,81.595268964
173,62000,229460,97400,0.721716720875,0.239264409891,81.672111988
174,62300,229860,97500,0.744054490585,0.223412701066,81.75199699
175,62600,230260,97600,0.680240131705,0.261126561226,81.813461065
176,62900,230660,97700,0.671436090008,0.20815369724,81.87161207
177,63200,231060,97800,0.77889571501,0.500642714346,81.950241088
178,63500,231460,97900,0.61967528202,0.388447709126,82.026545047
179,63800,231860,98000,0.750704288134,0.428238478027,82.101339101
180,64100,252234,108100,0.668921175088,0.284844178359,88.073626041
181,64400,252634,108200,0.681930493598,0.194911076337,88.157338142
182,64700,253034,108300,0.679664019947,0.199382572506,88.236184120
183,65000,253434,108400,0.769584318378,0.262103830096,88.313281059
184,65300,253834,108500,0.666444153021,0.287338132457,88.388744115
185,65600,254234,108600,0.694474431256,0.25291560855,88.466247081
186,65900,254634,108700,0.657828310765,0.212144678178,88.542417049
187,66200,255034,108800,0.679523344826,0.159432792121,88.615462064
188,66500,255434,108900,0.653514408398,0.249446848273,88.693460941
189,66800,255834,109000,0.654053566929,0.246784027629,88.776461124
190,67100,256234,109100,0.674175869484,0.266143652509,88.853765010
191,67400,256634,109200,0.58354932215,0.380277072049,88.942114114
192,67700,257034,109300,0.701696163899,0.24923923553,89.014635086
193,68000,257434,109400,0.698780762343,0.319988718879,89.089038133
194,68300,257834,109500,0.653699222978,0.234925990987,89.169382095
195,68600,258234,109600,0.720136442939,0.318706968398,89.248667955
196,68900,258634,109700,0.782738145647,0.311180484689,89.323756933
197,69200,259034,109800,0.766663347681,0.79994810968,89.406046152
198,69500,259434,109900,0.671174180418,0.290293906284,89.486668109
199,69800,259834,110000,0.627289688165,0.316893345546,89.563915014
200,70100,280202,120100,0.667869247633,0.297873873938,95.603837013
201,70400,280602,120200,0.620485419987,0.278584513427,95.690026044
202,70700,281002,120300,0.688776120158,0.285633798121,95.769232988
203,71000,281402,120400,0.659066275173,0.484549577397,95.8520660
204,71300,281802,120500,0.702760826049,0.276732804908,95.9312629
205,71600,282202,120600,0.752977201329,0.373926867808,96.011137008
206,71900,282602,120700,0.672935630233,0.158231075434,96.092456102
207,72200,283002,120800,0.63707424887,0.249149088827,96.173483133
208,72500,283402,120900,0.611578896863,0.257631858992,96.259848117
209,72800,283802,121000,0.671848717663,0.2580238791,96.340325117
210,73100,284202,121100,0.686763196841,0.231562725214,96.418834924
211,73400,284602,121200,0.626881506246,0.364648523795,96.483017921
212,73700,285002,121300,0.663802924524,0.225753203583,96.542423009
213,74000,285402,121400,0.683128296209,0.241638931183,96.600320100
214,74300,285802,121500,0.635154684105,0.235663708217,96.658947944
215,74600,286202,121600,0.658212432385,0.254613837525,96.721416950
216,74900,286602,121700,0.744247841586,0.260619478769,96.778077125
217,75200,287002,121800,0.618838418099,0.175468342069,96.847836017
218,75500,287402,121900,0.662555824042,0.406177717364,96.944574117
219,75800,287802,122000,0.624504729323,0.239065864158,97.015387058
220,76100,308178,132100,0.765023249006,0.290886899698,102.74836397
221,76400,308578,132200,0.643412929661,0.280738354165,102.83579397
222,76700,308978,132300,0.741964478773,0.178037892407,102.88885712
223,77000,309378,132400,0.742270262394,0.218960735747,102.9539210
224,77300,309778,132500,0.595476389686,0.207869779029,103.03432893
225,77600,310178,132600,0.692545505886,0.349475773977,103.12235307
226,77900,310578,132700,0.643913306415,0.227661563984,103.20111703
227,78200,310978,132800,0.678938871241,0.396969437381,103.27774214
228,78500,311378,132900,0.690099170115,0.239075604092,103.34841895
229,78800,311778,133000,0.668781501589,0.458953020608,103.42718696
230,79100,312178,133100,0.664492968569,0.253529987708,103.50470304
231,79400,312578,133200,0.609459755166,0.179015291339,103.58229899
232,79700,312978,133300,0.675611339522,0.294089266588,103.64670300
233,80000,313378,133400,0.630019876346,0.247747361047,103.69940304
234,80300,313778,133500,0.710331296264,0.505593937313,103.75345492
235,80600,314178,133600,0.652533667397,0.227352870581,103.81673407
236,80900,314578,133700,0.712667043244,0.200606085092,103.89599394
237,81200,314978,133800,0.673955681758,0.41063924709,103.97147512
238,81500,315378,133900,0.739055031067,0.274855206047,104.04640102
239,81800,315778,134000,0.628143382386,0.350905856467,104.12870001
240,82100,336154,144100,0.672406716321,0.2211913781,110.70413899
241,82400,336554,144200,0.623851396531,0.192070891358,110.79371
242,82700,336954,144300,0.694587741037,0.523701143092,110.87843394
243,83000,337354,144400,0.724118995303,0.394203874568,110.96260905
244,83300,337754,144500,0.640188399146,0.230994982837,111.04353308
245,83600,338154,144600,0.748768419136,0.327027868545,111.12364602
246,83900,338554,144700,0.706346622154,0.265213888931,111.20252
247,84200,338954,144800,0.72179813663,0.2024054199,111.2804629
248,84500,339354,144900,0.597339422606,0.158359868687,111.35893607
249,84800,339754,145000,0.627400675597,0.420588447486,111.43895006
250,85100,340154,145100,0.761766894713,0.386156829989,111.52270793
251,85400,340554,145200,0.83169754512,0.306939919401,111.60415196
252,85700,340954,145300,0.641882896827,0.209385534642,111.6835651
253,86000,341354,145400,0.742121952721,0.239637818662,111.77026009
254,86300,341754,145500,0.638347057241,0.214510930655,111.85553598
255,86600,342154,145600,0.592855300415,0.253169060948,111.94411110
256,86900,342554,145700,0.654289931097,0.192741853626,112.02970600
257,87200,342954,145800,0.673219696034,0.324544412967,112.11287593
258,87500,343354,145900,0.646897483626,0.238193245732,112.19637799
259,87800,343754,146000,0.672922906018,0.279409822611,112.28020906
260,88100,364132,156100,0.692533571743,0.295276266536,118.09639501
261,88400,364532,156200,0.67061251491,0.195105198848,118.16744399
262,88700,364932,156300,0.680621528395,0.304629069494,118.25154995
263,89000,365332,156400,0.737024310858,0.239864848669,118.33271598
264,89300,365732,156500,0.639325055102,0.319144717762,118.41276001
265,89600,366132,156600,0.665699970459,0.531966388632,118.49567294
266,89900,366532,156700,0.748198401595,0.243669950097,118.57677292
267,90200,366932,156800,0.646810312247,0.273873346171,118.66155695
268,90500,367332,156900,0.678064191546,0.222848902467,118.74975705
269,90800,367732,157000,0.688153263542,0.195978555409,118.81213498
270,91100,368132,157100,0.643317066771,0.29767213589,118.87408995
271,91400,368532,157200,0.688752175807,0.270575489201,118.93400001
272,91700,368932,157300,0.635530757662,0.301873108689,119.00714302
273,92000,369332,157400,0.624026058981,0.238414970012,119.08043098
274,92300,369732,157500,0.684254055696,0.235774436935,119.13172006
275,92600,370132,157600,0.660692440992,0.395286633999,119.18363094
276,92900,370532,157700,0.694446546915,0.214134965033,119.23721098
277,93200,370932,157800,0.677973020899,0.280184281253,119.29150605
278,93500,371332,157900,0.632728578467,0.242960136559,119.34066796
279,93800,371732,158000,0.708732136769,0.33648295922,119.39352512
280,94100,392108,168100,0.708460055006,0.21647054362,124.67676591
281,94400,392508,168200,0.67819651755,0.199672010375,124.76173305
282,94700,392908,168300,0.680550154168,0.346861461542,124.83910107
283,95000,393308,168400,0.653455421751,0.228854598336,124.90251207
284,95300,393708,168500,0.640288482002,0.416917436844,124.98642706
285,95600,394108,168600,0.664432905855,0.293133630998,125.06633901
286,95900,394508,168700,0.734587631926,0.227642587402,125.144982
287,96200,394908,168800,0.606585220753,0.289323241951,125.22289204
288,96500,395308,168900,0.728134395342,0.261402948791,125.29953503
289,96800,395708,169000,0.616726427488,0.268995354472,125.38001799
290,97100,396108,169100,0.772618066593,0.254385803596,125.46161913
291,97400,396508,169200,0.717808215423,0.267875258178,125.53980612
292,97700,396908,169300,0.712162831781,0.2508040971,125.61700797
293,98000,397308,169400,0.804110794847,0.327935447653,125.70280313
294,98300,397708,169500,0.69798244266,0.246257249442,125.80119109
295,98600,398108,169600,0.650568189712,0.513030222788,125.87012410
296,98900,398508,169700,0.649538433665,0.440503450063,125.95122098
297,99200,398908,169800,0.691049709128,0.239833687382,126.0328359
298,99500,399308,169900,0.66697013058,0.233016884097,126.1125109
299,99800,399708,170000,0.684590542685,0.201595882929,126.19428396
300,100100,420090,180100,0.7095032068,0.258791420029,132.35403108
301,100400,420490,180200,0.614435838093,0.295297026027,132.44178199
302,100700,420890,180300,0.663275998706,0.218193390278,132.52142596
303,101000,421290,180400,0.67769718746,0.420710506726,132.60378193
304,101300,421690,180500,0.680474824704,0.26266412293,132.68279695
305,101600,422090,180600,0.69748718039,0.155372794296,132.76736092
306,101900,422490,180700,0.616254983492,0.216536624353,132.85041594
307,102200,422890,180800,0.663271174666,0.211361666269,132.92759
308,102500,423290,180900,0.672549604915,0.286316890825,133.00788497
309,102800,423690,181000,0.643726005765,0.365274786036,133.08263897
310,103100,424090,181100,0.693307259934,0.1819387663,133.16339397
311,103400,424490,181200,0.629788674776,0.211630416948,133.24385094
312,103700,424890,181300,0.640332606638,0.175253456821,133.32609510
313,104000,425290,181400,0.677120949099,0.47967241487,133.39971709
314,104300,425690,181500,0.626963679498,0.180133576754,133.48305201
315,104600,426090,181600,0.633592187366,0.23120308425,133.56184697
316,104900,426490,181700,0.626471827355,0.175005643684,133.64204406
317,105200,426890,181800,0.621005825741,0.357436682075,133.71879005
318,105500,427290,181900,0.740897685164,0.369420755446,133.7750461
319,105800,427690,182000,0.704561256717,0.27973001134,133.82961201
320,106100,448068,192100,0.674260349375,0.234710926213,139.70932412
321,106400,448468,192200,0.694648100219,0.243227851278,139.80090808
322,106700,448868,192300,0.686195994695,0.284127041788,139.88198304
323,107000,449268,192400,0.681128966325,0.447582839229,139.9627919
324,107300,449668,192500,0.718480560724,0.22982138998,140.04546594
325,107600,450068,192600,0.68163295395,0.415656371759,140.12619614
326,107900,450468,192700,0.634352420408,0.280037826364,140.21130013
327,108200,450868,192800,0.65183564261,0.473041399079,140.29536914
328,108500,451268,192900,0.68444994808,0.366685114465,140.37817096
329,108800,451668,193000,0.698597149958,0.370950843561,140.45194697
330,109100,452068,193100,0.62723245429,0.271572832294,140.53008413
331,109400,452468,193200,0.686958574843,0.25893291416,140.60155701
332,109700,452868,193300,0.592736886714,0.284355331569,140.65416908
333,110000,453268,193400,0.65255592285,0.163923997813,140.70559096
334,110300,453668,193500,0.610905677659,0.186589138835,140.75399804
335,110600,454068,193600,0.74979805634,0.190641303502,140.82207012
336,110900,454468,193700,0.616125913886,0.297953911208,140.87305307
337,111200,454868,193800,0.63355253899,0.31893218665,140.92309308
338,111500,455268,193900,0.754225734149,0.314775560666,140.97247505
339,111800,455668,194000,0.71715963094,0.272799864417,141.02047395
340,112100,476046,204100,0.774703735774,0.300890216946,147.4623651
341,112400,476446,204200,0.684534686945,0.257877893349,147.54636812
342,112700,476846,204300,0.716450037921,0.328051385003,147.62813305
343,113000,477246,204400,0.673768913986,0.410154074236,147.68638610
344,113300,477646,204500,0.702559613311,0.494923541498,147.75516295
345,113600,478046,204600,0.671146943241,0.237954451774,147.82649993
346,113900,478446,204700,0.644375534075,0.207411496771,147.88374710
347,114200,478846,204800,0.653816913151,0.225914959899,147.93974995
348,114500,479246,204900,0.648727880465,0.233893437184,148.00066399
349,114800,479646,205000,0.700727474486,0.25733928167,148.056991
350,115100,480046,205100,0.661221457382,0.19638623245,148.11698794
351,115400,480446,205200,0.634456344747,0.364743558741,148.17290997
352,115700,480846,205300,0.663782050058,0.17620560803,148.25487494
353,116000,481246,205400,0.67382841907,0.263502468232,148.33217501
354,116300,481646,205500,0.593769723202,0.243381892499,148.39358401
355,116600,482046,205600,0.591984451389,0.398788456924,148.44567203
356,116900,482446,205700,0.693490817593,0.341404112429,148.49848794
357,117200,482846,205800,0.627052693652,0.29356636442,148.55485892
358,117500,483246,205900,0.664913514406,0.214320683835,148.6082699
359,117800,483646,206000,0.675774144591,0.15783791984,148.66470313
360,118100,504020,216100,0.678420379906,0.222608540149,153.96664595
361,118400,504420,216200,0.641474591093,0.26673849865,154.0257320
362,118700,504820,216300,0.65823045288,0.408435678025,154.08633613
363,119000,505220,216400,0.670336741799,0.210876403171,154.13972210
364,119300,505620,216500,0.628576879452,0.359778316378,154.19917392
365,119600,506020,216600,0.670256690255,0.313846108331,154.25393605
366,119900,506420,216700,0.652048415992,0.250320249722,154.31286907
367,120200,506820,216800,0.653026113983,0.285827437489,154.36644101
368,120500,507220,216900,0.667138784175,0.350698235417,154.42669415
369,120800,507620,217000,0.72470661795,0.343817592765,154.48340392
370,121100,508020,217100,0.598621544647,0.198685131845,154.53730702
371,121400,508420,217200,0.64623229748,0.199688375329,154.59502005
372,121700,508820,217300,0.660750296707,0.373830451361,154.64898705
373,122000,509220,217400,0.679255818658,0.311412349216,154.708887
374,122300,509620,217500,0.625299996392,0.275219333105,154.7626731
375,122600,510020,217600,0.598596405372,0.207841817771,154.8175339
376,122900,510420,217700,0.669557866136,0.30405510822,154.8781931
377,123200,510820,217800,0.621820138179,0.241495118219,154.93346810
378,123500,511220,217900,0.608694564182,0.279452504339,154.99272012
379,123800,511620,218000,0.713354473656,0.626338605038,155.0453040
380,124100,531992,228100,0.631780787968,0.501401714486,160.70573592
381,124400,532392,228200,0.653344057222,0.194920141574,160.79079508
382,124700,532792,228300,0.665662236496,0.31983900599,160.86911511
383,125000,533192,228400,0.616851330269,0.250304166098,160.94830107
384,125300,533592,228500,0.721570473859,0.365522083278,161.02864599
385,125600,533992,228600,0.655078108142,0.315559239128,161.1066341
386,125900,534392,228700,0.65217147682,0.226000914589,161.17502808
387,126200,534792,228800,0.687342431238,0.366406139736,161.2537660
388,126500,535192,228900,0.590652516711,0.221883389013,161.33613109
389,126800,535592,229000,0.645176489429,0.610384138357,161.42089
390,127100,535992,229100,0.652586022296,0.316563817331,161.50247693
391,127400,536392,229200,0.65754305596,0.239019266539,161.58458900
392,127700,536792,229300,0.64180164084,0.268731170461,161.66468405
393,128000,537192,229400,0.643557159631,0.214730217861,161.7396049
394,128300,537592,229500,0.65018657024,0.316715242816,161.8225121
395,128600,537992,229600,0.707595808721,0.270535987405,161.91244912
396,128900,538392,229700,0.693169510359,0.234987928268,161.97789597
397,129200,538792,229800,0.617488600789,0.268300920697,162.05740499
398,129500,539192,229900,0.632273477881,0.315224618562,162.13596200
399,129800,539592,230000,0.708281100681,0.376739429941,162.1999831
400,130100,559974,240100,0.627077759659,0.251915882529,167.51535201
401,130400,560374,240200,0.636437087427,0.22697859714,167.60668802
402,130700,560774,240300,0.692209392896,0.261843598503,167.68111395
403,131000,561174,240400,0.776838257141,0.247881944413,167.74618411
404,131300,561574,240500,0.622356745258,0.196682911888,167.83403015
405,131600,561974,240600,0.682757274915,0.557078942485,167.91277813
406,131900,562374,240700,0.710530008708,0.219535443489,168.00450396
407,132200,562774,240800,0.674032938204,0.424332125924,168.08132505
408,132500,563174,240900,0.632593259553,0.824870522966,168.16184401
409,132800,563574,241000,0.671565276434,0.203992610275,168.24359011
410,133100,563974,241100,0.70360535242,0.308292130222,168.32556796
411,133400,564374,241200,0.600890175718,0.173088459826,168.40368795
412,133700,564774,241300,0.669796792604,0.324659118748,168.48355412
413,134000,565174,241400,0.649280462708,0.252372814843,168.54440498
414,134300,565574,241500,0.647765892597,0.422875780929,168.62318491
415,134600,565974,241600,0.731568174887,0.354049983493,168.69264602
416,134900,566374,241700,0.593571651962,0.232247995222,168.78140592
417,135200,566774,241800,0.594807760869,0.305393396997,168.86328697
418,135500,567174,241900,0.592639101088,0.126515801603,168.95353102
419,135800,567574,242000,0.7595585598,0.369547302391,169.02941703
420,136100,587954,252100,0.666800739998,0.17539259451,175.56604504
421,136400,588354,252200,0.646219271833,0.299372287422,175.65048193
422,136700,588754,252300,0.660827807108,0.269078760466,175.73013997
423,137000,589154,252400,0.633666842349,0.544842301649,175.8098390
424,137300,589554,252500,0.625003380129,0.267678242225,175.88991498
425,137600,589954,252600,0.648698541539,0.186016358909,175.96972608
426,137900,590354,252700,0.721257039632,0.236635650642,176.05283403
427,138200,590754,252800,0.652079671671,0.224451484109,176.13474106
428,138500,591154,252900,0.676950059799,0.314204144274,176.21332502
429,138800,591554,253000,0.655292809503,0.26605076641,176.29376912
430,139100,591954,253100,0.722102057404,0.40886883935,176.37070298
431,139400,592354,253200,0.608452408524,0.306880655625,176.44491314
432,139700,592754,253300,0.685257568456,0.258451892216,176.5214760
433,140000,593154,253400,0.63822313571,0.256322016331,176.60214209
434,140300,593554,253500,0.572617131908,0.201642100913,176.67974114
435,140600,593954,253600,0.640988644503,0.320356852004,176.76314091
436,140900,594354,253700,0.663125028469,0.476477831649,176.84302711
437,141200,594754,253800,0.756105358123,0.411348521726,176.92098498
438,141500,595154,253900,0.63863249431,0.194816196938,177.00481915
439,141800,595554,254000,0.705519088618,0.382862065547,177.08624911
440,142100,615936,264100,0.677392863135,0.30505375512,182.79917192
441,142400,616336,264200,0.676928115405,0.268589699947,182.89880895
442,142700,616736,264300,0.694043388515,0.233055946594,182.97799491
443,143000,617136,264400,0.603028673721,0.352935394243,183.0571961
444,143300,617536,264500,0.609944565681,0.207685607283,183.14112496
445,143600,617936,264600,0.689502738105,0.305338367089,183.21955108
446,143900,618336,264700,0.628807951198,0.166819509343,183.30850100
447,144200,618736,264800,0.596048370312,0.210224007827,183.38801097
448,144500,619136,264900,0.756123089097,0.348199934411,183.46898603
449,144800,619536,265000,0.644970637475,0.301059946863,183.54658293
450,145100,619936,265100,0.678206161502,0.175756153377,183.63450193
451,145400,620336,265200,0.613989459532,0.50289120547,183.71831393
452,145700,620736,265300,0.705366404421,0.271434891053,183.80115795
453,146000,621136,265400,0.621911134969,0.204937525303,183.88313603
454,146300,621536,265500,0.62699309278,0.182331400555,183.96493411
455,146600,621936,265600,0.633245453989,0.177015848056,184.04552292
456,146900,622336,265700,0.65424163188,0.385934271677,184.13245296
457,147200,622736,265800,0.648849774583,0.270613637482,184.19379711
458,147500,623136,265900,0.590962962103,0.202978265928,184.25072598
459,147800,623536,266000,0.658906961719,0.40570476567,184.31109595
460,148100,643916,276100,0.654326014081,0.190962208812,189.15887808
461,148400,644316,276200,0.634964909572,0.256062463864,189.2173750
462,148700,644716,276300,0.685959514459,0.257420612518,189.27747011
463,149000,645116,276400,0.621130746309,0.263856503061,189.33445811
464,149300,645516,276500,0.665305361992,0.381198897069,189.39198994
465,149600,645916,276600,0.665757999718,0.210079917331,189.44592094
466,149900,646316,276700,0.686591453758,0.220625774331,189.50212311
467,150200,646716,276800,0.607155622292,0.306470279299,189.55941605
468,150500,647116,276900,0.672515262809,0.291273188702,189.61332893
469,150800,647516,277000,0.597387096972,0.422488472215,189.67216610
470,151100,647916,277100,0.619415480132,0.202318437907,189.74788212
471,151400,648316,277200,0.620221260947,0.277012973617,189.82826805
472,151700,648716,277300,0.679453157123,0.34780374754,189.91515612
473,152000,649116,277400,0.654561450173,0.348714424065,189.99225807
474,152300,649516,277500,0.591648873643,0.337740462404,190.05905103
475,152600,649916,277600,0.684810313104,0.241308388268,190.15148496
476,152900,650316,277700,0.744536167656,0.321197770499,190.22778892
477,153200,650716,277800,0.656026596715,0.255450932496,190.30749201
478,153500,651116,277900,0.644500873589,0.257977855995,190.38707494
479,153800,651516,278000,0.618620672656,0.189696871603,190.47633504
480,154100,671900,288100,0.650238559794,0.255981911458,196.97308492
481,154400,672300,288200,0.644919292917,0.486224975639,197.05421400
482,154700,672700,288300,0.693180863033,0.388783482623,197.13124012
483,155000,673100,288400,0.674754722853,0.199010216122,197.20618891
484,155300,673500,288500,0.649764248199,0.343928191659,197.28278112
485,155600,673900,288600,0.674212226887,0.396469375878,197.35700511
486,155900,674300,288700,0.586210048941,0.51714643728,197.43082499
487,156200,674700,288800,0.648407786938,0.308773049989,197.51075196
488,156500,675100,288900,0.596207670562,0.296531271617,197.59248995
489,156800,675500,289000,0.633519459497,0.64206250798,197.67546415
490,157100,675900,289100,0.636504525717,0.246360824241,197.75436997
491,157400,676300,289200,0.596144703914,0.442773736795,197.83440613
492,157700,676700,289300,0.666253702559,0.263085080193,197.91691899
493,158000,677100,289400,0.62835538459,0.131800211543,197.99754905
494,158300,677500,289500,0.690555982898,0.234650446973,198.07960009
495,158600,677900,289600,0.643284742915,0.224173485089,198.15922498
496,158900,678300,289700,0.652948022932,0.368149928455,198.23960995
497,159200,678700,289800,0.62862458221,0.440240906678,198.31958007
498,159500,679100,289900,0.694497741179,0.259510532703,198.39258003
499,159800,679500,290000,0.672792383446,0.26974594043,198.46850013
500,160100,699876,300100,0.660422015562,0.349556993758,204.80185604
501,160400,700276,300200,0.636208220527,0.361944338328,204.88801813
502,160700,700676,300300,0.653888567333,0.348372029213,204.9734809
503,161000,701076,300400,0.675511089191,0.458204288925,205.06213307
504,161300,701476,300500,0.645710182511,0.250102992949,205.13567495
505,161600,701876,300600,0.689639603214,0.431747419533,205.21668505
506,161900,702276,300700,0.626574989108,0.214902108856,205.30723595
507,162200,702676,300800,0.628670517574,0.230964091476,205.38675999
508,162500,703076,300900,0.652381247627,0.146981444772,205.46957707
509,162800,703476,301000,0.654904638206,0.349256055485,205.54688692
510,163100,703876,301100,0.61335014022,0.159353681023,205.62923407
511,163400,704276,301200,0.738872476593,0.239810213838,205.73180103
512,163700,704676,301300,0.609973957532,0.247563115309,205.81270313
513,164000,705076,301400,0.64204035413,0.22406922235,205.88732004
514,164300,705476,301500,0.617734720596,0.295279860149,205.95846414
515,164600,705876,301600,0.674584841171,0.352965344242,206.03609108
516,164900,706276,301700,0.659675854514,0.406086438173,206.10928106
517,165200,706676,301800,0.663341707026,0.240538855524,206.17986893
518,165500,707076,301900,0.69321369018,0.186652971587,206.25264000
519,165800,707476,302000,0.75363117684,0.280299997122,206.32513308
520,166100,727850,312100,0.639373710828,0.208536707575,212.29984402
521,166400,728250,312200,0.722830690544,0.308584650033,212.36457610
522,166700,728650,312300,0.61293046122,0.256105237814,212.42428612
523,167000,729050,312400,0.595939245522,0.249708145939,212.48520803
524,167300,729450,312500,0.614884074865,0.204280757629,212.54385995
525,167600,729850,312600,0.661075559825,0.296126536572,212.60852694
526,167900,730250,312700,0.666304494864,0.229213705274,212.70082306
527,168200,730650,312800,0.666780552315,0.351739507791,212.79426503
528,168500,731050,312900,0.649283957966,0.201847307106,212.87639403
529,168800,731450,313000,0.587258179702,0.165430678896,212.95570802
530,169100,731850,313100,0.645747767255,0.202878578413,213.01451396
531,169400,732250,313200,0.631684326957,0.151483829496,213.07410311
532,169700,732650,313300,0.62541689201,0.27117903785,213.13240194
533,170000,733050,313400,0.607202031144,0.180915434972,213.2104430
534,170300,733450,313500,0.683896657106,0.288882696314,213.28907895
535,170600,733850,313600,0.620937572621,0.303857911889,213.36756205
536,170900,734250,313700,0.636645297644,0.152560797296,213.45519113
537,171200,734650,313800,0.684964604172,0.250304205435,213.53851509
538,171500,735050,313900,0.63280899955,0.213077869974,213.60179996
539,171800,735450,314000,0.684392067402,0.210561297137,213.67253899
540,172100,755838,324100,0.624996096284,0.214312122066,219.88430905
541,172400,756238,324200,0.744511730042,0.376003113785,219.97684907
542,172700,756638,324300,0.634351814431,0.208736604949,220.0522270
543,173000,757038,324400,0.62056140014,0.627855753534,220.12766909
544,173300,757438,324500,0.646197061455,0.502279269658,220.20638704
545,173600,757838,324600,0.633318201348,0.256857994869,220.28857493
546,173900,758238,324700,0.672674183635,0.220972772895,220.36578011
547,174200,758638,324800,0.650667536105,0.190148383481,220.44043111
548,174500,759038,324900,0.644506085401,0.189648849391,220.51401615
549,174800,759438,325000,0.721495593556,0.297894832625,220.56720209
550,175100,759838,325100,0.610264096297,0.474791974139,220.62461996
551,175400,760238,325200,0.680717025746,0.219995982048,220.68113398
552,175700,760638,325300,0.623317120647,0.181018929291,220.73710608
553,176000,761038,325400,0.665780273405,0.338185794999,220.8104150
554,176300,761438,325500,0.676485508055,0.309751994175,220.88885211
555,176600,761838,325600,0.705420472233,0.298535327547,220.96743512
556,176900,762238,325700,0.692355106494,0.239102514159,221.04773402
557,177200,762638,325800,0.684623817511,0.216721613345,221.13159894
558,177500,763038,325900,0.7026436651,0.440488033962,221.21107196
559,177800,763438,326000,0.638304630687,0.213387444654,221.28994703
560,178100,783828,336100,0.722200094596,0.353570098844,227.19886207
561,178400,784228,336200,0.658515686115,0.269780360704,227.27940392
562,178700,784628,336300,0.659843731014,0.1489028304,227.34588813
563,179000,785028,336400,0.606506000005,0.154126735621,227.40126109
564,179300,785428,336500,0.594725032507,0.156677751405,227.47119808
565,179600,785828,336600,0.602911718306,0.192654864629,227.54097294
566,179900,786228,336700,0.68080318434,0.521853527986,227.60912609
567,180200,786628,336800,0.657728992899,0.27711935077,227.68600797
568,180500,787028,336900,0.629972025301,0.346644450063,227.76152396
569,180800,787428,337000,0.66692581661,0.298601974901,227.83842396
570,181100,787828,337100,0.660415740472,0.14596807461,227.91293096
571,181400,788228,337200,0.63557806316,0.289395974622,227.98575401
572,181700,788628,337300,0.618210387737,0.159021343394,228.06168007
573,182000,789028,337400,0.635240086195,0.208550854437,228.14115500
574,182300,789428,337500,0.592100888449,0.338497023732,228.21447706
575,182600,789828,337600,0.622787193463,0.177543591386,228.2890670
576,182900,790228,337700,0.610116970538,0.233483425601,228.3703701
577,183200,790628,337800,0.637081879388,0.277010454047,228.44733214
578,183500,791028,337900,0.607081249348,0.344417351331,228.52276396
579,183800,791428,338000,0.628782954933,0.355913714384,228.59886503
580,184100,811804,348100,0.705815753597,0.331320762736,235.02836298
581,184400,812204,348200,0.635387684325,0.232135480423,235.09051394
582,184700,812604,348300,0.671140575558,0.215887698758,235.15007305
583,185000,813004,348400,0.611375747784,0.232022532973,235.21217894
584,185300,813404,348500,0.684250873489,0.299609560482,235.29372501
585,185600,813804,348600,0.676544224323,0.217493357392,235.36574912
586,185900,814204,348700,0.618581484943,0.366166372616,235.42175006
587,186200,814604,348800,0.653250809583,0.176460131718,235.48095512
588,186500,815004,348900,0.644816938509,0.638785432868,235.5407509
589,186800,815404,349000,0.656159134602,0.330574102678,235.62979507
590,187100,815804,349100,0.642621177957,0.280467420601,235.70406198
591,187400,816204,349200,0.667243401526,0.160266674947,235.76054692
592,187700,816604,349300,0.707833387593,0.438232238913,235.83211207
593,188000,817004,349400,0.673408761586,0.355071295124,235.89689612
594,188300,817404,349500,0.700166172878,0.206143294984,235.97966003
595,188600,817804,349600,0.56715316694,0.210967129862,236.0614371
596,188900,818204,349700,0.662186837708,0.224470737345,236.14169001
597,189200,818604,349800,0.67217735815,0.524634266752,236.22180008
598,189500,819004,349900,0.665394114468,0.227943663458,236.30103492
599,189800,819404,350000,0.599727107626,0.378560874915,236.37825202
600,190100,839794,360100,0.632211407688,0.329663461378,242.16081595
601,190400,840194,360200,0.645488154818,0.234590577075,242.2446961
602,190700,840594,360300,0.587147650187,0.151088406502,242.3221080
603,191000,840994,360400,0.655050301946,0.310065418175,242.39732599
604,191300,841394,360500,0.668639023895,0.302578542865,242.47719693
605,191600,841794,360600,0.65372147666,0.382222044494,242.55920195
606,191900,842194,360700,0.685877135233,0.224145103697,242.63950204
607,192200,842594,360800,0.62618611166,0.252335237557,242.72147297
608,192500,842994,360900,0.669184272773,0.189529156824,242.79733705
609,192800,843394,361000,0.65803199267,0.406406931032,242.87196111
610,193100,843794,361100,0.645247111042,0.275670750737,242.95370006
611,193400,844194,361200,0.631903045525,0.194676624441,243.03167605
612,193700,844594,361300,0.6798421546,0.419288321474,243.10784792
613,194000,844994,361400,0.676781769465,0.279695591224,243.18634009
614,194300,845394,361500,0.650185855069,0.300266092021,243.25679397
615,194600,845794,361600,0.633946639228,0.256628811172,243.34089708
616,194900,846194,361700,0.616897548058,0.190989706246,243.42162799
617,195200,846594,361800,0.702710941685,0.262777806619,243.49732208
618,195500,846994,361900,0.702899968476,0.370757115303,243.57806301
619,195800,847394,362000,0.642205860788,0.393067519618,243.65914702
620,196100,867778,372100,0.691934748917,0.339215968139,249.98784112
621,196400,868178,372200,0.66671050659,0.240479334331,250.07258105
622,196700,868578,372300,0.644897825625,0.337557964512,250.15389609
623,197000,868978,372400,0.702788554312,0.367005905913,250.2341880
624,197300,869378,372500,0.681273024347,0.312146611684,250.31384205
625,197600,869778,372600,0.664985511177,0.245031255212,250.39660906
626,197900,870178,372700,0.667971788349,0.283808041527,250.47464013
627,198200,870578,372800,0.653076768965,0.293044079062,250.55403900
628,198500,870978,372900,0.649494546818,0.24610350685,250.63394498
629,198800,871378,373000,0.680970418806,0.200920452588,250.71420311
630,199100,871778,373100,0.64119305767,0.175287988931,250.79263210
631,199400,872178,373200,0.665441056091,0.442074973588,250.8756859
632,199700,872578,373300,0.662570042774,0.189572456085,250.95276999
633,200000,872978,373400,0.597808148099,0.364830775651,251.03276991
634,200300,873378,373500,0.645653056719,0.188238685141,251.11188197
635,200600,873778,373600,0.662391313214,0.295850031116,251.19117999
636,200900,874178,373700,0.668143317165,0.192476922354,251.27725505
637,201200,874578,373800,0.591060179042,0.427449392533,251.35977411
638,201500,874978,373900,0.673304361548,0.314054821613,251.43998503
639,201800,875378,374000,0.633304143697,0.235699502804,251.5212559
640,202100,895766,384100,0.612121923617,0.252677346741,257.71396398
641,202400,896166,384200,0.645103616899,0.216453247582,257.77940297
642,202700,896566,384300,0.676803664353,0.215772124674,257.84225606
643,203000,896966,384400,0.645183408132,0.184390572274,257.9069480
644,203300,897366,384500,0.662928135475,0.255522863428,257.97998404
645,203600,897766,384600,0.650657190178,0.338806124726,258.07067298
646,203900,898166,384700,0.662498519622,0.365553965564,258.14619898
647,204200,898566,384800,0.623838120185,0.24941061985,258.22095513
648,204500,898966,384900,0.668265101618,0.397033542889,258.29142093
649,204800,899366,385000,0.661203086561,0.335038363517,258.36653399
650,205100,899766,385100,0.664955769387,0.245872459911,258.43854308
651,205400,900166,385200,0.661100098415,0.213522956664,258.508536
652,205700,900566,385300,0.665193723938,0.239209454153,258.57915592
653,206000,900966,385400,0.612953742342,0.213396330657,258.65160512
654,206300,901366,385500,0.599649781367,0.330719876128,258.72350692
655,206600,901766,385600,0.668300895752,0.228207026153,258.79726195
656,206900,902166,385700,0.651750881027,0.403963392524,258.85750603
657,207200,902566,385800,0.62195788165,0.212923948875,258.91710996
658,207500,902966,385900,0.593197471471,0.350602400228,258.97884106
659,207800,903366,386000,0.721305566776,0.175509495945,259.06273412
660,208100,923734,396100,0.72822953453,0.238177361471,265.08574700
661,208400,924134,396200,0.670532266751,0.181257470197,265.16555595
662,208700,924534,396300,0.633392016944,0.322151175746,265.23377704
663,209000,924934,396400,0.540122443929,0.562450967572,265.31140613
664,209300,925334,396500,0.690415591363,0.532222360962,265.38212609
665,209600,925734,396600,0.690749941941,0.241693565483,265.45419502
666,209900,926134,396700,0.660257130098,0.239585653036,265.52679300
667,210200,926534,396800,0.650537263491,0.352135880214,265.59865593
668,210500,926934,396900,0.672269701174,0.241559762137,265.669140
669,210800,927334,397000,0.627070310976,0.22944734888,265.7420051
670,211100,927734,397100,0.681953916666,0.298266326016,265.83136105
671,211400,928134,397200,0.627589444954,0.24385034192,265.91206312
672,211700,928534,397300,0.64643846928,0.185759571074,265.98544597
673,212000,928934,397400,0.589113653833,0.205462572125,266.06103897
674,212300,929334,397500,0.692215610837,0.514365948201,266.1372721
675,212600,929734,397600,0.576140186151,0.190412051347,266.21657395
676,212900,930134,397700,0.676883654909,0.467527873396,266.29583597
677,213200,930534,397800,0.661253817462,0.217776549013,266.3768799
678,213500,930934,397900,0.658971338321,0.349074145122,266.45868396
679,213800,931334,398000,0.661412984515,0.432423688638,266.54335999
680,214100,951710,408100,0.645801889536,0.250631334712,272.31428909
681,214400,952110,408200,0.592767083813,0.23375497687,272.36900305
682,214700,952510,408300,0.647825611525,0.382174654859,272.42285013
683,215000,952910,408400,0.660133737553,0.158161542725,272.47832107
684,215300,953310,408500,0.649451457039,0.31779341242,272.52859711
685,215600,953710,408600,0.742644407594,0.311533880767,272.58095097
686,215900,954110,408700,0.706192011286,0.232042582721,272.63837099
687,216200,954510,408800,0.651278866242,0.302579334158,272.69415807
688,216500,954910,408900,0.640359942699,0.178961590729,272.75159311
689,216800,955310,409000,0.721090905211,0.340004684574,272.80611705
690,217100,955710,409100,0.68086067179,0.41556237426,272.86010813
691,217400,956110,409200,0.683974682774,0.267780312538,272.91858601
692,217700,956510,409300,0.623115101336,0.278099966949,272.97178292
693,218000,956910,409400,0.648623379729,0.408025945681,273.02839493
694,218300,957310,409500,0.67880116546,0.380751111631,273.08433008
695,218600,957710,409600,0.727142363561,0.221561150859,273.13690209
696,218900,958110,409700,0.623451558009,0.193606817877,273.19524812
697,219200,958510,409800,0.623367208299,0.451510966105,273.24906897
698,219500,958910,409900,0.633992529798,0.478357494619,273.30924105
699,219800,959310,410000,0.661608992828,0.226922750372,273.3627159
700,220100,979688,420100,0.598183787115,0.226328094771,278.94805097
701,220400,980088,420200,0.672520989478,0.353158423349,279.00868201
702,220700,980488,420300,0.652207437976,0.409496748143,279.06815600
703,221000,980888,420400,0.637769317977,0.344532557957,279.12791299
704,221300,981288,420500,0.641220832026,0.319963514594,279.18321609
705,221600,981688,420600,0.698039917274,0.37693740789,279.24827003
706,221900,982088,420700,0.622609499555,0.209182297101,279.31517195
707,222200,982488,420800,0.618293798428,0.226249477751,279.37338805
708,222500,982888,420900,0.591268571674,0.279804022076,279.4342601
709,222800,983288,421000,0.663928086806,0.336848782619,279.50350999
710,223100,983688,421100,0.615701339566,0.281292140954,279.58106112
711,223400,984088,421200,0.65051044835,0.200293750336,279.65037012
712,223700,984488,421300,0.684485103327,0.196035241266,279.73059201
713,224000,984888,421400,0.710884948292,0.362730635606,279.80997204
714,224300,985288,421500,0.646964717069,0.358479474905,279.88780903
715,224600,985688,421600,0.62571573284,0.296916951298,279.96464896
716,224900,986088,421700,0.625353685284,0.241182712724,280.04222893
717,225200,986488,421800,0.645711518314,0.176838014594,280.11899495
718,225500,986888,421900,0.652692173645,0.234390928106,280.19865393
719,225800,987288,422000,0.682951909375,0.315330777184,280.27773213
720,226100,1007670,432100,0.689975328846,0.26568795286,285.88406515
721,226400,1008070,432200,0.681235793365,0.243171288404,285.94356012
722,226697,1008466,432300,0.653708308425,0.23639655745,286.00223493
723,226997,1008866,432400,0.685177330971,0.364807820234,286.05690097
724,227297,1009266,432500,0.648708130925,0.24714034923,286.11712193
725,227597,1009666,432600,0.682659930114,0.323264535884,286.17173004
726,227897,1010066,432700,0.579314202669,0.199680538423,286.24943208
727,228197,1010466,432800,0.685995574487,0.299097923972,286.3274059
728,228497,1010866,432900,0.590295949011,0.160706111193,286.41318392
729,228797,1011266,433000,0.648472156617,0.258504169508,286.49478006
730,229097,1011666,433100,0.609759004616,0.225888157319,286.57491803
731,229397,1012066,433200,0.653671760691,0.269188659386,286.65856504
732,229697,1012466,433300,0.678774904021,0.322627585262,286.73824310
733,229997,1012866,433400,0.658957591796,0.344528359017,286.81521606
734,230297,1013266,433500,0.633322999116,0.224552830678,286.89456009
735,230597,1013666,433600,0.648880062353,0.364969414279,286.97416305
736,230897,1014066,433700,0.629894421928,0.265771860272,287.05253505
737,231197,1014466,433800,0.692337176445,0.273726064037,287.13205599
738,231497,1014866,433900,0.662030309812,0.220130108565,287.20895099
739,231797,1015266,434000,0.665649725413,0.189358120017,287.28830599
740,232097,1035648,444100,0.626135194472,0.453725051635,293.48751211
741,232397,1036048,444200,0.689887283532,0.444143642251,293.55241203
742,232697,1036448,444300,0.623211340489,0.420730760119,293.64953613
743,232997,1036848,444400,0.693482695071,0.195688287538,293.73836493
744,233297,1037248,444500,0.619910934237,0.217019050717,293.81309294
745,233597,1037648,444600,0.659847737099,0.242496313897,293.88308906
746,233897,1038048,444700,0.606509574949,0.512594076134,293.95399904
747,234197,1038448,444800,0.606836293589,0.273682004412,294.02455210
748,234497,1038848,444900,0.613328854987,0.22821244474,294.09903192
749,234797,1039248,445000,0.703422661246,0.307488172387,294.17160201
750,235097,1039648,445100,0.665167469834,0.275032657552,294.24387502
751,235397,1040048,445200,0.691848826673,0.285623811998,294.31783914
752,235697,1040448,445300,0.60249667534,0.178725272875,294.3889379
753,235997,1040848,445400,0.643563133874,0.220952563306,294.46257710
754,236297,1041248,445500,0.626415782266,0.254035966535,294.54290008
755,236597,1041648,445600,0.653253962069,0.387371220666,294.62436795
756,236897,1042048,445700,0.699514659123,0.361120604632,294.69625711
757,237197,1042448,445800,0.745663365038,0.278226627093,294.77382612
758,237497,1042848,445900,0.606310038131,0.228469810928,294.84678602
759,237797,1043248,446000,0.669111810154,0.268261911563,294.92040991
760,238097,1063626,456100,0.61320721011,0.331825403516,301.11340713
761,238397,1064026,456200,0.60836505686,0.355600628341,301.17700815
762,238697,1064426,456300,0.59868700838,0.181570510118,301.24711799
763,238997,1064826,456400,0.668205329246,0.19970227111,301.32745599
764,239297,1065226,456500,0.625234518555,0.263146396127,301.39177608
765,239597,1065626,456600,0.656826206374,0.289708818924,301.44749093
766,239897,1066026,456700,0.695491842309,0.168351866064,301.50793814
767,240197,1066426,456800,0.643826731019,0.316376887255,301.56386303
768,240497,1066826,456900,0.695153993291,0.259886012547,301.62081909
769,240797,1067226,457000,0.672049837119,0.241173237271,301.6811499
770,241097,1067626,457100,0.66759932219,0.248366153438,301.74110913
771,241397,1068026,457200,0.636807857545,0.308890144899,301.81079411
772,241697,1068426,457300,0.631662730509,0.289338110629,301.8879730
773,241997,1068826,457400,0.643390243429,0.318177865451,301.96638512
774,242297,1069226,457500,0.580861712504,0.367716470976,302.0358920
775,242597,1069626,457600,0.671956483085,0.246138132617,302.09268307
776,242897,1070026,457700,0.675363072752,0.226242669321,302.1601049
777,243197,1070426,457800,0.573851314114,0.207022113732,302.21442413
778,243497,1070826,457900,0.662016378023,0.335760284643,302.2746269
779,243797,1071226,458000,0.678124816074,0.233726225537,302.32933497
780,244097,1091588,468100,0.634088231618,0.342605833209,308.46382498
781,244397,1091988,468200,0.642549048195,0.236915871227,308.55633902
782,244697,1092388,468300,0.670631208919,0.20527018085,308.63709998
783,244997,1092788,468400,0.643198984299,0.309407775683,308.72050595
784,245297,1093188,468500,0.665571628227,0.205675487592,308.80128693
785,245597,1093588,468600,0.656327647785,0.168198828746,308.87627410
786,245897,1093988,468700,0.568883452219,0.274344416453,308.95554304
787,246197,1094388,468800,0.565816499292,0.253449100104,309.03558301
788,246497,1094788,468900,0.587192009448,0.410172253849,309.12022900
789,246797,1095188,469000,0.64715744398,0.232188988123,309.19992208
790,247097,1095588,469100,0.679837376998,0.223093162487,309.27646207
791,247397,1095988,469200,0.657605246191,0.180524623448,309.35646796
792,247697,1096388,469300,0.688336868994,0.308407473138,309.43463993
793,247997,1096788,469400,0.658918605062,0.207488402685,309.51721811
794,248297,1097188,469500,0.602098055953,0.228723461892,309.59557294
795,248597,1097588,469600,0.685334320949,0.206708611737,309.67991805
796,248897,1097988,469700,0.648379462346,0.371991985956,309.7416341
797,249197,1098388,469800,0.644736811682,0.354145060938,309.79948401
798,249497,1098788,469900,0.59598235363,0.24521323572,309.85369706
799,249797,1099188,470000,0.574213337596,0.228547550882,309.90953111
800,250097,1119562,480100,0.730031836789,0.300317337025,315.8806550
801,250397,1119962,480200,0.616643637861,0.314774241286,315.95931792
802,250697,1120362,480300,0.650105857005,0.325081067229,316.03103
803,250997,1120762,480400,0.681641664943,0.2442058412,316.10022711
804,251297,1121162,480500,0.64496708953,0.335147530093,316.16982698
805,251597,1121562,480600,0.597429497305,0.380532153685,316.24036502
806,251897,1121962,480700,0.629309673091,0.261970371223,316.31221795
807,252197,1122362,480800,0.658019298492,0.400748230545,316.38483715
808,252497,1122762,480900,0.642620793297,0.238679808878,316.45734715
809,252797,1123162,481000,0.611827398603,0.262797503419,316.53149104
810,253097,1123562,481100,0.642713070009,0.273482098846,316.60472011
811,253397,1123962,481200,0.637225041597,0.130998918154,316.67864799
812,253697,1124362,481300,0.697838495983,0.272893165218,316.75589299
813,253997,1124762,481400,0.658324076537,0.154451300824,316.82821202
814,254297,1125162,481500,0.660736934776,0.266229198599,316.90075898
815,254597,1125562,481600,0.704100887524,0.270528134449,316.97265195
816,254897,1125962,481700,0.667512297628,0.22078350851,317.04580402
817,255197,1126362,481800,0.692593844608,0.240776511288,317.12854409
818,255497,1126762,481900,0.621772705367,0.195330285445,317.21044611
819,255797,1127162,482000,0.659655924166,0.184111145184,317.28721404
820,256097,1147536,492100,0.703256723481,0.256126832047,322.62303614
821,256397,1147936,492200,0.645274462796,0.194353109093,322.70558905
822,256697,1148336,492300,0.616748799075,0.333245361999,322.78586196
823,256997,1148736,492400,0.67010823577,0.231032613563,322.8754749
824,257297,1149136,492500,0.656204760546,0.270961201397,322.95759892
825,257597,1149536,492600,0.679458110103,0.348544059855,323.03713202
826,257897,1149936,492700,0.635971045661,0.231449356337,323.11765193
827,258197,1150336,492800,0.659786862484,0.614455735444,323.20086002
828,258497,1150736,492900,0.639585172151,0.428904507782,323.29384398
829,258797,1151136,493000,0.617771688218,0.383111858019,323.38436913
830,259097,1151536,493100,0.625513427495,0.240482534032,323.46252298
831,259397,1151936,493200,0.753518099371,0.432841976637,323.53046393
832,259697,1152336,493300,0.628906834851,0.462402260923,323.59441304
833,259997,1152736,493400,0.630187217031,0.273168304832,323.6674380
834,260297,1153136,493500,0.682264026063,0.322689853157,323.74455213
835,260597,1153536,493600,0.673748082195,0.326248853181,323.81925892
836,260897,1153936,493700,0.627258155477,0.284033072686,323.88812112
837,261197,1154336,493800,0.580644559478,0.309571760756,323.94626808
838,261497,1154736,493900,0.629702491624,0.241099674625,324.00738596
839,261797,1155136,494000,0.628228949522,0.178287310132,324.07265710
840,262097,1175508,504100,0.627011864053,0.184479703616,330.12962293
841,262397,1175908,504200,0.64935781049,0.190133330674,330.19528198
842,262697,1176308,504300,0.65373698341,0.273232181879,330.25140714
843,262997,1176708,504400,0.637694638279,0.24967365128,330.31351494
844,263297,1177108,504500,0.646700552976,0.400260628758,330.37107300
845,263597,1177508,504600,0.657563924159,0.235355064494,330.43214297
846,263897,1177908,504700,0.658001071691,0.280052812563,330.48886513
847,264197,1178308,504800,0.631235701622,0.243571198323,330.54500293
848,264497,1178708,504900,0.665420546918,0.246372825805,330.60389709
849,264797,1179108,505000,0.636310767956,0.28251663346,330.65652513
850,265097,1179508,505100,0.667076316536,0.19423327561,330.72466397
851,265397,1179908,505200,0.644150847115,0.223465031216,330.79431605
852,265697,1180308,505300,0.599610733452,0.239509199061,330.85708308
853,265997,1180708,505400,0.569097542942,0.223203510759,330.91937208
854,266297,1181108,505500,0.662836118572,0.419754210571,330.97199392
855,266597,1181508,505600,0.645830433678,0.34708873832,331.03128409
856,266897,1181908,505700,0.608320347495,0.336347552528,331.08876013
857,267197,1182308,505800,0.685577107117,0.221796804436,331.14386010
858,267497,1182708,505900,0.634435408204,0.285281389396,331.20179700
859,267797,1183108,506000,0.642417771867,0.203998036457,331.2534720
860,268097,1203500,516100,0.665175052647,0.221926384227,337.35785913
861,268397,1203900,516200,0.65010463686,0.374795868858,337.44460010
862,268697,1204300,516300,0.675520764955,0.248848016367,337.51083803
863,268997,1204700,516400,0.631662051657,0.166286615841,337.58832597
864,269297,1205100,516500,0.669280615101,0.240937550132,337.67637014
865,269597,1205500,516600,0.611075362309,0.249438392097,337.76035499
866,269897,1205900,516700,0.644342639522,0.293172787041,337.84559512
867,270197,1206300,516800,0.634550940738,0.378169029146,337.93384909
868,270497,1206700,516900,0.617039450831,0.304128669169,338.04370212
869,270797,1207100,517000,0.619832985665,0.201097387978,338.13742995
870,271097,1207500,517100,0.644675333392,0.225632780739,338.23146200
871,271397,1207900,517200,0.703318213711,0.311605240621,338.31462597
872,271697,1208300,517300,0.672193950814,0.214058535475,338.4037549
873,271997,1208700,517400,0.670191619993,0.225654958462,338.49036598
874,272297,1209100,517500,0.626057935928,0.255702536612,338.58298897
875,272597,1209500,517600,0.678140925856,0.207134058386,338.68025302
876,272897,1209900,517700,0.653848545188,0.249517591929,338.76406598
877,273197,1210300,517800,0.651032744393,0.317230496605,338.85544896
878,273497,1210700,517900,0.681482731145,0.281107853701,338.93808102
879,273797,1211100,518000,0.680928979637,0.264075768145,339.0145621
880,274097,1231482,528100,0.633721219645,0.286235765374,345.8523449
881,274397,1231882,528200,0.672946815952,0.206134766674,345.94976401
882,274697,1232282,528300,0.59837652796,0.373713705618,346.04586696
883,274997,1232682,528400,0.636662406976,0.243447579849,346.1570429
884,275297,1233082,528500,0.625811287822,0.226506739882,346.25649094
885,275597,1233482,528600,0.665667369964,0.173538602253,346.36658310
886,275897,1233882,528700,0.623950913593,0.187384954563,346.46458196
887,276197,1234282,528800,0.648868013687,0.171445995379,346.54876208
888,276497,1234682,528900,0.614245035842,0.220333016644,346.6502270
889,276797,1235082,529000,0.665758382195,0.155761190477,346.73759508
890,277097,1235482,529100,0.678713189052,0.242476164067,346.82542204
891,277397,1235882,529200,0.62484010532,0.221207174373,346.91657400
892,277697,1236282,529300,0.69959334749,0.313657943847,347.00327110
893,277997,1236682,529400,0.624332421419,0.278611241326,347.08752512
894,278297,1237082,529500,0.704828624449,0.325614110368,347.17448806
895,278597,1237482,529600,0.652691241241,0.195795996256,347.30454206
896,278897,1237882,529700,0.696414179335,0.288587652663,347.41990494
897,279197,1238282,529800,0.679993824959,0.429230700147,347.51172494
898,279497,1238682,529900,0.655735955402,0.291093661658,347.62354111
899,279797,1239082,530000,0.614163211443,0.133859773529,347.71895813
900,280097,1259460,540100,0.676711151644,0.235817618779,356.41045212
901,280397,1259860,540200,0.690961496981,0.302612799741,356.51600408
902,280697,1260260,540300,0.579927414768,0.218627408676,356.62276697
903,280997,1260660,540400,0.662051996214,0.238765619659,356.7294571
904,281297,1261060,540500,0.67666441847,0.308622490707,356.82128405
905,281597,1261460,540600,0.671863419794,0.321628308635,356.91413593
906,281897,1261860,540700,0.647837788243,0.406989447041,357.01608014
907,282197,1262260,540800,0.688755106923,0.230864463301,357.09863805
908,282497,1262660,540900,0.649902969102,0.274388785112,357.17882609
909,282797,1263060,541000,0.665190476894,0.340890075422,357.25815415
910,283097,1263460,541100,0.674085786998,0.433309220385,357.33774614
911,283397,1263860,541200,0.643258431002,0.344572458795,357.42034196
912,283697,1264260,541300,0.61569419125,0.268035515826,357.50222206
913,283997,1264660,541400,0.638373352985,0.193590703072,357.58261799
914,284297,1265060,541500,0.652217681538,0.176281290626,357.66266894
915,284597,1265460,541600,0.652859304622,0.296289698449,357.76417112
916,284897,1265860,541700,0.613653973098,0.201801046804,357.85140109
917,285197,1266260,541800,0.624197466503,0.250888621112,357.94283
918,285497,1266660,541900,0.675583386771,0.1903779707,358.03476905
919,285797,1267060,542000,0.618886914433,0.284248415883,358.12300515
920,286097,1287436,552100,0.646479070047,0.285623715746,366.51350593
921,286397,1287836,552200,0.678117007882,0.237814860735,366.62290406
922,286697,1288236,552300,0.625401082125,0.207291556027,366.72642993
923,286997,1288636,552400,0.716117741749,0.439703901658,366.82190513
924,287297,1289036,552500,0.700960770218,0.367880983734,366.92179894
925,287597,1289436,552600,0.648152327434,0.237792562666,367.01597309
926,287897,1289836,552700,0.600967244391,0.333323950179,367.10868811
927,288197,1290236,552800,0.678566075975,0.194913874722,367.19751691
928,288497,1290636,552900,0.660886702464,0.52754830031,367.2831089
929,288797,1291036,553000,0.651817459319,0.212443080964,367.37445807
930,289097,1291436,553100,0.668305492004,0.25360508141,367.45963501
931,289397,1291836,553200,0.591115144015,0.330221317627,367.55289292
932,289697,1292236,553300,0.638371670988,0.170412962192,367.66430091
933,289997,1292636,553400,0.667676865923,0.237144872948,367.75220513
934,290297,1293036,553500,0.66458874812,0.342381542441,367.83903408
935,290597,1293436,553600,0.680251396087,0.238173847223,367.92901802
936,290897,1293836,553700,0.61349141309,0.258131090595,368.01349401
937,291197,1294236,553800,0.638824466111,0.492146304659,368.10138893
938,291497,1294636,553900,0.665447643918,0.338080479404,368.19066715
939,291797,1295036,554000,0.624155111234,0.305874349194,368.29059815
940,292097,1315412,564100,0.636815131429,0.208470102261,376.25248408
941,292397,1315812,564200,0.660593205079,0.262257517289,376.35702514
942,292697,1316212,564300,0.631778588162,0.231017576841,376.4596469
943,292997,1316612,564400,0.642604260226,0.246383449646,376.55850195
944,293297,1317012,564500,0.668835993609,0.420369438288,376.65331292
945,293597,1317412,564600,0.639652124644,0.189696403189,376.74313211
946,293897,1317812,564700,0.635948137938,0.281710555669,376.8309080
947,294197,1318212,564800,0.616608084003,0.145926435248,376.91778802
948,294497,1318612,564900,0.687314561117,0.478469554556,377.00298500
949,294797,1319012,565000,0.642005173916,0.313638835748,377.08700394
950,295097,1319412,565100,0.605148090727,0.270994760643,377.17133307
951,295397,1319812,565200,0.702985265734,0.305176259478,377.2590050
952,295697,1320212,565300,0.669050827285,0.394226652924,377.34663701
953,295997,1320612,565400,0.628100395938,0.283027902946,377.43981909
954,296297,1321012,565500,0.626322074827,0.271750874678,377.52909898
955,296597,1321412,565600,0.627319430391,0.329660266459,377.61769795
956,296897,1321812,565700,0.605597332582,0.182353086078,377.71269512
957,297197,1322212,565800,0.650079194717,0.230110727746,377.80814003
958,297497,1322612,565900,0.657064452803,0.213389835498,377.90023398
959,297797,1323012,566000,0.671403990197,0.275959667093,378.01209402
960,298097,1343394,576100,0.635912026938,0.175151911002,386.98839592
961,298397,1343794,576200,0.709191744611,0.282180307364,387.09271407
962,298697,1344194,576300,0.613896562538,0.270008912099,387.1873190
963,298997,1344594,576400,0.610338625006,0.245789836259,387.28672504
964,299297,1344994,576500,0.668236062874,0.402736168555,387.36821198
965,299597,1345394,576600,0.648978859665,0.238158905091,387.45187711
966,299897,1345794,576700,0.666577208266,0.371937722828,387.54662108
967,300197,1346194,576800,0.684290828269,0.374646389965,387.63503003
968,300497,1346594,576900,0.644678801566,0.219245968112,387.72313594
969,300797,1346994,577000,0.635438141237,0.282118342627,387.80841398
970,301097,1347394,577100,0.616723010241,0.249599010111,387.88930296
971,301397,1347794,577200,0.653793290581,0.328837620424,387.96958899
972,301697,1348194,577300,0.613955073627,0.457213998699,388.05204105
973,301997,1348594,577400,0.678789460087,0.269156577017,388.13432407
974,302297,1348994,577500,0.63761307421,0.312058827722,388.2137310
975,302597,1349394,577600,0.628119156419,0.290378625888,388.2942879
976,302897,1349794,577700,0.684435281682,0.251075644288,388.37348508
977,303197,1350194,577800,0.64852089315,0.353499620216,388.45460796
978,303497,1350594,577900,0.613556979167,0.322864026133,388.53483104
979,303797,1350994,578000,0.653013186996,0.185010947408,388.61507391
980,304097,1371376,588100,0.613944340819,0.278954172376,395.62954306
981,304397,1371776,588200,0.635820819428,0.434592908574,395.73690915
982,304697,1372176,588300,0.668808225035,0.244566517441,395.86957097
983,304997,1372576,588400,0.665474779504,0.23096821351,395.95555114
984,305297,1372976,588500,0.703643323835,0.198477567573,396.0462040
985,305597,1373376,588600,0.662001199579,0.260779779971,396.13017511
986,305897,1373776,588700,0.601649224366,0.206254873228,396.22923302
987,306197,1374176,588800,0.645229513398,0.280187127946,396.31159901
988,306497,1374576,588900,0.70714377398,0.288075654984,396.40157699
989,306797,1374976,589000,0.65394772176,0.443763356673,396.50421714
990,307097,1375376,589100,0.702841991213,0.331681565872,396.59330701
991,307397,1375776,589200,0.702445553369,0.335604044511,396.69293308
992,307697,1376176,589300,0.647313852968,0.304845639124,396.84314298
993,307997,1376576,589400,0.620566226284,0.24720412988,396.93076705
994,308297,1376976,589500,0.662951836919,0.240415329297,397.04561710
995,308597,1377376,589600,0.655369474333,0.484461271587,397.12637400
996,308897,1377776,589700,0.598321756655,0.229230671566,397.22562599
997,309197,1378176,589800,0.694164309378,0.219981610773,397.3217401
998,309497,1378576,589900,0.633385708083,0.218139053211,397.40393996
999,309797,1378976,590000,0.679987919205,0.198316060557,397.49037504
1000,310097,1399360,600100,0.595414441951,0.184019937193,405.08170700
