1.16633651183,0.349871294627,-0.0243759044659,2.73878870122,0.0679198963143,0.0754427646701,-1.88926072103,-2.64010436246,-0.219926884489,-1.59880957665,1.84386919644,-0.543759868036,0.932404702908,3.08549133797,0.390969546155,0.381066364231,-0.812862381474,2.29397972162,0.417652525453,0.794038036819,0.321336473013,2.17544548308,0.132983726113,-1.81758398006,0.670790288756,-2.4092402992,-0.168135803878,2.29351188514,0.512778119301
0.280392914411,-0.609904411159,0.0474136532851,2.5222874779,-1.01649144657,-0.0571493542125,-2.83815777144,-2.56843776469,0.00077906124037,-2.25519039882,0.901033277434,-0.194562266544,0.596370247265,2.10107476988,-0.435263483097,0.638116633896,-0.647981732466,1.21980449751,-0.413852815616,1.06310186411,0.394252937217,0.946894178735,-0.936332019159,-2.79157244251,-0.241229349786,-3.31099867327,-1.13737843042,1.26456169374,-0.457694503085
1.04418241281,0.132941210509,0.194929115166,2.44843111018,-0.241490970936,-0.109616339504,-2.05559669907,-2.35169558132,0.084888458404,-1.49627160014,1.68942642822,0.0378832923706,0.531685545363,2.63778156619,0.346169564918,0.584872942202,-0.557231125284,2.14562631807,0.560528240307,1.05271744431,0.27191538817,1.84303777141,-0.214024155558,-1.98795784879,0.550442946303,-2.52322588316,-0.438438468478,2.07835479357,0.280521783615
0.79932314466,-0.0955485282025,0.0946309386826,2.33123580022,-0.537969647766,0.0218948777019,-2.25994277054,-2.32538029256,0.268805148385,-1.59958928293,1.42392033632,0.0424545362436,0.512921226169,2.30958144807,0.0696048989422,0.481596512803,-0.531960196756,1.69694427366,0.321652198265,1.11092618113,0.259196669802,1.58769316353,-0.506172414888,-2.26409652049,0.286182658894,-2.7327177177,-0.693662033632,1.82614059522,0.0339740338796
0.894482635392,0.0338701326144,0.27384916672,2.32714330212,-0.501408598375,0.109476915837,-2.12273894563,-2.11260747341,0.202651684672,-1.23048901623,1.52136038166,0.0948365633352,0.460591985553,2.19345794991,0.132608917732,0.572386107247,-0.530359872199,1.69033426917,0.41852491782,1.09578637334,0.126914485098,1.4673729561,-0.392478922567,-2.14909482967,0.383072545866,-2.64639671837,-0.595483304095,1.91556630285,0.095711067018
0.865949931184,0.0467990284465,0.288909786812,2.17077603134,-0.546567522998,0.159266009141,-2.12551588094,-2.02070575252,0.263291103589,-1.04031429449,1.45419417242,0.131118082094,0.371226112265,2.0813762454,0.114070782727,0.598313671309,-0.55091207986,1.50974952963,0.333797588697,1.00279713378,0.188857689452,1.31184748731,-0.448834740017,-2.1677347271,0.355066106241,-2.64029986127,-0.660409664386,1.89913435938,0.0738698040745
0.888605350422,0.0142990774955,0.232404104633,2.09651814023,-0.51039613273,0.170053944479,-2.03391277039,-1.94393997263,0.305117874009,-0.845448627187,1.47534321613,0.138286222291,0.335231883482,1.95101706095,0.16997743981,0.535127221383,-0.536945896217,1.47750948263,0.360516461362,0.948816478414,0.203515125977,1.28321379085,-0.354756502231,-2.11664844626,0.388564764738,-2.56749747651,-0.594935015055,1.96765796761,0.118157658345
0.892002483497,-0.0145094866221,0.220112431524,1.96786613445,-0.49727561089,0.147004138441,-2.00409706324,-1.93565966577,0.362777478065,-0.723617109533,1.46790765758,0.0781556142016,0.244450134651,1.82747363709,0.174394678043,0.473318673943,-0.558786030403,1.41962510925,0.345755288909,0.874730336263,0.195535468251,1.32984002338,-0.355225815765,-2.10155622353,0.396500526141,-2.54199982825,-0.615126685416,1.97510320934,0.121462462198
0.789233807266,-0.132591574548,0.28637566532,1.91735817359,-0.602421486574,0.200503412932,-2.11471832153,-1.79209275238,0.303050666128,-0.7378178454,1.33639842486,0.148631932414,0.242604795723,1.69166177237,0.07725463819,0.529261813868,-0.492303143406,1.27753751621,0.243350554577,0.913363115703,0.190349891873,1.14202233062,-0.444901556918,-2.20292501455,0.296549238309,-2.63174332818,-0.696730390997,1.88348512519,0.0264982292323
0.82780831338,-0.0781936449713,0.301791223496,1.85315722235,-0.582665015368,0.171688001592,-2.05660082792,-1.70047645056,0.29135712113,-0.580256318404,1.39020345683,0.108015221827,0.256641991818,1.67557098689,0.138580975444,0.555906488807,-0.486676465149,1.21730877455,0.264304568019,0.89233946909,0.155124417806,1.07751574413,-0.397641896722,-2.15607542826,0.342646762549,-2.58947555582,-0.66886849152,1.92826585517,0.0591621542604
0.863380017406,-0.070425473837,0.250966865849,1.81404489295,-0.559746554851,0.129962854958,-1.9868821092,-1.69247766502,0.298997598516,-0.434280415529,1.41530874821,0.0610235470157,0.233433302199,1.6216075713,0.179305542163,0.508588566115,-0.448332870767,1.14014623381,0.29773420248,0.833641608924,0.142037269485,1.08620331601,-0.358229492392,-2.12108854459,0.387641711399,-2.52619039142,-0.649548776871,1.96878769789,0.0867552712178
0.869394682071,-0.055973149945,0.254378552125,1.76942910981,-0.534908333119,0.127308804969,-1.95598929719,-1.67383340192,0.297598465112,-0.38247824719,1.4298777153,0.0482903507076,0.237177783871,1.60021463578,0.189995086179,0.483503457348,-0.387301902104,1.13102002084,0.307341208839,0.775829647114,0.137838251017,1.07818576552,-0.305146586598,-2.09501065587,0.401813452487,-2.49388526682,-0.643487665214,1.9913142704,0.0968518279524
0.848340277797,-0.0938695208819,0.278686292904,1.6938047283,-0.555601877086,0.140189244585,-1.95446977089,-1.60203221712,0.274853475073,-0.338956777123,1.40396014204,0.000831372342389,0.252050320974,1.51327660973,0.153541090867,0.513753889555,-0.384930833158,1.05919492735,0.268788569517,0.736114878917,0.147590908938,1.05112430702,-0.321754098053,-2.11574915179,0.385198714709,-2.49131788721,-0.692158111403,1.97018441949,0.0737186402735
0.826923929785,-0.121281691473,0.240576990481,1.62906485029,-0.586910441823,0.152423751111,-1.96392956611,-1.59824884582,0.274762469915,-0.295845298196,1.38250375497,0.0323805955803,0.235348796775,1.4604104878,0.12962558418,0.533331410162,-0.354081877167,1.00110842945,0.240871350068,0.702842437934,0.165498052577,1.02533270226,-0.347703058446,-2.13339535216,0.363193925421,-2.5048158887,-0.718877758163,1.95281874173,0.0538871316023
0.845108883127,-0.110032683691,0.256907638176,1.55782226114,-0.564916984786,0.143804645341,-1.91890006725,-1.54599533017,0.2752905822,-0.196910119367,1.39725074248,0.036296433559,0.221828421292,1.38781637097,0.154017882757,0.540844550166,-0.32278462363,1.00029019393,0.238937853091,0.690970300406,0.164974114189,1.03440057914,-0.327331680598,-2.12079596474,0.383842478309,-2.46821131824,-0.718784643366,1.96879992532,0.0652329770919
0.849355049946,-0.0964769475551,0.252774060425,1.50289630508,-0.556151782858,0.150083390353,-1.89133821897,-1.51558297862,0.250359833463,-0.16479101691,1.39479472006,0.00740073610779,0.269574817355,1.33723964073,0.165504278136,0.515464732038,-0.305680655357,1.00444463298,0.256722779626,0.665496106723,0.161122440074,1.03538261752,-0.309836863919,-2.10963516086,0.391646642343,-2.44488249803,-0.698733967068,1.98043683115,0.0634744120355
0.857343794961,-0.085526048124,0.227592427985,1.4956264599,-0.542600450856,0.118593735676,-1.84857660238,-1.46171397243,0.256179428717,-0.105878889455,1.4172978822,0.0159913156837,0.24090788489,1.33856439018,0.161496816788,0.503865029046,-0.280523103576,0.980522937443,0.25524219933,0.666629972868,0.182989488189,0.964151615552,-0.274743726619,-2.0883991658,0.400509553131,-2.41151535919,-0.682414646821,2.00961157892,0.0822171928419
0.829346050419,-0.1137023592,0.234958421103,1.45345825755,-0.560212085407,0.106182670636,-1.8592528683,-1.43140175664,0.273776236959,-0.0863058052702,1.39415171634,0.0107968494918,0.216732634751,1.29007686164,0.148293517066,0.496735100439,-0.254517723676,0.943274798894,0.229716298087,0.656873031791,0.216221440595,0.861710283357,-0.316104282451,-2.11144183038,0.373772455289,-2.42382262198,-0.708659551578,1.98979234502,0.058680262882
0.852132708925,-0.0918928137613,0.239373456185,1.39717957116,-0.54151570637,0.101236564674,-1.81873312754,-1.38899407594,0.302571166803,-0.0315251162277,1.41806829091,0.0331028095443,0.194136233519,1.25519717161,0.18288624117,0.48376062997,-0.256847098206,0.946740169085,0.261904563287,0.640066311676,0.202629651915,0.875244509578,-0.281242943126,-2.0787336719,0.399349893735,-2.4126499306,-0.690891377613,2.00950250687,0.0709826707974
0.854475362452,-0.0757870770128,0.224206555155,1.33582434195,-0.538510017059,0.0928199381578,-1.80184085589,-1.34778728762,0.297327386245,0.0216547073612,1.41637463851,0.02417555617,0.207908158935,1.19586239102,0.184915970847,0.456695589597,-0.252146998025,0.932262415596,0.262120830419,0.616806568367,0.224748570337,0.887660668736,-0.278386225936,-2.07220011557,0.398848553023,-2.40268195056,-0.695216323304,2.01731172835,0.0757690911941
0.855829966798,-0.0731911270096,0.223222815247,1.32065658501,-0.533288798534,0.102371537901,-1.78591655223,-1.29128670785,0.306876228731,0.0183716554472,1.41018134951,0.0398764127686,0.197622195165,1.16378121613,0.198330624126,0.463710380073,-0.249898736263,0.941408675495,0.265423556902,0.603523807873,0.1965732321,0.867242344583,-0.260725348659,-2.05636434604,0.39868392676,-2.39447929087,-0.700642704293,2.03139892373,0.0858462510792
0.829433972126,-0.106756873125,0.247992954495,1.28301361139,-0.556556881503,0.0873618000621,-1.79356326209,-1.25936198462,0.312941361517,0.0149329118463,1.38694300331,0.0662419113295,0.200354165738,1.09358354635,0.175277172377,0.465930395596,-0.207721173418,0.914294204624,0.240914043779,0.598718515962,0.205894031587,0.817042059773,-0.287051111311,-2.0812512209,0.370854317951,-2.41642784442,-0.738245489962,2.00267609802,0.059340683914
0.828598877599,-0.107987307497,0.24478170563,1.24435422318,-0.563141915978,0.0796105185376,-1.78396624295,-1.22651850257,0.296703419051,0.0246087175707,1.39038430205,0.0549389204752,0.204619531775,1.07042166612,0.176710526937,0.459093790726,-0.189497188408,0.905040331163,0.255017333219,0.568529803999,0.20117424383,0.800905902861,-0.289176250733,-2.08013763701,0.3703876714,-2.4146758371,-0.742094325503,1.99758247979,0.0563083807716
0.845631138516,-0.085251917467,0.259511695397,1.21553771095,-0.550173299724,0.114271437145,-1.76428851023,-1.19341349743,0.289414406612,0.08628301718,1.40011661132,0.045561776168,0.215720354481,1.05473380087,0.178678284643,0.462635836139,-0.186052522011,0.881079097693,0.269501628313,0.562044910826,0.19219710257,0.798742610992,-0.272661563134,-2.05887747062,0.389040619654,-2.39660027424,-0.730875891747,2.01407281843,0.0708524839334
0.856838604019,-0.0787768740942,0.247080276968,1.1891165468,-0.532459459501,0.117649100671,-1.73287100994,-1.1577052178,0.28661396602,0.0990961795215,1.42067957434,0.0493496489957,0.234648763974,1.04828089616,0.197029964008,0.455001343165,-0.178035124685,0.886784745087,0.279868349244,0.562856366355,0.194554501676,0.792786577198,-0.257588385226,-2.04542198178,0.39942211321,-2.38550197597,-0.721635547239,2.02646350203,0.0802460043772
0.851104039981,-0.0806451134987,0.232741583401,1.17244331733,-0.531541957073,0.123145323463,-1.73205898904,-1.14384878457,0.292868604652,0.103535032497,1.41298036745,0.0438797892774,0.223637631809,1.02414587664,0.188320440516,0.442976607244,-0.174107685593,0.873088127801,0.271026368351,0.551348661792,0.180612159901,0.784970939654,-0.24853607596,-2.04434076333,0.393159979868,-2.37903013612,-0.738626747498,2.02554824028,0.0799650178108
0.853043464206,-0.0668081809905,0.245943991023,1.15237319536,-0.531154119464,0.121250847033,-1.71936128424,-1.13931209174,0.278669292291,0.137777680415,1.40295516991,0.0393537084677,0.22201671272,1.00928811443,0.184920424565,0.423319223014,-0.15493288332,0.850675608211,0.279391748701,0.555377454675,0.161183239207,0.784745362569,-0.235275179615,-2.03758686306,0.396560365426,-2.3683028796,-0.732793695015,2.03031530483,0.0810284023555
0.860076595471,-0.0610929275155,0.242127832597,1.12535629041,-0.521684872216,0.138186870143,-1.69947330837,-1.12619030212,0.277621675557,0.175382842019,1.40486237052,0.0350053391876,0.215897421827,0.982328975956,0.189410284298,0.406704269303,-0.133171250906,0.848599430354,0.289537996067,0.549658782292,0.162138209401,0.775378811779,-0.217274036114,-2.0197954308,0.407897468354,-2.36034116405,-0.729131136419,2.04224571363,0.0902942108543
0.86004405967,-0.0634722356441,0.2624720877,1.10814749076,-0.517373302573,0.123490556528,-1.68985751868,-1.10074347068,0.283458049442,0.185428802596,1.40413438607,0.0460225756093,0.218283154256,0.983173330925,0.191808528314,0.412248898404,-0.123042856905,0.820725633541,0.286480088885,0.565129983006,0.176915170816,0.768448120933,-0.209732253674,-2.01530751228,0.407477384226,-2.34676011831,-0.727009687122,2.04845775517,0.0945861805813
0.860506360105,-0.0605488109774,0.263726201754,1.08331477633,-0.520772651339,0.115144228476,-1.67595754495,-1.08211528664,0.278895094331,0.209069928149,1.40878830164,0.0392457002517,0.208238826357,0.961970093066,0.199327145301,0.405208256683,-0.132972520329,0.79788357091,0.285977049319,0.539209382842,0.174155203719,0.749813372204,-0.200479196626,-2.01142580585,0.40739293581,-2.33894127057,-0.72365966226,2.05326163729,0.0962178657822
0.853854448205,-0.069292332103,0.261804813815,1.06716557069,-0.526260911342,0.113033125219,-1.68766736533,-1.06905203899,0.291100683713,0.223986255046,1.38916418203,0.0279335820601,0.200764225251,0.948253152148,0.198222229622,0.388015251316,-0.117074257193,0.776360857893,0.27828303878,0.533937194902,0.185493563022,0.708795566234,-0.19982976492,-2.01481506045,0.401528633531,-2.34057570674,-0.731966310634,2.04459082719,0.086395642441
0.856468884102,-0.0703152362931,0.25008286118,1.04791572539,-0.514546341716,0.117328151984,-1.66838678891,-1.05226659266,0.293400736281,0.230372293525,1.40025335937,0.0343457837471,0.209772319198,0.942986725192,0.214374143761,0.378108509548,-0.105882054261,0.783920170114,0.280491031845,0.527012836998,0.191226972143,0.698213039567,-0.191014168699,-2.0065535916,0.403943575732,-2.32731900087,-0.726912463219,2.05437109501,0.0945722608189
0.861082649567,-0.0671572297047,0.241882106455,1.02596805811,-0.501529887935,0.109892804059,-1.64778814803,-1.04824962358,0.293763085161,0.251823768485,1.40620828364,0.0506438958885,0.208682982342,0.948500299446,0.21994943552,0.377871416101,-0.105478929011,0.78041173516,0.280626839914,0.525633008143,0.202166880353,0.668966364332,-0.182049246838,-1.99944104175,0.408097046388,-2.31316765977,-0.718785356239,2.06487155375,0.103126015556
0.857852397779,-0.0698775307115,0.238626306801,0.997226106436,-0.509604043006,0.100498155235,-1.64956335703,-1.05786177694,0.31059121483,0.25595216548,1.39593115391,0.0367687595652,0.210749109861,0.92518607298,0.217226199024,0.363357780524,-0.099607684711,0.791629131509,0.270774904022,0.506945267329,0.207460936385,0.647000940492,-0.181891064808,-1.99778829692,0.40355132031,-2.30958416034,-0.731525259649,2.06136030459,0.0991820632789
0.846485515495,-0.0760283215206,0.245005155071,0.968071289638,-0.515633578103,0.0984276647981,-1.65188132794,-1.04939166055,0.326686933219,0.265119960683,1.38506461136,0.042962978376,0.202445418912,0.900655555224,0.204074477536,0.363895447682,-0.0978509508062,0.764992757108,0.250907004225,0.49755714424,0.203848195558,0.614485403589,-0.196677997315,-2.00894993129,0.392234830423,-2.31586021687,-0.745233452841,2.05218397703,0.0893871521206
0.841672355436,-0.0829474355352,0.239143520886,0.9477588677,-0.515456715645,0.106376861637,-1.64477042182,-1.03474757472,0.32065484954,0.271928445945,1.38384237654,0.0404865129377,0.199529775532,0.893092592633,0.204009368453,0.372847879675,-0.0733925377046,0.757762005634,0.245039175735,0.491502716553,0.197949063923,0.588372195685,-0.195782534223,-2.00972011797,0.385256314868,-2.31423907861,-0.748743070881,2.05185549022,0.0874936926778
0.841596129479,-0.078655786471,0.229555182018,0.934239303811,-0.519105038129,0.114193746362,-1.6344025509,-1.02540480302,0.314502376817,0.279663372065,1.38671647749,0.038352896085,0.202800995499,0.878559497317,0.206150140909,0.363930321401,-0.0775970216611,0.744059856188,0.251991886179,0.490586298875,0.183655133558,0.594827545878,-0.183449482964,-2.00422709049,0.385805078302,-2.30880547739,-0.749511949614,2.05414550344,0.0901924010323
0.84749482516,-0.0711602912381,0.236168239713,0.924245665673,-0.513372598427,0.124854646735,-1.61208610876,-0.994351538604,0.300201539513,0.306828376606,1.39361218918,0.0354053854325,0.1975431767,0.869162980612,0.21295522574,0.362135435597,-0.0731345945269,0.716799154309,0.261906273537,0.476198842813,0.181881785247,0.59652059136,-0.174713668789,-1.99483548857,0.393549031057,-2.2961409073,-0.739335658823,2.06430865627,0.0971510234392
0.847344884026,-0.0726434060372,0.245342349094,0.916386084111,-0.507103660867,0.130879277347,-1.60611858111,-0.976883631282,0.298957790666,0.323857373593,1.38803398371,0.0415161649831,0.193989920172,0.85323735449,0.209626456958,0.368209423134,-0.070471881679,0.703335718884,0.258841502552,0.483254374174,0.183517567921,0.583391949299,-0.170199715917,-1.99098910239,0.392918662049,-2.28888417096,-0.740775466997,2.06683138873,0.100010102803
0.835163675942,-0.0828874441471,0.249175592731,0.889437610497,-0.516428958128,0.131015163906,-1.60201623514,-0.965109177712,0.291787517555,0.319142851446,1.38254814793,0.0429061554119,0.212826630428,0.827568030044,0.199835740914,0.36133440587,-0.0539484969767,0.680984031115,0.25094042848,0.468653231452,0.177473731277,0.563200799362,-0.173761245077,-1.99982076748,0.381077029858,-2.29418375077,-0.748027772868,2.05780176115,0.090412542673
0.838606253964,-0.0774629064656,0.254398731793,0.878750343317,-0.508149816627,0.133249672623,-1.58844888081,-0.948776855334,0.289811878154,0.339316993293,1.38192943651,0.0528541612429,0.215278400435,0.813656588682,0.210641675718,0.352736787766,-0.0313644872763,0.691784638726,0.249086221526,0.447664529916,0.169885849855,0.546082882893,-0.163496705331,-1.99057476732,0.386984559905,-2.28870361183,-0.746346558038,2.06249839967,0.0935939378942
0.838636468221,-0.0774332841975,0.254481316265,0.877729572741,-0.507869724602,0.133165656699,-1.58781795161,-0.9478546615,0.289837181589,0.340181934102,1.38191298447,0.0528942645586,0.215277860518,0.812989029702,0.210841733312,0.352777432372,-0.0313789250459,0.691289179553,0.249144312679,0.447321458973,0.169924105262,0.545414083705,-0.163279243023,-1.99038216643,0.387053850567,-2.28834224796,-0.746489626908,2.06266458406,0.0936239899065
0.838608147089,-0.0775508080409,0.254499225219,0.877121102128,-0.507719725792,0.133135455069,-1.58720374862,-0.946828708092,0.289852098032,0.340773240488,1.38199779246,0.0527370624359,0.215216038242,0.81225477645,0.210962083601,0.352653690915,-0.031250943718,0.690774232383,0.249252839432,0.447028378397,0.16998150357,0.54481449922,-0.163108744273,-1.99023307604,0.3870716546,-2.28800483147,-0.746654626107,2.06280459066,0.0936385435819
0.838652750181,-0.0775007662558,0.254633199574,0.876095767224,-0.507359857365,0.133056067125,-1.5864280754,-0.945599660662,0.289900914439,0.341548730707,1.38207704974,0.0527086804656,0.215342921036,0.811405793194,0.211159164729,0.352332210367,-0.0312244272011,0.690341611043,0.249437006209,0.44658484305,0.169995126906,0.543996172242,-0.162818901612,-1.98998068192,0.38714332327,-2.28762043328,-0.74680227845,2.06298335534,0.0936995431911
0.838623527186,-0.0775147901717,0.254504203703,0.875506185936,-0.507112605104,0.132952352237,-1.58603372727,-0.945122759264,0.289835478584,0.341818767879,1.38202549335,0.0524156094405,0.215138977284,0.81089813035,0.211266398888,0.352064774862,-0.0310188122495,0.689880442575,0.249539575903,0.44621636337,0.170121820508,0.543604818803,-0.162732426428,-1.98992332097,0.387149605743,-2.28746955365,-0.746998039172,2.06298711609,0.0936531266151
0.838661555109,-0.0775272345831,0.254546921613,0.874460978105,-0.506716501702,0.133042157436,-1.58533939197,-0.944202461777,0.289776782721,0.342463414873,1.38209695072,0.0524365833777,0.215250024647,0.810304382309,0.211339565342,0.351973642142,-0.0308011383235,0.689608113681,0.249644183796,0.445995424387,0.169940726478,0.542902613138,-0.162263260614,-1.98963387212,0.387199133293,-2.28711443896,-0.747151584899,2.06319369407,0.093735202838
0.838695012445,-0.0775214891987,0.254619591703,0.873676207693,-0.5064485203,0.132959643284,-1.58479916151,-0.94339658918,0.289887812536,0.343023478049,1.38214567348,0.0522955200229,0.215089634245,0.809729810514,0.211484292602,0.351886137034,-0.0306725676131,0.689269901484,0.249738499592,0.4456648823,0.169767618135,0.542327052395,-0.16204986861,-1.98944960412,0.387272532344,-2.28686449762,-0.747297859404,2.06329158968,0.093753241993
0.838702008511,-0.0774807163705,0.254740612512,0.872926923991,-0.506094253743,0.132811244057,-1.58426162675,-0.942624828493,0.289772672771,0.343544990067,1.38217853836,0.0523563228451,0.215008412356,0.809185860772,0.211543618678,0.351789731363,-0.0306823127547,0.688954894081,0.249821757144,0.445515630231,0.169918638154,0.541932269084,-0.161799593734,-1.98927275894,0.387321133,-2.28659189023,-0.747456545391,2.06341439652,0.093829327843
0.838583064988,-0.0775866614361,0.254866929133,0.872890547492,-0.506173630352,0.132792658018,-1.58423132096,-0.942647807434,0.289985633304,0.343565632332,1.38204641686,0.0521137485253,0.214828610085,0.808769167897,0.211487397897,0.351828508831,-0.0307327067389,0.688594794668,0.249755606102,0.44550382427,0.170023138092,0.541880350421,-0.161822350629,-1.98934034192,0.387240080342,-2.28658577329,-0.747634809332,2.06333655265,0.0937251025296
0.83859640105,-0.0776575644461,0.254770939782,0.872186307652,-0.505932080181,0.132790191678,-1.58379483927,-0.941973840457,0.289829009593,0.344062022724,1.38199358767,0.0518959182636,0.214850359506,0.808247357972,0.211569465865,0.351626967388,-0.0307289860297,0.688094555926,0.249819914017,0.445124262846,0.169938953031,0.541388409733,-0.161614193228,-1.98919273793,0.387299176153,-2.28636555474,-0.747864262579,2.06340335824,0.0937125250729
0.838626648489,-0.0775883714963,0.254757161416,0.871325153444,-0.505630059316,0.132919072778,-1.58310277858,-0.94126995378,0.290042969544,0.344591441609,1.38200823832,0.0518202435494,0.21473680485,0.807564919678,0.211760207564,0.35129472549,-0.0307148441483,0.687764934382,0.249918329259,0.44481278512,0.169839089439,0.540860215089,-0.161364449724,-1.98902701212,0.387348986494,-2.28604548438,-0.747987287759,2.06354560388,0.0937490717945
0.838606314604,-0.0776104626983,0.254858576795,0.870322237644,-0.505332138211,0.13294398479,-1.58246826464,-0.94032732659,0.290091642567,0.345276142838,1.38202637288,0.0516906615998,0.214858014105,0.806848630569,0.211870942733,0.351107883453,-0.0306969300244,0.687381009022,0.249955240275,0.444421162985,0.169716095968,0.540198073806,-0.160950719782,-1.9888011786,0.387351287611,-2.28574776063,-0.748135665266,2.06372406333,0.0938121557744
0.838565297779,-0.077626355577,0.254923423466,0.869788643702,-0.50513527393,0.133076428331,-1.58205287735,-0.939605751819,0.290093356192,0.345708087582,1.3819624306,0.0515590428839,0.21473491821,0.806158978681,0.211923134052,0.351001159405,-0.0305527909342,0.686946292695,0.250039332099,0.444252318202,0.16955600611,0.539849556981,-0.160808263022,-1.98873555838,0.387348047758,-2.28550304082,-0.748244701687,2.06379551294,0.0938041830937
0.838616350283,-0.077591589416,0.254962523508,0.868446262002,-0.504708258206,0.132980169403,-1.5811941821,-0.93847377417,0.290090991877,0.346379145869,1.38207851247,0.0516117666519,0.214601444514,0.805257915265,0.212235890588,0.350775074472,-0.0303771506808,0.686484169883,0.250261409019,0.444009517175,0.169660479018,0.539210373186,-0.160424487259,-1.98840957833,0.387406709152,-2.28509528754,-0.74837171313,2.06405297599,0.0939534283179
0.838686631652,-0.0775792690562,0.254875685798,0.867343565204,-0.504303685806,0.132857249185,-1.58048821141,-0.937469574172,0.289968669329,0.347079584658,1.38221718295,0.0515623664063,0.214673978855,0.804489746648,0.212459653183,0.350706969174,-0.0301696055815,0.686106150744,0.250403628567,0.443465265967,0.169589207622,0.53865797074,-0.16006139359,-1.98814326217,0.387499265503,-2.28474312732,-0.74847631277,2.06425354427,0.0940323686556
0.838683603595,-0.0775290644735,0.254931760106,0.866467184191,-0.503975872946,0.132870949239,-1.57987525008,-0.936539844662,0.290059246713,0.347710109798,1.38223537784,0.0515381981897,0.214706755774,0.803553595086,0.212588053501,0.350658208137,-0.0301238071749,0.685921270019,0.250486542494,0.443124206503,0.169583816767,0.53798125847,-0.159567429291,-1.98787053298,0.387530224004,-2.28439184119,-0.748640741388,2.06447730696,0.0941114880332
0.838710890629,-0.077536874131,0.254877528753,0.865496772849,-0.503533326986,0.13288966267,-1.57922066858,-0.93568841021,0.289924988375,0.348427265041,1.38230446282,0.0515111024565,0.214788680595,0.802852080546,0.212693629667,0.350406853994,-0.0300845658756,0.68565444064,0.250496861935,0.442677606344,0.169604812491,0.537358320669,-0.159287521434,-1.98765578522,0.387582603994,-2.28404665599,-0.748699219189,2.06464164734,0.0941708316014
0.838680479466,-0.0775226245751,0.254732532417,0.865155507659,-0.503443287047,0.132894512392,-1.57898370571,-0.935434640917,0.289795341429,0.348638650521,1.38225337158,0.0513372500369,0.214907962805,0.80246198154,0.212630693295,0.350332553664,-0.030032995153,0.685495291065,0.250430808027,0.442487839726,0.169524713296,0.537124176655,-0.159177744369,-1.9875999126,0.387585650902,-2.28395079854,-0.748844739184,2.06465449264,0.0941486104084
0.838686109065,-0.0774891817284,0.254712074848,0.864484900818,-0.503199328381,0.132967881948,-1.57853220069,-0.934671604317,0.289752612659,0.348941081297,1.38229337378,0.0512005427475,0.214913377732,0.80192421908,0.212694149763,0.350091723489,-0.0299199485463,0.685263311881,0.250453867595,0.44216291225,0.169494560555,0.53667754226,-0.159020890598,-1.98749429486,0.387600995853,-2.28370667083,-0.748944200017,2.06477176941,0.0941965908632
0.838672383158,-0.0775334550206,0.254706266664,0.863821550489,-0.503027715369,0.133049388252,-1.57810881674,-0.93418799487,0.289732093193,0.349272155875,1.3823277205,0.0511082138129,0.214832640836,0.801456260138,0.212773230947,0.349992212888,-0.0298095398329,0.684991158114,0.250455024624,0.441936353686,0.169481090677,0.536360970653,-0.15886867111,-1.98737740858,0.38760126261,-2.28347387524,-0.749051541039,2.0648660676,0.0942232197926
0.838660710307,-0.0775784385426,0.254577410148,0.863218513039,-0.502813052183,0.133063488654,-1.57765873188,-0.933523986255,0.289781031543,0.349673578826,1.38232526247,0.0509471611623,0.21475834158,0.801032919741,0.212812266702,0.34990396638,-0.0297738544357,0.684713428687,0.250498514725,0.441593377041,0.16950487649,0.53603656449,-0.158724877852,-1.98726712908,0.387602989679,-2.28329325731,-0.749140793643,2.06494605959,0.0942253047251
0.838646190605,-0.0775374899246,0.254494800104,0.862428564948,-0.502661344693,0.133032955802,-1.57719472284,-0.932658004763,0.2896576792,0.349926828992,1.38228436859,0.0508260494294,0.214950157746,0.800543650972,0.212851014356,0.349403683697,-0.0294062175936,0.684177886223,0.250312180215,0.441054398024,0.169163079184,0.535459852827,-0.158405502472,-1.98710322398,0.387597045541,-2.28299547433,-0.749227941874,2.06506482012,0.0942893318683
0.838494065317,-0.0777318473899,0.254566600558,0.861391416942,-0.502600745134,0.13322252996,-1.57662938309,-0.93167522223,0.289308039317,0.3504354823,1.38214697792,0.0504213775483,0.215341766404,0.799742386675,0.212765378835,0.34900337487,-0.0290326438406,0.683086849407,0.24991396437,0.440323618657,0.169026797233,0.534704799563,-0.157909364678,-1.98687496795,0.387442908498,-2.28269436933,-0.749363120134,2.06516367337,0.0943606280019
0.838430840335,-0.0778468024153,0.254424475949,0.860654181582,-0.502636399802,0.13326410226,-1.5761937818,-0.93090641615,0.289250698403,0.35097947815,1.38196079846,0.0500805154815,0.215198970111,0.799186223763,0.212743508943,0.348658819265,-0.0287298724925,0.682495398194,0.249531659082,0.439779965275,0.168949984457,0.53401530038,-0.157709179912,-1.98678184938,0.387389386837,-2.28246439571,-0.749494475448,2.06517966308,0.0943255532533
0.838283236817,-0.0779721829993,0.254426662605,0.860029440347,-0.502731290943,0.133396912615,-1.57576112199,-0.930351720492,0.289164141302,0.351454048637,1.38173054806,0.0496181795829,0.21538792699,0.79848150581,0.212680425395,0.348295958109,-0.0283371905486,0.681521483004,0.249189878765,0.439167068901,0.168634658591,0.533409780493,-0.157548094551,-1.9867187446,0.387237535913,-2.28228841196,-0.749707712612,2.06515624799,0.0942729835617
0.838264773694,-0.0779788993872,0.254408970098,0.858970825439,-0.502627088402,0.133467166523,-1.57527950142,-0.929643448517,0.28908777354,0.351722942081,1.38171817796,0.0494969897591,0.215617707284,0.798081870532,0.212727564032,0.347849438345,-0.0281185129752,0.680874708078,0.249015475837,0.438808492388,0.168395393662,0.533148010765,-0.157210583774,-1.98653403903,0.387193999253,-2.28204415318,-0.749810950322,2.06524944451,0.0943190317703
0.838189002357,-0.0781176237336,0.254297177396,0.858314942164,-0.502515194828,0.133577830235,-1.57480617393,-0.92893357157,0.28893108988,0.352017432397,1.38162144809,0.0494100363245,0.215628809792,0.797469888034,0.212736414726,0.347446124075,-0.0277832906485,0.680207002404,0.248833124414,0.438416922256,0.168251326737,0.532820002807,-0.156916170315,-1.98639238798,0.387097676262,-2.28186385991,-0.749931693757,2.06533218313,0.0943481436156
0.838148676802,-0.0781485773077,0.254331316321,0.857200825324,-0.502391799586,0.133888114712,-1.57418433646,-0.928129078818,0.288866063084,0.352536597663,1.38154985278,0.0492220564469,0.215617763041,0.796987784952,0.212758499569,0.347145035553,-0.0273445247257,0.67934123493,0.248482495295,0.437834558844,0.168059196409,0.53206088879,-0.156475122204,-1.98615328689,0.387065833791,-2.28156345512,-0.749996168384,2.06545652632,0.0944374210423
0.838095691209,-0.0782751650894,0.25427758559,0.856407630125,-0.502225378875,0.133856264428,-1.57370658901,-0.927396622531,0.288644140301,0.352771123785,1.38150253667,0.0489928423309,0.215926630714,0.796491455926,0.212754708626,0.346762214274,-0.0269545324375,0.678842442089,0.248267462866,0.437195667371,0.167994160403,0.531461511709,-0.156033189292,-1.9858734846,0.387023010841,-2.28134193814,-0.750087107549,2.06560334843,0.0945287796185
0.83806737636,-0.0783055160084,0.254314295299,0.855602769487,-0.50209817475,0.133995486701,-1.57314750401,-0.926617931511,0.288588515787,0.35323542062,1.38146121208,0.0488293426089,0.216125895336,0.795968709806,0.212854218554,0.346428045646,-0.0266108157754,0.678186695278,0.248020718166,0.436641024808,0.167880232345,0.530697239839,-0.15555113578,-1.98563482727,0.386973655088,-2.28106648235,-0.750138967466,2.06572102555,0.0946027629439
0.838033166573,-0.078320284432,0.254270939416,0.855122423152,-0.502078792083,0.134052433492,-1.572979524,-0.926338652133,0.288542224428,0.353282248667,1.38135936795,0.0485757094103,0.216272524187,0.795784268533,0.212880233117,0.346182217555,-0.0264611668997,0.677832621416,0.247885777443,0.436461962464,0.167846035961,0.530421482951,-0.155365776385,-1.98557954395,0.386970552452,-2.28090755723,-0.750194463551,2.06575602961,0.0946153739528
0.837970036982,-0.078426175572,0.254167577365,0.854470776889,-0.5021530418,0.134191304972,-1.57261159451,-0.925843121625,0.288433121609,0.35362416399,1.38130070229,0.0483347418762,0.21637707962,0.795246766146,0.212903719598,0.345838220579,-0.0262880508867,0.677246158382,0.247713504256,0.435984198768,0.167555527311,0.529846481206,-0.155022958237,-1.98542292674,0.386893432258,-2.28069468407,-0.750311784933,2.06582768511,0.0946249635752
0.837838705256,-0.0785560844358,0.25396810324,0.853457041889,-0.502179912845,0.13443436219,-1.57205610274,-0.925039781754,0.288183849742,0.35412815907,1.38111920786,0.048098808409,0.216679042942,0.794494766504,0.21288894567,0.345376811489,-0.0255948945095,0.676247993432,0.24728944245,0.435189437827,0.167249662116,0.528971921998,-0.154687534328,-1.9852783563,0.386757652154,-2.28042365298,-0.75047337392,2.06589015679,0.0946475771422
0.837787011957,-0.0786932397617,0.253823011266,0.852859677774,-0.502139379974,0.134483110089,-1.57166854934,-0.92425801334,0.288138459124,0.354428919756,1.38107400714,0.0480098288749,0.216796152533,0.793968983407,0.212954474564,0.345151925071,-0.0254845216699,0.675891776041,0.247086284141,0.434717272979,0.167025333561,0.528559620627,-0.15423776406,-1.98506460592,0.386690186816,-2.28028856497,-0.750595029147,2.06596338607,0.0946755109727
0.837697715015,-0.0787823877485,0.253810736382,0.852410112744,-0.502276301435,0.134692072106,-1.57131547522,-0.923837670898,0.288073401382,0.354791453302,1.38088817836,0.0478978242588,0.216794930952,0.793510360963,0.212936116255,0.344944576116,-0.0251007913573,0.675326256916,0.246794142804,0.434183144105,0.166767847013,0.527841030574,-0.154024037634,-1.98495679538,0.38660794459,-2.28012992999,-0.750705899528,2.06598096937,0.0946622356089
0.837640618566,-0.078969030641,0.253652466991,0.851751557989,-0.502227027443,0.134774601571,-1.57086229041,-0.923173897207,0.287783864428,0.355234145622,1.380843378,0.0477713036122,0.217012974118,0.793019877145,0.212917308299,0.344523361289,-0.0248131422734,0.674631580057,0.246546289921,0.433554402135,0.166608911014,0.527387261363,-0.15378874677,-1.98483555022,0.386543344554,-2.27992056198,-0.750821331995,2.06600654025,0.0946451390379
0.8376484379,-0.0790348315072,0.253561548356,0.851185358139,-0.502189019229,0.13486866938,-1.57059413492,-0.922812114772,0.287649507775,0.355413823888,1.38078191408,0.047612517296,0.217114125508,0.792776254711,0.212949097627,0.344410676416,-0.0246371924075,0.674338190042,0.246444890336,0.433242908218,0.166508113855,0.527143482784,-0.153563365495,-1.98469123199,0.38651836575,-2.27980190341,-0.750882481009,2.0660698428,0.0946707225297
0.837637424779,-0.0790525138893,0.253382521252,0.850447498333,-0.502138509651,0.13482270078,-1.5701852656,-0.922150974747,0.287659137694,0.355587828984,1.38084259751,0.0475660061798,0.217376329187,0.792433613094,0.213061834013,0.344330830579,-0.024576383638,0.673956516273,0.246361334245,0.432858004419,0.166302548211,0.526806820162,-0.153316741615,-1.98454179715,0.386509726092,-2.27959263325,-0.750860344177,2.06617940046,0.0947418696714
0.837616722495,-0.0790768945062,0.253386015792,0.849780476993,-0.502122649086,0.134854345118,-1.56986399832,-0.921664275504,0.287456963743,0.355871741626,1.38075397375,0.0475120957696,0.217682760944,0.792084533462,0.213097381553,0.34423880831,-0.0242500745612,0.673545094076,0.246220785543,0.432548440669,0.166051640381,0.526497022863,-0.152959903488,-1.98436321966,0.386468431507,-2.27944612622,-0.750905804505,2.06627417606,0.0947923830824
0.8376005929,-0.0791096202509,0.2533900632,0.848996668904,-0.5020480853,0.134984689488,-1.56940108939,-0.921085472785,0.287275682323,0.35624816615,1.38068495047,0.0474110026478,0.217787905759,0.791530403528,0.213167810822,0.343954373132,-0.0240728732267,0.673048142834,0.246043368687,0.431952405929,0.165853794493,0.526046577309,-0.152518888752,-1.98413522039,0.386429585472,-2.27921149433,-0.750999069078,2.06636055715,0.094821123175
0.837512325524,-0.0792581622816,0.253311139025,0.848318153496,-0.50207041487,0.135138880576,-1.56895227826,-0.920450308089,0.287187878639,0.356632620372,1.38058770418,0.0473179091164,0.217846187969,0.790866235878,0.213139279517,0.343740142896,-0.0237116219035,0.672416910384,0.245763901904,0.431496272766,0.16560163878,0.525724456886,-0.152210786481,-1.98401463747,0.386325491111,-2.27900861744,-0.751114770789,2.06639985487,0.0948303334625
0.837429943254,-0.0793243155343,0.253336465656,0.847670690512,-0.502030872558,0.135228611741,-1.56855462912,-0.919760623302,0.287123089,0.356978651587,1.38045548546,0.047263863957,0.217865407544,0.79034020916,0.21313724473,0.343402168071,-0.0235641247051,0.671748382562,0.245658215562,0.431154999527,0.165485499429,0.525229469986,-0.152019657897,-1.9839084503,0.386258839318,-2.27880596476,-0.751265457799,2.06644844665,0.094806715907
0.837363106262,-0.0793562928241,0.253353897192,0.847031677714,-0.501910393623,0.135253149171,-1.56813117878,-0.919061325811,0.28700446259,0.357315117736,1.38035723849,0.0471841252119,0.217872626874,0.78985654715,0.213169191116,0.343161505226,-0.0234452093814,0.671102605886,0.245516890215,0.430783649054,0.165327994326,0.524815116077,-0.151820521811,-1.98379154055,0.386213150762,-2.27856824779,-0.751391349055,2.06653244314,0.0948215402223
0.837290647437,-0.0794165250698,0.253275457119,0.846362745061,-0.501838507921,0.135307555807,-1.56775697653,-0.918470316694,0.286911296014,0.357628584923,1.38024943781,0.0470227617322,0.217833005636,0.789398916857,0.213165353642,0.342887594876,-0.0232815855528,0.670449938016,0.245375596812,0.430439109236,0.165179350641,0.524451059606,-0.151647048073,-1.98370856296,0.386155495616,-2.27839339293,-0.751535753744,2.0665646307,0.0947976777564
0.837145105056,-0.079559256057,0.253306551609,0.845352344722,-0.501735076874,0.135380046018,-1.56719229011,-0.917432142488,0.286774144208,0.358107241768,1.38002072623,0.0467718408587,0.217788974319,0.788566190694,0.213183839601,0.342548174028,-0.0229849909699,0.669401315134,0.245198707599,0.429927203565,0.16496461035,0.523792808811,-0.151317558378,-1.98355404301,0.386035137394,-2.27811924564,-0.75174985649,2.06661908467,0.0947614091549
0.837077178472,-0.0796080161884,0.253318370303,0.844677560374,-0.501621761057,0.135436823895,-1.5667754161,-0.916679425693,0.286657883742,0.358409356078,1.37990616676,0.0467159960428,0.217766577316,0.788036824567,0.21321121057,0.342247001744,-0.0227979341811,0.668677695287,0.245074560632,0.429632274159,0.164810328607,0.523426862718,-0.151122199941,-1.98343951987,0.385988459596,-2.27791264776,-0.751908219106,2.0666664457,0.0947614011301
0.837008980473,-0.0796595404426,0.253319812265,0.844258678229,-0.501620582181,0.135547553727,-1.56651341104,-0.916244887916,0.286599574341,0.358662741335,1.37978746665,0.0466407385894,0.217703303426,0.787646616149,0.213246847627,0.342090066722,-0.022628461554,0.668152727415,0.24497848223,0.42944826108,0.16466075324,0.523096713126,-0.151019201249,-1.9833839263,0.385936453934,-2.27777853866,-0.752041597738,2.06666275338,0.0947232910717
0.836917409536,-0.0797396792428,0.253321151068,0.843731459603,-0.501567845616,0.135567823973,-1.56623405489,-0.915727642203,0.286504429716,0.358963241935,1.37964430648,0.0465362498595,0.217701001915,0.787152601839,0.213221602691,0.341887557548,-0.0224424853887,0.667547049046,0.244828857469,0.429181430354,0.164527490709,0.52278474332,-0.15086568681,-1.9833160729,0.385864639419,-2.27762883689,-0.752193894956,2.06666916255,0.0946824035411
0.836834466514,-0.0797770739955,0.253331722171,0.843145783276,-0.501507146179,0.135609800553,-1.56590335636,-0.915101690309,0.286362371869,0.359223996576,1.37949606353,0.0464594555472,0.217738691052,0.786661789674,0.213220753209,0.341647188807,-0.0222571648335,0.666966067577,0.244731769443,0.428886370995,0.164447842832,0.522431845423,-0.150698168082,-1.98323312169,0.385796359051,-2.277462654,-0.752359237811,2.06669426063,0.0946642514794
0.836714478534,-0.0798448623107,0.253349197761,0.842466202909,-0.501458274826,0.135682187113,-1.56545963941,-0.914345555658,0.286275535503,0.359569587561,1.37932954758,0.0463245236186,0.217722444139,0.786017815848,0.213215397553,0.341374200022,-0.0220753626539,0.666114139123,0.244610720475,0.428506468689,0.164332720429,0.521919986925,-0.150494557363,-1.98315191718,0.385708733746,-2.27724663209,-0.752541045932,2.06674017769,0.0946482338374
0.836685318778,-0.07987498283,0.253396398059,0.842037835851,-0.501398968964,0.135721387147,-1.56521998309,-0.913932452785,0.286175008371,0.359778373028,1.37924160061,0.0462287290274,0.217765695449,0.785710392779,0.213226237349,0.34125639077,-0.0220420177862,0.665723547693,0.244576075212,0.428286542245,0.164267605818,0.521716529243,-0.150361065907,-1.98307780315,0.385683832239,-2.27711030049,-0.752647790309,2.06676415127,0.094635357813
0.836559801859,-0.0800037125929,0.253405478252,0.841364153311,-0.501390525186,0.135851382263,-1.5648418693,-0.913269533282,0.286087756146,0.360178997866,1.3790251763,0.046099548244,0.217687331473,0.784968500424,0.213210762355,0.340965885652,-0.0218278908724,0.664956576046,0.244411052483,0.427962304661,0.164051018899,0.521220473389,-0.150211051087,-1.98302613483,0.38557325355,-2.27692607118,-0.752847401715,2.06676289311,0.0945785261489
0.836442131203,-0.0800692628001,0.253400673124,0.840681728936,-0.501333099448,0.135900843427,-1.56443412736,-0.91253055049,0.285985362476,0.360527317764,1.37885401374,0.0458952720252,0.217566110221,0.784226899364,0.213191202214,0.340698582955,-0.0216418183275,0.664173285146,0.244240477546,0.427543117092,0.163974549976,0.520768514841,-0.150052566417,-1.98295596129,0.38548202572,-2.27672020624,-0.753078355035,2.06677222923,0.0945340446943
0.836364922165,-0.0801150297678,0.253421996623,0.839977401221,-0.501245188656,0.13593071239,-1.56403353894,-0.91188380327,0.285912546827,0.360893349543,1.37870641126,0.04576075855,0.21754228158,0.783704491887,0.213201117676,0.340459851841,-0.0215064672592,0.663396420451,0.244132006416,0.427189043271,0.163830624547,0.520363608714,-0.149864064563,-1.98286031218,0.385426547564,-2.27647960254,-0.753235667119,2.06683214235,0.0945286312012
0.836287888093,-0.0802091469492,0.253400820089,0.83944554716,-0.501153508336,0.135949309664,-1.56371027471,-0.911292606265,0.285862374808,0.361164674705,1.37861343219,0.0456715655803,0.217533692777,0.783257067872,0.213243790425,0.340300805298,-0.0213931433817,0.662809697879,0.244057172739,0.426947238479,0.163727298995,0.520096418004,-0.14961706018,-1.98272987159,0.385361622892,-2.27631110361,-0.753385169534,2.06689770292,0.094525251913
0.836219989378,-0.0802619837637,0.253415863877,0.838939298352,-0.501114294753,0.135994542262,-1.56339077046,-0.910739131852,0.28578026683,0.361459270387,1.37849251228,0.0455753762487,0.217492897629,0.782780867407,0.213261514364,0.340106859178,-0.0212445675286,0.662229824979,0.243951326929,0.426634586247,0.163607833611,0.519723324292,-0.149498410414,-1.9826592801,0.385301951461,-2.27614044602,-0.753523815954,2.06692481787,0.0945065482224
0.836123237906,-0.0803516383489,0.253409635256,0.838448317507,-0.501089464128,0.136049789013,-1.56309317305,-0.910222478192,0.285715641982,0.361704818144,1.3783424925,0.0454560595813,0.217494812758,0.782260873681,0.213244089498,0.339915671651,-0.0210675292433,0.661598061735,0.243861229295,0.426375964912,0.163542447928,0.519354446657,-0.149398638563,-1.98261462039,0.385226552469,-2.27600340167,-0.753675923782,2.06692547678,0.0944635094637
0.836066190915,-0.0804030935201,0.253350417482,0.837956033965,-0.501012496171,0.136053930625,-1.56278416246,-0.909738646325,0.285629884794,0.361935152118,1.37827124655,0.0453703842491,0.21748595318,0.78186281128,0.213290690086,0.339673220765,-0.0209093453133,0.661072798712,0.243775078677,0.426087743756,0.163466123126,0.519053465096,-0.149212473977,-1.98253622461,0.385187839405,-2.27584490872,-0.75378691455,2.06696378528,0.0944581555245
0.835956409865,-0.0804877213792,0.253334282799,0.837147305222,-0.500871081244,0.136172697872,-1.56228339026,-0.908843107928,0.285493264277,0.362406562884,1.37808853544,0.0451895401674,0.217405763676,0.781162677336,0.213298137562,0.339311292594,-0.0206235125828,0.660052483534,0.243635303157,0.42561938557,0.163249284845,0.518508000557,-0.14897632296,-1.98242593257,0.385092768195,-2.27554542556,-0.753987440584,2.06703034675,0.094443885194
0.8358463766,-0.0805959006043,0.253345861081,0.836453129261,-0.50080805622,0.136261973279,-1.56189123713,-0.908183634828,0.285415734862,0.362785055502,1.37789519194,0.04503434294,0.217347256444,0.78057313907,0.213286934833,0.33904185913,-0.0203875217457,0.659298237695,0.243477206653,0.425268570507,0.16310297358,0.518039362688,-0.148811058783,-1.98233392033,0.385004208033,-2.27537031751,-0.754149779577,2.06705879389,0.0944095034053
0.835779201296,-0.0806505476746,0.253360726681,0.835940811062,-0.50076131421,0.136266717216,-1.56161520636,-0.907658290714,0.285375710587,0.363018138731,1.37776028239,0.0449426398682,0.217359660689,0.780116991526,0.21327407278,0.338856969518,-0.0202184698306,0.658772854493,0.243403501484,0.424987947829,0.163008805767,0.517776343162,-0.148688580105,-1.98227505484,0.384955686129,-2.27521943413,-0.754301428759,2.06707098126,0.0943775839297
0.835745212213,-0.0807345410012,0.253353272953,0.834858749916,-0.500550711996,0.136256511306,-1.56094988804,-0.906667246122,0.285318209736,0.363427361948,1.37770267325,0.0447974953325,0.217279738638,0.779496500371,0.213333773387,0.338468846413,-0.0199851534557,0.657842519375,0.243345304152,0.424409439686,0.162889072926,0.517414972767,-0.148274546794,-1.98204793453,0.384915963068,-2.2748554354,-0.754502699313,2.06718986318,0.0943974177787
