0,44925,59900,15000,14.4222622973,1.15934269533,10.372876882
1,104821,119796,30000,3.57737706742,0.972983385603,19.849253892
2,179751,179740,45000,3.40192745807,1.1883063275,29.947726011
3,239667,239656,60000,2.51745668671,0.53973500528,40.978658914
4,314572,299580,75000,2.15020539846,0.82087393542,50.599123954
5,389452,359484,90000,1.99131103268,0.721643320165,59.565703868
6,464312,419372,105000,1.78703637182,0.700114879088,68.738426923
7,539192,479276,120000,1.67483121036,0.797244530477,77.493469953
8,629066,539192,135000,1.64180557382,1.04352120477,86.548030853
9,689010,599136,150000,1.34498648998,0.366183925231,95.936562061
10,778866,659040,165000,1.31957791058,0.997167378389,104.08471298
11,868662,718904,180000,1.1557024548,0.574523271559,112.68448805
12,958560,778836,195000,1.07529633089,0.407534428873,121.72601294
13,1048428,838748,210000,1.04351703368,0.357794611521,130.43987989
14,1138338,898688,225000,1.01252222929,0.379825279476,140.79056787
15,1228200,958596,240000,0.992774097531,0.380118913157,152.79649305
16,1318038,1018488,255000,0.958859942104,0.379827398109,164.9920668
17,1407846,1078360,270000,0.939956599911,0.396336914532,177.85960388
18,1497756,1138300,285000,0.910588315798,0.371492161423,189.38043403
19,1587618,1198208,300000,0.902635005582,0.367013123262,200.78327488
20,1677522,1270142,321000,0.878617280964,0.393608517927,214.9419188
21,1767336,1330018,336000,0.86707817787,0.399953932239,227.74893593
22,1857240,1389954,351000,0.860922371914,0.431444396948,239.81533384
23,1962065,1449854,366000,0.860178390486,0.516498101664,251.65213894
24,2036960,1509770,381000,0.833694096051,0.171590416168,262.54008388
25,2141722,1569634,396000,0.81732107029,0.398147940774,275.9311
26,2201626,1629538,411000,0.794971648971,0.12541719728,286.24548387
27,2306479,1689454,426000,0.783874179682,0.445737937263,299.21612787
28,2381364,1749362,441000,0.759388192893,0.112135986975,308.39982104
29,2471280,1809306,456000,0.756317727917,0.214315757854,320.37219595
30,2576098,1869202,471000,0.760119435905,0.281761429963,331.7560968
31,2651033,1929150,486000,0.742756279509,0.100860085308,342.46955990
32,2755879,1989062,501000,0.743951297293,0.246132782002,354.46899604
33,2830769,2048974,516000,0.731203206883,0.0859598976005,368.21212601
34,2935601,2108878,531000,0.729338094295,0.18579871651,382.21786999
35,3010521,2168814,546000,0.721790220205,0.0762956520435,394.6579430
36,3115353,2228718,561000,0.721308858391,0.198237586406,408.60970997
37,3175269,2288634,576000,0.721844097244,0.0688810929012,421.16105389
38,3280143,2348562,591000,0.718255116993,0.249851692319,432.38662099
39,3370017,2408478,606000,0.713031148067,0.0797560710659,443.39719796
40,3459897,2480390,627000,0.703803714051,0.111716297695,457.53972291
41,3504840,2540314,642000,0.705026024616,0.16559369572,468.85031986
42,3549774,2600226,657000,0.710862724996,0.157941084135,482.09503483
43,3594741,2660182,672000,0.704871113112,0.107391839971,496.4453170
44,3639693,2720118,687000,0.703544335482,0.0973401468056,509.95277786
45,3684615,2780014,702000,0.701939739853,0.0771296070795,523.84319305
46,3729567,2839950,717000,0.706854379418,0.0611212071142,537.54150605
47,3774510,2899874,732000,0.703135954539,0.0752536059295,551.11396288
48,3819417,2959750,747000,0.698449833261,0.057495297329,564.36872005
49,3864363,3019678,762000,0.704111200008,0.065671424246,577.71535897
50,3909297,3079590,777000,0.701564858687,0.0468112691266,591.71315193
51,3954219,3139486,792000,0.707263262453,0.0455983061882,605.61372
52,3999123,3199358,807000,0.700441978407,0.0415970388825,618.77758598
53,4044051,3259262,822000,0.702835480223,0.0491442616167,632.95692586
54,4088991,3319182,837000,0.699762389171,0.0535162616683,646.56258988
55,4133955,3379134,852000,0.701383276388,0.0444940047368,660.26343488
56,4178907,3439070,867000,0.697685763278,0.0436001045441,673.34612989
57,4223835,3498974,882000,0.701301078255,0.045502009275,687.14077091
58,4268793,3558918,897000,0.700286619555,0.0434183007265,701.06511092
59,4313712,3618810,912000,0.699326989964,0.0492211903271,715.10157799
60,4358646,3690714,933000,0.691791120332,0.0405440764693,733.1760270
61,4403580,3750626,948000,0.697942019344,0.0391165247758,746.6177468
62,4448511,3810534,963000,0.701558680242,0.044994559207,760.46330285
63,4493412,3870402,978000,0.698753418195,0.0417203036721,775.02415490
64,4538325,3930286,993000,0.695820402901,0.0397019159838,788.88085603
65,4583256,3990194,1008000,0.701481555479,0.0458000733079,802.39418101
66,4628172,4050082,1023000,0.69631026173,0.0447575822927,815.45309996
67,4673100,4109986,1038000,0.693119417251,0.0685685861601,829.83736205
68,4718034,4169898,1053000,0.692610111532,0.0546002990108,843.5891079
69,4762980,4229826,1068000,0.690087879957,0.0343058988344,855.53007793
70,4807905,4289726,1083000,0.68693912191,0.0376813697205,865.14610505
71,4852845,4349646,1098000,0.68958016741,0.0353309936898,876.20279097
72,4897776,4409554,1113000,0.689878572811,0.0414275566275,887.57911896
73,4942713,4469470,1128000,0.690563687098,0.0416547924405,898.46829390
74,4987647,4529382,1143000,0.690369522844,0.0384726058443,909.75649595
75,5032599,4589318,1158000,0.695501956706,0.0381009420703,920.59705090
76,5077533,4649230,1173000,0.68869238532,0.04768854645,928.47712492
77,5122461,4709134,1188000,0.687651099863,0.0512188687724,938.12609291
78,5167404,4769058,1203000,0.687650299108,0.0310853481588,948.49953889
79,5212341,4828974,1218000,0.680481604464,0.0470353658939,959.43755698
80,5257269,4900868,1239000,0.687722621876,0.0347579366714,972.35862994
81,5302203,4960780,1254000,0.686073190193,0.0497764637455,979.99064397
82,5347167,5020732,1269000,0.687067080832,0.0349812699952,990.23057293
83,5392110,5080656,1284000,0.68846702674,0.0336612541316,1000.7748868
84,5437038,5140560,1299000,0.683487877628,0.0364074146229,1012.3392629
85,5481972,5200472,1314000,0.688007241492,0.033824551082,1023.5106179
86,5526918,5260400,1329000,0.685150508435,0.0328390435938,1034.7106678
87,5571831,5320284,1344000,0.682605465893,0.0378991843184,1046.0222768
88,5616735,5380156,1359000,0.67875893377,0.0395732321502,1055.211551
89,5661669,5440068,1374000,0.681014459829,0.0382519368075,1065.2216649
90,5706564,5499928,1389000,0.685139741983,0.0352098246099,1076.1633770
91,5751513,5559860,1404000,0.685033840265,0.0327990023057,1087.5909099
92,5796444,5619768,1419000,0.685451413973,0.0339279311365,1096.9285700
93,5841381,5679684,1434000,0.675872456081,0.0327892319062,1106.1783399
94,5886312,5739592,1449000,0.680852406944,0.0358997283623,1116.1838970
95,5931243,5799500,1464000,0.684091000983,0.0300530106646,1126.2695019
96,5976192,5859432,1479000,0.676488465001,0.0465875902588,1137.0799708
97,6021150,5919376,1494000,0.680223291884,0.0301532580225,1146.6812598
98,6066081,5979284,1509000,0.676558476536,0.0284804266116,1159.3024380
99,6111015,6039196,1524000,0.675270384721,0.0403221237012,1172.4770588
100,6155946,6111092,1545000,0.682107626848,0.0280612104213,1189.6172280
101,6200871,6170992,1560000,0.675744024023,0.0375463303092,1203.25333
102,6245805,6230904,1575000,0.677749324048,0.0270157364241,1218.4532558
103,6290724,6290796,1590000,0.675358691526,0.0536864181425,1232.8959448
104,6335652,6350700,1605000,0.681404932678,0.0257762683272,1246.5752649
105,6380607,6410640,1620000,0.67428395818,0.029150666014,1262.5815389
106,6425553,6470568,1635000,0.67935572923,0.0345821520108,1277.1417849
107,6470490,6530484,1650000,0.673826113669,0.0312660753594,1291.8205430
108,6515403,6590368,1665000,0.675108700034,0.051811637774,1306.2819099
109,6560340,6650284,1680000,0.674944644486,0.030994282163,1320.8260159
110,6605286,6710212,1695000,0.679840076149,0.0244455226857,1334.9558858
111,6650226,6770132,1710000,0.674142773583,0.0263083364902,1348.7160079
112,6695166,6830052,1725000,0.675772848929,0.0256905589953,1363.5434930
113,6740115,6889984,1740000,0.674255050238,0.0303161034846,1378.2164499
114,6785064,6949916,1755000,0.673757279764,0.0343194015973,1393.5840330
115,6829989,7009816,1770000,0.671284734876,0.036529374471,1406.8251309
116,6874923,7069728,1785000,0.673701293564,0.0349814325375,1420.495364
117,6919869,7129656,1800000,0.673118986194,0.0329338717884,1433.6669769
118,6964809,7189576,1815000,0.675718770384,0.0320696610315,1447.6697120
119,7009752,7249500,1830000,0.671492382801,0.039076081063,1462.5984480
120,7054680,7321404,1851000,0.673565104969,0.0266417993563,1481.9799139
121,7099605,7381304,1866000,0.674981660129,0.0279920774205,1496.6163878
122,7144509,7441176,1881000,0.670827462401,0.0254859517516,1511.2679309
123,7189452,7501100,1896000,0.669747782686,0.0241697771993,1527.2296140
124,7234377,7561000,1911000,0.673727259873,0.037888199878,1543.103720
125,7279329,7620936,1926000,0.675147361003,0.030138422777,1556.66808
126,7324248,7680828,1941000,0.667036902029,0.037062213245,1568.6685588
127,7369182,7740740,1956000,0.669238501746,0.0268506796768,1580.4010729
128,7414110,7800644,1971000,0.667975492478,0.026852667312,1590.55147
129,7459050,7860564,1986000,0.671210229741,0.029477849561,1602.0676798
130,7503981,7920472,2001000,0.669758529765,0.0255281034923,1611.8685228
131,7548927,7980400,2016000,0.666421398393,0.0384426963278,1623.4633848
132,7593816,8040252,2031000,0.670814957721,0.0431126751024,1635.0243248
133,7638765,8100184,2046000,0.674379038465,0.0402496868006,1646.8956570
134,7683711,8160112,2061000,0.672801473989,0.0279375369452,1658.0592820
135,7728645,8220024,2076000,0.671917567532,0.0257730032038,1669.5253639
136,7773588,8279948,2091000,0.674945646041,0.0277735506157,1680.1791329
137,7818537,8339880,2106000,0.665734070194,0.0285966460359,1691.5760848
138,7863465,8399784,2121000,0.671973436609,0.033471965832,1703.2927498
139,7908384,8459676,2136000,0.669059923316,0.0409893027938,1714.8324968
140,7953315,8531568,2157000,0.66939754876,0.0302985527969,1728.9483270
141,7998234,8591460,2172000,0.670885393281,0.0300971511643,1740.3808019
142,8043147,8651344,2187000,0.672219440701,0.027447124191,1751.3517699
143,8088090,8711268,2202000,0.668744329725,0.0339658985708,1762.615058
144,8133027,8771184,2217000,0.666496225467,0.0313328373475,1773.9662640
145,8177970,8831108,2232000,0.672719473841,0.030125313762,1785.140338
146,8222901,8891016,2247000,0.666047130574,0.0251169029367,1796.5832438
147,8267832,8950924,2262000,0.664426586908,0.0257782320768,1807.9467389
148,8312763,9010832,2277000,0.662870348226,0.0325558159784,1819.2452449
149,8357670,9070708,2292000,0.665167885467,0.0277444343439,1830.6243469
150,8402595,9130608,2307000,0.669280728656,0.02628395095,1842.5502190
151,8447523,9190512,2322000,0.67002816986,0.0259588570484,1853.2670369
152,8492448,9250412,2337000,0.669477011113,0.0415295466952,1864.3337910
153,8537364,9310300,2352000,0.668865810601,0.0325818451899,1875.5444068
154,8582295,9370208,2367000,0.666100208295,0.0344623901997,1886.7896959
155,8627235,9430128,2382000,0.665245452535,0.0250950047314,1898.0686788
156,8672151,9490016,2397000,0.666132988937,0.0273229744463,1909.7420229
157,8717088,9549932,2412000,0.666944802902,0.0277119548659,1920.6857888
158,8762016,9609836,2427000,0.664512542652,0.0313112786473,1928.9991738
159,8806914,9669700,2442000,0.669279546788,0.0382499023581,1937.1612989
160,8851809,9741554,2463000,0.665583507011,0.0379687092438,1947.5152978
161,8896740,9801462,2478000,0.664198893,0.0316622150613,1955.5906679
162,8941680,9861382,2493000,0.6606929188,0.0273513950063,1963.3130478
163,8986626,9921310,2508000,0.660053389453,0.029502300248,1971.1576118
164,9031539,9981194,2523000,0.66297892507,0.0269627950343,1979.3353650
165,9076470,10041102,2538000,0.663728001359,0.0384251532249,1987.2081270
166,9121386,10100990,2553000,0.664383272633,0.035920870002,1995.0444569
167,9166323,10160906,2568000,0.660511693638,0.0228626768979,2004.2087478
168,9211251,10220810,2583000,0.666305520479,0.0301712176856,2017.9081008
169,9256158,10280686,2598000,0.660294385268,0.0325500795192,2032.7881810
170,9301095,10340602,2613000,0.661157633493,0.0408203747561,2047.3091599
171,9346038,10400526,2628000,0.660143902788,0.0515016403823,2062.3985729
172,9390984,10460454,2643000,0.665894086475,0.0327479984692,2077.2664709
173,9435942,10520398,2658000,0.663023696231,0.0277626943628,2092.5923578
174,9480861,10580290,2673000,0.662498211853,0.0351296133621,2106.9884059
175,9525798,10640206,2688000,0.654763989781,0.0286616748424,2121.3661229
176,9570753,10700146,2703000,0.663558625699,0.0298429048605,2135.7277939
177,9615696,10760070,2718000,0.661967756883,0.0278758332168,2151.7102608
178,9660639,10819994,2733000,0.659873363382,0.0521005742167,2167.4271719
179,9705570,10879902,2748000,0.661877618555,0.0249258332398,2181.4039449
180,9750498,10951800,2769000,0.659774865971,0.0371506430424,2199.7694230
181,9795450,11011736,2784000,0.660670529544,0.0241341424285,2213.8347568
182,9840375,11071636,2799000,0.659251696134,0.0276888579276,2228.9870920
183,9885303,11131540,2814000,0.660749483476,0.0284902420874,2243.8652100
184,9930234,11191448,2829000,0.664555187371,0.0281316792485,2258.0785219
185,9975168,11251360,2844000,0.658855529168,0.0237854892885,2275.2864348
186,10020099,11311268,2859000,0.662312059289,0.0242129303014,2291.2242989
187,10065033,11371180,2874000,0.661262326026,0.0296787364946,2306.6517748
188,10109949,11431068,2889000,0.658212031475,0.0234792833922,2321.8340849
189,10154895,11490996,2904000,0.661603764411,0.0316376796708,2338.5407538
190,10199820,11550896,2919000,0.655098414387,0.0265945728076,2354.8123478
191,10244739,11610788,2934000,0.656931570837,0.031460930233,2371.1987459
192,10289679,11670708,2949000,0.655951080235,0.0205467622168,2384.6217360
193,10334628,11730640,2964000,0.657819152793,0.0342148965066,2398.6325068
194,10379553,11790540,2979000,0.653164888091,0.0257974252878,2411.9733769
195,10424427,11850372,2994000,0.656815699542,0.0330855934323,2425.8999898
196,10469349,11910268,3009000,0.656525815702,0.0271337600514,2439.3931050
197,10514304,11970208,3024000,0.66062675418,0.0296593653542,2453.2588758
198,10559256,12030144,3039000,0.659191913918,0.0261420042049,2466.2208039
199,10604196,12090064,3054000,0.658499160673,0.0324380632591,2479.5767090
200,10649127,12161960,3075000,0.656378621038,0.0328888241525,2497.9233479
201,10694094,12221916,3090000,0.656073865552,0.0234244199074,2511.2793929
202,10739022,12281820,3105000,0.659076121786,0.0323196425614,2525.1719260
203,10783956,12341732,3120000,0.659354821163,0.0261285677103,2538.8455619
204,10828902,12401660,3135000,0.65853146746,0.0270874354241,2550.9222910
205,10873845,12461584,3150000,0.655692130974,0.0307607664962,2565.6341319
206,10918797,12521520,3165000,0.654104859293,0.0264305235214,2580.1963088
207,10963725,12581424,3180000,0.6574173503,0.0335441354827,2593.1565780
208,11008683,12641368,3195000,0.656448971241,0.0279025827702,2606.1202478
209,11053599,12701256,3210000,0.655349812407,0.0293122163804,2619.2898738
210,11098524,12761156,3225000,0.654452699999,0.0307536512835,2628.9348108
211,11143464,12821076,3240000,0.655831549386,0.0219142990875,2643.8513879
212,11188410,12881004,3255000,0.654551249749,0.0359305193509,2656.6858918
213,11233335,12940904,3270000,0.652976946676,0.0274203868079,2669.1647849
214,11278296,13000852,3285000,0.658937756511,0.0357806969699,2679.3682818
215,11323236,13060772,3300000,0.653805099166,0.0406773973151,2690.9149839
216,11368188,13120708,3315000,0.652433909324,0.0291182000588,2704.0382289
217,11413134,13180636,3330000,0.649310117489,0.0238436500236,2715.5715858
218,11458056,13240532,3345000,0.651798916433,0.0374166111318,2729.7689409
219,11503008,13300468,3360000,0.661628799385,0.026929623923,2743.5343918
220,11547963,13372404,3381000,0.656026832156,0.030325655251,2762.2710070
221,11592879,13432292,3396000,0.65434812978,0.0549488750231,2777.3737728
222,11637810,13492200,3411000,0.656372072476,0.0687465515862,2792.2786960
223,11682729,13552092,3426000,0.658321191071,0.0276892728449,2805.6164529
224,11727645,13611980,3441000,0.657304323841,0.0279247199458,2818.2306270
225,11772594,13671912,3456000,0.657735663595,0.030257892082,2832.4004540
226,11817540,13731840,3471000,0.648841937897,0.0302782128679,2844.8005878
227,11862480,13791760,3486000,0.649395620411,0.0330910649621,2858.9753289
228,11907402,13851656,3501000,0.653554849359,0.0285629219204,2872.3625168
229,11952339,13911572,3516000,0.647218292669,0.0451211639067,2885.6731350
230,11997273,13971484,3531000,0.650793271546,0.0196124464367,2899.8516490
231,12042186,14031368,3546000,0.653557163879,0.0451412026874,2915.1298329
232,12087138,14091304,3561000,0.648951215797,0.0328798675508,2930.6340429
233,12132084,14151232,3576000,0.649194788709,0.0401335170024,2944.7142379
234,12177033,14211164,3591000,0.651657178862,0.0211766383988,2957.4586238
235,12221976,14271088,3606000,0.651610756459,0.0352793602163,2969.7672779
236,12266916,14331008,3621000,0.648549073559,0.0280182693752,2980.8454849
237,12311829,14390892,3636000,0.647488024196,0.0201760064819,2993.4735989
238,12356733,14450764,3651000,0.653261659837,0.0245139067896,3004.6182720
239,12401643,14510644,3666000,0.650988960957,0.0376995473735,3017.8982689
240,12446571,14582542,3687000,0.651668938649,0.0283474338762,3035.2253279
241,12491475,14642414,3702000,0.650906751634,0.0361556908995,3048.2037348
242,12536412,14702330,3717000,0.648446899947,0.0275375286978,3062.5345280
243,12581361,14762262,3732000,0.649702073593,0.0293266745671,3076.4337439
244,12626319,14822206,3747000,0.651766111601,0.0245588717241,3090.2720398
245,12671289,14882166,3762000,0.650314353422,0.0506653015738,3102.3534169
246,12716217,14942070,3777000,0.649341564721,0.0293032214769,3113.8925249
247,12761151,15001982,3792000,0.642813426125,0.0240205294275,3124.2251889
248,12806097,15061910,3807000,0.643662146631,0.0244686372821,3132.743712
249,12851034,15121826,3822000,0.645804339167,0.0296495241355,3141.6482260
250,12895944,15181706,3837000,0.646649336504,0.0321099366052,3151.9628088
251,12940854,15241586,3852000,0.648508447321,0.0311191679174,3160.5485789
252,12985797,15301510,3867000,0.64969849856,0.0277070972244,3168.6836898
253,13030725,15361414,3882000,0.64893195624,0.0251110996904,3176.5516860
254,13075665,15421334,3897000,0.646796976004,0.0220692151723,3184.5209419
255,13120599,15481246,3912000,0.653973271885,0.0319528306218,3192.6409709
256,13165551,15541182,3927000,0.647017106063,0.0290771666393,3200.1602189
257,13210494,15601106,3942000,0.644870028138,0.0366071801483,3207.7373199
258,13255431,15661022,3957000,0.649315567429,0.023462575684,3215.656179
259,13300365,15720934,3972000,0.648394489637,0.0223799567213,3223.387950
260,13345308,15792848,3993000,0.650162667464,0.0195702802226,3233.39978
261,13390236,15852752,4008000,0.649268913097,0.0317199136913,3241.08651
262,13435194,15912696,4023000,0.646560141497,0.0281677760191,3249.0178070
263,13480119,15972596,4038000,0.646026754992,0.0231973639987,3256.7505400
264,13525044,16032496,4053000,0.648229606698,0.0215000552877,3265.0876319
265,13569987,16092420,4068000,0.6440855198,0.0292881717222,3272.831739
266,13614930,16152344,4083000,0.641984016518,0.0267458384221,3280.5054249
267,13659861,16212252,4098000,0.647930065241,0.0222964030495,3288.2261729
268,13704786,16272152,4113000,0.65058455222,0.0240979615967,3296.0258519
269,13749717,16332060,4128000,0.643118932139,0.0412030445619,3303.8409550
270,13794687,16392020,4143000,0.650367553779,0.033070985798,3311.7793488
271,13839618,16451928,4158000,0.647545195909,0.0375924334986,3319.8418879
272,13884552,16511840,4173000,0.645695600018,0.0202151013111,3327.6463589
273,13929483,16571748,4188000,0.646649508369,0.0366489454695,3336.1637258
274,13974423,16631668,4203000,0.645988943047,0.0329036877282,3344.32310
275,14019339,16691556,4218000,0.648002895724,0.0367079896244,3352.104559
276,14064279,16751476,4233000,0.645788012066,0.0270702364294,3359.7651970
277,14109216,16811392,4248000,0.646561080604,0.0219494024403,3367.6085739
278,14154162,16871320,4263000,0.645756988392,0.0272543262393,3375.2623329
279,14199090,16931224,4278000,0.644939711718,0.0362670573246,3382.9621200
280,14244027,17003138,4299000,0.644507286308,0.0254012059268,3393.3065960
281,14288964,17063054,4314000,0.651581538422,0.0257095766496,3401.6857700
282,14333910,17122982,4329000,0.649059625999,0.02122879866,3409.5754320
283,14378856,17182910,4344000,0.64645410868,0.0272126918134,3419.0267050
284,14423772,17242798,4359000,0.640618638127,0.0204113073058,3426.8116450
285,14468694,17302694,4374000,0.646757464138,0.0215698417026,3435.9350519
286,14513658,17362646,4389000,0.646666543786,0.0206288105833,3443.4526648
287,14558622,17422598,4404000,0.640609791455,0.0385256229927,3451.2311978
288,14603556,17482510,4419000,0.643406342364,0.0234742386698,3458.8642680
289,14648475,17542402,4434000,0.646542563419,0.0239840045765,3466.8911769
290,14693397,17602298,4449000,0.642074222256,0.03678155035,3474.4973969
291,14738343,17662226,4464000,0.642871260064,0.0258094067157,3482.4460949
292,14783268,17722126,4479000,0.648323688525,0.0215712039353,3490.0879118
293,14828202,17782038,4494000,0.645639725276,0.0209435606345,3498.1255729
294,14873127,17841938,4509000,0.644519504216,0.023449575304,3506.0439710
295,14918052,17901838,4524000,0.641418431164,0.039024954022,3516.9294738
296,14963001,17961770,4539000,0.641896241421,0.0214443012291,3528.2159779
297,15007929,18021674,4554000,0.640149962978,0.0257611118379,3540.5085740
298,15052857,18081578,4569000,0.641280407485,0.0329971441185,3552.4153518
299,15097785,18141482,4584000,0.647714258762,0.0209745555798,3564.5026688
300,15142743,18213418,4605000,0.643200142984,0.0245335935512,3580.0444319
301,15187689,18273346,4620000,0.642638909592,0.0329710657525,3590.8788249
302,15232605,18333234,4635000,0.647685806028,0.0233025612399,3601.891079
303,15277512,18393110,4650000,0.646958083165,0.0343316257662,3613.01376
304,15322449,18453026,4665000,0.643618960816,0.0219069304573,3625.24185
305,15367380,18512934,4680000,0.644115877847,0.0221358357971,3637.4839429
306,15412317,18572850,4695000,0.646377024988,0.0327382906019,3647.0329499
307,15457245,18632754,4710000,0.642758746395,0.0339882636528,3659.2566528
308,15502176,18692662,4725000,0.641903582744,0.02966491706,3670.8320989
309,15547107,18752570,4740000,0.647262158616,0.0236044975226,3682.543047
310,15592032,18812470,4755000,0.645038404575,0.0258622302978,3694.3520870
311,15636978,18872398,4770000,0.646571311303,0.0238156211222,3706.2349619
312,15681936,18932342,4785000,0.645836235991,0.0167755997428,3719.0840289
313,15726885,18992274,4800000,0.642197300576,0.0190695834612,3731.5802750
314,15771831,19052202,4815000,0.641090039412,0.0369870058481,3743.4197349
315,15816771,19112122,4830000,0.647948052512,0.0281818528972,3755.3888230
316,15861672,19171990,4845000,0.643153134909,0.0211474631044,3767.1195788
317,15906609,19231906,4860000,0.641579445006,0.0343242889353,3776.6482520
318,15951561,19291842,4875000,0.64500465642,0.0374373388472,3784.6143410
319,15996471,19351722,4890000,0.643586121108,0.0242078341974,3792.4277880
320,16041417,19423644,4911000,0.643220168031,0.0279556144314,3802.9950959
321,16086318,19483512,4926000,0.644276818054,0.0205626649356,3810.3873679
322,16131258,19543432,4941000,0.641909774497,0.0214760479889,3818.0529279
323,16176162,19603304,4956000,0.645281226409,0.0205861532811,3825.6167390
324,16221099,19663220,4971000,0.643125141198,0.0184235759669,3833.1062989
325,16266015,19723108,4986000,0.641814856282,0.0228768807793,3840.6686549
326,16310952,19783024,5001000,0.639023909507,0.0316261199063,3848.1163828
327,16355898,19842952,5016000,0.639193601355,0.0184156353648,3856.5738010
328,16400832,19902864,5031000,0.642492515249,0.0467025546583,3866.2585480
329,16445745,19962748,5046000,0.63973686057,0.0257442146109,3877.1609270
330,16490688,20022672,5061000,0.640772701252,0.0220647205823,3888.0594768
331,16535613,20082572,5076000,0.637885492716,0.0256168918769,3897.3196530
332,16580532,20142464,5091000,0.644636904374,0.0257702889019,3907.9371168
333,16625472,20202384,5106000,0.643961224619,0.0208983507047,3919.8304979
334,16670415,20262308,5121000,0.642273075528,0.0207381791123,3930.8994150
335,16715337,20322204,5136000,0.636072658948,0.0251999541113,3942.3280210
336,16760262,20382104,5151000,0.645538657158,0.0252822358805,3954.2118370
337,16805190,20442008,5166000,0.643254244766,0.0213532874026,3965.5429959
338,16850142,20501944,5181000,0.643862204781,0.0285468799531,3976.7981028
339,16895085,20561868,5196000,0.645180449934,0.0224262053433,3987.8204410
340,16940016,20633770,5217000,0.643156787025,0.029959286259,4003.2821898
341,16984971,20693710,5232000,0.644987452657,0.024021340452,4014.9795949
342,17029932,20753658,5247000,0.644256594404,0.0217171834345,4026.7959730
343,17074887,20813598,5262000,0.638970484435,0.0204704019024,4038.6024069
344,17119824,20873514,5277000,0.643310135993,0.0234380026251,4050.1155848
345,17164752,20933418,5292000,0.639365349421,0.0371544260171,4061.7725708
346,17209671,20993310,5307000,0.635465480635,0.0318993694249,4073.1882710
347,17254614,21053234,5322000,0.643073854306,0.0296831531721,4083.5563139
348,17299524,21113114,5337000,0.638162817241,0.0790096686831,4091.55919
349,17344446,21173010,5352000,0.642734115907,0.0494239838518,4100.6117639
350,17389395,21232942,5367000,0.640528570606,0.0402205635416,4109.6314499
351,17434311,21292830,5382000,0.640216317291,0.0376547954453,4120.4572720
352,17479212,21352698,5397000,0.642226047976,0.0465157950846,4132.5884540
353,17524164,21412634,5412000,0.640916348909,0.0286339612196,4143.8709340
354,17569122,21472578,5427000,0.639225959644,0.0336983906369,4155.2518608
355,17614059,21532494,5442000,0.640706046576,0.0468581135387,4165.7282109
356,17658999,21592414,5457000,0.639930226051,0.0186749532512,4177.361023
357,17703936,21652330,5472000,0.644523323432,0.0290591158719,4189.0110340
358,17748870,21712242,5487000,0.637614658131,0.018718845105,4202.2846119
359,17793792,21772138,5502000,0.639274856692,0.0327868581132,4217.3427920
360,17838747,21844070,5523000,0.640605187411,0.0243437125896,4235.8743009
361,17883663,21903958,5538000,0.640989660504,0.0228620088712,4251.0035269
362,17928600,21963874,5553000,0.641350306257,0.022431250421,4265.8102190
363,17973546,22023802,5568000,0.636201857322,0.0223122036167,4279.5563468
364,18018474,22083706,5583000,0.63750065075,0.0261026057779,4290.0061440
365,18063378,22143578,5598000,0.640149494502,0.0218235746692,4300.8920469
366,18108315,22203494,5613000,0.63947084682,0.0399932619481,4312.00614
367,18153249,22263406,5628000,0.642147392022,0.0254820683215,4323.5763189
368,18198165,22323294,5643000,0.642400874744,0.0231584544223,4333.8978898
369,18243081,22383182,5658000,0.64088318501,0.0249260347674,4344.9424178
370,18288021,22443102,5673000,0.634480017381,0.0209753531042,4356.30112
371,18332979,22503046,5688000,0.639434883671,0.0263527571172,4366.44694
372,18377904,22562946,5703000,0.637661102527,0.0153761169579,4377.7370939
373,18422847,22622870,5718000,0.642399769223,0.0252736107106,4388.5708789
374,18467787,22682790,5733000,0.642735773788,0.0213498033878,4399.2629728
375,18512703,22742678,5748000,0.635685090922,0.0297896118736,4410.2598378
376,18557619,22802566,5763000,0.639841084741,0.0356775380983,4420.4439308
377,18602574,22862506,5778000,0.643908437987,0.0312116534486,4431.5816500
378,18647538,22922458,5793000,0.635122924072,0.0173343925343,4441.3522260
379,18692484,22982386,5808000,0.646277214959,0.0303091219761,4451.3278279
380,18737406,23054280,5829000,0.638752758159,0.032823285674,4465.0607390
381,18782361,23114220,5844000,0.636912908147,0.06575262968,4475.252173
382,18827304,23174144,5859000,0.639184411904,0.0312085914631,4486.4763119
383,18872241,23234060,5874000,0.642210776751,0.0383147907879,4497.6338319
384,18917172,23293968,5889000,0.638696138118,0.0353726677158,4508.4885308
385,18962097,23353868,5904000,0.634898548057,0.0371834856249,4519.6818318
386,19007049,23413804,5919000,0.641272122311,0.0160586407142,4531.39550
387,19051953,23473676,5934000,0.63653137027,0.0209042809191,4544.6950678
388,19096887,23533588,5949000,0.637282992258,0.0290223555071,4560.1406729
389,19141827,23593508,5964000,0.639304447339,0.0367947214464,4576.0234520
390,19186773,23653436,5979000,0.642107155983,0.0245022245227,4590.7264199
391,19231695,23713332,5994000,0.637111389705,0.0221991712204,4604.9292929
392,19276626,23773240,6009000,0.641131304997,0.0130377922862,4617.065234
393,19321557,23833148,6024000,0.639509618476,0.0203792169887,4629.0665948
394,19366482,23893048,6039000,0.638621576018,0.04285221954,4640.6568369
395,19411413,23952956,6054000,0.638265529886,0.0290584283789,4650.6594600
396,19456332,24012848,6069000,0.638311484025,0.0312575801719,4661.9360408
397,19501254,24072744,6084000,0.639947330787,0.0177637584797,4674.7802109
398,19546194,24132664,6099000,0.638661905887,0.0179350158352,4686.8729848
399,19591152,24192608,6114000,0.639319880706,0.0140715057844,4698.5921750
400,19636080,24264506,6135000,0.634242096741,0.0275324840124,4714.0647809
401,19681032,24324442,6150000,0.640523082209,0.0187809526262,4726.8689808
402,19725969,24384358,6165000,0.636549296468,0.0231152301294,4740.1989619
403,19770921,24444294,6180000,0.634651322144,0.0234454902009,4753.00540
404,19815834,24504178,6195000,0.64085268608,0.0277145277962,4764.957367
405,19860771,24564094,6210000,0.639092658583,0.0358212951845,4776.4416520
406,19905687,24623982,6225000,0.637529963569,0.0251269582265,4785.6781468
407,19950633,24683910,6240000,0.641103716041,0.0262181449055,4794.4265868
408,19995546,24743794,6255000,0.638017184912,0.0146405941942,4805.3725149
409,20040471,24803694,6270000,0.63914507815,0.0488300438925,4817.1772968
410,20085405,24863606,6285000,0.633654059625,0.0181879211152,4828.3560159
411,20130318,24923490,6300000,0.639122768629,0.0181882382433,4839.745575
412,20175222,24983362,6315000,0.639644066449,0.0228366878746,4851.7834198
413,20220117,25043222,6330000,0.637964384447,0.0151865808966,4863.4955809
414,20265066,25103154,6345000,0.639921755358,0.03025645491,4874.2018909
415,20309985,25163046,6360000,0.641166871834,0.044122714374,4885.8741049
416,20354925,25222966,6375000,0.639378834642,0.0334849285772,4896.9475610
417,20399856,25282874,6390000,0.636254379772,0.0259309966883,4908.4978430
418,20444823,25342830,6405000,0.637899079935,0.0168453675857,4919.8133339
419,20489772,25402762,6420000,0.64205597543,0.0307921837726,4930.8784139
420,20534700,25474654,6441000,0.640508869185,0.0301437789544,4945.8115320
421,20579622,25534550,6456000,0.63663211774,0.0238868022578,4957.3138749
422,20624568,25594478,6471000,0.636642915497,0.0147550983055,4966.6660790
423,20669508,25654398,6486000,0.638965984111,0.0288069740491,4975.8246629
424,20714463,25714338,6501000,0.635446379905,0.0166041890754,4984.93279
425,20759361,25774202,6516000,0.639334462973,0.0287009152008,4996.3091809
426,20804307,25834130,6531000,0.641384798552,0.0150539412129,5007.4481689
427,20849235,25894034,6546000,0.635487287529,0.0254066104022,5018.9143178
428,20894169,25953946,6561000,0.637869117399,0.0264518247459,5029.0366659
429,20939079,26013826,6576000,0.641214037413,0.0222797538393,5040.0067200
430,20983998,26073718,6591000,0.63677106584,0.0216743520097,5049.7042238
431,21028944,26133646,6606000,0.641643166835,0.0379081654475,5059.0454230
432,21073872,26193550,6621000,0.636832282052,0.02361897805,5066.2726788
433,21118809,26253466,6636000,0.636523539879,0.0213728727079,5073.6700930
434,21163740,26313374,6651000,0.637983805518,0.0141744588631,5080.7672460
435,21208683,26373298,6666000,0.635710492463,0.0202964112513,5087.91625
436,21253602,26433190,6681000,0.636671450024,0.0190292029112,5095.433878
437,21298554,26493126,6696000,0.638493990965,0.0232416208338,5102.8070409
438,21343500,26553054,6711000,0.635127981592,0.0241895187818,5110.0359778
439,21388449,26612986,6726000,0.640895704952,0.0378027592008,5117.2531869
440,21433371,26684874,6747000,0.638641205514,0.0228394299111,5126.6155660
441,21478326,26744814,6762000,0.636716127253,0.0247256966869,5133.7440259
442,21523242,26804702,6777000,0.643726057771,0.0271429292238,5141.0072748
443,21568185,26864626,6792000,0.639455820843,0.0238921031812,5148.4634089
444,21613134,26924558,6807000,0.635693266149,0.0175621124147,5155.7004768
445,21658062,26984462,6822000,0.636705339304,0.0193925227247,5162.9725508
446,21702993,27044370,6837000,0.633992181632,0.0337765471522,5170.2876448
447,21747912,27104262,6852000,0.63580271703,0.0304284978856,5177.4396810
448,21792852,27164182,6867000,0.636712900221,0.0280220903939,5184.8522949
449,21837789,27224098,6882000,0.635463676543,0.0216702374951,5191.9347510
450,21882717,27284002,6897000,0.638858707722,0.030165779649,5199.1590709
451,21927645,27343906,6912000,0.638153441442,0.0175159249961,5206.3135819
452,21972618,27403870,6927000,0.634880780409,0.0190580636485,5213.6014828
453,22017561,27463794,6942000,0.638601007072,0.0164512171178,5220.7624070
454,22062480,27523686,6957000,0.639433847221,0.0302111255375,5227.9367320
455,22107420,27583606,6972000,0.637062916098,0.0414914302268,5235.1235108
456,22152324,27643478,6987000,0.637807528849,0.0250651891656,5242.2651648
457,22197258,27703390,7002000,0.638448211669,0.0221473379095,5249.4537129
458,22242183,27763290,7017000,0.635359901134,0.0147994401899,5256.6948280
459,22287093,27823170,7032000,0.640772992262,0.0252543162297,5263.8053739
460,22332042,27895096,7053000,0.643846102695,0.0215426244985,5273.1591508
461,22376967,27954996,7068000,0.636715107147,0.0232832508168,5280.2701709
462,22421913,28014924,7083000,0.635886041433,0.039904844685,5287.3831059
463,22466802,28074776,7098000,0.637768608156,0.0230671427517,5294.5672149
464,22511742,28134696,7113000,0.632372448003,0.0359065233714,5301.6707129
465,22556697,28194636,7128000,0.639303839689,0.0279552731024,5308.9453659
466,22601637,28254556,7143000,0.639717322345,0.0194083560783,5316.2637498
467,22646565,28314460,7158000,0.64366695201,0.0483115614196,5323.4646809
468,22691508,28374384,7173000,0.639385213528,0.0327270705113,5330.7616150
469,22736454,28434312,7188000,0.638713627679,0.0212229370887,5337.9220418
470,22781373,28494204,7203000,0.637481024846,0.0162142942706,5345.0824859
471,22826286,28554088,7218000,0.637297501333,0.0257848848006,5352.3201959
472,22871208,28613984,7233000,0.638471968222,0.0211846224131,5359.5020189
473,22916139,28673892,7248000,0.634535992984,0.0185159726936,5366.5820329
474,22961085,28733820,7263000,0.636780573325,0.0267703969503,5373.7170000
475,23006010,28793720,7278000,0.636555454436,0.0283307476913,5380.8509638
476,23050971,28853668,7293000,0.637824172264,0.0422656572209,5387.9902658
477,23095917,28913596,7308000,0.637116425341,0.0169361022716,5395.0434460
478,23140848,28973504,7323000,0.641489724278,0.0286698690345,5402.1236469
479,23185800,29033440,7338000,0.636640227692,0.0201863184964,5409.3867280
480,23230737,29105350,7359000,0.637607227778,0.0415343979511,5418.8060269
481,23275659,29165246,7374000,0.637041439573,0.0281386127099,5425.9295659
482,23320596,29225162,7389000,0.636780415934,0.0600175537398,5433.3342828
483,23365512,29285050,7404000,0.639680839271,0.024375246836,5440.6199190
484,23410458,29344978,7419000,0.637628809222,0.014894707316,5448.4783248
485,23455386,29404882,7434000,0.6369601479,0.054286509709,5455.6888158
486,23500323,29464798,7449000,0.639057821297,0.0397367641307,5462.986373
487,23545269,29524726,7464000,0.637656353339,0.0213246637885,5470.3061230
488,23590206,29584642,7479000,0.637696628076,0.0267319589218,5477.4669330
489,23635125,29644534,7494000,0.630899536931,0.0378768495556,5484.6862239
490,23680071,29704462,7509000,0.63543890019,0.0229772659333,5491.8303470
491,23724999,29764366,7524000,0.639852958022,0.0247592903091,5498.8917269
492,23769906,29824242,7539000,0.638773161138,0.0219168733879,5506.0148899
493,23814807,29884110,7554000,0.640903405066,0.0313482921091,5513.1047329
494,23859744,29944026,7569000,0.636999736881,0.0351350317687,5520.2358708
495,23904675,30003934,7584000,0.638137927921,0.0170514907732,5527.3463299
496,23949627,30063870,7599000,0.635244963598,0.0218803045957,5534.5938899
497,23994552,30123770,7614000,0.639174900277,0.0332896326778,5541.7805368
498,24039486,30183682,7629000,0.636823003547,0.0240452315193,5549.0641729
499,24084432,30243610,7644000,0.638083326796,0.0258245058571,5556.6952159
500,24129378,30315528,7665000,0.639280986866,0.0346011154983,5565.9568359
501,24174309,30375436,7680000,0.633362029715,0.0162668341632,5573.3834149
502,24219213,30435308,7695000,0.639599267734,0.0337023852241,5581.14230
503,24264138,30495208,7710000,0.643327662577,0.0290514233997,5588.5578248
504,24309084,30555136,7725000,0.640332564614,0.0159188030347,5595.7412898
505,24354030,30615064,7740000,0.635860699868,0.0224219623623,5603.4524500
506,24398967,30674980,7755000,0.638834479671,0.0231072690982,5610.5177528
507,24443892,30734880,7770000,0.63924036071,0.0180312280498,5617.6781668
508,24488817,30794780,7785000,0.6403905531,0.0249371094463,5624.8436288
509,24533733,30854668,7800000,0.639079478173,0.0262060199196,5632.1666920
510,24578670,30914584,7815000,0.64172788657,0.0264112055481,5639.7067768
511,24623604,30974496,7830000,0.638418078159,0.0149191809491,5646.8276560
512,24668544,31034416,7845000,0.64025908889,0.0254560166572,5653.8876419
513,24713493,31094348,7860000,0.640676502153,0.025659586313,5661.0863509
514,24758400,31154224,7875000,0.633455170594,0.0229021984568,5668.3198480
515,24803304,31214096,7890000,0.632537913273,0.0176357224719,5675.7583818
516,24848265,31274044,7905000,0.638320075734,0.035476115159,5682.9582898
517,24893217,31333980,7920000,0.637031025555,0.0172262410747,5690.1311738
518,24938139,31393876,7935000,0.642410054473,0.0170414925737,5697.2711329
519,24983073,31453788,7950000,0.635229889347,0.0252620470225,5704.4313609
520,25027995,31525682,7971000,0.639579702064,0.0191079288984,5714.3325619
521,25072917,31585578,7986000,0.637910864923,0.0189918166437,5721.3874049
522,25117875,31645522,8001000,0.64058941295,0.0266613297768,5728.5764510
523,25162806,31705430,8016000,0.637437299768,0.0216299752212,5735.6692628
524,25207719,31765314,8031000,0.638485227347,0.0258988225671,5742.7155120
525,25252650,31825222,8046000,0.635220150546,0.0223747048089,5749.9519920
526,25297587,31885138,8061000,0.639920554663,0.0209895062702,5757.2749819
527,25342518,31945046,8076000,0.639345205127,0.0147233307882,5764.3354380
528,25387425,32004922,8091000,0.63991051177,0.0423572369222,5771.5334579
529,25432359,32064834,8106000,0.63819476799,0.0188706972624,5778.8560259
530,25477296,32124750,8121000,0.640930894318,0.0248702021237,5786.149648
531,25522230,32184662,8136000,0.639080142086,0.0131202732656,5793.3508989
532,25567161,32244570,8151000,0.64454575527,0.0304673115594,5800.5845508
533,25612089,32304474,8166000,0.64321381223,0.0194609940857,5807.9876539
534,25657011,32364370,8181000,0.639143899723,0.0146533788039,5815.1253049
535,25701951,32424290,8196000,0.636558656965,0.0187406285614,5823.6410579
536,25746885,32484202,8211000,0.639934816812,0.0189799587592,5830.7426068
537,25791801,32544090,8226000,0.639303440976,0.0283551118199,5838.0742080
538,25836753,32604026,8241000,0.636457746589,0.0194734744539,5845.5825798
539,25881696,32663950,8256000,0.640222969387,0.0158736971882,5853.1516220
540,25926645,32735876,8277000,0.638076059903,0.0176183106511,5862.5984659
541,25971582,32795792,8292000,0.641077109811,0.0340326919259,5873.4853959
542,26016522,32855712,8307000,0.631968045338,0.0190555650665,5883.7331519
543,26061462,32915632,8322000,0.643321206876,0.0195021858423,5893.5705339
544,26106390,32975536,8337000,0.638559122263,0.0346410064817,5903.5936880
545,26151333,33035460,8352000,0.634112956979,0.0336401517628,5913.2100329
546,26196279,33095388,8367000,0.635159609859,0.0261191160083,5924.3546559
547,26241207,33155292,8382000,0.642283542476,0.0161520698139,5935.5100488
548,26286111,33215164,8397000,0.639534397262,0.029281880844,5946.8974568
549,26331039,33275068,8412000,0.634155961782,0.0186394089699,5958.7624528
550,26375958,33334960,8427000,0.637150280099,0.0420728960729,5968.6153349
551,26420853,33394820,8442000,0.638218236339,0.0329193948437,5979.2075729
552,26465799,33454748,8457000,0.640100723262,0.0203814186658,5990.9423608
553,26510718,33514640,8472000,0.639502740473,0.0337009808861,6004.1957240
554,26555652,33574552,8487000,0.636888236709,0.0300027460408,6015.1428449
555,26600571,33634444,8502000,0.640524309299,0.0333830280671,6026.6807999
556,26645511,33694364,8517000,0.639079461183,0.0434740384935,6036.5998120
557,26690433,33754260,8532000,0.64052982765,0.0173486501547,6044.4305560
558,26735343,33814140,8547000,0.639492890806,0.0222672469474,6051.7202699
559,26780271,33874044,8562000,0.634811655409,0.0132576389448,6059.2377848
560,26825208,33945950,8583000,0.63363573938,0.028796239229,6072.4758708
561,26870139,34005858,8598000,0.63764300274,0.02238690372,6084.6110000
562,26915049,34065738,8613000,0.643746300429,0.0210684424507,6096.3213288
563,26960001,34125674,8628000,0.641651734749,0.0221158042207,6108.2381379
564,27004914,34185558,8643000,0.636789620304,0.01771378334,6119.5991928
565,27049839,34245458,8658000,0.636091341562,0.0318202633087,6129.6346578
566,27094773,34305370,8673000,0.641362331302,0.0293030035648,6137.7414228
567,27139692,34365262,8688000,0.637889941129,0.0259878500162,6145.6508669
568,27184641,34425194,8703000,0.636849824812,0.0318043916438,6157.05551
569,27229584,34485118,8718000,0.639425817643,0.0156390108392,6168.5999760
570,27274521,34545034,8733000,0.63804758924,0.0169801544007,6179.5033500
571,27319464,34604958,8748000,0.63852766309,0.0164953191829,6189.2643940
572,27364404,34664878,8763000,0.634899765523,0.028716331003,6200.1769049
573,27409317,34724762,8778000,0.638915080786,0.0177773683793,6210.3620
574,27454251,34784674,8793000,0.641006940734,0.0186603313524,6217.8864889
575,27499194,34844598,8808000,0.634992698291,0.0226966911348,6225.1532678
576,27544131,34904514,8823000,0.63714416599,0.0306397819949,6232.7256569
577,27589038,34964390,8838000,0.641090279032,0.0340202662853,6240.2979309
578,27633975,35024306,8853000,0.637099424338,0.0255529480095,6249.0264580
579,27678912,35084222,8868000,0.636503383495,0.0385565924911,6258.6379208
580,27723834,35156106,8889000,0.64203780189,0.0151773284919,6274.2867288
581,27768753,35215998,8904000,0.639271764989,0.0311013082324,6286.0886249
582,27813678,35275898,8919000,0.637951200819,0.0194063942578,6295.717305
583,27858618,35335818,8934000,0.635209449907,0.0355187776046,6305.0215249
584,27903552,35395730,8949000,0.639040741112,0.0308671660226,6317.1403019
585,27948474,35455626,8964000,0.63649725786,0.020111711714,6329.9667239
586,27993387,35515510,8979000,0.640208154154,0.0312592861357,6343.372608
587,28038297,35575390,8994000,0.640336932495,0.0216393662509,6356.1021008
588,28083252,35635330,9009000,0.638854501235,0.0199370622891,6366.0490889
589,28128186,35695242,9024000,0.63835612523,0.0266120725266,6376.0517690
590,28173084,35755106,9039000,0.643761412402,0.0232883204735,6388.8067040
591,28218036,35815042,9054000,0.644082750023,0.0197887769265,6400.4889118
592,28262988,35874978,9069000,0.639265459212,0.0180829577859,6412.8108110
593,28307922,35934890,9084000,0.637687751475,0.0346743041525,6421.9616830
594,28352850,35994794,9099000,0.63668508912,0.017661105196,6431.355156
595,28397781,36054702,9114000,0.638261317351,0.0134492044945,6439.6787040
596,28442718,36114618,9129000,0.636431853477,0.0231640299502,6447.9848680
597,28487652,36174530,9144000,0.640397517783,0.0153195339735,6457.4250490
598,28532574,36234426,9159000,0.636031022086,0.0185227219438,6467.6788818
599,28577529,36294366,9174000,0.641121416909,0.0253160948543,6475.9697730
600,28622457,36366264,9195000,0.640893896836,0.0126751258392,6489.8618178
601,28667412,36426204,9210000,0.639965881691,0.0146899905747,6498.0802309
602,28712346,36486116,9225000,0.63313377739,0.0189725361199,6507.6111700
603,28757277,36546024,9240000,0.63784856607,0.0315432689102,6517.6740050
604,28802208,36605932,9255000,0.632845542125,0.0264789685724,6527.7822840
605,28847139,36665840,9270000,0.642789125298,0.0183137460426,6537.1059479
606,28892058,36725732,9285000,0.63664317475,0.0328209195095,6547.6975760
607,28937007,36785664,9300000,0.63528616301,0.0244961045384,6557.9061520
608,28981941,36845576,9315000,0.639487188814,0.0166132799332,6566.9386060
609,29026899,36905520,9330000,0.640019006518,0.0165191356321,6577.7118380
610,29071839,36965440,9345000,0.636823567298,0.0315211440972,6587.67753
611,29116788,37025372,9360000,0.636170653397,0.0269810364051,6598.2227630
612,29161734,37085300,9375000,0.64010687195,0.0234884689213,6608.98950
613,29206671,37145216,9390000,0.642766468894,0.0224998945715,6618.12552
614,29251620,37205148,9405000,0.638977405924,0.0167472552488,6627.8812630
615,29296560,37265068,9420000,0.639977292788,0.0218080015545,6638.7129
616,29341461,37324936,9435000,0.640648627826,0.0208910661104,6647.53314
617,29386380,37384828,9450000,0.63638456346,0.0194427920543,6657.7746388
618,29431290,37444708,9465000,0.637551836624,0.0178531809348,6668.327102
619,29476242,37504644,9480000,0.639881604765,0.0111739578616,6678.9768128
620,29521194,37576570,9501000,0.639535820952,0.0243043433614,6691.2856359
621,29566104,37636450,9516000,0.641592468387,0.0182753795677,6701.9524660
622,29611056,37696386,9531000,0.63620518564,0.0157105417755,6712.4640219
623,29656002,37756314,9546000,0.637327359728,0.0363327363587,6724.1470789
624,29700915,37816198,9561000,0.635693624072,0.0239250403903,6734.1187858
625,29745852,37876114,9576000,0.641806956967,0.0214806024212,6744.4079439
626,29790795,37936038,9591000,0.641697579143,0.0307211476737,6752.8371679
627,29835717,37995934,9606000,0.639849056182,0.027190424115,6762.1991889
628,29880657,38055854,9621000,0.637900005679,0.0344099366956,6770.5543658
629,29925570,38115738,9636000,0.638103287191,0.0165632454815,6781.491252
630,29970462,38175594,9651000,0.636436805661,0.0289032193105,6792.3071589
631,30015402,38235514,9666000,0.635305385215,0.025317158953,6801.8806748
632,30060327,38295414,9681000,0.638955716785,0.0180590151582,6811.9645359
633,30105246,38355306,9696000,0.638571052994,0.0410956430479,6821.7624599
634,30150183,38415222,9711000,0.63175481317,0.0278887031918,6831.6137719
635,30195111,38475126,9726000,0.638642391103,0.030299974513,6841.1521379
636,30240027,38535014,9741000,0.63763829811,0.0220482077266,6849.7001600
637,30284973,38594942,9756000,0.637166271973,0.0261560950202,6859.3955209
638,30329901,38654846,9771000,0.636610375534,0.022011036107,6868.7426
639,30374835,38714758,9786000,0.635013270144,0.025325563809,6878.99013
640,30419766,38786662,9807000,0.638904032434,0.0152114523922,6890.2387690
641,30464709,38846586,9822000,0.640832460881,0.0190608084602,6898.7235498
642,30509676,38906542,9837000,0.640922262546,0.022463585713,6907.1653590
643,30554616,38966462,9852000,0.638630927659,0.0207908257616,6915.4416098
644,30599562,39026390,9867000,0.637007767967,0.0122199752275,6924.2336490
645,30644505,39086314,9882000,0.63841596514,0.0262406750941,6934.6483600
646,30689439,39146226,9897000,0.636964234786,0.018507081483,6943.5914988
647,30734382,39206150,9912000,0.635152763542,0.0260752433081,6952.4670999
648,30779304,39266046,9927000,0.638675354052,0.0269039366178,6961.2888369
649,30824238,39325958,9942000,0.638466359092,0.0221991592513,6970.987320
650,30869157,39385850,9957000,0.639208853778,0.0143323488323,6980.3735308
651,30914085,39445754,9972000,0.638256957944,0.0249650062535,6990.0657858
652,30959010,39505654,9987000,0.634499899561,0.0230122673851,6999.50744
653,31003929,39565546,10002000,0.637031663132,0.0251941117089,7008.8274118
654,31048854,39625446,10017000,0.638945121091,0.0210538622452,7019.1980040
655,31093794,39685366,10032000,0.637045872851,0.0187540712524,7028.3478999
656,31138752,39745310,10047000,0.640994451522,0.0274042274682,7038.0478198
657,31183683,39805218,10062000,0.633502282437,0.0231537504718,7046.6888709
658,31228599,39865106,10077000,0.634162328963,0.0346712510262,7056.82749
659,31273539,39925026,10092000,0.638845733746,0.0225092777524,7066.1615660
660,31318440,39996888,10113000,0.643221234814,0.0310003467338,7077.8857798
661,31363362,40056784,10128000,0.63514663463,0.0150729563333,7088.2470710
662,31408281,40116676,10143000,0.635892530926,0.0352248591511,7097.7294440
663,31453221,40176596,10158000,0.640698235309,0.018065589901,7107.3803019
664,31498155,40236508,10173000,0.634286462579,0.0463869509408,7116.4449899
665,31543092,40296424,10188000,0.638869208504,0.0202366528273,7125.6024160
666,31588002,40356304,10203000,0.634147022947,0.0198670908001,7134.0220038
667,31632918,40416192,10218000,0.640326030962,0.0259189110188,7142.7545380
668,31677840,40476088,10233000,0.63732617353,0.0312814953487,7151.9921519
669,31722777,40536004,10248000,0.637303878522,0.0145719707235,7161.4002790
670,31767717,40595924,10263000,0.635091875785,0.0291466137928,7169.3447790
671,31812642,40655824,10278000,0.638773308065,0.0142826630516,7178.9350500
672,31857576,40715736,10293000,0.636535714357,0.0383020075023,7189.4034750
673,31902516,40775656,10308000,0.637102490391,0.0452064465861,7198.87243
674,31947453,40835572,10323000,0.639033675768,0.0145695842817,7207.5329890
675,31992387,40895484,10338000,0.633566389658,0.0186269750593,7216.8195519
676,32037336,40955416,10353000,0.641864562303,0.0152114882399,7226.0075068
677,32082303,41015372,10368000,0.640574014916,0.0170455903262,7235.9212248
678,32127237,41075284,10383000,0.634401321281,0.0264083130177,7245.1056480
679,32172147,41135164,10398000,0.638571011318,0.0474405300673,7253.7715549
680,32217081,41207072,10419000,0.641004797274,0.0191574221165,7267.2433488
681,32261997,41266960,10434000,0.638005617572,0.0187150474133,7277.6930959
682,32306937,41326880,10449000,0.636563382915,0.0104457302905,7286.62559
683,32351853,41386768,10464000,0.637759636673,0.0271534085976,7296.47882
684,32396811,41446712,10479000,0.635957249795,0.0252607413536,7304.7217760
685,32441748,41506628,10494000,0.635783629691,0.0191819953136,7314.4586460
686,32486685,41566544,10509000,0.634909003126,0.0172229160893,7324.5814778
687,32531616,41626452,10524000,0.634474443321,0.0194432052959,7335.0472018
688,32576541,41686352,10539000,0.634388799284,0.0259809275021,7344.4572699
689,32621472,41746260,10554000,0.638410038978,0.0264370717665,7353.0901429
690,32666400,41806164,10569000,0.638226092031,0.0364583218513,7361.3925349
691,32711310,41866044,10584000,0.635757163269,0.022220455118,7369.1435809
692,32756256,41925972,10599000,0.6417289771,0.0212872901752,7378.4766888
693,32801184,41985876,10614000,0.633816137919,0.0141862887932,7387.6058368
694,32846103,42045768,10629000,0.638402452912,0.020441663148,7396.9198198
695,32891019,42105656,10644000,0.634732683875,0.0332180832672,7406.5170278
696,32935956,42165572,10659000,0.636283662482,0.0201336512296,7414.5133669
697,32980890,42225484,10674000,0.63807005791,0.0284068002154,7423.63374
698,33025830,42285404,10689000,0.641290093715,0.0341929747583,7432.9967110
699,33070719,42345256,10704000,0.638270674364,0.0212240654228,7442.4324519
700,33115668,42417180,10725000,0.638846386784,0.021679901671,7455.2295608
701,33160602,42477092,10740000,0.639899167536,0.017040939256,7463.5493910
702,33205518,42536980,10755000,0.638407716827,0.0195227082972,7472.1285159
703,33250461,42596904,10770000,0.634456454043,0.0154159780324,7480.3162350
704,33295377,42656792,10785000,0.634188938017,0.0147170942749,7489.3452949
705,33340317,42716712,10800000,0.637778805353,0.0143098351259,7498.7934849
706,33385263,42776640,10815000,0.632453283861,0.0216727109998,7506.9884049
707,33430194,42836548,10830000,0.638789460888,0.0309937830438,7515.0280039
708,33475116,42896444,10845000,0.636875696909,0.0240052103141,7524.2173910
709,33520044,42956348,10860000,0.635825273487,0.0213550679087,7534.4133579
710,33564990,43016276,10875000,0.631645526219,0.0261278241582,7544.1474409
711,33609945,43076216,10890000,0.639759741564,0.0132367038917,7552.5034968
712,33654885,43136136,10905000,0.63444989,0.0201278199214,7561.9217848
713,33699831,43196064,10920000,0.639057958617,0.01412266448,7571.684192
714,33744759,43255968,10935000,0.638497491404,0.0205159227146,7582.0437259
715,33789678,43315860,10950000,0.641016469009,0.0392129709326,7590.2542898
716,33834615,43375776,10965000,0.641679036813,0.0400589815499,7600.1104948
717,33879567,43435712,10980000,0.638864068752,0.0146826617277,7609.3041958
718,33924507,43495632,10995000,0.634398173248,0.0117944149538,7619.3064570
719,33969447,43555552,11010000,0.636712258735,0.0196746375041,7628.0908060
720,34014366,43627436,11031000,0.633849163761,0.0322610036,7640.2094039
721,34059312,43687364,11046000,0.635783088122,0.0164425891465,7649.3010690
722,34104240,43747268,11061000,0.636989601258,0.0236763947051,7657.8419868
723,34149198,43807212,11076000,0.637916032939,0.0163528555049,7667.159648
724,34194135,43867128,11091000,0.638954638225,0.0193927727597,7676.5548529
725,34239075,43927048,11106000,0.640041751163,0.0207630432108,7686.6918408
726,34284021,43986976,11121000,0.637049674406,0.0294696446011,7696.3795108
727,34328958,44046892,11136000,0.636679781837,0.0213498808897,7705.6737999
728,34373883,44106792,11151000,0.639568797712,0.0162368404901,7715.0809888
729,34418820,44166708,11166000,0.640275598134,0.0161501483103,7723.7868678
730,34463754,44226620,11181000,0.63506269834,0.0228387888566,7732.2193589
731,34508694,44286540,11196000,0.637883486285,0.0211483342301,7740.6557438
732,34553631,44346456,11211000,0.641077449579,0.013245818991,7750.2178509
733,34598562,44406364,11226000,0.635421951306,0.0289394790097,7758.6846189
734,34643502,44466284,11241000,0.637304853078,0.0259867530795,7768.2616169
735,34688439,44526200,11256000,0.635950615659,0.0209071189352,7777.8375790
736,34733397,44586144,11271000,0.638381604559,0.018695965192,7787.8433928
737,34778334,44646060,11286000,0.638131576399,0.0465197423278,7797.5195519
738,34823295,44706008,11301000,0.634649133022,0.0199085250454,7807.2399158
739,34868205,44765888,11316000,0.639844634626,0.0241159776455,7817.1712448
740,34913121,44837770,11337000,0.640921245759,0.0299389129867,7827.5601749
741,34958046,44897670,11352000,0.636527777091,0.0190025711358,7836.1184809
742,35002980,44957582,11367000,0.639184463969,0.0267768773463,7845.5683410
743,35047902,45017478,11382000,0.634852793387,0.0120960388464,7854.8234238
744,35092839,45077394,11397000,0.640347556799,0.0182546461707,7865.0480709
745,35137770,45137302,11412000,0.636402687341,0.0236837610365,7875.3929510
746,35182713,45197226,11427000,0.637071098315,0.0163314011696,7883.9644238
747,35227629,45257114,11442000,0.644012765145,0.0447700999757,7892.0546269
748,35272545,45317002,11457000,0.634526008476,0.0247563705963,7901.6976079
749,35317464,45376894,11472000,0.640415041834,0.029870667423,7910.7250318
750,35362392,45436798,11487000,0.640703005787,0.0237712065185,7920.6141829
751,35407332,45496718,11502000,0.638720570129,0.0194942236652,7930.2492389
752,35452254,45556614,11517000,0.635694039508,0.0276623910399,7939.740794
753,35497203,45616546,11532000,0.636725540109,0.032505467179,7948.1776499
754,35542119,45676434,11547000,0.633144439284,0.0319092160623,7957.5073809
755,35587047,45736338,11562000,0.637949491621,0.0316383928828,7966.5284659
756,35631969,45796234,11577000,0.637085360205,0.0202833483079,7976.2271599
757,35676909,45856154,11592000,0.637993080853,0.0383047432186,7986.7008190
758,35721843,45916066,11607000,0.633344593003,0.0153285292827,7995.3675229
759,35766792,45975998,11622000,0.639597091114,0.0352323915244,8005.31169
760,35811705,46047874,11643000,0.641670259283,0.0171892032648,8016.79782
761,35856630,46107774,11658000,0.64200763454,0.0164069340549,8025.7276089
762,35901555,46167674,11673000,0.635162798831,0.0359190550668,8033.960671
763,35946495,46227594,11688000,0.63840947304,0.0173129512868,8041.9128658
764,35991429,46287506,11703000,0.636102353805,0.0247843434507,8050.6737339
765,36036375,46347434,11718000,0.638745671542,0.03141346859,8058.751329
766,36081282,46407310,11733000,0.634680064864,0.0128134180302,8067.7143800
767,36126222,46467230,11748000,0.634442533572,0.036190830437,8077.1285889
768,36171162,46527150,11763000,0.636576579184,0.0199607421181,8086.3884549
769,36216081,46587042,11778000,0.637853094656,0.0138123947192,8094.7554998
770,36261003,46646938,11793000,0.640666386327,0.0239507075263,8104.4664459
771,36305943,46706858,11808000,0.637830163952,0.0256224530548,8113.7754168
772,36350868,46766758,11823000,0.636771826632,0.0236715686659,8122.1147010
773,36395799,46826666,11838000,0.639577126583,0.0145028687142,8131.3091008
774,36440724,46886566,11853000,0.644380697927,0.017524974393,8140.0139050
775,36485682,46946510,11868000,0.638496418592,0.0188511347291,8149.6623868
776,36530637,47006450,11883000,0.639878190346,0.0158962445278,8157.8393509
777,36575544,47066326,11898000,0.640328127741,0.0289157627379,8167.5425770
778,36620472,47126230,11913000,0.636004022252,0.0219106782665,8176.0181150
779,36665427,47186170,11928000,0.638743505858,0.0199837800205,8185.6532838
780,36710349,47258056,11949000,0.6397628556,0.0283475161476,8196.2902078
781,36755283,47317968,11964000,0.637605196735,0.019860498448,8205.6502008
782,36800211,47377872,11979000,0.640003481998,0.0172841044801,8214.0309009
783,36845139,47437776,11994000,0.636600078464,0.0227315679109,8222.5333960
784,36890058,47497668,12009000,0.638040070807,0.0141779774079,8231.0292930
785,36934968,47557548,12024000,0.640395794243,0.0195741789639,8239.9325349
786,36979887,47617440,12039000,0.640794988292,0.0292172712609,8250.2469680
787,37024845,47677384,12054000,0.639656979662,0.0216420306749,8260.290273
788,37069797,47737320,12069000,0.640083483028,0.0349583228194,8269.0343608
789,37114731,47797232,12084000,0.636508081559,0.0170743594072,8278.32826
790,37159674,47857156,12099000,0.639003986484,0.0234984103972,8288.6435639
791,37204626,47917092,12114000,0.640082560471,0.0323197049668,8297.0348749
792,37249569,47977016,12129000,0.63504785432,0.0194429481846,8306.3468689
793,37294491,48036912,12144000,0.643797434582,0.0175785951768,8315.8399589
794,37339407,48096800,12159000,0.632683333487,0.0167827327474,8324.8051068
795,37384317,48156680,12174000,0.637487768115,0.0320600580867,8334.1538898
796,37429245,48216584,12189000,0.637399320342,0.030582408789,8342.3423609
797,37474182,48276500,12204000,0.641324275677,0.0242629951238,8350.7642638
798,37519131,48336432,12219000,0.636252033105,0.019177624483,8360.7696640
799,37564062,48396340,12234000,0.638709876113,0.0193667839108,8368.9975309
800,37608990,48468238,12255000,0.638026777485,0.0156455376289,8380.4479799
801,37653918,48528142,12270000,0.634797574837,0.0187579590473,8388.7909760
802,37698849,48588050,12285000,0.635464761497,0.0152581036029,8397.9870920
803,37743777,48647954,12300000,0.63770261331,0.0234303112316,8406.5549950
804,37788720,48707878,12315000,0.638016299552,0.0182365474017,8414.6495928
805,37833639,48767770,12330000,0.642973932759,0.0232356861345,8422.7279169
806,37878558,48827662,12345000,0.637760473621,0.0208621362879,8431.9784998
807,37923489,48887570,12360000,0.641965488228,0.0231470893318,8441.2321639
808,37968429,48947490,12375000,0.635631524826,0.025700353946,8450.5702788
809,38013372,49007414,12390000,0.636326210556,0.0232491094704,8460.4191429
810,38058285,49067298,12405000,0.638190064087,0.0339578951611,8469.7542159
811,38103219,49127210,12420000,0.631859253465,0.0162439133268,8479.3576929
812,38148147,49187114,12435000,0.637376283379,0.0279960773447,8488.9572339
813,38193069,49247010,12450000,0.637442165115,0.0165762426725,8498.4580678
814,38238021,49306946,12465000,0.638934959216,0.0309330318256,8508.1101200
815,38282943,49366842,12480000,0.639496218104,0.0350864515281,8518.2581648
816,38327868,49426742,12495000,0.630926533183,0.0197919668258,8528.1592898
817,38372805,49486658,12510000,0.640591053664,0.0190338926634,8537.3173220
818,38417724,49546550,12525000,0.642433890625,0.0282235088858,8546.6466078
819,38462649,49606450,12540000,0.631485648629,0.0302122263842,8555.5677058
820,38507583,49678358,12561000,0.646010970168,0.0215208612716,8567.1850669
821,38552523,49738278,12576000,0.634366162828,0.0302984785013,8575.5810470
822,38597472,49798210,12591000,0.643009692615,0.0199347080616,8585.1927690
823,38642427,49858150,12606000,0.638477438621,0.0206586699626,8595.6625878
824,38687334,49918026,12621000,0.634939764543,0.0143396226369,8605.5259439
825,38732247,49977910,12636000,0.639791264013,0.0163869013593,8614.2856788
826,38777160,50037794,12651000,0.640888260983,0.0215435356922,8624.0305578
827,38822106,50097722,12666000,0.639652284575,0.0186028715467,8632.9312610
828,38867064,50157666,12681000,0.638327316878,0.016861607568,8642.0115828
829,38911983,50217558,12696000,0.639195172263,0.0140081957505,8650.4255979
830,38956914,50277466,12711000,0.632179691662,0.0243512144073,8660.6575670
831,39001803,50337318,12726000,0.640745486223,0.0209170748866,8669.7587540
832,39046743,50397238,12741000,0.63879468448,0.0219675951616,8678.3030140
833,39091686,50457162,12756000,0.639328982247,0.0290436635416,8686.8898079
834,39136620,50517074,12771000,0.640030655449,0.0211705063637,8695.8573379
835,39181551,50576982,12786000,0.640913323851,0.0155891306209,8704.6840498
836,39226491,50636902,12801000,0.637536462251,0.0135309643415,8714.2602999
837,39271419,50696806,12816000,0.641295821214,0.0375285290134,8723.6627180
838,39316362,50756730,12831000,0.63683864965,0.00935525815014,8733.5919959
839,39361305,50816654,12846000,0.638054369557,0.028243614158,8742.8616738
840,39406233,50888552,12867000,0.637706396088,0.0228727016067,8755.5900149
841,39451179,50948480,12882000,0.639126280974,0.0196383008917,8763.9127860
842,39496104,51008380,12897000,0.636477405036,0.018311653764,8774.2874429
843,39541029,51068280,12912000,0.63669270526,0.0342429047791,8784.0303909
844,39585948,51128172,12927000,0.638912951207,0.013979646509,8793.0480759
845,39630873,51188072,12942000,0.632946437306,0.0281860396379,8802.4945030
846,39675810,51247988,12957000,0.636088726289,0.0122183025957,8812.5558528
847,39720756,51307916,12972000,0.638930948886,0.0188944939611,8821.712282
848,39765666,51367796,12987000,0.634077531907,0.0253804336006,8829.9415268
849,39810606,51427716,13002000,0.637289652356,0.0167608595468,8838.2811968
850,39855546,51487636,13017000,0.635259693443,0.0147004093282,8846.8599469
851,39900474,51547540,13032000,0.635581417367,0.0205948224843,8856.1564469
852,39945411,51607456,13047000,0.642310721184,0.0165458111258,8865.9485690
853,39990324,51667340,13062000,0.638999671963,0.030569736245,8874.1949729
854,40035258,51727252,13077000,0.639480757406,0.0134881827664,8883.2595820
855,40080189,51787160,13092000,0.636748435355,0.0156300014062,8891.4265279
856,40125117,51847064,13107000,0.639602982079,0.0357232385053,8900.8177578
857,40170030,51906948,13122000,0.638055915619,0.0215569739535,8910.138897
858,40214961,51966856,13137000,0.642444847173,0.0208910326021,8919.5686049
859,40259907,52026784,13152000,0.637478800582,0.0211904049369,8928.6080620
860,40304826,52098656,13173000,0.636590315639,0.0336141985564,8940.0848629
861,40349754,52158560,13188000,0.63784883261,0.0189074022477,8948.4745099
862,40394700,52218488,13203000,0.639642239208,0.0367226901912,8958.8482298
863,40439631,52278396,13218000,0.637478242148,0.0286545475995,8969.2838509
864,40484586,52338336,13233000,0.634345836713,0.0183790169195,8978.5420470
865,40529532,52398264,13248000,0.635807076395,0.017870216945,8987.3949420
866,40574454,52458160,13263000,0.639300091764,0.0166045673421,8997.053227
867,40619385,52518068,13278000,0.638745707147,0.0184643856194,9005.6682670
868,40664298,52577952,13293000,0.636447020898,0.0198267932478,9015.6325089
869,40709214,52637840,13308000,0.641454396919,0.0139639071617,9023.8557438
870,40754166,52697776,13323000,0.641578905583,0.0319848556929,9032.0127658
871,40799094,52757680,13338000,0.638477820823,0.0296652506639,9042.0452270
872,40844013,52817572,13353000,0.638539817158,0.0281886621144,9050.7515208
873,40888920,52877448,13368000,0.641039221903,0.021667041772,9058.6880078
874,40933851,52937356,13383000,0.636717706611,0.0225930098311,9068.5209610
875,40978782,52997264,13398000,0.63710812375,0.0158643019869,9077.9661500
876,41023704,53057160,13413000,0.637716240921,0.0284468105608,9086.2444388
877,41068632,53117064,13428000,0.636801171512,0.0133740707017,9095.9469699
878,41113557,53176964,13443000,0.640679783089,0.0356802176347,9105.3627979
879,41158500,53236888,13458000,0.635711834805,0.0227932411076,9115.03507
880,41203425,53308782,13479000,0.633995268156,0.0187171258653,9127.8280298
881,41248371,53368710,13494000,0.642836291377,0.0225118164192,9137.4350960
882,41293323,53428646,13509000,0.635788118003,0.0170581748274,9145.8651249
883,41338248,53488546,13524000,0.636929051021,0.0135589086225,9154.57963
884,41383167,53548438,13539000,0.639762095512,0.0161466268408,9163.9981720
885,41428119,53608374,13554000,0.638390403318,0.0151532157371,9173.3271949
886,41473065,53668302,13569000,0.639646480601,0.0185338334299,9181.6721768
887,41517993,53728206,13584000,0.639172790354,0.017538154189,9190.2351238
888,41562906,53788090,13599000,0.637664276527,0.0215520043449,9200.3201639
889,41607804,53847954,13614000,0.634792690331,0.0127670012968,9210.3590369
890,41652753,53907886,13629000,0.635956936958,0.0241236459204,9219.3716080
891,41697672,53967778,13644000,0.643253964934,0.0140396282824,9228.2617399
892,41742615,54027702,13659000,0.643670624358,0.0301360154506,9237.9351909
893,41787540,54087602,13674000,0.640187212135,0.0191608832686,9247.5940589
894,41832492,54147538,13689000,0.636371915475,0.0206439851235,9256.833422
895,41877432,54207458,13704000,0.639103064753,0.0161568668962,9265.2794740
896,41922345,54267342,13719000,0.635941695038,0.0296935724848,9274.7158429
897,41967294,54327274,13734000,0.638783625007,0.0184886853504,9284.5505909
898,42012228,54387186,13749000,0.637004388099,0.0278325554116,9293.1890108
899,42057168,54447106,13764000,0.638290030314,0.0169751915532,9302.4640588
900,42102096,54519004,13785000,0.637771967119,0.0406867224195,9314.51745
901,42147033,54578920,13800000,0.638156498518,0.0285033964586,9324.1719479
902,42191979,54638848,13815000,0.639360743204,0.02328067064,9332.9832229
903,42236925,54698776,13830000,0.634704790178,0.0161001565133,9341.2506790
904,42281865,54758696,13845000,0.634165936286,0.0255517045068,9350.4660220
905,42326802,54818612,13860000,0.642018701929,0.0147132084755,9359.8117740
906,42371745,54878536,13875000,0.636756295494,0.0479328768071,9370.0808720
907,42416637,54938392,13890000,0.637270286662,0.0489811832115,9379.3840489
908,42461562,54998292,13905000,0.638473820407,0.0129509201631,9389.1355848
909,42506523,55058240,13920000,0.638161123884,0.018164775328,9399.088728
910,42551442,55118132,13935000,0.639790324413,0.0226585991292,9408.1704199
911,42596385,55178056,13950000,0.636591848089,0.0226196625366,9417.7697260
912,42641328,55237980,13965000,0.638217528719,0.0190365685241,9426.2427558
913,42686268,55297900,13980000,0.636117295948,0.0590692641002,9434.1504590
914,42731193,55357800,13995000,0.642851587052,0.0260587672548,9444.002909
915,42776106,55417684,14010000,0.640139622757,0.0173167613096,9453.8656058
916,42821052,55477612,14025000,0.634704926252,0.0181966331012,9463.1688158
917,42865998,55537540,14040000,0.637254697133,0.0264147568778,9471.2911279
918,42910926,55597444,14055000,0.639210351083,0.0234731483213,9480.4501049
919,42955860,55657356,14070000,0.637065655081,0.0233136334774,9489.0927419
920,43000797,55729268,14091000,0.642435571469,0.0140061817186,9500.8342399
921,43045734,55789184,14106000,0.640031152473,0.0232581253382,9511.0071730
922,43090650,55849072,14121000,0.637172727376,0.0181390273634,9519.4798259
923,43135590,55908992,14136000,0.646282260633,0.016621364222,9529.5977778
924,43180518,55968896,14151000,0.63673611341,0.0176020400309,9539.5603358
925,43225458,56028816,14166000,0.635053855697,0.0184455872662,9548.4354050
926,43270389,56088724,14181000,0.635863041951,0.0162954010936,9557.9946119
927,43315326,56148640,14196000,0.638173377771,0.0280930983742,9566.4719660
928,43360266,56208560,14211000,0.634328673502,0.0215211289621,9574.5631449
929,43405203,56268476,14226000,0.636086812475,0.0381711687389,9584.0401029
930,43450134,56328384,14241000,0.639781799104,0.019795544518,9592.9471340
931,43495050,56388272,14256000,0.632926177643,0.0273198954863,9602.8524720
932,43539981,56448180,14271000,0.638584068129,0.0257261308545,9611.8761110
933,43584927,56508108,14286000,0.638478328286,0.021706316424,9621.2371299
934,43629876,56568040,14301000,0.638583469612,0.0205281151984,9630.2799949
935,43674819,56627964,14316000,0.636304526028,0.0239798062895,9638.4573929
936,43719768,56687896,14331000,0.639813843291,0.0147502124645,9646.9193699
937,43764699,56747804,14346000,0.634543138313,0.0140477766208,9656.67514
938,43809624,56807704,14361000,0.637084947433,0.0391168753746,9665.7581679
939,43854561,56867620,14376000,0.643852805455,0.0230790492585,9674.6050088
940,43899477,56939498,14397000,0.641162907363,0.0383657135192,9685.8039858
941,43944420,56999422,14412000,0.638152925455,0.0141495908748,9694.2672288
942,43989381,57059370,14427000,0.639313175577,0.0142179716272,9703.6384758
943,44034312,57119278,14442000,0.637952778161,0.0269183804283,9713.1190159
944,44079228,57179166,14457000,0.637709267493,0.0202665586879,9721.7170388
945,44124135,57239042,14472000,0.63417537003,0.0437366281667,9731.1869828
946,44169075,57298962,14487000,0.6344103317,0.0379124837073,9739.4627778
947,44214003,57358866,14502000,0.636009379521,0.0301739963425,9749.4599869
948,44258961,57418810,14517000,0.6396135613,0.020150118917,9758.6899540
949,44303877,57478698,14532000,0.636896117327,0.0196140334941,9768.359546
950,44348799,57538594,14547000,0.637634336294,0.0181311965253,9777.1138219
951,44393730,57598502,14562000,0.635395143174,0.0145866312448,9785.8097350
952,44438691,57658450,14577000,0.638431442307,0.0148090952152,9795.3838429
953,44483610,57718342,14592000,0.638808978106,0.0381229571016,9803.5737829
954,44528538,57778246,14607000,0.641751819329,0.0142141295642,9812.6670348
955,44573469,57838154,14622000,0.640171612429,0.0225996732522,9821.9413008
956,44618397,57898058,14637000,0.639366871108,0.0220174461562,9832.3607189
957,44663328,57957966,14652000,0.641151755598,0.0213488750472,9841.7314479
958,44708250,58017862,14667000,0.635089621028,0.0174646405196,9850.0976629
959,44753181,58077770,14682000,0.639543802292,0.0265799894582,9859.2855420
960,44798124,58149684,14703000,0.637609582288,0.0239248160317,9872.3909149
961,44843073,58209616,14718000,0.636955544967,0.0177882333417,9881.9400508
962,44888001,58269520,14733000,0.635616959724,0.0208195654449,9890.3197748
963,44932923,58329416,14748000,0.636397769152,0.0304631616363,9898.8552069
964,44977869,58389344,14763000,0.636853534827,0.0178977157563,9907.3603520
965,45022821,58449280,14778000,0.636368730481,0.0348795709533,9915.5590119
966,45067728,58509156,14793000,0.63875832089,0.0172484453611,9925.2271790
967,45112653,58569056,14808000,0.637714555605,0.0147647026191,9934.742168
968,45157575,58628952,14823000,0.638504841795,0.0236055572004,9943.8732368
969,45202512,58688868,14838000,0.637210787215,0.0183339217506,9952.154352
970,45247458,58748796,14853000,0.636949175387,0.0244729656314,9961.5678138
971,45292389,58808704,14868000,0.63732778476,0.016730131739,9970.4615888
972,45337296,58868580,14883000,0.637108569396,0.0211198008152,9980.1758649
973,45382242,58928508,14898000,0.6378664242,0.0247297933675,9988.8286778
974,45427188,58988436,14913000,0.637000637452,0.019359477858,9997.2478010
975,45472131,59048360,14928000,0.636533338549,0.0218337294946,10005.554797
976,45517038,59108236,14943000,0.637617023827,0.0141303267834,10014.574154
977,45561960,59168132,14958000,0.633111425323,0.024001960903,10024.732535
978,45606891,59228040,14973000,0.635139429651,0.0140079007283,10034.254737
979,45651813,59287936,14988000,0.637036687485,0.0197081158693,10042.624023
980,45696717,59359796,15009000,0.638631254458,0.0189399456889,10055.274984
981,45741666,59419728,15024000,0.639516371925,0.0257406633701,10065.41709
982,45786597,59479636,15039000,0.635081585725,0.0184217565542,10075.142993
983,45831504,59539512,15054000,0.636477629798,0.0204509211627,10083.903638
984,45876456,59599448,15069000,0.637679177147,0.0219821364105,10094.24491
985,45921363,59659324,15084000,0.641061278904,0.0188203556918,10104.352301
986,45966309,59719252,15099000,0.632849225441,0.0363765816043,10113.434383
987,46011243,59779164,15114000,0.63532822734,0.0241530973888,10123.14268
988,46056192,59839096,15129000,0.642334163236,0.017624614879,10131.975179
989,46101120,59899000,15144000,0.638772681771,0.0181186114599,10141.419643
990,46146051,59958908,15159000,0.635995959826,0.0260503123079,10151.58285
991,46190958,60018784,15174000,0.638686316129,0.0243944963961,10159.63365
992,46235871,60078668,15189000,0.640644895055,0.0120252066245,10169.32222
993,46280838,60138624,15204000,0.633274939402,0.0259051393327,10177.97305
994,46325754,60198512,15219000,0.640128336871,0.0323806403391,10186.958581
995,46370679,60258412,15234000,0.635863106077,0.0160076268777,10194.82430
996,46415631,60318348,15249000,0.638874031652,0.0189074650447,10202.82596
997,46460571,60378268,15264000,0.638937008663,0.0175064376624,10212.913008
998,46505481,60438148,15279000,0.64168518603,0.0130212383618,10221.345465
999,46550412,60498056,15294000,0.632587151663,0.0220289229963,10231.01870
1000,46595346,60569962,15315000,0.640162663377,0.0252758071019,10242.679987
