-0.0666026363872,-0.0700548515436,0.0502653534479,0.0491805283927,-0.0753071343418,0.0513401153777,-0.0626917166232,0.0491535320109,0.0499355303284,-0.067868274363,-0.0645163900628,0.0501965301683,0.0492103574072,-0.0728223653891,-0.0654083466172,0.0497298208986,0.049107796957,-0.0720573767826,-0.0611613438108,0.0478666413804,0.0505367658109,-0.0616259006272,-0.0689339219371,-0.067304291033,-0.0723858220362,-0.0699906242736,-0.0736738609817,-0.0729143300476,-0.0662290169628
0.676676554367,0.646065398412,0.0013349436976,0.0391214529478,0.606772346301,0.0379608460217,0.727710976581,0.00173094216235,0.0619660831594,0.667367601579,0.709785518612,-0.0230923887268,0.0552530090727,0.603853677937,0.707264161091,0.0058502080442,0.0272384700098,0.675226816757,0.693642570248,0.033822116075,0.0390269294634,0.710905935471,0.733487568008,0.724650497813,0.714554356588,0.682786312544,0.564786314519,0.688098093351,0.620617214812
-0.105488496802,-0.1510645246,0.00429312887878,0.0451131109488,-0.226217288093,0.0310521862039,-0.0240100397513,0.00963890138167,0.0893799001316,-0.12250185499,-0.0531702100131,-0.0229989813738,0.0642136522246,-0.209150642201,-0.0583911011601,0.00241346309147,0.0298941631455,-0.131138611153,-0.0678395535343,0.0437196475067,0.0491205523048,-0.0606098647278,-0.0664357286765,-0.068057224846,-0.105463542396,-0.122098457804,-0.263936909833,-0.138279127371,-0.163500741359
0.413365301797,0.350692966134,0.00674342157489,0.0451698477569,0.271184127665,0.0274464230581,0.522299183069,-0.000381298932981,0.0888540663322,0.384159953669,0.481261316746,-0.0265945172076,0.0614114089286,0.308535772021,0.463050755454,0.0039665153353,0.0264438879985,0.377832459159,0.455722154531,0.030839288219,0.0393955097967,0.462406803457,0.486316104569,0.478118982131,0.444517506069,0.40297693453,0.203816491358,0.393669124975,0.319397164115
-0.0562372278385,-0.127094179915,0.00118133970503,0.0458528404448,-0.226363030944,0.0314177682394,0.0729492629525,-0.00255395570834,0.0861937474449,-0.102079016739,0.0272608399153,-0.0265248224349,0.0745985210912,-0.180422294296,0.00440145910775,0.000665466202314,0.0251685835401,-0.101554030933,-0.00157955087642,0.0188818137794,0.0440735408506,-0.00291870821185,0.0151019121124,0.00696009235086,-0.0479585126305,-0.0756885883983,-0.294725596373,-0.100823080809,-0.147874319111
0.205037817136,0.127647799219,-0.00428512733525,0.0431958274994,0.0230395290913,0.0320853712585,0.350876483666,-0.00985301529843,0.078803813385,0.17041034816,0.297070295037,-0.0259855290044,0.0617139730222,0.0778161450089,0.268451963102,0.00186140132808,0.0316600245052,0.161812947481,0.263757957117,0.0120938232598,0.0439656035832,0.235198255221,0.2839768018,0.280942659231,0.229336044668,0.193061683454,-0.055267777127,0.169610708813,0.0949221459515
-0.102192683886,-0.189212509659,-0.00360542735684,0.0430480692144,-0.305517497327,0.0309144426895,0.0529405361151,-0.00894407355371,0.0752681435832,-0.136046375307,-0.00588901121703,-0.0212664063678,0.0571706227733,-0.250291563364,-0.0337089988037,0.0103479111252,0.0279544413795,-0.161584163677,-0.0346501770411,0.0196327256996,0.0497453960132,-0.0629093985697,-0.0296613018841,-0.0314713708391,-0.0929374174342,-0.124863047287,-0.387409375412,-0.158152670353,-0.214830763672
0.17070540869,0.073670552753,0.00283459988748,0.0418627614349,-0.0437291692164,0.0390521975458,0.336228758121,-0.00372926069582,0.0716537861134,0.13617162267,0.273654068158,-0.0229822497674,0.0529909039461,0.0144638053994,0.243112817683,0.0153597330083,0.0352763693016,0.107339710867,0.241562923988,0.0229033111097,0.0455350758082,0.209709418218,0.259418149994,0.252969281526,0.193824057955,0.151457462919,-0.139371227237,0.121822195878,0.0393012193375
-0.0491764374843,-0.154318540077,-0.00391867378527,0.0368713684935,-0.276811150112,0.0402768782166,0.12203323963,-0.0125347457352,0.0753143783174,-0.0838276404326,0.0518077886113,-0.0224056188212,0.0542380032396,-0.212441616557,0.0212865553687,0.0121951233827,0.0338910944777,-0.129947416164,0.0279064084671,0.0149819926235,0.0422279259283,-0.0179346956092,0.0251576837029,0.0254692008033,-0.0366243458771,-0.0785079779527,-0.377601153873,-0.116435987587,-0.187326607481
0.112972232446,0.0029407500819,-0.00585362969629,0.034000097531,-0.120778088402,0.0405232711913,0.293313011353,-0.0165765304182,0.0725063300066,0.0818429755906,0.216151812185,-0.0253703577711,0.0500815788716,-0.052153538328,0.187062530948,0.0120290770273,0.0340178799074,0.0384083107945,0.192184498867,0.0133681727051,0.0375167678033,0.132903394415,0.19530230579,0.196412424149,0.135912256834,0.0879795139723,-0.230316523611,0.0508318915148,-0.0363535878893
-0.0149789020272,-0.130994862612,-0.00751048653426,0.0346689180448,-0.258792274093,0.0351447689263,0.167308874731,-0.0126275493419,0.0693328802963,-0.0473218209892,0.0862232670038,-0.0230192649453,0.0487081180891,-0.180831356974,0.0548084433824,0.0111078507017,0.0342018605402,-0.0961279732609,0.0629105653216,0.0118279846098,0.0363318766283,-0.00451936893278,0.0601174187179,0.0638395171805,0.00230879702361,-0.0458608191611,-0.375039363555,-0.0902671917054,-0.17056459862
0.0863050438126,-0.0355619049109,-0.00514867388921,0.0315508128531,-0.163699666277,0.0350801788043,0.272419409297,-0.00808072684175,0.0641376601897,0.0550113891537,0.189492758027,-0.0212036089749,0.0443803041471,-0.0719604156797,0.155612277384,0.0114821988263,0.0318323108172,0.00268961292878,0.164488854451,0.0129250316185,0.0324663303195,0.087487293216,0.165606246952,0.169923148215,0.109581412826,0.0576919936116,-0.284478440867,0.0128350921781,-0.0786152733042
0.018858418331,-0.105780021338,-0.0050027135875,0.0312173051257,-0.240304319971,0.029834934575,0.204716526783,-0.00379824576025,0.0606919962789,-0.00787947362393,0.118213056793,-0.0179060667112,0.0418272375491,-0.140931665357,0.0846838959047,0.0118653673835,0.0341553224192,-0.0683156637753,0.0936932739523,0.0113246252229,0.0313431138836,0.00271627478848,0.0873885946273,0.0972363403303,0.0389227805984,-0.0137375419645,-0.363900190012,-0.0649027619147,-0.154293116667
0.0642734871642,-0.0643462878143,-0.00469856490702,0.0310477884052,-0.197896273838,0.0271509679162,0.253343051791,-0.00499603318974,0.0580097502635,0.0445472061431,0.16339576937,-0.0166637392229,0.0393451582432,-0.0935035768384,0.12993134692,0.00913423001892,0.0340393429338,-0.0263244162502,0.138900637589,0.00915182098609,0.0339332357827,0.0379272468236,0.132299923991,0.143321378149,0.0872563557172,0.0345222043482,-0.325619199629,-0.0189130275492,-0.115225694271
0.0405779790746,-0.091101860253,-0.00568015587719,0.0325609902464,-0.22851425293,0.0271160621,0.229952078933,-0.00670762951465,0.0523284873135,0.0209041558583,0.138560782575,-0.0149638265495,0.0348838663549,-0.114312659257,0.103462598073,0.00829591781963,0.0323989913256,-0.0535889866992,0.114809894181,0.00459158043444,0.0353185897255,0.00493762692947,0.104079357341,0.117899214587,0.0622486923818,0.00897952807922,-0.358706980319,-0.0471984631219,-0.1445570529
0.0578178595189,-0.0779267416189,-0.00607992414117,0.0300802251407,-0.216508709266,0.0254932087838,0.249501364576,-0.007251164162,0.0520150397309,0.0385958440745,0.156340780261,-0.015806902181,0.0296153756003,-0.0968138587342,0.120036986053,0.00704253798776,0.0307430954066,-0.0353098108968,0.130624866988,0.00252278475565,0.0334981966188,0.0161241511509,0.117098004709,0.134563993537,0.0808506915175,0.0261092026132,-0.34749674882,-0.0315495208444,-0.132844997735
0.0508554693036,-0.0908846904509,-0.00640441167089,0.0277536218586,-0.226634340739,0.0228476494582,0.242760142779,-0.00618639145499,0.0531299369538,0.0301239881558,0.146850982414,-0.0137627115063,0.028340775687,-0.101534545477,0.110802061452,0.00628578241779,0.0304739467556,-0.0468775522774,0.1225171109,0.00352523598523,0.0320714386236,0.00481879862584,0.104987807194,0.126048871263,0.0742228288527,0.0178689155874,-0.362684464822,-0.0428126528462,-0.145759302698
0.0588453348635,-0.08527555014,-0.00411219292481,0.0255363708772,-0.222288048744,0.0244276557688,0.251406153063,-0.0052787564369,0.0508457218781,0.0388752481362,0.15321451912,-0.0110078248532,0.0273761523999,-0.0918704197098,0.1169233059,0.00857286940526,0.0294056731157,-0.0416367177972,0.129310280346,0.00384872564047,0.030211175836,0.0101676513658,0.108494276196,0.132010245411,0.0832144504197,0.0253503544691,-0.362124170847,-0.0377318411552,-0.143365851419
0.0587224141843,-0.0881238359747,-0.00443818414808,0.0253837308158,-0.226186344886,0.0237315890354,0.253118591636,-0.00472626383167,0.0465157601854,0.0384438314439,0.151798820029,-0.0111927448712,0.0257608379223,-0.0897889258276,0.115590514247,0.0080816196054,0.0289559665461,-0.0445044436816,0.128055995749,0.0017403266359,0.0276127551419,0.00378719508578,0.104197935229,0.130821225414,0.0835359183774,0.0251505693737,-0.368217044547,-0.0404162825472,-0.147987371125
0.0594577098516,-0.090245695276,-0.00196849091688,0.0230345027354,-0.229346423792,0.023439495653,0.254543948396,-0.00432807167529,0.0434312237391,0.0396545472992,0.150628816879,-0.00948402395423,0.026101978875,-0.0891551449397,0.113950239617,0.00737709093972,0.0281013932037,-0.0420956130511,0.127674369225,0.00155818242918,0.0283010755014,-0.000930217947286,0.100421358455,0.129853046567,0.0845250646575,0.0258036647083,-0.374030947841,-0.0426409675819,-0.152297879771
0.0598999466156,-0.0917080903558,-0.00238132240174,0.0233386345572,-0.231787485699,0.0229221572451,0.25611004043,-0.00519690047025,0.0424742040657,0.0386865745028,0.150470981252,-0.0100587148898,0.0247513901432,-0.0862357328385,0.112958565397,0.00584647755766,0.0263800007724,-0.0439944619036,0.126664193377,-0.000247210759893,0.0274183253111,-0.00670487622921,0.0978538307288,0.129494250001,0.0856692718907,0.0260809300096,-0.379734629487,-0.044599860411,-0.156048291548
0.0623241359964,-0.0921846041911,-0.00194346407979,0.023127746189,-0.232022874819,0.0197257034021,0.259985792882,-0.00451081521747,0.0438843291401,0.041984108386,0.151862590506,-0.00939465730825,0.0250374703589,-0.0829158361686,0.114861296799,0.00597958610308,0.0255582353927,-0.0449959277737,0.128390321083,0.00100743970438,0.0251311698665,-0.00724378300923,0.0974927247221,0.131144591791,0.0885380027683,0.0287120489427,-0.382800113421,-0.0440213186935,-0.157424127893
0.0652478152809,-0.0914941836392,0.00104019185831,0.0219304158306,-0.231414415485,0.020342974942,0.263811318615,-0.000921218979488,0.0427760660056,0.0451480184012,0.154344062953,-0.00918202699969,0.0240177161986,-0.0796745670059,0.116377681843,0.00682843604275,0.0269629686387,-0.0424750451737,0.130425604683,0.00324604427735,0.0257833002118,-0.00692328512334,0.0982241940048,0.133213204221,0.0922067689593,0.0311755869934,-0.384910432601,-0.0431807504173,-0.158428975228
0.0669321997226,-0.0914074301505,0.000380390930117,0.0219708059242,-0.231194887644,0.0197220302521,0.266668498863,0.000912111489344,0.0396768836257,0.0462128657366,0.155611434515,-0.00805445616257,0.0260227165425,-0.0764998325066,0.117292013706,0.00656037911734,0.0260381437106,-0.0433190156002,0.131710039562,0.00406618586812,0.0242133353282,-0.0076533890757,0.0970291883469,0.134172539033,0.0943359274372,0.0327514508752,-0.388406237819,-0.0433152564408,-0.160201802911
0.06832343983,-0.0933002754389,0.000473670300999,0.0211646653933,-0.232621053891,0.018920494768,0.26856739417,0.00112610741635,0.0407328554178,0.0460574473328,0.15643792338,-0.00697937206797,0.0255138691694,-0.074620184457,0.117943473063,0.00574640502839,0.0251050055197,-0.0445685743249,0.132551158886,0.0038417172184,0.0240183215902,-0.00861826128644,0.095924515514,0.134812501426,0.095871882366,0.0336522784274,-0.39248531803,-0.0439932733119,-0.162441686363
0.0697423869284,-0.0934339267777,0.00182346926605,0.0207420794848,-0.233483165788,0.0183159865546,0.270552390872,0.00213649758956,0.0414754137862,0.0463171639385,0.156955034563,-0.00519753578833,0.0245078626177,-0.0737326030816,0.118530151851,0.00646824851049,0.0254830854426,-0.0431155721753,0.133547698048,0.00248507355931,0.0214108019398,-0.00784801727171,0.0947045952634,0.135306624557,0.0976451609482,0.0345602235764,-0.396357361843,-0.0447204974707,-0.164602245181
0.0715231580771,-0.0935711354264,0.00305821571984,0.0199480259901,-0.233322894622,0.0180369739629,0.27356930977,0.00214731143907,0.0413956201916,0.0483948457146,0.158559155292,-0.00401971960371,0.0233130761177,-0.0731233126286,0.119790388924,0.00568129906811,0.023957398597,-0.0414061596698,0.134945860844,0.00374472767156,0.0220408780159,-0.00840085773898,0.0945660780079,0.136888615262,0.100134765319,0.036550039562,-0.399111354192,-0.0445878150286,-0.165992871617
0.0712960866033,-0.0958019789185,0.00282924243844,0.0195968348713,-0.235624282092,0.0176468409859,0.27378015084,0.00213204891544,0.0398373729831,0.0493112862623,0.15744695303,-0.00313485534335,0.0231232182035,-0.0733068479933,0.118217077784,0.00478036091242,0.0223688136001,-0.0442370441535,0.134838571977,0.00391003646534,0.0211869263019,-0.0105838487205,0.0925946947797,0.136097570322,0.100008842355,0.0358148077707,-0.403770106312,-0.0466562911432,-0.169373209413
0.0714315765097,-0.098370396482,0.00292988564467,0.0178623640446,-0.237657838439,0.0173072747661,0.274370730987,0.0021461135625,0.0393644913741,0.0483112691807,0.157611151502,-0.00258015724377,0.0223514868827,-0.0723108660818,0.118187113897,0.00387200585414,0.0229269524707,-0.0470129195683,0.134980450068,0.00333543404723,0.0192788788308,-0.0115975890318,0.0903700344961,0.13540877286,0.100423462199,0.0354009871386,-0.407772915206,-0.0484523409379,-0.172425706424
0.0722385076434,-0.0992453769187,0.00300726294503,0.0188494935147,-0.23804930455,0.016897377907,0.275657453167,0.00272861371093,0.0392613492246,0.0492243360754,0.157714531729,-0.00227227271897,0.020545571478,-0.0700838020208,0.117969653128,0.00156051702781,0.022941443366,-0.0484175440421,0.135641691414,0.00307923791108,0.0174885308163,-0.013126093875,0.0884310478628,0.135617374284,0.101852369245,0.0363235605296,-0.410317895179,-0.0488956176874,-0.174301977158
0.0742288876588,-0.099306554929,0.00288285832008,0.0186286730562,-0.237166585073,0.0162479854023,0.278278474209,0.00261579262837,0.0374664283818,0.0520065416892,0.158760092453,-0.00103790177628,0.0189320599255,-0.0678125782048,0.119027435807,0.000620213218964,0.0227410433953,-0.0481203162725,0.137116434107,0.00278529941232,0.0167330425096,-0.0128010881104,0.0884723797912,0.137137729096,0.104084895388,0.0382863428745,-0.41246473995,-0.0485159875988,-0.17525736302
0.0753905091116,-0.099277710434,0.00392572266123,0.0187555438657,-0.238866661478,0.0152023704577,0.280070630183,0.00323009239177,0.0364659752778,0.0523861718551,0.159640715927,-4.4897165062e-05,0.018301761277,-0.0673392310937,0.119427538198,-8.81456950989e-05,0.0218285973329,-0.0482794166715,0.137832718428,0.00314250555832,0.0164094337738,-0.0115120607871,0.0876164318902,0.137875537338,0.105393660568,0.0387978134005,-0.414867426217,-0.0489250647575,-0.177043602942
0.075073352104,-0.101269981509,0.00347077172596,0.0184460191747,-0.241201701311,0.0142432201473,0.280809198045,0.00312899569247,0.0353138868549,0.0516091911769,0.158638868524,-0.00113826407237,0.0186165426229,-0.0673810375345,0.118137141558,-0.00109141146184,0.0188276425542,-0.0497639730559,0.137318069768,0.00215503227531,0.0171617836063,-0.0128624986223,0.0849146611091,0.136800655992,0.105335046547,0.0384314536869,-0.418323541389,-0.0505931649408,-0.17996442307
0.0753658102958,-0.102658042957,0.00232528207347,0.0190944600244,-0.242840286195,0.0136873167519,0.28188286564,0.00277604505557,0.034336231846,0.0511904126027,0.15813158939,-0.00132731841822,0.0174309210275,-0.0674568982618,0.117121394861,-0.0022603819759,0.0181602709028,-0.0497430263858,0.137041681955,0.00257972302899,0.017324867273,-0.0141313214125,0.0831798439243,0.136333766245,0.105845763674,0.0382601635493,-0.421344299619,-0.0519258915177,-0.18224061165
0.0784037916261,-0.101027781849,0.00193238147137,0.018808254455,-0.241045444629,0.0124758418161,0.285418230199,0.00293402447546,0.0342149153772,0.0535728453478,0.16078493256,-0.00165483170831,0.0169994184213,-0.0628395893305,0.119369251733,-0.00256255810453,0.0178656280265,-0.0488699612034,0.140148631712,0.00337597724549,0.0175058594903,-0.0127886685752,0.0846965743329,0.139096455154,0.109548470078,0.0413644491956,-0.421377555605,-0.0499036491728,-0.181655072603
0.0790007703518,-0.10246241653,0.00174638119337,0.0185692872613,-0.242833191506,0.0136605327544,0.286217725891,0.0031906405343,0.0323424696761,0.0531114201833,0.160828793225,-0.00244340478258,0.0152123968563,-0.0624421211167,0.119437160866,-0.00263836732877,0.0186436255686,-0.0481967779317,0.140986990104,0.00261915642226,0.0165371687339,-0.0129591328392,0.0838230018854,0.139418870859,0.110287476628,0.0414493508802,-0.42438497987,-0.0508681773118,-0.183619642399
0.0804102779551,-0.102048929836,0.00160995369615,0.0190329642784,-0.243802905622,0.0136065540108,0.28770233441,0.00304291719341,0.0318280119246,0.0533745309711,0.162280301355,-0.00221634004264,0.0151716777638,-0.0597942393352,0.120066421823,-0.00316609221957,0.0190286163523,-0.0457794934098,0.141865430078,0.00170161019447,0.0164924280472,-0.0142540230955,0.0839279911599,0.140506620741,0.111975491774,0.0431829506307,-0.425531550521,-0.0502243918009,-0.184206020986
0.0804986880702,-0.103553415131,0.0023976110449,0.0196775911293,-0.244729442995,0.0142398434415,0.288441211658,0.00392300848197,0.0308621241935,0.0536047998227,0.162059793965,-0.0017952969845,0.0155584389326,-0.059516808672,0.120189962587,-0.00234161573723,0.0181399165872,-0.0462796040134,0.141408700485,0.00128943112118,0.0165505789001,-0.0164369873004,0.0834264224097,0.140671461879,0.112153083459,0.0433444940082,-0.42843300542,-0.0508821400782,-0.185823191292
0.0804767212367,-0.104780399719,0.0024480465236,0.0184530831469,-0.245831508542,0.014593448849,0.289272769157,0.00411409648729,0.0292942524497,0.0547293679925,0.161673446498,-0.00164851068275,0.0151740395269,-0.0605139879367,0.119449287181,-0.00155839587068,0.0170718803121,-0.0466543394056,0.140849766298,0.0022629354877,0.0174719476589,-0.0186101629852,0.0817058555981,0.140297447439,0.112377485615,0.043657592536,-0.431101357333,-0.0517794369909,-0.187722370168
0.0804178056294,-0.106636278216,0.0022339462974,0.0183784533036,-0.247301030038,0.0144484341696,0.289770159732,0.0047599118297,0.0297481609281,0.0537364481103,0.160881654998,-0.00137750162452,0.0145763163969,-0.0620403617366,0.119294305226,-0.00119334544783,0.0166020005224,-0.0460284465824,0.140788175853,0.00296532782528,0.017394257661,-0.0187590982881,0.0797664154138,0.139761005493,0.112567522724,0.0436558911872,-0.43367192197,-0.0527929636104,-0.189755540576
0.0817418220574,-0.106351984385,0.00267940833033,0.01885524489,-0.247342195343,0.013598455317,0.29171092612,0.00511060531546,0.0287812359668,0.054084326848,0.162432925716,-0.000431357283015,0.0148604391354,-0.0605536253943,0.120565112086,-0.000917601429246,0.0167410165285,-0.0449390830424,0.141780178467,0.00241212197704,0.0167183640082,-0.019359468355,0.0804311158113,0.141059818451,0.114246757328,0.0451942718278,-0.43473757027,-0.0522272452428,-0.190286129796
0.0817475126773,-0.106359232104,0.00267550832629,0.0188526426087,-0.247356482574,0.0135983400332,0.291729175415,0.00510885246659,0.0287792588776,0.0540891721307,0.162441116794,-0.000430438442872,0.0148574092925,-0.0605545671352,0.120571701098,-0.000920219796578,0.0167389754252,-0.0449439648045,0.141788131588,0.00240800817262,0.0167168701828,-0.0193615937515,0.0804335828785,0.141067953466,0.114254573192,0.0451974659569,-0.434764193927,-0.0522309081804,-0.190299251624
0.0817520516932,-0.106369199509,0.00267459365741,0.018851504558,-0.247372686746,0.0135951565235,0.291746429944,0.00510781705165,0.0287762558802,0.0540920804874,0.162447460077,-0.000433379706964,0.0148521574076,-0.0605578213568,0.120575179793,-0.000920814981888,0.0167329921508,-0.0449490310114,0.141793919511,0.00240893066179,0.0167132562314,-0.0193680924707,0.0804319521015,0.141073616324,0.114261928933,0.0451992592465,-0.434797464232,-0.0522376982009,-0.190316760003
0.0817568299655,-0.106377647887,0.0026743840531,0.0188483353473,-0.247389546464,0.013593101482,0.291763460024,0.00510678734965,0.0287720389542,0.054093531829,0.162454257151,-0.000435021926225,0.0148502832268,-0.0605599921321,0.120579864658,-0.000922248934613,0.0167314405798,-0.0449537909649,0.141800078844,0.00240437728637,0.0167099289832,-0.0193748197631,0.0804330973028,0.141079788773,0.114269327954,0.0452016957443,-0.434828627631,-0.05224379784,-0.190333079537
0.0817605519532,-0.10638562336,0.00267315813633,0.0188449528858,-0.247404561982,0.0135913538862,0.291778030148,0.00510589072769,0.0287689837833,0.0540954549449,0.1624602841,-0.000434280376562,0.0148489056561,-0.0605611605706,0.120583567654,-0.000923700905781,0.0167309127512,-0.0449583078293,0.141805606323,0.00240219070305,0.0167064638979,-0.0193802882984,0.0804323410582,0.141085159134,0.114275382856,0.0452035015309,-0.434856179475,-0.0522491710649,-0.190347630325
0.0817651335535,-0.106390866587,0.00267254896437,0.0188430590349,-0.247414737045,0.0135921282279,0.291790779675,0.00510459095042,0.0287661263051,0.0540999543478,0.162466575484,-0.000435496296316,0.0148472042847,-0.0605635877302,0.120589070753,-0.000925124361489,0.0167295474787,-0.0449593031082,0.141811925664,0.00240126185356,0.0167040130935,-0.019383675032,0.0804327241895,0.141090688826,0.114282136086,0.0452069342949,-0.434875677534,-0.0522517832319,-0.190357594535
0.0817693080249,-0.106400544721,0.00267117979648,0.0188398164492,-0.247431320709,0.0135885049704,0.29180486788,0.0051045195885,0.0287640769186,0.0541040557639,0.162472573118,-0.00043466933081,0.0148440668501,-0.0605625053026,0.120591985952,-0.000925818723133,0.016726501116,-0.044964013428,0.141818177437,0.00239917628664,0.0167003405008,-0.0193923365997,0.080432684808,0.141096564492,0.114288752412,0.0452084112831,-0.434904431452,-0.0522576130041,-0.190373132089
0.0817733252128,-0.106407859782,0.00266779526899,0.0188380143533,-0.247441779279,0.013587086303,0.291817983316,0.00510681795945,0.0287601251579,0.0541083269376,0.162479185634,-0.000434118823127,0.0148426029693,-0.0605613949214,0.120595576639,-0.000928231698839,0.016724777831,-0.0449681299361,0.141823245827,0.00239630857972,0.0166973038278,-0.0193976687047,0.0804321780044,0.1411013476,0.114294772369,0.0452114010792,-0.434925438082,-0.0522605350762,-0.190384024614
0.0817769774359,-0.106418713063,0.00266633254948,0.0188358593751,-0.247460858264,0.0135844440315,0.291834673341,0.00510495685657,0.0287543302662,0.0541093501225,0.162485539068,-0.000435123723826,0.0148403327992,-0.0605614447915,0.120599131375,-0.000930590034109,0.0167219218241,-0.0449746570777,0.141829401993,0.00239414609949,0.016695572464,-0.0194059693449,0.0804296119203,0.141106433638,0.114300805334,0.0452117198326,-0.434957354646,-0.0522680723852,-0.190402311693
0.0817810334395,-0.106424333967,0.00266406037353,0.0188334470942,-0.24747119756,0.0135815430574,0.291846118614,0.00510305924101,0.0287532173173,0.0541107055905,0.162490825486,-0.000436607677374,0.0148382980248,-0.0605631959623,0.120602192194,-0.000934156370906,0.0167198557729,-0.0449768758378,0.141834337804,0.00239144911524,0.016695601137,-0.0194067980033,0.0804283696635,0.141110874209,0.114306552123,0.0452138440453,-0.434976855022,-0.0522710799465,-0.190412232971
0.081785020636,-0.106431554619,0.00266333172483,0.0188314286161,-0.247483827502,0.0135798070237,0.29185986269,0.00509921327874,0.0287508282836,0.054112538204,0.162497387839,-0.000437461261652,0.0148355646984,-0.060564079653,0.120606703739,-0.000936529982406,0.0167202264029,-0.0449802790126,0.141840894836,0.00238881356945,0.0166940751584,-0.0194084122358,0.0804291433396,0.141116567222,0.114312249727,0.045216019175,-0.435000786506,-0.0522750887838,-0.190424362347
0.0817884138324,-0.106442589166,0.00266160272611,0.0188290776923,-0.247501730258,0.0135775987096,0.291874484068,0.00509543241818,0.0287479911363,0.0541149085195,0.162502561874,-0.00043975692414,0.0148311145425,-0.0605648875091,0.120608684346,-0.000939575379729,0.016719126621,-0.0449868650429,0.141846340158,0.00238545295385,0.0166898999074,-0.0194171260402,0.0804252849843,0.141120541758,0.114317757752,0.0452168498531,-0.435032552019,-0.052282665499,-0.190441974974
