-0.075494696306,-0.0867686422365,0.0535826108564,0.0578920250746,-0.084159037558,0.0600974046137,-0.0729445506183,0.0468953221757,0.0485553064575,-0.0822838617177,-0.0728515850474,0.0535556001118,0.057169209302,-0.0903640148232,-0.0750518235655,0.0512184689842,0.0506600709637,-0.0646684361605,-0.0715202733139,0.0556348563946,0.0532618652113,-0.0740740572856,-0.0776256248716,-0.0796667373862,-0.0829392952309,-0.0838802977835,-0.0866667112401,-0.0872654236048,-0.0808597867562
0.725952621515,0.678443168819,-0.00755963203767,0.093331528271,0.631160738932,-0.0137275906472,0.787000519388,-0.033746982066,0.0915168315414,0.674687101532,0.779561675568,0.0200647366678,0.0591154962764,0.676423103379,0.747683093376,-0.034333606993,0.0528715916171,0.71735223436,0.753985933376,0.0235278192897,0.100711978523,0.721519752896,0.859228707388,0.778139476918,0.757994056208,0.722200979501,0.619945877088,0.735159975927,0.66199484278
-0.0506942361369,-0.129730025405,-0.0179154870247,0.11096696171,-0.182065198,-0.00800589414925,0.0649603089606,-0.0412608511078,0.08844110885,-0.0641439756311,0.0451864210435,-0.0122694987835,-0.0301228662908,-0.124608867681,-0.00140566713719,-0.01501211638,0.0610723716253,-0.12354891554,0.0125656988362,-0.0179024012583,0.126858072842,-0.072057050434,0.0778746382244,0.0163938573652,-0.0614597982677,-0.0711950324593,-0.161283661185,-0.0689429700032,-0.093926789522
0.243657041156,0.151325071433,-0.0108029305711,0.0983712464836,0.0852242636165,-0.000729306377497,0.362900016512,-0.0209991250292,0.0544515592912,0.234808377205,0.331659606231,0.0268014090598,0.0114623003316,0.140622839932,0.29112849783,-0.00526626448573,0.0186175967804,0.163159284284,0.320139008955,-0.0167515749121,0.129235989844,0.277287455067,0.367602053344,0.313138109164,0.254022359787,0.229309383908,0.0912978877754,0.225229371359,0.171215313813
-0.214338814523,-0.331816501832,-0.0191368799378,0.120108038654,-0.433718198873,0.00141038707282,-0.0838761087475,0.00423823046612,0.0464781722753,-0.221127381549,-0.126299272383,0.0283753664338,0.0271620804107,-0.358766813037,-0.157805534322,-0.0207392319758,0.0342857802101,-0.299022569766,-0.113135798392,-0.0448192525257,0.0973123832441,-0.160244626828,-0.108209041516,-0.154223528286,-0.22672497571,-0.250038886517,-0.375049359742,-0.26306636986,-0.296590988681
0.2370022459,0.108067632356,-0.0301244051039,0.106022002018,-0.00013739646749,0.0288717482678,0.367534226018,-0.0117794701904,0.0501158072053,0.22761676747,0.322651637384,-0.0232588912056,0.0281988284655,0.0890761863332,0.284550015576,-0.0326270977833,0.0103876674583,0.134379600349,0.344717190339,-0.0668456387779,0.0976478375844,0.249162879073,0.378066924165,0.31609023252,0.245805162082,0.207276261696,0.0366648199982,0.200938526666,0.123257611574
-0.0849126384011,-0.225040614082,-0.00683469814541,0.0965285975448,-0.350482960806,0.0514659321196,0.0505822412356,-0.0092576484018,0.0628334716417,-0.0684618433504,-0.00139192746439,0.000170986442772,0.023649753262,-0.279287952364,-0.0354811249291,-0.0328770767371,0.0180925980356,-0.194267117959,0.0283223086212,-0.0751852705098,0.0791133868486,-0.0934460924849,0.0267388842583,-0.0207210083324,-0.0922127293799,-0.120691016631,-0.308033137639,-0.150389163318,-0.212826829753
0.163891546471,0.0074105541972,0.00695381473102,0.0990559091462,-0.10897214632,0.0412788294972,0.305154740127,0.000136046165728,0.0527701976931,0.177725565231,0.249904961148,0.0119230647104,0.0289476841644,-0.0384703523408,0.219265988238,-0.011728212168,0.035169667013,0.0572417738211,0.285240321097,-0.0508803425223,0.0632789799839,0.148968475269,0.298730303916,0.244918107128,0.170744380799,0.127514911232,-0.0794518895744,0.106658435366,0.020244189434
-0.0463700048229,-0.194247186423,0.00872211536866,0.107493994812,-0.35337328616,0.0436912091204,0.100772801684,-0.00270142609467,0.0680079757287,-0.0125894035033,0.0517798033815,0.00996985303514,0.0223253389072,-0.245258217674,0.00897283224435,-0.0238546752538,0.0267892849211,-0.189079383655,0.0809666392277,-0.0561242092791,0.0693288569288,-0.0687240435948,0.0819105316738,0.0345490577112,-0.0500288101762,-0.0884277552837,-0.295972962568,-0.114065486749,-0.191687320306
0.122240689295,-0.0264616354745,-0.000456929374947,0.107770674866,-0.193055036886,0.0373138417077,0.275391988954,0.0048228010005,0.0568781495415,0.159164546406,0.22297082987,0.008695935765,0.0205319574613,-0.0730874681021,0.183571843778,-0.0232543550581,0.0148959971347,-0.00658846253687,0.25749320071,-0.0479358733216,0.0663413923735,0.108640697331,0.260493637604,0.213474122742,0.130297044297,0.084856775654,-0.143424257592,0.0577738593959,-0.0352990728757
-0.0135947368872,-0.160672732749,0.0103805349958,0.0946094174713,-0.347661080067,0.0391068222299,0.135783896395,0.0124957194794,0.0625389578513,0.0184484351474,0.0851529393366,0.00443373374499,0.0224273849467,-0.201513236768,0.0450498191394,-0.0147605512434,0.00722908991512,-0.154400418799,0.119153742675,-0.049896407623,0.0598510174382,-0.0457107438994,0.115870329846,0.0734712014942,-0.0127564842653,-0.0566784483319,-0.300035124453,-0.0933933358953,-0.179534363274
0.089035927261,-0.0657333892542,0.00377532621053,0.0938216282648,-0.246331431424,0.0553616641589,0.242590551932,0.012278278985,0.0640555671773,0.107882413676,0.188545446397,0.00586756662262,0.0181167440374,-0.0894350852649,0.153166273648,-0.00732179100623,0.00966012366491,-0.0376148339404,0.224545978435,-0.0368872648884,0.0533098189712,0.0556301834777,0.22190543417,0.179636774514,0.0955736092684,0.0481461770914,-0.214936210963,0.00777242077445,-0.0883134798754
0.0281641500176,-0.131672741872,0.000977917004607,0.0919176866637,-0.308252346266,0.0390481177376,0.189148369079,0.0136887827135,0.0605705411863,0.0457529224613,0.132226030691,-0.00547714809958,0.0189304302398,-0.148672465851,0.0957899744529,-0.0223209924846,0.0205919354111,-0.0877763220182,0.165919666799,-0.0387981610404,0.0449293233197,-0.0284039115052,0.149356988694,0.113932827197,0.0314043125588,-0.0122732395065,-0.282223723029,-0.0590063932575,-0.153640282855
0.0617949486318,-0.100686589244,0.00152200655798,0.0894680317317,-0.276512880338,0.0346229398585,0.222990468269,0.0235471951169,0.0581682884784,0.0714105453623,0.165187404684,0.00130164745462,0.0253771373132,-0.107112896723,0.128419987537,-0.0162971766322,0.0190923434997,-0.0478856750478,0.197770252528,-0.0415054554619,0.0407537745731,-0.0053649346428,0.178885014458,0.148359960771,0.0684850244288,0.0209081770242,-0.262574890491,-0.028148007898,-0.127728910941
0.0445516188226,-0.120006242432,0.0204428616758,0.0878542932268,-0.290618082649,0.0383679762466,0.211122140097,0.0324461812972,0.0467120336706,0.0594266582107,0.146052866527,0.0161969174108,0.0311625709975,-0.116722388633,0.106588362326,-0.0127374888252,0.0168031692603,-0.079785882905,0.180179610197,-0.0336043794349,0.0335054770629,-0.0305548473429,0.15182923549,0.127955920227,0.0514310581886,0.00361362152361,-0.287101088702,-0.0496356702316,-0.150612542466
0.0590907273031,-0.107401140718,0.0200822417315,0.0816881868695,-0.278067230413,0.0445486477507,0.226249246638,0.0329460207402,0.0466824789314,0.065415337693,0.160466824639,0.0167355806945,0.0289713690797,-0.102517835497,0.119629387199,-0.0106663217056,0.0216094362702,-0.0511460473333,0.190513724132,-0.0294980958932,0.0283712264759,-0.0296975856326,0.164108646213,0.141927571105,0.0663767807238,0.0169448543033,-0.283051933033,-0.0382788543565,-0.141931391743
0.0553499569545,-0.11461341794,0.0199319961794,0.0807873929996,-0.28637729186,0.04460973903,0.222141896514,0.0317053600566,0.0500760118942,0.0552212029459,0.157951683087,0.0198009803656,0.0286070502231,-0.102954880818,0.113308483499,-0.00849490067934,0.0182151432073,-0.0560938786843,0.180993983756,-0.0304892940232,0.0240295559172,-0.0365127834159,0.157469977647,0.138465136231,0.0629313494455,0.0108427731881,-0.299418137042,-0.0465846329099,-0.151665658712
0.0568451756579,-0.116879043499,0.0184751454146,0.0770466060246,-0.286053138,0.0505119129567,0.227096376917,0.0268633752662,0.0475615684862,0.0571999363612,0.157029956852,0.0170938913587,0.0238850336516,-0.0929010628766,0.112184805703,-0.00596117340751,0.0206040719418,-0.0573946937031,0.181823790491,-0.0288706982921,0.0182629588796,-0.043150027563,0.157745925822,0.139298000027,0.0646819627821,0.0105944161259,-0.306242236403,-0.0472334691776,-0.155049038696
0.0540998700113,-0.1245424363,0.00886845683096,0.0691240310455,-0.29695224349,0.04460457603,0.224089380145,0.0231938795283,0.0473379068349,0.0500236283369,0.14925955438,0.0147106358858,0.0229572782838,-0.0939296962794,0.108452361848,-0.0051220261765,0.0208595610112,-0.0606376615188,0.178000873506,-0.027563484866,0.0167557325159,-0.0436636717828,0.147661954437,0.13332351115,0.0622140769154,0.00519259657535,-0.319053800419,-0.0539526238967,-0.16367536447
0.0643920280173,-0.119102610238,0.0102963231806,0.0684777438416,-0.288849190621,0.0432859982606,0.235659331978,0.0170003109526,0.052544337003,0.057652057285,0.160621339558,0.018076899698,0.0183988664488,-0.0861288809393,0.116537979687,-0.00645912257092,0.0146390905874,-0.051597354495,0.189110445266,-0.0255790587517,0.0173496044149,-0.0327911213874,0.153361284963,0.142355949199,0.0729071190448,0.016674489234,-0.316078529361,-0.0460948103931,-0.158310958125
0.0650824248552,-0.120886232966,0.00794334914524,0.0668923865856,-0.286769885845,0.0443715469307,0.239039820033,0.00981917868517,0.049085491723,0.0614083065829,0.16109175775,0.0222149776306,0.0129932279916,-0.082947443453,0.115615876888,-0.00943657492566,0.0160274806393,-0.0539883372161,0.187673044148,-0.0178652985498,0.0225526590778,-0.0401047639063,0.152431091324,0.142924830298,0.0750089283605,0.0159917205999,-0.321231107135,-0.0471701094303,-0.161457077651
0.0602407371365,-0.129284871454,0.00300424792596,0.0604996331705,-0.291931961263,0.0433977859372,0.235145803133,0.00520494611143,0.0462730781858,0.0526032697469,0.155629637562,0.0211382579205,0.0169598334108,-0.0825123387125,0.106450319171,-0.00887700194107,0.0170199301514,-0.0654666965016,0.181645616233,-0.0193179664911,0.0166968247004,-0.0449791430558,0.139253444129,0.134156073719,0.071131986997,0.00970157204982,-0.332544585882,-0.056503240806,-0.172679791514
0.0707193855943,-0.119780327688,0.00436920596235,0.0633464879404,-0.280881452547,0.0395893111352,0.246719987613,0.00869834815009,0.0363655155761,0.0603585085725,0.163828961833,0.0241145854425,0.0216649599817,-0.0788174372117,0.117187524812,-0.00747444721654,0.0155068076404,-0.0512928124508,0.192222466482,-0.023273143259,0.0165823076802,-0.0304573471192,0.149932065404,0.144606703706,0.0825774961838,0.0206816598693,-0.327980069985,-0.0474090019886,-0.165194953459
0.0712439913006,-0.122992398396,0.00359463353445,0.0586885202276,-0.283298289396,0.0349657411939,0.246645428251,0.00862723295419,0.040941878233,0.0608462875298,0.161831292332,0.0214218245611,0.0174600720319,-0.0743124149449,0.117889991646,-0.00875610523276,0.0125084774204,-0.0516410810598,0.190119104304,-0.0200248061724,0.015462944816,-0.0291806779959,0.14829563266,0.143682141132,0.0839908240043,0.0202857978499,-0.332154618347,-0.0500686292361,-0.170184260663
0.0772932559088,-0.119898333665,0.00648503583741,0.0611474052594,-0.280343811065,0.0340430151661,0.249859789809,0.0072386934364,0.0391176971392,0.0685350695431,0.1657394574,0.0169183187275,0.0175489973476,-0.0703023659668,0.118979562464,-0.00688691525239,0.0108089095513,-0.0494604403634,0.192267435838,-0.0173285298753,0.0108838547343,-0.0207422577951,0.151139546487,0.148537469755,0.0904446638917,0.0258973563517,-0.333055560117,-0.0463829594624,-0.168294832981
0.0695348758072,-0.128482934742,0.00998852168657,0.0592205556287,-0.291520094328,0.0325879013313,0.243808317383,0.00497873855704,0.0400619639317,0.0556842414427,0.156398340438,0.0181468125625,0.0167411639904,-0.0777785135518,0.109612327175,-0.00293180349405,0.0118750633238,-0.0601158706784,0.184105352636,-0.0144975916841,0.00713505664468,-0.0261112812329,0.141496164577,0.1408504628,0.0829951696987,0.0175147367395,-0.347359963504,-0.0562366949713,-0.178226524248
0.0734870484842,-0.125762926546,0.0134453734973,0.0591448941687,-0.285748611876,0.0334525902262,0.247779049783,0.00577911604619,0.0360192047057,0.0547639990347,0.159202738682,0.017391360327,0.0140292809395,-0.0741573878839,0.110668704292,-0.00199515578742,0.00634596819278,-0.0534792804718,0.187923089317,-0.00909896666881,0.00645221631166,-0.0175907138075,0.144202780908,0.144179477518,0.0876860577394,0.0223765567409,-0.349676036959,-0.0535359444114,-0.176953515831
0.0776716167903,-0.122961888171,0.00567003334814,0.0570112802743,-0.28238131365,0.0290561351975,0.254282556274,0.000112109001528,0.0322411041172,0.0566707153,0.161319747176,0.0162938769105,0.0140085195927,-0.0713137059364,0.114408864208,-0.0035908420961,0.0035935669371,-0.0500534627795,0.191177796816,-0.0105514372467,0.0113220308325,-0.0139157966316,0.146084392284,0.146005160424,0.092513053562,0.0270669936536,-0.350950287343,-0.0518177067383,-0.176453136457
0.0719417156467,-0.131237356165,0.00120899954471,0.0544426830658,-0.288203659432,0.0267693552512,0.249463632112,0.00107015181625,0.0332152825376,0.0490568830089,0.154028892818,0.013316778002,0.0146026144872,-0.0758156806768,0.104663980119,-0.00401783900234,0.0025863712153,-0.0539540178189,0.184469384733,-0.0104424601879,0.00811112764806,-0.0232760532924,0.137518877986,0.13907078759,0.0873669885345,0.021126546582,-0.361161451801,-0.0593346163558,-0.185070962667
0.0754061910512,-0.130970914356,0.00397950808741,0.0502004460347,-0.285671363258,0.022620529257,0.254769887091,-0.000107211201998,0.0311706457329,0.0494433696713,0.156120609047,0.0182146093528,0.0171701593186,-0.0737626523898,0.108167713675,-0.00154321203694,0.00198509684948,-0.0524854203104,0.187639936401,-0.0107787329728,0.0132489316132,-0.0132589459443,0.138288560329,0.141933221957,0.0914840562873,0.0247403014264,-0.361623393036,-0.0573251178459,-0.18412148647
0.071961511748,-0.135978370931,0.000290682563642,0.0427386874653,-0.288059640824,0.0216848633787,0.251884167075,0.000786057745721,0.033000417751,0.0471345684324,0.153319411152,0.0207445500433,0.0174657296487,-0.0761455427952,0.103777987403,0.00411318723328,-9.12452017009e-05,-0.0597378906208,0.183100751381,-0.00925489584489,0.0172603491388,-0.015964741972,0.129620196116,0.136972667071,0.0884703948725,0.0234728374195,-0.367679427111,-0.0615709009708,-0.189482411224
0.0773192382009,-0.134095269004,0.0011211774433,0.0393012463197,-0.283421554129,0.0251072887259,0.256729159904,0.00134683794071,0.0305782942345,0.0530165038246,0.158665802278,0.0199184604178,0.0189929448442,-0.0714376515484,0.106896127496,0.00620414662437,0.00267901724437,-0.0570862078007,0.184497994758,-0.00884135154786,0.0188908982601,-0.00766651225021,0.133273674649,0.140827777537,0.0948992830425,0.0284456599619,-0.366647603926,-0.0577532915492,-0.187574721734
0.0763813094059,-0.13682905802,-0.00198291750096,0.0408103221378,-0.283930977693,0.0264955674266,0.25667975143,0.00249025743122,0.0311787698029,0.0517902024589,0.158421736111,0.0160395640877,0.0170543272432,-0.0703630424889,0.106585350995,0.00579899614702,0.00244506595773,-0.0586678782061,0.183201995333,-0.00854860455709,0.017288076771,-0.0137892118263,0.130263457504,0.139396689628,0.094101823826,0.0268713524295,-0.369917837884,-0.0600183012811,-0.190912289991
0.0750941846881,-0.140178525652,-0.00273431558156,0.0414517577207,-0.285196766676,0.0264335116531,0.255487741558,0.00160434197631,0.0276234530638,0.0480549104883,0.155909775034,0.0144574603549,0.0173584575367,-0.0730124030623,0.104367785193,0.00424262420003,0.00324467445482,-0.0588811933163,0.183062676417,-0.00809134965019,0.021246715987,-0.0115158496923,0.127942777822,0.137109523762,0.0934943403946,0.0256310576857,-0.375032606184,-0.0631608103355,-0.195170670771
0.0800096087247,-0.134934522309,-0.000835094376355,0.0433429597783,-0.278835020365,0.0227979852717,0.261067046237,-0.0022142545537,0.0303891846443,0.0518065633858,0.159400644951,0.0138589332771,0.0152571327692,-0.0683739444551,0.110311282869,0.00462837596368,0.00329534737272,-0.052665271737,0.186403156265,-0.00479666518989,0.0217629809864,-0.0107465464661,0.131798523999,0.142676436286,0.0993484155507,0.0306426491454,-0.373279854603,-0.058866211943,-0.192298787935
0.0769092979544,-0.141195068613,0.00159081468438,0.041775664006,-0.284405357351,0.022130488129,0.258560738721,-0.00462756987825,0.0283870808817,0.047440689642,0.154698021977,0.015581915584,0.0156482245174,-0.0700485125482,0.104787080839,0.00765646927661,0.00232020584489,-0.053999433512,0.180515078125,-0.00497662594151,0.0238961444245,-0.0149634652558,0.12616151438,0.1379119819,0.0955862449081,0.0250727741764,-0.38055254992,-0.0655481731733,-0.19984204826
0.0792165891855,-0.140442666036,0.00218405297412,0.0426839133346,-0.282005100784,0.0207635009036,0.259756154084,-0.006046978126,0.0268591330754,0.0507583686077,0.154028577633,0.0146505014898,0.0134072336415,-0.0659890903367,0.104786201036,0.008555096806,0.00341343205983,-0.0532753508101,0.180609020125,-0.00841888254807,0.0232380924769,-0.0152234592395,0.125100391031,0.138431058333,0.0978981304205,0.0273958692265,-0.382043531559,-0.0652413982918,-0.200714932727
0.0807035192232,-0.140173008705,-0.000670617843769,0.0417818876763,-0.283419959588,0.0205523185958,0.262193146872,-0.00584865020214,0.0277962728651,0.0555238706802,0.156378914399,0.0114908633477,0.0109202532506,-0.0652603726691,0.106284841836,0.0051839868832,0.000792558521919,-0.0533622966465,0.180326018118,-0.00817794134945,0.0226166553319,-0.0155650772602,0.126207572008,0.14018813271,0.0992433048282,0.0275866116392,-0.38286068545,-0.0649179679073,-0.201842821329
0.0805762275054,-0.140957077826,-0.000943421545932,0.0394678044424,-0.285164655539,0.0156527837405,0.26130216618,-0.00453832594647,0.0283026221429,0.0550566706918,0.156878827796,0.0112747430099,0.0134874423579,-0.0643325919594,0.105760797367,0.00383898154434,0.00127781425461,-0.0558624380707,0.17970658205,-0.00733609089569,0.0228234559764,-0.0196500393163,0.125234779844,0.140301170265,0.0994777499002,0.026703119199,-0.386090985876,-0.0667168731554,-0.204256393967
0.0857920828983,-0.137155466575,0.00216394887225,0.0400628583589,-0.281342259215,0.0152961954193,0.266287314701,-0.00480199668162,0.0285548310557,0.0566467349789,0.161969924009,0.0136496567158,0.0116516131011,-0.0583260585052,0.110978254912,0.00287292339962,9.01220982047e-05,-0.0500941537648,0.182468026627,-0.00859989450836,0.0240757339006,-0.0158463492224,0.129025428048,0.145434722446,0.105396546049,0.0324054035918,-0.384626914826,-0.0619396345549,-0.201229231156
0.0881606716202,-0.133487309685,0.00250618398567,0.0369608845278,-0.279938447477,0.0148500206654,0.269107242348,-0.00397083803497,0.0270265649577,0.0554728683408,0.163360109413,0.01356948617,0.011293249241,-0.0561535528876,0.113375476198,-0.00054825792939,2.99257674978e-05,-0.0479498174458,0.185469789475,-0.00651030046231,0.0241838782073,-0.0141654889301,0.130833470703,0.148026416904,0.108460754426,0.0349135982402,-0.385287008265,-0.0601683696241,-0.200551129105
0.0881642844196,-0.133512044769,0.00250263901334,0.0369436726265,-0.279976540394,0.0148439007601,0.26913016084,-0.00398231633302,0.0270193064043,0.0554669629718,0.163360353288,0.0135618315128,0.0112847135407,-0.0561509503674,0.11337173941,-0.000548541774837,2.1902335379e-05,-0.0479645989266,0.185472685851,-0.00651275059523,0.0241749195812,-0.0141800897991,0.130822137024,0.148031274967,0.108469957446,0.034912060314,-0.385359264271,-0.0601895948577,-0.20059318732
0.0881666670874,-0.133535776374,0.00250582865194,0.0369277471897,-0.280007045906,0.0148388910022,0.269145942635,-0.00398350291341,0.0270137570243,0.055451435464,0.16335626419,0.0135662586441,0.0112813184674,-0.0561481236866,0.113360650489,-0.000551405300399,1.35043546553e-05,-0.0479731421514,0.185471767494,-0.00649495044045,0.0241539655105,-0.0141968045798,0.13079646043,0.148025964826,0.108477956601,0.034906095484,-0.385428932253,-0.0602147203322,-0.200636928682
0.0881696344289,-0.133550860457,0.00250670541759,0.0369190696455,-0.280032268729,0.0148410578983,0.269162038252,-0.00398915068687,0.0270033017041,0.0554402895707,0.163356184598,0.0135604346393,0.0112852943406,-0.0561465055351,0.11335883391,-0.000545344639403,7.31961965903e-06,-0.0479787399235,0.185473762616,-0.00649014678955,0.0241486712787,-0.0142003627289,0.130787506427,0.148026734501,0.108483753048,0.0349055178823,-0.385483015256,-0.0602306249348,-0.200666821105
0.0881753024462,-0.133566658728,0.00249567812747,0.0369049517042,-0.280056362291,0.0148359228734,0.269179076066,-0.0039938149907,0.0270035104396,0.0554388253156,0.163358722242,0.0135517728444,0.01127599364,-0.0561425357058,0.113359359833,-0.000548664901986,3.69224054016e-06,-0.0479793199789,0.18548028817,-0.00649141571543,0.0241367893389,-0.0142178974748,0.130783765524,0.148032825484,0.108492563212,0.034905797555,-0.38553145573,-0.0602439918179,-0.200694747086
0.0881790383993,-0.133589075842,0.00249875438062,0.0368880697399,-0.280083589584,0.0148389826881,0.269196704571,-0.00399375486929,0.026994950767,0.0554384248542,0.163359907396,0.0135536615688,0.0112761676918,-0.0561476826401,0.113355725296,-0.000538271717195,-3.23808989698e-06,-0.0479851060964,0.185483756651,-0.00648406300615,0.0241217925853,-0.0142390688792,0.130769849189,0.14803327547,0.108501205476,0.0349054631639,-0.385590230708,-0.0602625614756,-0.200730957256
0.0881833069589,-0.133609575108,0.00249909463604,0.0368803507479,-0.2801142865,0.0148379420106,0.269214449651,-0.00399744054386,0.0269864064684,0.0554434294109,0.16336426281,0.0135547629336,0.0112684046912,-0.0561508772921,0.113352362471,-0.000537070101481,-7.87442251493e-06,-0.0479933716368,0.185486386639,-0.00648077670364,0.02410793652,-0.0142629596116,0.130757330545,0.148035824711,0.108508597638,0.0349040311384,-0.385649128057,-0.0602792547849,-0.200765971234
0.0881888642988,-0.133623380732,0.00249833295703,0.0368720863743,-0.280133183718,0.0148395070462,0.26922968178,-0.00400040903009,0.0269821407912,0.0554429298897,0.163370014948,0.0135509750725,0.0112719349846,-0.0561558270905,0.113356166931,-0.000536262296265,-7.49519885172e-06,-0.0479942071481,0.185494531056,-0.00647738047359,0.0240950353997,-0.0142628972808,0.130753807154,0.148040501205,0.108515746311,0.0349033148729,-0.385687500654,-0.060289560367,-0.200787640934
0.088192545348,-0.133642417487,0.00250398529315,0.0368545264008,-0.280155843721,0.0148399617608,0.269242618525,-0.00400523133698,0.0269712887348,0.0554389064638,0.163367816146,0.0135456184872,0.0112656730307,-0.056154562994,0.113351479341,-0.000526718716558,-1.42049042265e-05,-0.0479979835815,0.185497118114,-0.00646253260989,0.0240825775923,-0.0142754912812,0.130734977304,0.148038022835,0.108524004066,0.034899783266,-0.385744468542,-0.06031112731,-0.200825041475
0.0881975167475,-0.133651675461,0.00250253655556,0.0368436110733,-0.280170111604,0.0148373043617,0.269258214128,-0.0040147289068,0.0269717444804,0.0554306362858,0.163375640943,0.0135465893736,0.0112620575667,-0.0561527982364,0.113355991817,-0.000530865121052,-1.59098918612e-05,-0.0479970745527,0.185505530993,-0.00646496890735,0.0240789040963,-0.0142761359835,0.13073600486,0.14804311973,0.108531708062,0.0349035114983,-0.385773919828,-0.0603172871104,-0.200840100195
0.088200304379,-0.133671127996,0.00249873790124,0.0368338301501,-0.280193009737,0.0148314252863,0.269274009875,-0.00401985568273,0.026963142341,0.0554327134825,0.163375754656,0.0135475092012,0.0112584376349,-0.0561562798102,0.113354848499,-0.000527726920271,-2.15720252777e-05,-0.0480042529853,0.185506847467,-0.00646098435948,0.0240661076144,-0.0142877916641,0.130718631509,0.148040838676,0.108537310673,0.0349028756364,-0.3858227708,-0.0603349375385,-0.200871863366
0.0882058377577,-0.133674409537,0.00249399142062,0.0368294418714,-0.280202340969,0.0148289599381,0.269284580728,-0.00401756236592,0.0269616347441,0.0554369221214,0.163379485361,0.0135441506486,0.0112519388191,-0.0561550672852,0.113357130997,-0.00052400559743,-2.5323734393e-05,-0.0480017332265,0.185512284849,-0.0064589684254,0.0240619382038,-0.0142885986144,0.130720181472,0.148045536791,0.108544785018,0.0349056618491,-0.385843727364,-0.0603389705718,-0.200882599677
0.0882072533272,-0.133690098303,0.0024928580359,0.0368150536965,-0.280224316188,0.0148230395428,0.26929808726,-0.00401453782129,0.0269545951239,0.0554317316806,0.163376881966,0.0135420444757,0.0112462263482,-0.0561564961496,0.113348524716,-0.000523503607642,-2.60123193145e-05,-0.0480065230468,0.185508979809,-0.00645608364294,0.0240569940229,-0.0143076436605,0.130705736332,0.148045342474,0.108549660862,0.0349030951886,-0.38589329737,-0.0603559778593,-0.20091284311
0.0882099381936,-0.13369382399,0.0024927186858,0.0368054955417,-0.280235930963,0.0148215369485,0.269307725553,-0.00401479677655,0.0269483202723,0.0554342658123,0.163377971524,0.0135434756544,0.0112499569031,-0.056158033005,0.113349884016,-0.000519089546955,-2.83267021374e-05,-0.0480081374408,0.185511187431,-0.006450451019,0.0240490344305,-0.0143189824215,0.130699802676,0.148047252389,0.108555224694,0.0349045525483,-0.385920075326,-0.0603630549598,-0.200927617923
0.0882144610421,-0.13371146605,0.00249384287326,0.0367928259001,-0.28026631704,0.0148211536747,0.269323924002,-0.00401800990313,0.0269446566655,0.0554333046545,0.163378761798,0.0135395181087,0.0112416050904,-0.0561552144249,0.11335127695,-0.000518932275976,-2.95854427941e-05,-0.0480124580216,0.185514830673,-0.00644859262107,0.024034292325,-0.0143325817062,0.130689523441,0.148051241625,0.108562484804,0.0349029623183,-0.385971018505,-0.0603787730765,-0.200958422507
0.0882194734889,-0.13371457171,0.00249427029668,0.0367901690757,-0.280279196118,0.0148247430572,0.269336703561,-0.00401646291967,0.0269505904358,0.0554389982571,0.16338512496,0.0135386657876,0.0112347268626,-0.0561600647365,0.113356565726,-0.000516994267342,-3.03436874112e-05,-0.0480143672663,0.185521590512,-0.00644852484017,0.0240309738716,-0.0143285494293,0.130692319785,0.148056845965,0.108568777077,0.0349038132634,-0.385988188481,-0.060382851091,-0.200968206949
0.088223835537,-0.133724373245,0.00249689000005,0.0367868111588,-0.280287033541,0.0148247265266,0.26934901484,-0.00401380567811,0.0269468461996,0.0554358915364,0.163390579009,0.0135397341587,0.0112304459041,-0.0561653485585,0.113360074664,-0.000515302112535,-3.52151975696e-05,-0.0480124313127,0.185528027239,-0.00644858656316,0.0240270322807,-0.014330468703,0.130689155554,0.148059588622,0.108574769419,0.0349079912619,-0.386012100254,-0.0603883987782,-0.200980573164
0.0882277852234,-0.133733560999,0.00249551254766,0.0367852409731,-0.280299369958,0.0148256464478,0.269361222413,-0.00400967108984,0.02694402588,0.0554393667902,0.163393970629,0.0135363543751,0.0112283695869,-0.0561619640233,0.113360784555,-0.000509328124103,-3.35576261169e-05,-0.0480247871109,0.185532349146,-0.00645088639119,0.0240164014744,-0.0143332678224,0.130687398797,0.148063183729,0.108579671732,0.0349099318337,-0.386034783326,-0.0603948912807,-0.200995602752
0.0882310343603,-0.133743218004,0.00249348221744,0.0367782944476,-0.280316204683,0.0148215757269,0.26936966839,-0.00400719055236,0.0269387397224,0.0554388104473,0.163395788529,0.0135376576488,0.0112270539254,-0.0561609983625,0.113359492141,-0.000505075064772,-3.64924211997e-05,-0.0480274314224,0.185534258291,-0.00644762454856,0.024006251459,-0.0143402912276,0.130676295583,0.148063157374,0.108585637224,0.0349100948366,-0.386067959936,-0.0604064699579,-0.201017351869
0.0882341300994,-0.133757468982,0.00249284842819,0.0367698551794,-0.280333679079,0.0148171927738,0.269383546564,-0.00401168238931,0.0269339920466,0.0554361641767,0.163397868772,0.0135343647036,0.0112277707345,-0.0561677855329,0.113357945895,-0.000505346884598,-3.78146942504e-05,-0.0480260486664,0.185538832375,-0.00644346030824,0.023997064035,-0.0143538587485,0.130668580415,0.148066153799,0.108592896412,0.034909487487,-0.386108758051,-0.0604188083032,-0.201041308078
0.0882359980929,-0.133770158748,0.00249406351846,0.0367633919903,-0.280345285702,0.0148140973789,0.269395550056,-0.00401166010292,0.0269340005027,0.0554328991599,0.163401797548,0.0135389805608,0.0112252837049,-0.0561672856659,0.113356072518,-0.000502216452579,-4.40017994671e-05,-0.0480397215042,0.185542320149,-0.0064415854874,0.0239946263549,-0.0143534985633,0.130661449405,0.148066869245,0.108597684099,0.0349100220449,-0.386142382122,-0.0604280394056,-0.201060249992
0.0882648760215,-0.133786748177,0.00249112804035,0.0367287387568,-0.280361885261,0.014785222521,0.269443243124,-0.00402414419574,0.0269220681336,0.0554280975817,0.163416695488,0.0135250351791,0.0112147607334,-0.0561364759571,0.113364565276,-0.00051153642469,-6.37994254618e-05,-0.048032076671,0.185549182728,-0.00643063070144,0.0239963557474,-0.0143459051555,0.130645566648,0.148082769936,0.108637912608,0.0349296796368,-0.386235397532,-0.060447014397,-0.201117105035
0.0882964290641,-0.133803537021,0.00249321186271,0.0366919225975,-0.280371296568,0.0147475830618,0.269492584185,-0.0040323506719,0.026905618948,0.0554311249798,0.163433765064,0.0135172784507,0.0112010007062,-0.0561040491741,0.113374980102,-0.000505877950209,-7.59585912722e-05,-0.0480231234081,0.185554699775,-0.0064156831201,0.0240080699768,-0.0143450116965,0.13062973345,0.148101592984,0.108681548424,0.0349543173002,-0.386327593163,-0.0604613974024,-0.201172230717
0.0883292014678,-0.133818088567,0.00249730545095,0.0366510169152,-0.280379527379,0.0147143098588,0.269540802546,-0.00404884739588,0.0268847749325,0.0554259287207,0.163446553954,0.0135089990099,0.0111911395458,-0.0560663945179,0.113380994763,-0.00050584756572,-9.04436880245e-05,-0.0480108580922,0.185558427799,-0.00639895577268,0.0240166944062,-0.0143400575399,0.130601471127,0.148115080996,0.108726782641,0.0349794931182,-0.386426347769,-0.060480801324,-0.20123176685
0.0883549092086,-0.133832742202,0.00249560512925,0.0366242611637,-0.28038102516,0.0146943589626,0.269577075717,-0.00405638473386,0.0268696408167,0.0554262067205,0.163455262449,0.0135005704696,0.0111796528045,-0.0560445815032,0.113388464964,-0.000506554095258,-0.000103132716057,-0.0479995982167,0.185561793884,-0.00638934228344,0.0240204550389,-0.0143247178463,0.130582700173,0.148126511555,0.108761813187,0.0349981426316,-0.38649964273,-0.0604944971597,-0.20127502811
0.0883766271512,-0.133843712811,0.00249468285839,0.0365965662949,-0.280392545393,0.0146790370715,0.269611939199,-0.00406578422655,0.0268575728767,0.055430526643,0.163465626363,0.0135035813237,0.0111720026303,-0.0560213049279,0.113396598382,-0.000505317214229,-0.000113885872194,-0.0479944282,0.185566696576,-0.00638302844156,0.024025734765,-0.0143198768329,0.130574329969,0.148141383938,0.108790421637,0.0350137558,-0.386561928091,-0.060504022134,-0.201311705555
0.088403556598,-0.133859916383,0.00249034310692,0.036570185322,-0.280408038312,0.0146559841532,0.269654344498,-0.00407996825447,0.0268423679471,0.0554282173504,0.163479628906,0.0134965964952,0.0111596161789,-0.0559950797347,0.11340590744,-0.000509480981019,-0.000124294926119,-0.0479907025039,0.185574717362,-0.00637591517676,0.0240290160327,-0.014309721143,0.130560451967,0.148157440332,0.108827350103,0.0350309556869,-0.386649545115,-0.0605207994867,-0.201362231801
0.088422817727,-0.133871253751,0.00248759573007,0.0365465949708,-0.280416807769,0.0146393934122,0.269682431383,-0.00408988976932,0.0268271798396,0.055429537005,0.163485459716,0.0134946172346,0.0111512917362,-0.0559712988745,0.113406991133,-0.000508413271606,-0.000132630556029,-0.0479875473767,0.185573970559,-0.00637019567367,0.0240369650996,-0.0143139785985,0.130544393756,0.148166179279,0.108854538028,0.0350451959658,-0.38671602812,-0.060533821245,-0.201401090491
0.0884354353287,-0.133883824335,0.00248993571373,0.0365246871858,-0.280427067115,0.0146317136795,0.269704466407,-0.00408943204203,0.0268217921544,0.0554222489595,0.163490281418,0.0134971081403,0.011144410996,-0.0559553715928,0.113407661462,-0.000506123567518,-0.000136404647249,-0.0479795140721,0.185574036875,-0.00636039399812,0.0240339458079,-0.01431293439,0.130530469384,0.148171664522,0.108872929489,0.0350538798479,-0.386765974496,-0.0605455342213,-0.201431546378
0.0884550483521,-0.133890331945,0.00249072464841,0.0365054860758,-0.280430886613,0.0146127224747,0.269731857252,-0.0040962779687,0.0268106256702,0.055424201657,0.163496742606,0.0134961053979,0.0111383602863,-0.0559377325846,0.113414524773,-0.000504809949138,-0.000145772780613,-0.0479693606378,0.185577175558,-0.00635410634649,0.0240409163825,-0.0143096640067,0.130520796837,0.148183743358,0.108900773048,0.0350688034363,-0.38681976637,-0.0605539172128,-0.201463125137
0.088473888933,-0.13390552401,0.00248776801038,0.0364799266436,-0.280443581226,0.0145951330645,0.269763437258,-0.00410351702898,0.0267993420676,0.055425719081,0.163506888776,0.0134943892867,0.0111305986532,-0.0559207154468,0.113418670957,-0.000505663518296,-0.000149948292833,-0.0479718069958,0.185583009718,-0.00634388009943,0.0240414549567,-0.0143009438145,0.130509131937,0.148194319542,0.108926588608,0.0350807830347,-0.386882991675,-0.0605663503668,-0.201501321002
0.0884918965238,-0.133917417384,0.00248418831307,0.0364581407229,-0.280451237598,0.0145790545195,0.269791165581,-0.0041146293407,0.0267902639319,0.0554243447017,0.163511175102,0.0134828672398,0.0111271518203,-0.0559015572098,0.113420902196,-0.000506078106662,-0.000162987049474,-0.0479664874473,0.185583970145,-0.00633163769703,0.0240430811726,-0.0142994410527,0.130494475994,0.148202178673,0.108951564402,0.0350934232444,-0.386942963269,-0.0605784347725,-0.201537342292
0.0885042250054,-0.133929244639,0.00248079183117,0.0364429494965,-0.280459336187,0.0145712284722,0.269813915949,-0.0041163553113,0.0267817377626,0.0554218889915,0.163516361371,0.0134841379352,0.0111207238621,-0.0558902256691,0.113421002109,-0.000503671120417,-0.000175161883799,-0.0479596011313,0.185586102786,-0.00632343009352,0.0240382411707,-0.0143008114488,0.130482439238,0.148208533739,0.108970469628,0.0351017868145,-0.386993627565,-0.0605898488448,-0.201567048045
0.0885333552508,-0.133943492733,0.00247473246068,0.0364117914141,-0.280464939895,0.0145484317311,0.269856071427,-0.00413437953169,0.0267607079677,0.0554223468665,0.16352838873,0.0134739677098,0.0111141076388,-0.0558548391693,0.11342610037,-0.000511507342637,-0.000186398507452,-0.0479457648087,0.185587942344,-0.00631321886983,0.0240494470672,-0.0143022703447,0.130463826001,0.148222267663,0.109011084857,0.0351232479565,-0.387078269488,-0.060606372992,-0.201618754721
0.0885431196128,-0.133947812385,0.00247316360061,0.0364014910262,-0.280466922921,0.0145393640861,0.269871148179,-0.00413571365268,0.026750754143,0.0554238844237,0.163531500441,0.013469563773,0.0111149210617,-0.0558455205147,0.113428089751,-0.000514247162526,-0.000183032102649,-0.0479433628952,0.185585939574,-0.00630928533623,0.024047441746,-0.0143034981179,0.130456524003,0.148226323116,0.109024459638,0.0351310321168,-0.387105681637,-0.0606105807529,-0.201634995901
0.0885742676464,-0.133960063707,0.00247118030301,0.0363680006795,-0.280474277684,0.0145065123102,0.269917404209,-0.0041507681301,0.0267308772213,0.0554280945825,0.163545405288,0.0134580579892,0.0111060340302,-0.055812428897,0.113437820543,-0.000515243536563,-0.000198272349491,-0.0479340824125,0.185591079782,-0.00629171566534,0.02405635812,-0.0143025619256,0.130440425454,0.148244578429,0.109067343976,0.0351543923185,-0.387190018863,-0.0606245268777,-0.201685641678
0.0885681255695,-0.133967462031,0.00246316939778,0.0363753200389,-0.280495156645,0.0145159131269,0.269916677176,-0.00414967550017,0.0267325118622,0.0554291307564,0.163545675756,0.0134563215822,0.0111103613805,-0.0558298767527,0.113436819547,-0.000520346835789,-0.000199076580406,-0.0479404534678,0.185595583628,-0.00629375267145,0.0240449510171,-0.0143116346796,0.130441409416,0.148243425109,0.109059849808,0.0351469640541,-0.38719880054,-0.060630427834,-0.201691685708
0.088586681045,-0.133980453339,0.00245948065521,0.036357747194,-0.2804961563,0.0144978814582,0.269943593603,-0.00416026824854,0.0267232497235,0.0554277213371,0.163554233189,0.0134540104336,0.011106999309,-0.055806285648,0.113441973986,-0.000522225545924,-0.000207159070325,-0.0479352684623,0.185596695725,-0.00628600425308,0.0240497893369,-0.0143091193266,0.130427769095,0.148251592,0.109085780554,0.0351616511309,-0.387250195201,-0.0606395123566,-0.201723086557
0.0885937114855,-0.133990497266,0.00245360894153,0.0363509279412,-0.280506789627,0.0144905537238,0.269957874271,-0.00416557913482,0.0267215447871,0.0554276453431,0.163557666063,0.0134470650271,0.0111050287565,-0.0557961792643,0.113442425675,-0.00052497557189,-0.000210959960435,-0.0479398674849,0.185599712993,-0.00629094386256,0.0240464065906,-0.0143093475345,0.130423997555,0.148256256319,0.109095999098,0.035165286728,-0.387282244691,-0.060646515174,-0.201741972013
0.0886118420779,-0.133996778439,0.00245385443817,0.0363282825882,-0.280509530458,0.0144748626503,0.269986216442,-0.00417254037815,0.0267137583052,0.0554262607119,0.163566629138,0.0134415095642,0.0111007762123,-0.0557822542142,0.113448319811,-0.000522581373738,-0.000214597758265,-0.0479313863778,0.185602134084,-0.00628484680608,0.02404961067,-0.0143043019069,0.130413924659,0.148265327635,0.109121777746,0.035179746837,-0.387334870743,-0.0606561632319,-0.201773474882
0.0886193396816,-0.134005407369,0.00244915560764,0.0363160608577,-0.280514106996,0.014470898259,0.270001657766,-0.00417848730859,0.0267110089858,0.0554256822897,0.163571282794,0.013438128539,0.0110989832055,-0.0557757058851,0.113449856064,-0.000524697324684,-0.000216330467584,-0.0479347934696,0.185603188918,-0.00628392911485,0.0240458574353,-0.0143007991595,0.130409130375,0.148271156499,0.109133078724,0.0351848814788,-0.387367919838,-0.0606623953551,-0.201791821335
0.0886736428043,-0.134054418024,0.00244713375294,0.0362582563373,-0.280569393382,0.0144308380468,0.27010492012,-0.00419608180176,0.0266799236272,0.0554329600549,0.163599313735,0.0134188663946,0.0110793936481,-0.0557383790274,0.113463548045,-0.000521730666398,-0.000243148415719,-0.047935255028,0.185622334071,-0.00626457492481,0.0240350798077,-0.0143037833304,0.130370724424,0.148301997623,0.109210993496,0.0352188678862,-0.387581994636,-0.060709256045,-0.201920358587
0.0887510827391,-0.134110570223,0.00244694469935,0.0361682950986,-0.280619333707,0.0143693707688,0.270237554004,-0.00422392860109,0.0266348495128,0.0554402429329,0.163638291488,0.013400657787,0.0110483937324,-0.0556714318605,0.113481976905,-0.000519825682068,-0.000272823101332,-0.0479199284239,0.18564052545,-0.00623843242541,0.0240295261711,-0.0143020345925,0.130310266715,0.14834174011,0.109319428426,0.035273728744,-0.387849082419,-0.0607653513337,-0.20208179843
0.0888177406719,-0.134160923941,0.00243844890949,0.0360880786964,-0.280662452618,0.0143183829061,0.270349083291,-0.00423972438872,0.0265983701158,0.0554461556058,0.163670854431,0.0133891259482,0.0110197707221,-0.0556115522325,0.113501469128,-0.000508966996984,-0.000300939901688,-0.0479019315169,0.185652556002,-0.00620541906532,0.0240322996386,-0.0143045180874,0.130261759889,0.148376679807,0.109411999523,0.0353202952297,-0.388073418634,-0.0608106066441,-0.202217609371
0.0888924929384,-0.134211906582,0.0024420885622,0.0360025059455,-0.280703927717,0.0142516077525,0.270472434583,-0.00426093164007,0.0265593971148,0.0554518690489,0.163704786894,0.0133701580968,0.0109899898767,-0.0555415486564,0.113519367185,-0.000506393850807,-0.000337643253693,-0.047888249508,0.185667877414,-0.00617154989648,0.024040254143,-0.014309355515,0.130208313519,0.148415739214,0.109516474114,0.0353732448017,-0.388321062997,-0.0608590344928,-0.202366521676
0.0889538385255,-0.134259673328,0.00243601794482,0.0359336593112,-0.28074888343,0.0142007245568,0.270579741948,-0.00428340741444,0.0265210039585,0.0554529493381,0.163735066357,0.0133496010272,0.0109597120076,-0.055487336567,0.113534875674,-0.000506063863017,-0.000366962781934,-0.0478811191725,0.185683773507,-0.00616066674508,0.02404121277,-0.0143128025783,0.130164554861,0.148450426957,0.109603727572,0.0354149017339,-0.388544393019,-0.0609046596816,-0.202498766613
0.0890199742109,-0.134302219973,0.00243727455248,0.0358604576403,-0.280784351239,0.0141425145326,0.270686529849,-0.00430715927308,0.0264841599598,0.0554564669831,0.163766382945,0.0133379085191,0.0109386643162,-0.0554213643062,0.113554640868,-0.000504871779483,-0.000392411894557,-0.0478641551421,0.185697614649,-0.0061341145167,0.0240484494516,-0.0143130865353,0.13011828599,0.148486181644,0.109696957045,0.0354621659268,-0.388758549198,-0.0609456836419,-0.202627778864
0.0890601722346,-0.134329494232,0.00243996694306,0.0358142428899,-0.280818503121,0.014116354091,0.270753808472,-0.004316944253,0.0264595989227,0.0554627185431,0.163783330297,0.0133374122241,0.010921148786,-0.0553835584596,0.113563392037,-0.00050498330661,-0.000415408041163,-0.0478635232478,0.185709714525,-0.00611862503337,0.0240442499971,-0.0143132448664,0.130084646431,0.148506509106,0.109753396413,0.0354913229317,-0.38889717239,-0.0609750433341,-0.202713464782
0.0891197290584,-0.134366734074,0.00243775140231,0.0357490211949,-0.280855501117,0.0140665699758,0.270853109035,-0.00433358496098,0.0264156681781,0.0554693124447,0.163810347435,0.0133235991789,0.0108981350034,-0.055324599048,0.113579499652,-0.000503889234122,-0.000439299339268,-0.0478629524357,0.185727151461,-0.0060927381706,0.0240475426505,-0.0143222454549,0.130046723946,0.148540197144,0.109838091017,0.0355327706964,-0.389095681367,-0.0610141450311,-0.202832405378
0.089171057686,-0.134401811853,0.00243590483459,0.0356858291527,-0.280881802684,0.0140240610972,0.27093997893,-0.00435278064875,0.0263895784458,0.0554695170935,0.163834752472,0.0133171959786,0.0108864846637,-0.0552802585488,0.113597860053,-0.000501297843838,-0.000460118001299,-0.0478449708311,0.185737991368,-0.00607650053005,0.0240558639394,-0.0143269106942,0.130012978037,0.148570328263,0.109910683467,0.0355701161732,-0.389265487563,-0.0610460346046,-0.202933247152
0.0892361568349,-0.134446271838,0.00243390864452,0.0356168421244,-0.280917789316,0.0139717272828,0.271044843706,-0.00437315463179,0.0263493618204,0.0554753213605,0.163862759248,0.0133038137632,0.0108547857751,-0.0552241402551,0.113611524163,-0.000505372353037,-0.000499710993747,-0.0478326596736,0.185754330847,-0.00604861334258,0.0240590534701,-0.0143153983435,0.129972433877,0.148607182544,0.110000355001,0.0356136160701,-0.389477723039,-0.0610875409582,-0.20306067176
0.089286895632,-0.134480040361,0.0024300069324,0.0355570649023,-0.280948596689,0.0139302333064,0.271130117634,-0.00439181928119,0.0263256292375,0.0554721312415,0.163887595032,0.0133001847828,0.0108350705445,-0.0551757199748,0.113624093791,-0.000508497912456,-0.000528529121688,-0.0478126524086,0.185764939096,-0.00603088785019,0.024063833234,-0.0143131772023,0.129937042886,0.148634907497,0.110071173275,0.0356498249801,-0.38964636939,-0.0611197286298,-0.203161934945
0.0893294821261,-0.134513221659,0.00242327424374,0.0355108221702,-0.280985220631,0.0138927895116,0.271204334614,-0.00440154884866,0.0262994528715,0.0554790699714,0.163907686579,0.0132904691051,0.0108128589398,-0.0551410588723,0.113633679612,-0.000512528277591,-0.000544835132568,-0.0478158951795,0.185779281433,-0.00601914979666,0.0240605930658,-0.0143109242495,0.129905820506,0.14865777244,0.110131683566,0.0356782696105,-0.389805564216,-0.0611529355273,-0.203256781319
0.0893988844342,-0.1345657759,0.00241779779045,0.0354301228457,-0.281029771641,0.0138330441141,0.271319166972,-0.00442363883245,0.0262568687841,0.0554897207721,0.163943650548,0.013282242482,0.0107902757004,-0.0550780481364,0.113651885568,-0.000509857985257,-0.000574957467536,-0.0478022031509,0.185797285704,-0.00599433170237,0.0240603793472,-0.0143189685474,0.129862205465,0.148697903978,0.110227547033,0.0357270180173,-0.39004105696,-0.0611992182779,-0.20339664926
0.0894409503683,-0.134597929726,0.00241763240212,0.0353847619293,-0.281067007619,0.0137981234992,0.27139663321,-0.00443716609367,0.026231031707,0.055494289586,0.163963617712,0.0132683375441,0.0107694112728,-0.0550464734523,0.113663917954,-0.000512557384866,-0.000588605045136,-0.0477957436353,0.185809540918,-0.00597862670751,0.0240569083858,-0.014325656292,0.12983087693,0.148721761322,0.110288201629,0.0357545160925,-0.390197111648,-0.0612332702495,-0.203491345786
0.089472881398,-0.134619869285,0.00241665082225,0.0353503803436,-0.281086520404,0.0137797765836,0.271450872183,-0.00444773937904,0.0262161406107,0.0555050189987,0.163980599368,0.0132622582762,0.0107567671549,-0.0550278238639,0.113674766441,-0.000510111262464,-0.000605146731731,-0.0477886780295,0.185817328542,-0.00597135371731,0.0240578521375,-0.0143290342158,0.129814239581,0.148740313372,0.110331716446,0.0357769124685,-0.390299813856,-0.0612525223097,-0.20355233047
0.0895107799636,-0.134649177768,0.0024180966923,0.0353165216134,-0.281107359093,0.0137439249068,0.271515825378,-0.00445918337656,0.0262019231915,0.055503935117,0.1639986527,0.0132586986878,0.0107439503761,-0.0549950803809,0.113684282071,-0.000506828819354,-0.000621751468637,-0.0477808441049,0.185827611786,-0.00594879849541,0.024057641547,-0.0143228528203,0.129790173888,0.14876156074,0.110384097424,0.035805917866,-0.390429155956,-0.0612770848115,-0.203628733701
0.0895556999478,-0.134678218001,0.00241735341741,0.0352677061364,-0.281132347373,0.0137125775135,0.271589355677,-0.00447222616172,0.0261743217118,0.0555078107644,0.164021263212,0.0132436003302,0.0107300478087,-0.0549563330062,0.113698368328,-0.00050394351734,-0.000639351935337,-0.0477758234393,0.185837245566,-0.00593309534664,0.0240585353477,-0.0143073431773,0.129760010581,0.148785837965,0.11044730927,0.0358385941869,-0.3905735453,-0.0613049566878,-0.203715476071
0.0895952590224,-0.134705127675,0.00241248081971,0.0352291057632,-0.281154228649,0.0136832009746,0.271656063656,-0.00448332560847,0.0261542703545,0.0555133542074,0.164042857085,0.0132300732547,0.0107105361142,-0.0549222811782,0.11371293997,-0.000506177666283,-0.000653156041426,-0.0477737491446,0.185849422861,-0.00592043696749,0.0240619428198,-0.0143018495942,0.129738763165,0.148809392913,0.110502298075,0.0358667762967,-0.390699034958,-0.061328037647,-0.203790840959
0.0896232546139,-0.13473337799,0.00241295732191,0.0351933546966,-0.281176441217,0.0136632491043,0.27170797258,-0.00448604770144,0.0261355298601,0.0555229619216,0.164056209142,0.0132269984659,0.0106968091761,-0.0549088879887,0.113718740442,-0.000504230916104,-0.000654963695795,-0.0477683593786,0.185857341261,-0.00590745180734,0.0240574809802,-0.0143076999566,0.129716955862,0.148825169074,0.110541517609,0.035886832329,-0.390808726542,-0.0613507456083,-0.203856025575
0.0896784928432,-0.13477731791,0.00240648901316,0.0351344389641,-0.281215148533,0.0136194210536,0.271801155543,-0.00450732888799,0.0261032242894,0.0555307675717,0.164083574725,0.0132079164665,0.0106726675537,-0.0548667861067,0.113732501298,-0.00050909396314,-0.000678235906407,-0.0477536962771,0.185868077413,-0.00588798407736,0.024052754565,-0.0143071013724,0.129678843123,0.148854659205,0.110618320941,0.0359241397346,-0.391002432393,-0.0613918842723,-0.20397342995
0.0897331815811,-0.134830987475,0.00241835113995,0.0350813531851,-0.281269891073,0.013605488751,0.271908151656,-0.00449994443923,0.0261091346445,0.0555459348424,0.164112649119,0.0132100557741,0.0106346765163,-0.0548244392693,0.113740746644,-0.000536365721803,-0.000710289728895,-0.0477548220923,0.185882213484,-0.00589396445366,0.0240371729549,-0.0143161492359,0.129648710795,0.148893192048,0.110697226724,0.0359703457749,-0.391201280597,-0.0614269815269,-0.204092704765
