0,1000,3000,1000,8.35713114177,1.98727502029,0.5021460056
1,2000,6000,2000,0.914054232436,1.33769840475,0.98429703712
2,3000,9000,3000,6.32316134574,2.08302418663,1.4733490943
3,4000,12000,4000,1.07707744207,1.54380191834,1.9162302017
4,5000,15000,5000,3.03633174302,2.02535999744,2.4338440895
5,6000,18000,6000,1.27395857388,1.83381139366,2.9449820518
6,7000,21000,7000,2.044006995,1.96888707912,3.4434831142
7,8000,24000,8000,1.04232047675,1.58552008831,3.9303631782
8,9000,27000,9000,1.26893744675,1.69332002258,4.4448001384
9,10000,30000,10000,0.949420827389,1.38851445634,4.9261641502
10,11000,33000,11000,0.874949757946,1.20309657685,5.4321250915
11,12000,36000,12000,0.773315551952,0.881696926233,5.9448671340
12,13000,39000,13000,0.717358639468,0.522975573929,6.4485960006
13,14000,42000,14000,0.688786223878,0.341870341707,6.9621670246
14,15000,45000,15000,0.689101865518,0.330949146457,7.4677650928
15,16000,48000,16000,0.679601525938,0.127237401426,7.9829590320
16,17000,51000,17000,0.6611425913,0.0807872701626,8.494845151
17,18000,54000,18000,0.663342736387,0.0786181717112,8.9944491386
18,19000,57000,19000,0.660206961417,0.069919849047,9.4979920387
19,20000,60000,20000,0.664181770128,0.0882656287869,10.001119136
20,20999,70995,25000,0.666549395015,0.13696676351,12.429625034
21,21999,73995,26000,0.671374914096,0.0956962712262,12.941117048
22,22999,76995,27000,0.680999824825,0.158983582791,13.449566125
23,23999,79995,28000,0.678445091888,0.284844144265,13.978693008
24,24999,82995,29000,0.677675433318,0.267796873709,14.505920171
25,25999,85995,30000,0.662493581691,0.0794395271819,15.023110151
26,26999,88995,31000,0.672886792758,0.172697354564,15.533975124
27,27999,91995,32000,0.658179468755,0.0902723054139,16.023603200
28,28999,94995,33000,0.65813332228,0.0728886310078,16.531939983
29,29999,97995,34000,0.66642882055,0.0897888264053,17.042704105
30,30999,100995,35000,0.662158469909,0.183292053174,17.539488077
31,31998,103992,36000,0.66369333366,0.135405161468,18.048925161
32,32998,106992,37000,0.666404641178,0.0758009557447,18.560271978
33,33998,109992,38000,0.667287326843,0.128598774314,19.079630136
34,34998,112992,39000,0.669718508612,0.06470109123,19.586250066
35,35998,115992,40000,0.668977016505,0.0965421415107,20.074337005
36,36998,118992,41000,0.662433450841,0.109799904103,20.576670169
37,37998,121992,42000,0.666668077406,0.075249132395,21.064555168
38,38998,124992,43000,0.664865241309,0.0680019447192,21.581879138
39,39998,127992,44000,0.658337281965,0.119420845318,22.094563007
40,40998,138990,49000,0.656803814539,0.0786025054993,24.414792060
41,41998,141990,50000,0.662047025052,0.142881713079,24.907281160
42,42997,144987,51000,0.663239221062,0.0819869843094,25.40477418
43,43997,147987,52000,0.669032626266,0.12624130848,25.899268150
44,44997,150987,53000,0.664800601036,0.0816780096004,26.416666030
45,45997,153987,54000,0.670096986168,0.0903471095169,26.921768188
46,46997,156987,55000,0.676239523944,0.113378473637,27.428564071
47,47997,159987,56000,0.668752567414,0.101999356619,27.939019203
48,48997,162987,57000,0.660042286015,0.0860438676669,28.457560062
49,49997,165987,58000,0.655690896323,0.0746124253866,28.96236205
50,50997,168987,59000,0.661249890389,0.169992183535,29.475309133
51,51997,171987,60000,0.66360764904,0.123757534575,29.983167171
52,52996,174984,61000,0.662700672134,0.151055712125,30.494552135
53,53996,177984,62000,0.659110404416,0.0791868478721,31.006654977
54,54996,180984,63000,0.668192057285,0.0677587281562,31.529664993
55,55996,183984,64000,0.666108937099,0.105551028911,32.049777030
56,56995,186981,65000,0.657844387925,0.11066186462,32.560065984
57,57995,189981,66000,0.664462099657,0.0668904681456,33.067152023
58,58995,192981,67000,0.658889415384,0.0799870871126,33.580980062
59,59995,195981,68000,0.663412803677,0.0840955655516,34.09709119
60,60995,206977,73000,0.664677252575,0.0947387717644,36.514130115
61,61995,209977,74000,0.654239477024,0.0736917376998,37.036125183
62,62995,212977,75000,0.667849855546,0.0746654433048,37.540916204
63,63995,215977,76000,0.668329386407,0.100589948324,38.064795017
64,64995,218977,77000,0.664366778833,0.0896882800244,38.597608089
65,65995,221977,78000,0.665839322566,0.0782320516094,39.124803066
66,66995,224977,79000,0.662014724916,0.0812167167917,39.621633052
67,67995,227977,80000,0.670928420641,0.0871740451467,40.133016109
68,68994,230974,81000,0.666648699738,0.0647690527269,40.637835025
69,69994,233974,82000,0.674092059408,0.0890002186929,41.149465084
70,70994,236974,83000,0.65985943989,0.0797983926559,41.646478176
71,71994,239974,84000,0.668608243517,0.108772830762,42.157196998
72,72994,242974,85000,0.669806122495,0.0823922380885,42.672556161
73,73994,245974,86000,0.660441378711,0.100647758059,43.17805504
74,74994,248974,87000,0.665069184478,0.0778741068032,43.685979127
75,75994,251974,88000,0.667246834807,0.081168239831,44.200117111
76,76994,254974,89000,0.668963972838,0.0709695322159,44.703301191
77,77994,257974,90000,0.664429439324,0.101694265507,45.214732170
78,78994,260974,91000,0.665333212872,0.10197158951,45.735225200
79,79993,263971,92000,0.672021816671,0.0786939763941,46.252679109
80,80993,274971,97000,0.667982602465,0.0950339958156,48.610148191
81,81993,277971,98000,0.665478281624,0.0947966018268,49.094139099
82,82993,280971,99000,0.671118786428,0.111041750217,49.603499174
83,83993,283971,100000,0.666205241207,0.11528038498,50.131610155
84,84993,286971,101000,0.667274168963,0.0745452103133,50.648120164
85,85993,289971,102000,0.665848628383,0.0634947692774,51.147737026
86,86993,292971,103000,0.653846637991,0.0903824843286,51.657680988
87,87993,295971,104000,0.663116759899,0.0641886375852,52.168398141
88,88993,298971,105000,0.666495297289,0.0905239993343,52.653313159
89,89993,301971,106000,0.667428505894,0.0671305470239,53.152280092
90,90993,304971,107000,0.654638984968,0.107413018618,53.655274152
91,91993,307971,108000,0.656459231666,0.109169431209,54.123479127
92,92993,310971,109000,0.669260165447,0.139299898716,54.619950056
93,93993,313971,110000,0.669880854726,0.0805277362696,55.086028099
94,94993,316971,111000,0.657270665094,0.15065426652,55.577259063
95,95993,319971,112000,0.660033208807,0.101051309695,56.113834142
96,96993,322971,113000,0.66792405682,0.0966325602006,56.622445106
97,97992,325968,114000,0.666898865606,0.065133534624,57.136295080
98,98992,328968,115000,0.666489383354,0.0719556167989,57.604726076
99,99992,331968,116000,0.669561147611,0.0916893065082,58.128481149
100,100992,342966,121000,0.66236097262,0.0810104848638,60.648063182
101,101992,345966,122000,0.657601982613,0.10166776087,61.183169126
102,102992,348966,123000,0.668838170405,0.129302221672,61.696180105
103,103992,351966,124000,0.66285506966,0.0976879485695,62.213871002
104,104992,354966,125000,0.670420632672,0.0728011517133,62.732581138
105,105992,357966,126000,0.66274448056,0.131108862831,63.243010997
106,106992,360966,127000,0.665088140745,0.0953948889679,63.707386016
107,107992,363966,128000,0.667297650518,0.070100987116,64.205866098
108,108992,366966,129000,0.660858939453,0.092583903401,64.725985050
109,109992,369966,130000,0.663409051824,0.0773126689118,65.233252048
110,110992,372966,131000,0.67163537481,0.078767726436,65.753424167
111,111992,375966,132000,0.666643955542,0.0770006118722,66.291537046
112,112992,378966,133000,0.666525648016,0.0723998555505,66.7674989
113,113992,381966,134000,0.659951472555,0.110309814529,67.269690036
114,114992,384966,135000,0.665618371151,0.107620409722,67.818503141
115,115992,387966,136000,0.662956693114,0.122902072404,68.359831094
116,116992,390966,137000,0.660391606306,0.0737776979241,68.891085147
117,117992,393966,138000,0.664477326703,0.115304945498,69.435372114
118,118992,396966,139000,0.656497835559,0.0841381225135,69.943209171
119,119992,399966,140000,0.663229553406,0.0807038830151,70.437325000
120,120991,410963,145000,0.661136829189,0.0688142281972,72.850831985
121,121991,413963,146000,0.658477525953,0.13330869116,73.363708019
122,122991,416963,147000,0.668639668478,0.110498677612,73.874436140
123,123991,419963,148000,0.66732620646,0.0999033462209,74.391795158
124,124990,422960,149000,0.669881968536,0.0854947654239,74.914416074
125,125990,425960,150000,0.662754802296,0.12328627056,75.42986917
126,126990,428960,151000,0.665312612513,0.124991338979,75.93768000
127,127990,431960,152000,0.662732315853,0.0885305492272,76.388525009
128,128990,434960,153000,0.662806891805,0.0830589969533,76.891151189
129,129990,437960,154000,0.661720533688,0.0672638938251,77.370448112
130,130990,440960,155000,0.665432679611,0.116954689779,77.846866130
131,131990,443960,156000,0.661895843783,0.137845766799,78.319543123
132,132990,446960,157000,0.656082292289,0.131524945685,78.769095182
133,133990,449960,158000,0.670714708188,0.0603043398058,79.215910196
134,134990,452960,159000,0.666361050205,0.079373611343,79.688760042
135,135990,455960,160000,0.655176655882,0.0736443428103,80.195726156
136,136990,458960,161000,0.665027805943,0.0775367322166,80.692489147
137,137989,461957,162000,0.666598308095,0.121530792872,81.205479145
138,138989,464957,163000,0.668861783746,0.0867983726444,81.609941005
139,139987,467951,164000,0.668063244905,0.0871125915505,82.127730131
140,140987,478947,169000,0.658217931138,0.118130258825,84.57824516
141,141987,481947,170000,0.652722968179,0.0864250391837,85.077748060
142,142987,484947,171000,0.672278119985,0.157479824186,85.59215116
143,143986,487944,172000,0.659497042388,0.0863394811816,85.99618601
144,144986,490944,173000,0.657445679218,0.104975135675,86.517744064
145,145986,493944,174000,0.660396163524,0.121187152843,87.039439201
146,146986,496944,175000,0.666488770535,0.116418426174,87.552726030
147,147986,499944,176000,0.6646504836,0.119816764944,88.064539194
148,148986,502944,177000,0.66234032992,0.141926034722,88.561185121
149,149986,505944,178000,0.656394878307,0.113888110235,89.068255186
150,150986,508944,179000,0.664098775596,0.0970052386176,89.574115037
151,151985,511941,180000,0.671667184244,0.083088029042,90.094676017
152,152985,514941,181000,0.660386962187,0.107934549064,90.598872184
153,153985,517941,182000,0.647494867577,0.112165629804,91.116925001
154,154985,520941,183000,0.662949902038,0.102682017132,91.627462148
155,155984,523938,184000,0.670593751551,0.0723947723643,92.139424085
156,156984,526938,185000,0.660571828859,0.0651786361282,92.649605989
157,157984,529938,186000,0.669172738038,0.106626794633,93.149544000
158,158984,532938,187000,0.665419155576,0.0891854179693,93.66880607
159,159984,535938,188000,0.667166064021,0.0854686976097,94.181710004
160,160984,546938,193000,0.660030609455,0.0621669935949,96.620750188
161,161984,549938,194000,0.659837381737,0.0877315306281,97.123877048
162,162983,552935,195000,0.662708585159,0.147628906057,97.639406204
163,163983,555935,196000,0.658738444062,0.110335061359,98.11623001
164,164983,558935,197000,0.666459738721,0.0873231117346,98.640385150
165,165983,561935,198000,0.656564509176,0.100169667504,99.149451017
166,166983,564935,199000,0.671141392245,0.0819907619698,99.65484309
167,167983,567935,200000,0.659714445579,0.158393469719,100.15755200
168,168983,570935,201000,0.673884887478,0.0664695809417,100.61029601
169,169983,573935,202000,0.660446100236,0.0755433546526,101.11744618
170,170983,576935,203000,0.674539105036,0.113573525753,101.62898898
171,171982,579932,204000,0.659100895244,0.0866648864985,102.13929200
172,172982,582932,205000,0.66874098116,0.0649904256194,102.65238308
173,173982,585932,206000,0.657608583851,0.072891177173,103.1613910
174,174982,588932,207000,0.666117602391,0.0808008680509,103.67688608
175,175982,591932,208000,0.665929528834,0.0652508785808,104.18046617
176,176982,594932,209000,0.660841552693,0.0814787289748,104.67664718
177,177982,597932,210000,0.663632845407,0.0694526399214,105.1707141
178,178981,600929,211000,0.661194152891,0.0772836152231,105.55670905
179,179981,603929,212000,0.663456965053,0.0956117155192,106.05367302
180,180981,614929,217000,0.666054001968,0.0810963865538,108.35575509
181,181981,617929,218000,0.668524764156,0.0873989898731,108.86216616
182,182981,620929,219000,0.664712929107,0.0979999925699,109.35455417
183,183981,623929,220000,0.661163567631,0.0772806206385,109.85103511
184,184981,626929,221000,0.661274387472,0.0746229261474,110.36753201
185,185981,629929,222000,0.672529325005,0.0665270030528,110.86561417
186,186981,632929,223000,0.669079908543,0.0664274538645,111.38606619
187,187981,635929,224000,0.681584475367,0.0953885881762,111.89299416
188,188981,638929,225000,0.667634217444,0.0850856499697,112.40595412
189,189980,641926,226000,0.647544643558,0.0923711624529,112.91495704
190,190980,644926,227000,0.659944906444,0.0901306928551,113.42264914
191,191980,647926,228000,0.660499312036,0.072180711024,113.93252205
192,192979,650923,229000,0.674621379151,0.085985077244,114.43039512
193,193979,653923,230000,0.659813221742,0.109542740113,114.95177316
194,194978,656920,231000,0.664764596031,0.0663524760655,115.46534705
195,195978,659920,232000,0.665997802013,0.0778204369013,115.97169899
196,196978,662920,233000,0.659938991653,0.0729556417315,116.48676109
197,197978,665920,234000,0.65613870714,0.0926026200692,116.99332308
198,198978,668920,235000,0.654204518779,0.0954905454298,117.50118207
199,199978,671920,236000,0.664877439698,0.143987838898,118.01208519
200,200978,682918,241000,0.666681490339,0.0667531784206,120.4473071
201,201977,685915,242000,0.673500621181,0.0710926420335,120.83538007
202,202977,688915,243000,0.660179372558,0.0675375093193,121.35789704
203,203977,691915,244000,0.660987161312,0.110225209603,121.88525319
204,204977,694915,245000,0.663835427053,0.093198841531,122.40165305
205,205977,697915,246000,0.663727790266,0.0842418713895,122.91061711
206,206977,700915,247000,0.665842818361,0.072237397419,123.42515516
207,207977,703915,248000,0.663089596669,0.102666070219,123.9315991
208,208977,706915,249000,0.667071809343,0.069679125597,124.43910813
209,209977,709915,250000,0.661785497507,0.0761548127627,124.90194511
210,210977,712915,251000,0.663885388623,0.092533805177,125.41240310
211,211977,715915,252000,0.653736275922,0.0581673119387,125.90507507
212,212977,718915,253000,0.667427711765,0.102979980706,126.41698813
213,213977,721915,254000,0.668140124572,0.0719018908147,126.9275391
214,214977,724915,255000,0.665578499027,0.132778720683,127.45085215
215,215977,727915,256000,0.659894148034,0.0870221067952,127.9571111
216,216977,730915,257000,0.665277893139,0.0879343490023,128.45141315
217,217977,733915,258000,0.64992665516,0.0865540717358,128.96352314
218,218977,736915,259000,0.660787104543,0.142252297473,129.44223117
219,219976,739912,260000,0.664829542614,0.0734408350432,129.94439315
220,220976,750906,265000,0.66546052866,0.063164305368,132.28201007
221,221976,753906,266000,0.656604407941,0.0857383211281,132.76561808
222,222976,756906,267000,0.661183016912,0.077731456866,133.26382803
223,223976,759906,268000,0.656582751126,0.0665031279607,133.78487110
224,224976,762906,269000,0.667330176456,0.0690647601187,134.31905102
225,225976,765906,270000,0.659427878273,0.134542586194,134.82590603
226,226976,768906,271000,0.666823957723,0.0998445561876,135.3134241
227,227976,771906,272000,0.66600991044,0.0821761016407,135.8274540
228,228975,774903,273000,0.669781103746,0.140241277045,136.34341311
229,229975,777903,274000,0.665832574471,0.0684162546545,136.84322309
230,230975,780903,275000,0.677416274387,0.0626180959814,137.37369799
231,231974,783900,276000,0.6664289455,0.120230949853,137.88118910
232,232973,786897,277000,0.670335232085,0.0773697535327,138.39474606
233,233973,789897,278000,0.663777086563,0.0676540774259,138.90257215
234,234973,792897,279000,0.662609780561,0.0740469161729,139.42165398
235,235973,795897,280000,0.662247942183,0.135804157049,139.93544316
236,236973,798897,281000,0.670674748322,0.0812396725995,140.32379913
237,237973,801897,282000,0.670337881179,0.130425533697,140.75527405
238,238973,804897,283000,0.657504045038,0.0843421965946,141.2745411
239,239973,807897,284000,0.664953750738,0.0834815927287,141.79576396
240,240973,818897,289000,0.668959402182,0.10855303263,144.2462279
241,241973,821897,290000,0.65901332307,0.0690364323912,144.7477431
242,242973,824897,291000,0.658691064527,0.0605030419159,145.25695204
243,243973,827897,292000,0.665683225335,0.0831446032157,145.7788031
244,244973,830897,293000,0.666704292239,0.0822941951201,146.30314016
245,245973,833897,294000,0.653880666629,0.0895722413637,146.80474305
246,246973,836897,295000,0.653154304764,0.132561017597,147.30659604
247,247973,839897,296000,0.670399106103,0.0639555755401,147.81812810
248,248973,842897,297000,0.670702453911,0.0885980838823,148.3258001
249,249973,845897,298000,0.654903946474,0.095152038053,148.83962011
250,250972,848894,299000,0.659005871219,0.0526064343555,149.35387206
251,251972,851894,300000,0.664994209045,0.0710100523295,149.86885404
252,252972,854894,301000,0.65595297467,0.0686137473484,150.37473416
253,253972,857894,302000,0.662374455379,0.116796306947,150.88943910
254,254972,860894,303000,0.658189831872,0.105390649501,151.40248298
255,255972,863894,304000,0.658529269751,0.157239486596,151.92321705
256,256972,866894,305000,0.660119740025,0.117009106594,152.42837715
257,257972,869894,306000,0.659825655071,0.0798061295794,152.95269012
258,258972,872894,307000,0.661648979911,0.131268284815,153.37685012
259,259972,875894,308000,0.661314704794,0.0880557551001,153.86965608
260,260972,886892,313000,0.661584862108,0.0581746388311,156.15774202
261,261971,889889,314000,0.65591032714,0.0618145806115,156.68087601
262,262971,892889,315000,0.657305367115,0.122935974763,157.19824409
263,263971,895889,316000,0.664921567975,0.0808341596755,157.73198008
264,264971,898889,317000,0.663157994044,0.109759830826,158.24450516
265,265971,901889,318000,0.655660966246,0.136697305278,158.70915198
266,266971,904889,319000,0.671911565482,0.140640661966,159.21068215
267,267971,907889,320000,0.664518691049,0.0700649900786,159.70552396
268,268971,910889,321000,0.666813575263,0.142021179619,160.21685314
269,269971,913889,322000,0.659975610928,0.0708524487543,160.72144317
270,270971,916889,323000,0.670629030778,0.0708484361107,161.2308471
271,271970,919886,324000,0.663950450581,0.122889394589,161.73937511
272,272970,922886,325000,0.660826021387,0.106125006168,162.25722217
273,273970,925886,326000,0.666657210381,0.106132345619,162.78015708
274,274969,928883,327000,0.657554882339,0.089535129816,163.28679108
275,275969,931883,328000,0.659141980348,0.131440771134,163.80408501
276,276969,934883,329000,0.656270347958,0.0786861078502,164.30447316
277,277969,937883,330000,0.663074604771,0.0747955200561,164.81666898
278,278968,940880,331000,0.659218833645,0.0872274964987,165.33357119
279,279968,943880,332000,0.66409785113,0.0970137064057,165.84415006
280,280968,954876,337000,0.665209428288,0.072330182957,168.28715920
281,281968,957876,338000,0.670915989946,0.111118431182,168.79326415
282,282968,960876,339000,0.662430625496,0.0894991441002,169.29808402
283,283967,963873,340000,0.66694201067,0.135815922718,169.83136606
284,284967,966873,341000,0.669644763921,0.0852053044667,170.35727310
285,285967,969873,342000,0.665824267068,0.0639464491268,170.8735511
286,286967,972873,343000,0.668031061938,0.0766110586025,171.37467002
287,287967,975873,344000,0.659085631319,0.0761877019403,171.87930703
288,288967,978873,345000,0.668992864034,0.0656521463463,172.39150309
289,289967,981873,346000,0.666822777932,0.106269274736,172.88941311
290,290967,984873,347000,0.660497194784,0.067585442871,173.39977216
291,291967,987873,348000,0.671937287813,0.0861159632573,173.9372119
292,292967,990873,349000,0.661558028595,0.0639340979677,174.4547531
293,293967,993873,350000,0.66515957921,0.0533618229902,174.99266910
294,294967,996873,351000,0.666000459024,0.145546131916,175.52642297
295,295967,999873,352000,0.671742319907,0.137269998964,176.00784397
296,296967,1002873,353000,0.668971967751,0.118640535173,176.55146002
297,297967,1005873,354000,0.656694004617,0.0624205052783,177.09683799
298,298967,1008873,355000,0.672119685474,0.0736711641352,177.54108500
299,299967,1011873,356000,0.66168796656,0.0884543214045,178.03459620
300,300967,1022873,361000,0.66031143332,0.092233418251,180.43153810
301,301967,1025873,362000,0.666426158937,0.0711699036549,180.95051717
302,302967,1028873,363000,0.669230610305,0.0776725026469,181.45078206
303,303967,1031873,364000,0.660411833431,0.0856200449487,181.94013404
304,304967,1034873,365000,0.652597531265,0.0912685556006,182.44314217
305,305967,1037873,366000,0.661469104183,0.093490200105,183.02139902
306,306967,1040873,367000,0.664620409761,0.177287173856,183.55611801
307,307967,1043873,368000,0.67120268636,0.081560847405,184.08770108
308,308967,1046873,369000,0.661000717457,0.0815655410564,184.6051340
309,309966,1049870,370000,0.66706984734,0.100519005266,185.1001770
310,310966,1052870,371000,0.661079485223,0.0719968642805,185.61251902
311,311966,1055870,372000,0.673244176131,0.0821336741761,186.12512302
312,312966,1058870,373000,0.666702689866,0.110579291138,186.61213707
313,313966,1061870,374000,0.670223275526,0.132040024798,187.12616705
314,314966,1064870,375000,0.657068803484,0.0577354908183,187.63787198
315,315966,1067870,376000,0.664323274454,0.108285218964,188.14941310
316,316966,1070870,377000,0.656617042071,0.139112056426,188.66230106
317,317966,1073870,378000,0.663972480071,0.0797865908047,189.16619610
318,318966,1076870,379000,0.665173818672,0.143015898812,189.67839503
319,319966,1079870,380000,0.663106784628,0.204520470677,190.17650198
320,320966,1090868,385000,0.66350780193,0.0800521660803,192.63120007
321,321966,1093868,386000,0.652930614537,0.0858148947752,193.14247608
322,322966,1096868,387000,0.652967795165,0.120138170226,193.65161514
323,323966,1099868,388000,0.65962346948,0.101012304235,194.1729061
324,324966,1102868,389000,0.656592327173,0.0843427496286,194.68595910
325,325966,1105868,390000,0.668596866502,0.0748531184719,195.18726301
326,326965,1108865,391000,0.66456701972,0.0612634471888,195.70268607
327,327965,1111865,392000,0.673053133957,0.117306531076,196.20984005
328,328965,1114865,393000,0.661292406929,0.106447043476,196.73040604
329,329965,1117865,394000,0.652686032878,0.0586436311112,197.24429011
330,330965,1120865,395000,0.65653882297,0.0829327472285,197.75251603
331,331965,1123865,396000,0.663961779966,0.108500175948,198.26601600
332,332965,1126865,397000,0.656407901902,0.0812807626896,198.7799880
333,333965,1129865,398000,0.665736565655,0.137088160464,199.28610801
334,334965,1132865,399000,0.667690298944,0.0631955997532,199.79476118
335,335964,1135862,400000,0.672625758194,0.0694168474741,200.25156998
336,336964,1138862,401000,0.65795408548,0.0947995938769,200.67847299
337,337964,1141862,402000,0.665395295341,0.0780668715719,201.12883710
338,338964,1144862,403000,0.663918800275,0.0726341516581,201.5902130
339,339964,1147862,404000,0.6644686657,0.0972353855988,202.08740615
340,340963,1158859,409000,0.660232160793,0.0898083965477,204.47642111
341,341963,1161859,410000,0.659436174172,0.11793391779,204.98084616
342,342963,1164859,411000,0.657973908375,0.0791476134619,205.50962400
343,343963,1167859,412000,0.661640940567,0.0706086065365,206.02310705
344,344963,1170859,413000,0.657353370239,0.101417564155,206.55334806
345,345963,1173859,414000,0.653400503105,0.156063312568,207.09037017
346,346963,1176859,415000,0.669379812928,0.0728894942938,207.61411619
347,347963,1179859,416000,0.668791023421,0.138781820711,208.14176702
348,348963,1182859,417000,0.664299890878,0.0886505566204,208.66017198
349,349963,1185859,418000,0.662690024315,0.110448116337,209.18066906
350,350963,1188859,419000,0.662867353562,0.0919492727105,209.7140
351,351963,1191859,420000,0.673613312817,0.0786511719246,210.2378861
352,352962,1194856,421000,0.659855307194,0.116096345443,210.70949912
353,353962,1197856,422000,0.653237918742,0.0730366702526,211.22524404
354,354962,1200856,423000,0.649629162869,0.081773798068,211.76252007
355,355962,1203856,424000,0.659362109672,0.0848539304107,212.28649902
356,356962,1206856,425000,0.663464927977,0.0570678713244,212.80187916
357,357962,1209856,426000,0.667991561908,0.0948541395352,213.31275510
358,358962,1212856,427000,0.663399083737,0.0873160000079,213.826162
359,359962,1215856,428000,0.659565724813,0.0854922549213,214.34675812
360,360962,1226854,433000,0.660459284372,0.0820093141954,216.81345200
361,361962,1229854,434000,0.663738377469,0.0894076491731,217.33452105
362,362962,1232854,435000,0.6656463594,0.0925509795178,217.87762904
363,363962,1235854,436000,0.671817537932,0.151916014461,218.40620708
364,364962,1238854,437000,0.659549799951,0.182770076289,218.95062613
365,365962,1241854,438000,0.668549493212,0.132191721653,219.47340202
366,366962,1244854,439000,0.659223243694,0.146454243836,219.98761320
367,367961,1247851,440000,0.659364144354,0.185611837287,220.50573110
368,368961,1250851,441000,0.664695160743,0.111842693962,221.01681518
369,369961,1253851,442000,0.661368814713,0.110429620011,221.5407540
370,370961,1256851,443000,0.666361727775,0.0696330514628,222.06232500
371,371961,1259851,444000,0.660542168667,0.0998879882373,222.58446097
372,372961,1262851,445000,0.665211544702,0.109429033272,223.09074807
373,373961,1265851,446000,0.665348961657,0.0823872911089,223.59431099
374,374961,1268851,447000,0.663730493041,0.0863820620524,224.11280703
375,375961,1271851,448000,0.663863049072,0.0904616918475,224.57454919
376,376961,1274851,449000,0.661025692045,0.130130196595,225.05858802
377,377961,1277851,450000,0.664229550154,0.140228496792,225.50692915
378,378961,1280851,451000,0.667370423982,0.0652475084214,225.99326205
379,379961,1283851,452000,0.660563171493,0.13471071804,226.50197911
380,380961,1294851,457000,0.656781584813,0.0796787418973,228.91399812
381,381961,1297851,458000,0.665012152717,0.117715926453,229.35568213
382,382961,1300851,459000,0.658858101686,0.0731915276509,229.82770800
383,383961,1303851,460000,0.667618073427,0.0779191863482,230.35143113
384,384961,1306851,461000,0.661568374387,0.0613308762737,230.80053615
385,385961,1309851,462000,0.655709975511,0.0792819757849,231.31534600
386,386961,1312851,463000,0.670197812832,0.0557584252464,231.83383607
387,387961,1315851,464000,0.651265430565,0.082767530811,232.35301804
388,388960,1318848,465000,0.659658183099,0.0686967184276,232.87114405
389,389960,1321848,466000,0.663796550189,0.064636423129,233.39484310
390,390960,1324848,467000,0.664407035982,0.084012395645,233.91531515
391,391960,1327848,468000,0.67254508207,0.066316089239,234.41452503
392,392960,1330848,469000,0.670596038256,0.0988520279486,234.92894101
393,393960,1333848,470000,0.659616806616,0.102207905307,235.44548511
394,394960,1336848,471000,0.668194095051,0.0943631837395,235.93054819
395,395960,1339848,472000,0.659197436716,0.0856116956262,236.45207619
396,396960,1342848,473000,0.659363862466,0.0945664036035,236.97686505
397,397960,1345848,474000,0.673617616027,0.104046885688,237.50943517
398,398960,1348848,475000,0.669862992116,0.07417987501,238.051654
399,399959,1351845,476000,0.662901013819,0.0899571558558,238.55416202
400,400959,1362841,481000,0.658641970356,0.0846091412083,240.97694516
401,401959,1365841,482000,0.671189491257,0.126452483111,241.49881815
402,402959,1368841,483000,0.662316906925,0.0880622645273,241.98977112
403,403959,1371841,484000,0.660345346344,0.0847091280524,242.51456904
404,404959,1374841,485000,0.661515019991,0.107145071725,243.02187800
405,405959,1377841,486000,0.668002718278,0.0433815799594,243.5507450
406,406959,1380841,487000,0.669283350538,0.156234313713,244.06918215
407,407958,1383838,488000,0.659015011491,0.0886124674055,244.5884461
408,408958,1386838,489000,0.664456205326,0.0929613721475,245.11754798
409,409958,1389838,490000,0.660636238905,0.127018136836,245.63316202
410,410958,1392838,491000,0.659530118541,0.0933736447892,246.14207410
411,411958,1395838,492000,0.651171512769,0.0782007822048,246.64092898
412,412958,1398838,493000,0.65782304166,0.0706142591017,247.16247701
413,413958,1401838,494000,0.652337292995,0.0926928778329,247.6818840
414,414958,1404838,495000,0.659497917442,0.0949795509537,248.17332315
415,415958,1407838,496000,0.662168633201,0.079555395657,248.53975200
416,416958,1410838,497000,0.6682827074,0.109707263594,249.02694010
417,417958,1413838,498000,0.653848775891,0.120715418321,249.48383903
418,418958,1416838,499000,0.664107348454,0.0795304796573,249.98074197
419,419958,1419838,500000,0.660566712729,0.0924970910923,250.4566950
420,420958,1430834,505000,0.661688640827,0.0786230497615,252.87466096
421,421958,1433834,506000,0.656203250666,0.13015994332,253.42328119
422,422958,1436834,507000,0.664728291687,0.0907232627003,253.96345806
423,423958,1439834,508000,0.661426816583,0.0925301146877,254.51365
424,424958,1442834,509000,0.6556535411,0.0820968712805,255.04218697
425,425958,1445834,510000,0.658426155912,0.125647990658,255.57286310
426,426958,1448834,511000,0.65683925792,0.0887260143965,256.11564612
427,427958,1451834,512000,0.651491340335,0.132109282262,256.63818001
428,428958,1454834,513000,0.661993408387,0.101217412583,257.16326212
429,429958,1457834,514000,0.661116075966,0.0883151739538,257.69635415
430,430958,1460834,515000,0.658908407979,0.147037233158,258.20590996
431,431958,1463834,516000,0.658717320364,0.0843672564389,258.73689913
432,432958,1466834,517000,0.658657372002,0.0723680870813,259.23105716
433,433958,1469834,518000,0.656156292157,0.100128915665,259.75536298
434,434958,1472834,519000,0.667452240151,0.130169063671,260.2402169
435,435958,1475834,520000,0.653511705809,0.138884640322,260.77498197
436,436958,1478834,521000,0.656245852186,0.128177677554,261.30525898
437,437958,1481834,522000,0.671466264293,0.144776238949,261.8112380
438,438958,1484834,523000,0.670924167731,0.0587247278334,262.3219950
439,439957,1487831,524000,0.662864934699,0.0803998158796,262.85983705
440,440957,1498829,529000,0.659309581333,0.122300719205,265.31990504
441,441957,1501829,530000,0.667308686154,0.0990890493459,265.83831715
442,442957,1504829,531000,0.670495621307,0.0828185862105,266.35727310
443,443957,1507829,532000,0.661689728725,0.091370549802,266.88736915
444,444957,1510829,533000,0.665251832838,0.0936345421439,267.40459513
445,445957,1513829,534000,0.650613526697,0.0819898422252,267.92223119
446,446957,1516829,535000,0.65808126964,0.0977724573023,268.42555999
447,447957,1519829,536000,0.664915162462,0.0633014425673,268.93516516
448,448957,1522829,537000,0.656062061456,0.145215957507,269.45403099
449,449957,1525829,538000,0.663921859936,0.161682816315,269.96677112
450,450957,1528829,539000,0.66138595165,0.113464473322,270.48045396
451,451957,1531829,540000,0.664094838929,0.102966873359,270.98495316
452,452957,1534829,541000,0.658134348369,0.0688919834001,271.49272704
453,453957,1537829,542000,0.654655709514,0.0860221730229,272.00858902
454,454957,1540829,543000,0.663374284175,0.10064645336,272.50503206
455,455957,1543829,544000,0.669750114609,0.110449420412,272.99030
456,456956,1546826,545000,0.665462108967,0.111081001755,273.46995711
457,457956,1549826,546000,0.650759993822,0.130518242826,273.9411740
458,458956,1552826,547000,0.651508290906,0.0747501690644,274.44613003
459,459956,1555826,548000,0.669398052629,0.0844806782918,274.94125199
460,460955,1566819,553000,0.659255346761,0.0786963908894,277.42120909
461,461955,1569819,554000,0.67120079306,0.0935989703916,277.9317710
462,462955,1572819,555000,0.655963609437,0.101060240465,278.43945908
463,463955,1575819,556000,0.660239933561,0.0629439985647,278.96986007
464,464955,1578819,557000,0.66760979117,0.110315702738,279.47501516
465,465955,1581819,558000,0.654003194084,0.0595339850752,280.00254201
466,466955,1584819,559000,0.664664168463,0.0686703727493,280.5254321
467,467955,1587819,560000,0.663359609873,0.0630107159632,281.01876902
468,468955,1590819,561000,0.651378634439,0.0763343353607,281.53124499
469,469955,1593819,562000,0.657413326718,0.160343408937,282.04215908
470,470955,1596819,563000,0.6660784655,0.0986125120621,282.54733610
471,471954,1599816,564000,0.660438713805,0.0721883386041,283.0647690
472,472954,1602816,565000,0.661657335062,0.0668858261583,283.58174705
473,473954,1605816,566000,0.655268831335,0.0807319937307,284.09312915
474,474954,1608816,567000,0.661008793317,0.0797933413179,284.63537311
475,475954,1611816,568000,0.658165380996,0.110221845895,285.14707112
476,476954,1614816,569000,0.667245215152,0.0991028945897,285.66441917
477,477954,1617816,570000,0.651730650304,0.069487702639,286.19842314
478,478954,1620816,571000,0.65968187385,0.0636162524703,286.73953700
479,479953,1623813,572000,0.662572396319,0.0550895222234,287.27961897
480,480952,1634810,577000,0.663191175298,0.0742980167769,289.78090906
481,481952,1637810,578000,0.661378806272,0.103867574254,290.29059314
482,482952,1640810,579000,0.660168556914,0.122219455506,290.75027418
483,483952,1643810,580000,0.656320859609,0.0729223174688,291.28573203
484,484952,1646810,581000,0.658740740735,0.0776368606238,291.8147931
485,485952,1649810,582000,0.661637485489,0.0962570012613,292.34555506
486,486952,1652810,583000,0.652907139518,0.112793731576,292.86465215
487,487952,1655810,584000,0.659556780654,0.0747683672892,293.37528610
488,488952,1658810,585000,0.669507406996,0.0712681677456,293.88549518
489,489952,1661810,586000,0.663905938468,0.0732255154104,294.39784908
490,490952,1664810,587000,0.665695605534,0.076556237869,294.92168116
491,491952,1667810,588000,0.667161032166,0.0608846510441,295.4331550
492,492952,1670810,589000,0.649728093752,0.10088421962,295.93519496
493,493952,1673810,590000,0.666872180227,0.108628383496,296.39242410
494,494952,1676810,591000,0.661246294438,0.104577114921,296.8704559
495,495952,1679810,592000,0.662384737472,0.0972744776336,297.35692501
496,496952,1682810,593000,0.665086659291,0.11788819558,297.82054209
497,497951,1685807,594000,0.663687498096,0.0763659447616,298.33203411
498,498951,1688807,595000,0.662397030214,0.105994276903,298.8491849
499,499951,1691807,596000,0.654471044559,0.0950288433345,299.38582611
500,500951,1702803,601000,0.657331562104,0.136564554388,301.93427801
501,501951,1705803,602000,0.66507588869,0.130009354843,302.45031213
502,502951,1708803,603000,0.655043272019,0.0854276799761,302.96170997
503,503950,1711800,604000,0.661582077668,0.0741361837928,303.49211716
504,504950,1714800,605000,0.665028973868,0.0897484212941,304.01415705
505,505950,1717800,606000,0.664614898342,0.0804251907872,304.52923917
506,506950,1720800,607000,0.650933222104,0.0938300303576,305.04057002
507,507950,1723800,608000,0.66591410422,0.060562286722,305.54477715
508,508949,1726797,609000,0.66397654131,0.0798659541371,306.06607699
509,509949,1729797,610000,0.664648413715,0.112940016248,306.57478499
510,510949,1732797,611000,0.663958757795,0.11649355091,307.08828401
511,511949,1735797,612000,0.666593191584,0.0552437833509,307.58766102
512,512949,1738797,613000,0.658791844697,0.0709922516452,308.10195708
513,513949,1741797,614000,0.66560287598,0.0749825654142,308.6133551
514,514949,1744797,615000,0.657605126841,0.0715796188426,309.11491918
515,515949,1747797,616000,0.659062520798,0.0948169976318,309.62248802
516,516949,1750797,617000,0.666605130225,0.0717176258561,310.14817810
517,517949,1753797,618000,0.677733886851,0.0742456218035,310.667352
518,518949,1756797,619000,0.661666599862,0.104392253751,311.18303799
519,519949,1759797,620000,0.660564139031,0.0911283759749,311.68021607
520,520949,1770789,625000,0.660188629561,0.0853542986148,314.14353513
521,521949,1773789,626000,0.662636758416,0.0863909857367,314.65472316
522,522949,1776789,627000,0.666439602844,0.0867346451462,315.16903710
523,523949,1779789,628000,0.651353457616,0.0721919635803,315.68886017
524,524949,1782789,629000,0.655810599515,0.0653910325268,316.20617699
525,525949,1785789,630000,0.668159318019,0.045111201044,316.73021006
526,526949,1788789,631000,0.65804751593,0.0690811408157,317.23237800
527,527949,1791789,632000,0.668395861272,0.132796672021,317.73992800
528,528949,1794789,633000,0.650134989366,0.099284096476,318.25683212
529,529949,1797789,634000,0.658046256329,0.0874033861701,318.75993609
530,530949,1800789,635000,0.660854786136,0.099637645029,319.28361916
531,531949,1803789,636000,0.658658766653,0.098911769112,319.78400206
532,532949,1806789,637000,0.658544174186,0.142413333289,320.30234718
533,533949,1809789,638000,0.662609139193,0.0637227709671,320.80445814
534,534949,1812789,639000,0.660314439008,0.0861978747843,321.27474808
535,535949,1815789,640000,0.6620350675,0.11759916286,321.77687501
536,536948,1818786,641000,0.659323414851,0.0796630470208,322.27243208
537,537947,1821783,642000,0.657824384498,0.105376740768,322.74755501
538,538947,1824783,643000,0.665581369081,0.198685769283,323.39192104
539,539947,1827783,644000,0.65591711344,0.145018194586,323.94522
540,540946,1838774,649000,0.657625784401,0.0682580333976,326.3895380
541,541946,1841774,650000,0.656243269402,0.11748944426,326.92047810
542,542946,1844774,651000,0.660014760751,0.123852747565,327.41960120
543,543946,1847774,652000,0.664798754123,0.0829472009757,327.96219801
544,544946,1850774,653000,0.65948495358,0.0933037631125,328.482412
545,545946,1853774,654000,0.663263966703,0.111097017529,329.01036405
546,546946,1856774,655000,0.658260642403,0.154166375988,329.5445079
547,547946,1859774,656000,0.657097326565,0.101866163461,330.06049513
548,548946,1862774,657000,0.652804870237,0.0942198395618,330.56885719
549,549946,1865774,658000,0.656394389294,0.122290650523,331.09456205
550,550946,1868774,659000,0.661426204139,0.0814023700352,331.60709500
551,551946,1871774,660000,0.663797849016,0.10040741819,332.15129208
552,552946,1874774,661000,0.660935510135,0.0871204677448,332.7083790
553,553946,1877774,662000,0.657640045438,0.0901265291268,333.23867201
554,554946,1880774,663000,0.651186910516,0.0819883998775,333.74610209
555,555946,1883774,664000,0.662359156049,0.103913165356,334.26331710
556,556946,1886774,665000,0.656128853193,0.0626102470591,334.77578306
557,557946,1889774,666000,0.666700700888,0.146946986281,335.2747340
558,558946,1892774,667000,0.669714336971,0.0888355970955,335.79133701
559,559946,1895774,668000,0.655825815561,0.114052865757,336.31944298
560,560946,1906770,673000,0.664833398601,0.08067345706,338.75028920
561,561946,1909770,674000,0.671929876742,0.118368747145,339.26084899
562,562946,1912770,675000,0.662670042033,0.0792351288505,339.76425600
563,563946,1915770,676000,0.658108337009,0.0940230608701,340.35977506
564,564946,1918770,677000,0.664042935596,0.0865217644007,340.77655816
565,565946,1921770,678000,0.663366301886,0.0985950257948,341.24706506
566,566946,1924770,679000,0.660993511836,0.110575082368,341.75111198
567,567946,1927770,680000,0.665403846479,0.0555939388077,342.26292419
568,568946,1930770,681000,0.654664032509,0.116572215184,342.77033710
569,569946,1933770,682000,0.660775335118,0.166032600565,343.2820761
570,570946,1936770,683000,0.658284191663,0.110200520126,343.77648711
571,571946,1939770,684000,0.659639174973,0.070459216349,344.27522110
572,572945,1942767,685000,0.662289795731,0.0583409862187,344.75361299
573,573945,1945767,686000,0.664019707921,0.070051020327,345.24436616
574,574944,1948764,687000,0.661478532785,0.0723139500384,345.74682712
575,575943,1951761,688000,0.665712889408,0.0721595461293,346.25608611
576,576942,1954758,689000,0.668261761482,0.101337249364,346.75101304
577,577941,1957755,690000,0.65705248261,0.0926390858224,347.25468897
578,578941,1960755,691000,0.664307715192,0.0571904528716,347.73839998
579,579941,1963755,692000,0.653406947674,0.0755796848922,348.23618602
580,580941,1974751,697000,0.651530707899,0.074121905942,350.57803201
581,581940,1977748,698000,0.668972255549,0.151135679501,351.05469703
582,582940,1980748,699000,0.661947736863,0.0728755525001,351.54395508
583,583940,1983748,700000,0.64752706318,0.102479259649,352.06244301
584,584940,1986748,701000,0.660189303663,0.0946278930605,352.51912903
585,585940,1989748,702000,0.672625109841,0.0777942132657,353.00810003
586,586940,1992748,703000,0.669352548967,0.102935820085,353.45149517
587,587940,1995748,704000,0.64955772723,0.0914555881097,353.89909505
588,588940,1998748,705000,0.662269182554,0.0751645925728,354.39729118
589,589940,2001748,706000,0.651239598246,0.0819663092469,354.86292815
590,590940,2004748,707000,0.656616959278,0.0852515938667,355.32036805
591,591940,2007748,708000,0.661621555481,0.0918872212611,355.79473304
592,592940,2010748,709000,0.654704460261,0.0672190823107,356.26259303
593,593940,2013748,710000,0.655122214677,0.116904663135,356.76187896
594,594940,2016748,711000,0.657260852417,0.114310288303,357.23663711
595,595940,2019748,712000,0.667381468291,0.0976062752483,357.69192004
596,596940,2022748,713000,0.653312832689,0.0773729786708,358.14715099
597,597940,2025748,714000,0.665975603596,0.0954577940468,358.59803104
598,598940,2028748,715000,0.675557890304,0.0972567893478,359.08886909
599,599940,2031748,716000,0.661817833537,0.0835762552746,359.556991
600,600940,2042740,721000,0.665257399383,0.0988699694466,361.89732408
601,601940,2045740,722000,0.665830594881,0.087710250094,362.41661405
602,602940,2048740,723000,0.656244082179,0.0971306612416,362.91741609
603,603940,2051740,724000,0.661428730814,0.109980696766,363.43222117
604,604940,2054740,725000,0.651133514532,0.0762487595715,363.94540119
605,605940,2057740,726000,0.666014984899,0.069123762269,364.45684909
606,606940,2060740,727000,0.652385312691,0.0773836208565,364.94611716
607,607940,2063740,728000,0.656076787814,0.10388452355,365.44458007
608,608940,2066740,729000,0.654808210489,0.0789640060105,365.97607207
609,609940,2069740,730000,0.657462466404,0.070468597416,366.47907209
610,610940,2072740,731000,0.662283041618,0.144113236803,366.98208403
611,611940,2075740,732000,0.666538973534,0.0835451245521,367.50256109
612,612940,2078740,733000,0.650482820807,0.0993995567577,368.0039951
613,613940,2081740,734000,0.650940020967,0.0847735125452,368.41591310
614,614940,2084740,735000,0.657932662466,0.110120104822,368.93310618
615,615940,2087740,736000,0.666888493275,0.0721299694344,369.37709307
616,616940,2090740,737000,0.659337299383,0.116296599292,369.87193918
617,617939,2093737,738000,0.658452381392,0.0537528433667,370.35847902
618,618938,2096734,739000,0.65102673953,0.0730192716093,370.84929609
619,619938,2099734,740000,0.666692421333,0.0586597384034,371.35962009
620,620938,2110734,745000,0.670024141631,0.0962737342384,373.82306218
621,621938,2113734,746000,0.66077822767,0.0972165836568,374.31058502
622,622938,2116734,747000,0.654201696876,0.273743164098,374.82247114
623,623938,2119734,748000,0.663155067724,0.0796472169707,375.32115817
624,624938,2122734,749000,0.65920383969,0.065615999975,375.84810900
625,625938,2125734,750000,0.656695382085,0.103056110793,376.3682730
626,626938,2128734,751000,0.658616148537,0.0745322487974,376.88175201
627,627938,2131734,752000,0.658221512235,0.0875126266954,377.37909102
628,628937,2134731,753000,0.653697203007,0.0808853408951,377.88531899
629,629937,2137731,754000,0.664335649262,0.071798261607,378.39771509
630,630937,2140731,755000,0.662709903348,0.0790316011621,378.90073800
631,631937,2143731,756000,0.660980610523,0.131163602209,379.41731119
632,632937,2146731,757000,0.671498240029,0.0800936227411,379.911418
633,633937,2149731,758000,0.652960677167,0.113300286662,380.42520809
634,634937,2152731,759000,0.661079099077,0.143611766139,380.84714603
635,635937,2155731,760000,0.659163832035,0.107441976383,381.33529901
636,636937,2158731,761000,0.66323494001,0.0824080906005,381.81051707
637,637936,2161728,762000,0.665235316364,0.0802748106426,382.31807017
638,638936,2164728,763000,0.662293284245,0.136696773254,382.69352507
639,639936,2167728,764000,0.666833561669,0.0985718668352,383.18293499
640,640936,2178724,769000,0.656830185265,0.108490403903,385.60348796
641,641936,2181724,770000,0.65729439337,0.0760310243089,386.10646700
642,642936,2184724,771000,0.658595779517,0.0692346210079,386.62405800
643,643936,2187724,772000,0.665469679546,0.124956280846,387.13737916
644,644936,2190724,773000,0.655945410938,0.0883796557548,387.65539407
645,645936,2193724,774000,0.670906876978,0.225514363195,388.17217302
646,646936,2196724,775000,0.659492490259,0.136763233365,388.68429899
647,647935,2199721,776000,0.669951273071,0.0944531906263,389.19323110
648,648935,2202721,777000,0.661324005418,0.11924935368,389.71305608
649,649935,2205721,778000,0.65898596395,0.111425477295,390.20988917
650,650934,2208718,779000,0.656258318541,0.104762229424,390.70027017
651,651934,2211718,780000,0.66481382164,0.114858642358,391.22316813
652,652934,2214718,781000,0.657898426562,0.0528883823145,391.72310900
653,653933,2217715,782000,0.655937211836,0.113098860713,392.22901010
654,654933,2220715,783000,0.674072311698,0.101253873867,392.73226308
655,655933,2223715,784000,0.657328147788,0.0908442169196,393.22425508
656,656933,2226715,785000,0.655615635951,0.0904418509526,393.73129701
657,657933,2229715,786000,0.653962208788,0.0692792342488,394.22290301
658,658933,2232715,787000,0.664085160017,0.188971554223,394.73720908
659,659933,2235715,788000,0.658162060794,0.082763607024,395.15349507
660,660933,2246713,793000,0.659346405972,0.10943981408,397.55069112
661,661932,2249710,794000,0.668418700332,0.1312100468,398.05032205
662,662932,2252710,795000,0.659747525032,0.124221464913,398.54818105
663,663932,2255710,796000,0.667359980604,0.149338167218,399.05239200
664,664932,2258710,797000,0.661542747182,0.0754868807094,399.57086801
665,665932,2261710,798000,0.661859401322,0.0803539013912,400.08572602
666,666931,2264707,799000,0.672415628187,0.108818403842,400.60089397
667,667931,2267707,800000,0.661311759089,0.0660832143942,401.11560511
668,668931,2270707,801000,0.6679510614,0.0710320855721,401.63207197
669,669931,2273707,802000,0.658802272854,0.107038649233,402.14392209
670,670931,2276707,803000,0.655711642828,0.0727837801149,402.65567398
671,671931,2279707,804000,0.664343306225,0.128998555125,403.16946601
672,672931,2282707,805000,0.660969116698,0.100722721602,403.68087220
673,673931,2285707,806000,0.669728307837,0.155096148748,404.19682598
674,674931,2288707,807000,0.657907470698,0.153176169805,404.57606315
675,675931,2291707,808000,0.668503745584,0.0820067739608,405.0384850
676,676931,2294707,809000,0.659468545346,0.112664689765,405.57305908
677,677931,2297707,810000,0.659288965499,0.0759653531302,406.0833699
678,678931,2300707,811000,0.666814616218,0.0564581097404,406.59629607
679,679931,2303707,812000,0.661626145365,0.100813317698,407.05644202
680,680931,2314703,817000,0.662407925444,0.072172523977,409.60286712
681,681931,2317703,818000,0.665878735579,0.0616306412089,410.11272907
682,682931,2320703,819000,0.654317105077,0.0613254309635,410.61233019
683,683931,2323703,820000,0.657207797401,0.0812648643774,411.14849519
684,684931,2326703,821000,0.666296163357,0.0628207867604,411.69786214
685,685931,2329703,822000,0.662877443151,0.0735149002022,412.22909808
686,686931,2332703,823000,0.651367436768,0.0820086981781,412.79708313
687,687931,2335703,824000,0.655356141237,0.0856446870054,413.31129908
688,688931,2338703,825000,0.660956032149,0.0778209846096,413.80476903
689,689931,2341703,826000,0.661502735257,0.126538720491,414.32432413
690,690931,2344703,827000,0.668678083541,0.100400983644,414.80515813
691,691931,2347703,828000,0.659771307212,0.137640760122,415.30185198
692,692931,2350703,829000,0.655445111882,0.0714687756556,415.81054115
693,693931,2353703,830000,0.660825359909,0.0813300511862,416.29106497
694,694930,2356700,831000,0.659505515533,0.0951532959726,416.7263860
695,695930,2359700,832000,0.66317675109,0.117099943847,417.27009105
696,696930,2362700,833000,0.673475489113,0.0600871252011,417.7042150
697,697930,2365700,834000,0.668146058746,0.0624799584825,418.22225713
698,698930,2368700,835000,0.659113181334,0.116073092588,418.73406910
699,699930,2371700,836000,0.656941190793,0.100432285004,419.23088002
700,700930,2382696,841000,0.660338589333,0.0696176993015,421.68317508
701,701930,2385696,842000,0.659377663016,0.110001869283,422.19840216
702,702930,2388696,843000,0.663060575913,0.140609396531,422.71033310
703,703930,2391696,844000,0.667799479392,0.0919919312245,423.2009570
704,704930,2394696,845000,0.664229762047,0.0750140198205,423.71494102
705,705930,2397696,846000,0.669471223332,0.129800707154,424.22548103
706,706930,2400696,847000,0.660126431039,0.157159260828,424.76030898
707,707930,2403696,848000,0.663306342071,0.051612368489,425.28750419
708,708930,2406696,849000,0.664023052778,0.0868110549019,425.79656720
709,709930,2409696,850000,0.655429202822,0.0617050215576,426.33135604
710,710930,2412696,851000,0.662341640258,0.0682470424192,426.83641314
711,711930,2415696,852000,0.662863221408,0.0903099830302,427.35984396
712,712930,2418696,853000,0.658310732186,0.072316992879,427.88640117
713,713930,2421696,854000,0.656677838986,0.0796336536958,428.39762401
714,714930,2424696,855000,0.658050604743,0.080767790045,428.9098441
715,715930,2427696,856000,0.658404728422,0.0701339423027,429.43260717
716,716930,2430696,857000,0.668776861185,0.0798718420158,429.96395015
717,717930,2433696,858000,0.66084484014,0.0950456552982,430.50680112
718,718929,2436693,859000,0.666409220165,0.0802872399581,431.03671407
719,719929,2439693,860000,0.660455247352,0.0780713350912,431.60097718
720,720929,2450689,865000,0.670357165725,0.0732060748526,434.11338901
721,721929,2453689,866000,0.659643635043,0.117776191473,434.62510108
722,722929,2456689,867000,0.660355277963,0.101653061144,435.14176201
723,723929,2459689,868000,0.660648193369,0.115088142437,435.66501307
724,724929,2462689,869000,0.65290462108,0.0986373441241,436.18570709
725,725929,2465689,870000,0.672435077561,0.073882517735,436.70020818
726,726929,2468689,871000,0.660765513594,0.0677411218554,437.24192905
727,727929,2471689,872000,0.659544320299,0.106612558638,437.72850298
728,728929,2474689,873000,0.672056128808,0.0648252311069,438.24408507
729,729929,2477689,874000,0.662684462433,0.0979506972076,438.7647671
730,730929,2480689,875000,0.661561024489,0.0846764382576,439.26279115
731,731929,2483689,876000,0.657334102449,0.0997095485432,439.77509999
732,732929,2486689,877000,0.667899580155,0.0679554431831,440.28167915
733,733929,2489689,878000,0.654808722787,0.0743530128106,440.78822207
734,734929,2492689,879000,0.646089304719,0.077858412033,441.30063509
735,735929,2495689,880000,0.660815699938,0.0694893783011,441.80998396
736,736929,2498689,881000,0.667720085161,0.0985586642803,442.31923103
737,737929,2501689,882000,0.660354865302,0.122886285083,442.81851005
738,738929,2504689,883000,0.655317369469,0.102710002375,443.33950018
739,739929,2507689,884000,0.660907460336,0.085218509958,443.86268210
740,740929,2518689,889000,0.663777761663,0.068838966381,446.25702905
741,741929,2521689,890000,0.659937182344,0.073885396739,446.70286107
742,742929,2524689,891000,0.659067061097,0.0754846212707,447.20299816
743,743929,2527689,892000,0.659856310733,0.0830316080283,447.71345710
744,744929,2530689,893000,0.660849622534,0.0832613700903,448.22230911
745,745929,2533689,894000,0.659269495715,0.0763730506327,448.73582410
746,746929,2536689,895000,0.672081082605,0.0667709427665,449.22889614
747,747929,2539689,896000,0.659872585962,0.0760643705728,449.73963499
748,748929,2542689,897000,0.662974552745,0.104630285177,450.24826097
749,749929,2545689,898000,0.650996262361,0.109598114004,450.74567699
750,750929,2548689,899000,0.653215764492,0.0672101006634,451.24723815
751,751929,2551689,900000,0.673753707963,0.0875478308705,451.77169704
752,752929,2554689,901000,0.654298797689,0.112426783051,452.29409909
753,753929,2557689,902000,0.667546217046,0.0717544601008,452.80271506
754,754929,2560689,903000,0.660352387903,0.104752013633,453.31480598
755,755928,2563686,904000,0.646158270998,0.124294717345,453.83247399
756,756928,2566686,905000,0.668300786071,0.0806081113904,454.26215505
757,757928,2569686,906000,0.661044627126,0.0668390930554,454.77074813
758,758928,2572686,907000,0.659437483902,0.0996531023343,455.2841341
759,759927,2575683,908000,0.672487296095,0.0916321292738,455.79033207
760,760927,2586677,913000,0.659609196003,0.121898528214,458.20844817
761,761927,2589677,914000,0.671254410753,0.101747363459,458.74940
762,762927,2592677,915000,0.674117909215,0.103724829549,459.2731661
763,763927,2595677,916000,0.656122666737,0.102753817744,459.80318307
764,764927,2598677,917000,0.66606341355,0.0861342991439,460.31564998
765,765927,2601677,918000,0.662037949502,0.120078466204,460.81500816
766,766926,2604674,919000,0.65718392089,0.0673254074808,461.31980514
767,767926,2607674,920000,0.668418615193,0.100433869794,461.83096218
768,768926,2610674,921000,0.665533367327,0.13100778849,462.33900499
769,769926,2613674,922000,0.665840243259,0.0902574478631,462.85389113
770,770926,2616674,923000,0.668769656405,0.0720610720929,463.3743109
771,771925,2619671,924000,0.658127274978,0.0685586360082,463.88241004
772,772925,2622671,925000,0.668948555356,0.075572922336,464.39718103
773,773925,2625671,926000,0.658864361797,0.0953106614839,464.90777897
774,774925,2628671,927000,0.660662583874,0.081624879835,465.43156814
775,775925,2631671,928000,0.65559408343,0.0861943159492,465.91897606
776,776925,2634671,929000,0.662794381298,0.0809623813227,466.42167019
777,777925,2637671,930000,0.657948687894,0.118084422146,466.9236509
778,778925,2640671,931000,0.657216787303,0.152803660325,467.43585205
779,779925,2643671,932000,0.656647909859,0.142594043562,467.94687414
780,780925,2654671,937000,0.656194904193,0.0822400697803,470.27895402
781,781925,2657671,938000,0.647476894429,0.092611178022,470.76716113
782,782925,2660671,939000,0.662665575539,0.0602727269923,471.26778411
783,783925,2663671,940000,0.664624480731,0.0746183183397,471.7820670
784,784925,2666671,941000,0.664778918548,0.121783506914,472.30693101
785,785925,2669671,942000,0.658427166254,0.0697971180104,472.81910204
786,786925,2672671,943000,0.656825847332,0.0789339356561,473.32193112
787,787924,2675668,944000,0.662828879755,0.107483380661,473.83446717
788,788924,2678668,945000,0.661711354763,0.0821825968068,474.35362219
789,789924,2681668,946000,0.665039502636,0.0927190964637,474.77496719
790,790924,2684668,947000,0.661286516856,0.0673989340909,475.2522840
791,791924,2687668,948000,0.65740710114,0.0838503597692,475.63519597
792,792924,2690668,949000,0.648802523726,0.0908992422897,476.14469504
793,793924,2693668,950000,0.653708869123,0.0822891486171,476.66524815
794,794923,2696665,951000,0.672866945848,0.0991076888701,477.17130613
795,795923,2699665,952000,0.659323799812,0.0810175763603,477.68332600
796,796923,2702665,953000,0.661653576853,0.0688306903205,478.18339014
797,797923,2705665,954000,0.657515018597,0.0862556123037,478.69239711
798,798923,2708665,955000,0.657079811958,0.0772645491477,479.21379303
799,799923,2711665,956000,0.660777885383,0.0621116540037,479.73386216
800,800923,2722661,961000,0.663940508379,0.118923567795,482.20928597
801,801923,2725661,962000,0.668815992019,0.119320170527,482.7369620
802,802922,2728658,963000,0.651592187155,0.0946763653627,483.22592806
803,803922,2731658,964000,0.670965606201,0.0655346834794,483.75057816
804,804921,2734655,965000,0.661824584087,0.078317476,484.26052808
805,805921,2737655,966000,0.656710633653,0.0816911066992,484.7701191
806,806921,2740655,967000,0.661375980423,0.0774721293849,485.27110600
807,807921,2743655,968000,0.655954102966,0.0819192884409,485.78180408
808,808921,2746655,969000,0.662689841461,0.0825218583002,486.16981697
809,809921,2749655,970000,0.662753399559,0.065445045,486.67984199
810,810921,2752655,971000,0.665348987972,0.0776506282589,487.19051504
811,811921,2755655,972000,0.657893216563,0.0800530519408,487.7077081
812,812921,2758655,973000,0.663484046062,0.087616095164,488.21335911
813,813921,2761655,974000,0.655612414889,0.0853071885537,488.73056411
814,814921,2764655,975000,0.661933229932,0.0698558945771,489.18025898
815,815921,2767655,976000,0.654205893699,0.0772488059263,489.68654918
816,816921,2770655,977000,0.662331232004,0.0670363074458,490.20354914
817,817920,2773652,978000,0.659358315741,0.0724157988602,490.68557810
818,818920,2776652,979000,0.662631992453,0.0952205054554,491.24184417
819,819920,2779652,980000,0.660981722803,0.0854424653173,491.77342915
820,820920,2790648,985000,0.657521617977,0.121787394978,494.22805213
821,821920,2793648,986000,0.651791375892,0.153424647311,494.72908997
822,822920,2796648,987000,0.671447232043,0.133132426139,495.21111202
823,823920,2799648,988000,0.664895960983,0.0974185993929,495.71942019
824,824919,2802645,989000,0.65731851506,0.0757860526097,496.20897698
825,825919,2805645,990000,0.66358251043,0.0933076040665,496.74838519
826,826919,2808645,991000,0.65362668536,0.083971623678,497.23820400
827,827919,2811645,992000,0.650234728149,0.1827136658,497.74481797
828,828919,2814645,993000,0.660116883871,0.100865071633,498.25724816
829,829919,2817645,994000,0.661568514375,0.0845181609199,498.70104813
830,830919,2820645,995000,0.663913019388,0.156611274648,499.12484908
831,831919,2823645,996000,0.660146415122,0.0785983502402,499.64479017
832,832919,2826645,997000,0.657945866477,0.0777908941204,500.14867997
833,833919,2829645,998000,0.660656432505,0.106135400356,500.63891005
834,834919,2832645,999000,0.659202629252,0.106086844118,501.1365799
835,835919,2835645,1000000,0.662720323986,0.0855131221544,501.5126881
836,836919,2838645,1001000,0.656753068141,0.0672906173079,502.01419520
837,837919,2841645,1002000,0.660977046722,0.100247045732,502.53179502
838,838919,2844645,1003000,0.659706216099,0.0852139048492,503.04505419
839,839919,2847645,1004000,0.663894653581,0.071274718512,503.50956201
840,840919,2858639,1009000,0.658161138757,0.0716997643267,505.98985910
841,841919,2861639,1010000,0.661179287755,0.154469347844,506.4669680
842,842919,2864639,1011000,0.670339023728,0.0845804082787,506.99560213
843,843919,2867639,1012000,0.660291795711,0.146137560232,507.55683302
844,844919,2870639,1013000,0.652457887317,0.195212200078,508.10254311
845,845919,2873639,1014000,0.663611164046,0.0927767383785,508.63253998
846,846919,2876639,1015000,0.658715516481,0.0764035633035,509.1485550
847,847919,2879639,1016000,0.65978498899,0.0657173154444,509.6844620
848,848919,2882639,1017000,0.662935935199,0.104507616742,510.20233917
849,849919,2885639,1018000,0.662399559242,0.0760503349177,510.70518612
850,850919,2888639,1019000,0.661532472593,0.0909508567693,511.22285914
851,851919,2891639,1020000,0.667307945516,0.0903589368099,511.72493219
852,852919,2894639,1021000,0.65300450516,0.0744318734733,512.21466112
853,853919,2897639,1022000,0.662419477019,0.0774702555826,512.72927999
854,854919,2900639,1023000,0.662865249047,0.114917919008,513.22981119
855,855919,2903639,1024000,0.658215894568,0.0555956816912,513.73215198
856,856918,2906636,1025000,0.660547154777,0.0727743725822,514.21717500
857,857918,2909636,1026000,0.663798091809,0.11348486522,514.73103117
858,858918,2912636,1027000,0.665144719068,0.0625991092456,515.25235414
859,859918,2915636,1028000,0.648965533486,0.108483263915,515.73027801
860,860918,2926632,1033000,0.661811472807,0.0908528325216,518.1881151
861,861918,2929632,1034000,0.664564186203,0.0856990647777,518.73760604
862,862918,2932632,1035000,0.661527019735,0.0709233377939,519.23058319
863,863918,2935632,1036000,0.659958154649,0.0868231047738,519.73703718
864,864918,2938632,1037000,0.655973616539,0.0814247932419,520.28391408
865,865918,2941632,1038000,0.657139458404,0.112403850785,520.82697606
866,866918,2944632,1039000,0.660992866871,0.101495135429,521.34090900
867,867918,2947632,1040000,0.662325280459,0.0748419828207,521.85835814
868,868918,2950632,1041000,0.65739710493,0.0814075765871,522.37099814
869,869918,2953632,1042000,0.66102468938,0.120520984878,522.86285400
870,870918,2956632,1043000,0.656612550441,0.0692096844918,523.33120918
871,871918,2959632,1044000,0.658625675832,0.0980953191493,523.87058210
872,872918,2962632,1045000,0.667665288384,0.0608212629146,524.40534019
873,873918,2965632,1046000,0.66209763216,0.0634161902644,524.90946006
874,874918,2968632,1047000,0.653831151387,0.0937961180966,525.43902611
875,875918,2971632,1048000,0.659969538688,0.0917790459863,525.93443512
876,876918,2974632,1049000,0.655718034751,0.124509552516,526.46214103
877,877918,2977632,1050000,0.655566352065,0.0637901968203,526.9909150
878,878918,2980632,1051000,0.666199652427,0.103080875798,527.50902819
879,879918,2983632,1052000,0.659894560066,0.090150704964,528.02676200
880,880918,2994632,1057000,0.669009177992,0.058838141879,530.54463911
881,881918,2997632,1058000,0.660767506344,0.0675448955876,531.08317804
882,882917,3000629,1059000,0.658896103773,0.0811572037902,531.62091207
883,883917,3003629,1060000,0.661220589525,0.0701268342568,532.14748215
884,884917,3006629,1061000,0.6654136627,0.102613560964,532.70153403
885,885917,3009629,1062000,0.662515384886,0.0940258365718,533.22699403
886,886917,3012629,1063000,0.667085887702,0.0741700080057,533.74835205
887,887917,3015629,1064000,0.646876251191,0.0684462224946,534.29014706
888,888917,3018629,1065000,0.658339233361,0.140191568801,534.83361411
889,889917,3021629,1066000,0.672805430908,0.0745833536674,535.34486913
890,890917,3024629,1067000,0.655631664011,0.0955857529117,535.88772010
891,891917,3027629,1068000,0.677039204886,0.114519406729,536.42607307
892,892916,3030626,1069000,0.651421682552,0.102376579125,536.97494602
893,893916,3033626,1070000,0.657546382106,0.0919315861746,537.50080108
894,894916,3036626,1071000,0.660349931111,0.135639948488,538.05537700
895,895916,3039626,1072000,0.653792812052,0.141074686538,538.60240006
896,896916,3042626,1073000,0.664146968941,0.0968515519101,539.16731619
897,897916,3045626,1074000,0.65927077004,0.0945384819755,539.65972113
898,898916,3048626,1075000,0.664095550012,0.0755961794832,540.18255615
899,899916,3051626,1076000,0.657722443105,0.0778935941434,540.69736099
900,900916,3062624,1081000,0.653024658794,0.154858550066,543.16206502
901,901916,3065624,1082000,0.646537504957,0.147311385499,543.74821209
902,902916,3068624,1083000,0.666869205043,0.0872967890416,544.35377001
903,903916,3071624,1084000,0.65928339117,0.11415852725,544.98186016
904,904916,3074624,1085000,0.662425231328,0.0776128356936,545.46051597
905,905916,3077624,1086000,0.650487074293,0.10205461097,545.97801208
906,906916,3080624,1087000,0.663987231174,0.101461582235,546.49854898
907,907916,3083624,1088000,0.656339456791,0.102721923603,547.01065611
908,908916,3086624,1089000,0.666402447087,0.0889614676847,547.51152610
909,909916,3089624,1090000,0.659710852891,0.0680468041046,547.99134111
910,910916,3092624,1091000,0.65956180052,0.0752192828915,548.43413519
911,911916,3095624,1092000,0.661549989726,0.0893589523975,548.94137597
912,912916,3098624,1093000,0.657983117949,0.0969966360439,549.45912408
913,913916,3101624,1094000,0.66663964794,0.0784184622147,549.9614319
914,914916,3104624,1095000,0.662529161374,0.106974068954,550.46531200
915,915916,3107624,1096000,0.663077854579,0.0806721184856,550.99265098
916,916915,3110621,1097000,0.663240951563,0.0650441694981,551.48902511
917,917915,3113621,1098000,0.663467083623,0.156434579425,552.00844216
918,918914,3116618,1099000,0.660697629545,0.0955920237367,552.5379211
919,919914,3119618,1100000,0.663576893137,0.101297568422,553.06694006
920,920914,3130618,1105000,0.657378482175,0.154900028607,555.56738305
921,921914,3133618,1106000,0.654484579401,0.151344276963,556.07719707
922,922914,3136618,1107000,0.657419467981,0.0784542298114,556.56609797
923,923913,3139615,1108000,0.660313885842,0.0731575905382,557.09003996
924,924912,3142612,1109000,0.65596178339,0.0586440050597,557.59990000
925,925912,3145612,1110000,0.662942718228,0.0730005425578,558.11391401
926,926912,3148612,1111000,0.653306380659,0.0849497779163,558.63812112
927,927912,3151612,1112000,0.655348838913,0.0870824852695,559.15411996
928,928912,3154612,1113000,0.655917276162,0.0647130967042,559.66610097
929,929912,3157612,1114000,0.655422848316,0.0811587378313,560.1770250
930,930912,3160612,1115000,0.669775726544,0.137985779424,560.69872999
931,931912,3163612,1116000,0.655487950047,0.0791190801169,561.21728515
932,932912,3166612,1117000,0.662048120526,0.0643980474775,561.726692
933,933911,3169609,1118000,0.654008045061,0.0848002148982,562.23868513
934,934911,3172609,1119000,0.656853251728,0.0854625714853,562.74593806
935,935911,3175609,1120000,0.657014682943,0.0847650004028,563.25308299
936,936911,3178609,1121000,0.659178394795,0.0631240165634,563.771387
937,937910,3181606,1122000,0.658968213328,0.0821568519387,564.28017711
938,938910,3184606,1123000,0.661627039849,0.173263698134,564.79190397
939,939910,3187606,1124000,0.657033417263,0.117099696553,565.24723005
940,940910,3198602,1129000,0.663314797883,0.101558603223,567.6343820
941,941910,3201602,1130000,0.656830940307,0.0765853361013,568.15517020
942,942910,3204602,1131000,0.660855017919,0.0553910037178,568.67899298
943,943910,3207602,1132000,0.658475424655,0.0913386766751,569.19608712
944,944910,3210602,1133000,0.657468307019,0.0810588968357,569.71327900
945,945910,3213602,1134000,0.658472266802,0.0957767399738,570.22428512
946,946909,3216599,1135000,0.66361115521,0.0681655120626,570.71160697
947,947909,3219599,1136000,0.655369036296,0.0983949755377,571.221141
948,948909,3222599,1137000,0.650996518279,0.0786714811644,571.7352931
949,949909,3225599,1138000,0.662487859673,0.0789831831827,572.25383901
950,950909,3228599,1139000,0.653321850621,0.063046574937,572.7614111
951,951909,3231599,1140000,0.664236134313,0.0737774724373,573.27576804
952,952908,3234596,1141000,0.666103316985,0.0902368027239,573.76970601
953,953908,3237596,1142000,0.65939720585,0.0680988139786,574.28943419
954,954908,3240596,1143000,0.645001879961,0.0996178895902,574.79266810
955,955908,3243596,1144000,0.659082859527,0.097995737167,575.17518019
956,956908,3246596,1145000,0.660818136271,0.0981903985846,575.68356108
957,957908,3249596,1146000,0.654647624461,0.0837016963193,576.21907401
958,958907,3252593,1147000,0.658676113045,0.084332822172,576.73290300
959,959907,3255593,1148000,0.654015122175,0.0812750001892,577.24511003
960,960907,3266589,1153000,0.663813094991,0.0863765450778,579.67673397
961,961907,3269589,1154000,0.660575078683,0.077085203318,580.15001416
962,962907,3272589,1155000,0.666620466129,0.0998866363856,580.67572712
963,963907,3275589,1156000,0.657307623031,0.0936573655292,581.19223904
964,964907,3278589,1157000,0.649966339825,0.067445999443,581.71195411
965,965907,3281589,1158000,0.665530547229,0.0817073255945,582.22208118
966,966907,3284589,1159000,0.659930671475,0.0825394839737,582.72888708
967,967906,3287586,1160000,0.657455230434,0.0911559973899,583.23767113
968,968906,3290586,1161000,0.67161504756,0.0840664741593,583.76005816
969,969906,3293586,1162000,0.660482987587,0.068708279972,584.25908303
970,970905,3296583,1163000,0.650973287957,0.0908084243982,584.77382111
971,971905,3299583,1164000,0.660625726924,0.0785957230894,585.28469514
972,972905,3302583,1165000,0.650645402274,0.131401800649,585.78822398
973,973905,3305583,1166000,0.65276923247,0.108778015359,586.31099605
974,974905,3308583,1167000,0.658741561359,0.0793567937626,586.81854820
975,975904,3311580,1168000,0.654864579975,0.0967722138295,587.34191417
976,976904,3314580,1169000,0.663157992825,0.0759791621909,587.85190415
977,977904,3317580,1170000,0.660141249912,0.0733488846822,588.36106109
978,978904,3320580,1171000,0.656104813508,0.0821412783581,588.8693749
979,979904,3323580,1172000,0.652324834554,0.0792181478421,589.31334114
980,980903,3334577,1177000,0.665479985608,0.0697909862469,591.51248407
981,981903,3337577,1178000,0.655532094006,0.0838345854472,591.98586511
982,982903,3340577,1179000,0.659482021217,0.0670027378134,592.48151016
983,983903,3343577,1180000,0.665515581742,0.0586371382063,592.97825217
984,984903,3346577,1181000,0.66441066345,0.0723376980012,593.48888301
985,985903,3349577,1182000,0.657658890624,0.14483054278,594.00371909
986,986903,3352577,1183000,0.659536256856,0.0579778147561,594.52017712
987,987903,3355577,1184000,0.655913681853,0.142311622115,595.0073239
988,988903,3358577,1185000,0.661798090633,0.131404112459,595.50894498
989,989903,3361577,1186000,0.654036531272,0.0752418737628,596.03170704
990,990903,3364577,1187000,0.666960308884,0.0899287007733,596.53725004
991,991903,3367577,1188000,0.653948767217,0.105595460502,597.04602408
992,992903,3370577,1189000,0.661093730354,0.0955422973122,597.55398511
993,993903,3373577,1190000,0.661240435557,0.0779055854117,598.07278513
994,994903,3376577,1191000,0.66242958515,0.117509525482,598.58919000
995,995903,3379577,1192000,0.659630907687,0.060362945767,599.10418415
996,996903,3382577,1193000,0.65928460272,0.0833057605906,599.61394000
997,997903,3385577,1194000,0.664889221361,0.0615788945479,600.12514615
998,998903,3388577,1195000,0.657582885679,0.0987442892894,600.64794397
999,999903,3391577,1196000,0.662065151179,0.0655287962689,601.16124415
1000,1000903,3402573,1201000,0.653925674877,0.103647388165,603.58206605
1001,1001903,3405573,1202000,0.659790069899,0.0744306367964,603.97849202
