-0.0682370494327,-0.0706788601534,0.0527740674408,0.0464762273267,-0.0759031413793,0.0502127535808,-0.0621261894784,0.0482308122772,0.0505130482878,-0.068396473386,-0.0646043142078,0.0464482465132,0.047786396984,-0.0729148324674,-0.0671042864965,0.0476331670996,0.0484131332039,-0.0734429543489,-0.0645430065615,0.0503942456139,0.0518245051493,-0.0675077380718,-0.0710879512361,-0.0700714374684,-0.0741039715911,-0.0705268880338,-0.073999599851,-0.0743758357376,-0.0681579069439
0.688157809232,0.653252068866,0.0139524909717,0.0157417161395,0.632711163316,0.0498414448066,0.740665319003,0.0104765451925,0.0443245047728,0.667772469806,0.729150267868,0.0178554644635,0.0492006582386,0.629894941192,0.711023022475,0.013944498243,0.039380017884,0.663648849967,0.71994105198,0.0336852644862,0.0414978356948,0.741239994344,0.749421417891,0.734296232946,0.72626655086,0.688430183439,0.581105908101,0.699202951708,0.627631210559
-0.112619838714,-0.149791453411,0.0353342702842,0.0221448185795,-0.226857277962,0.0448399225894,-0.0278516469994,0.0197665277119,0.0528239575222,-0.142320909858,-0.0643056504202,0.00963138049763,0.0532110304391,-0.197629100341,-0.0848802197972,0.0251929939518,0.0495008563266,-0.176856088132,-0.0557100902973,0.0280079634316,0.0385569865555,-0.0521910459204,-0.0696755922682,-0.0799901063083,-0.112223852206,-0.133810165258,-0.270179057625,-0.14997402748,-0.176654360766
0.423796967139,0.37897909169,0.0252567258412,0.0205723593622,0.274787065862,0.0352415027468,0.527700675506,0.00988377779769,0.0487162673631,0.394815707238,0.48137993765,-0.00326587291228,0.0599333879416,0.3280402056,0.459485969437,0.0203520911442,0.0393959917336,0.3564487086,0.482835113988,0.0092692470951,0.0378746187405,0.481110979359,0.503754558503,0.483513432889,0.453202039755,0.41612500923,0.217661422432,0.403093025022,0.325995667541
-0.038753890251,-0.0975320819415,0.0263098156052,0.0241258185186,-0.215628698284,0.0226678270243,0.0810746555137,0.0102418306673,0.0510373300629,-0.0661707618594,0.0296098813586,0.0056573022747,0.0643010161072,-0.174384925987,0.00728879961023,0.0244380413322,0.0449738333098,-0.11810399539,0.0383758001787,-0.00086212444326,0.0388294894528,0.0383327255677,0.0276082207381,0.0139745093735,-0.0320736615243,-0.0586133702633,-0.270266048754,-0.0872685504725,-0.1388976898
0.183766469515,0.115427341675,0.0183283292562,0.0283192634164,-0.0066123252758,0.025305781141,0.319037657908,0.0105852722636,0.046732993002,0.166836741347,0.258476418579,0.00118950564627,0.0547870347792,0.0606138467982,0.233323497482,0.0182558697747,0.0448593267823,0.103857440083,0.260317264634,0.00162813769538,0.0370615181684,0.216190442571,0.259909229784,0.247615456493,0.202993419148,0.16783819426,-0.0669383618139,0.14248943312,0.066306982111
-0.112436297104,-0.188429391188,0.0253467260388,0.0227597389253,-0.32646282921,0.025065674091,0.0302592822268,0.00555095824478,0.0498767266733,-0.12633868839,-0.0365970894216,-0.00270445478394,0.0557651806972,-0.252057871495,-0.0606088827642,0.0218055349489,0.0479444392657,-0.200456839559,-0.0281136522679,-0.011680888813,0.0325687946047,-0.0885637174656,-0.0489051385493,-0.0555818632834,-0.107655631212,-0.137889414304,-0.385737824673,-0.176747230994,-0.234829158345
0.168584908232,0.0851523291037,0.0289816524893,0.0269760961855,-0.0583025957215,0.0283027047342,0.322755635123,0.00869029896272,0.0478705367088,0.152804941912,0.251261445741,-0.00230067640438,0.0579852515571,0.0229658074457,0.219934155997,0.0223934751959,0.0422630906458,0.0825076001931,0.256390243923,-0.00942314623576,0.034466210335,0.186776107559,0.244951806445,0.238309147326,0.18897276659,0.144691138753,-0.130127062,0.110970542431,0.0263423160791
-0.0534251856293,-0.144479202243,0.0251985434079,0.0300123744065,-0.292236933677,0.0304060052419,0.10398080565,0.00534682744418,0.04834068278,-0.0731493991474,0.0293287075087,-0.00868142759507,0.0538076396829,-0.208981003867,-0.00292330755716,0.0224307868753,0.0336620294116,-0.148426401901,0.0348710148414,-0.00872628276934,0.0410793766195,-0.0399042109772,0.00934944529334,0.00959737374025,-0.0447794406933,-0.0847823757093,-0.371496269064,-0.127778661011,-0.200329185038
0.123268980146,0.025894615104,0.0218506206327,0.0230419662077,-0.12445180097,0.0310029156653,0.288792861321,0.00555969396426,0.0521895534383,0.100578876433,0.210923192215,-0.00827053389187,0.0511482652702,-0.0353364193907,0.17675185231,0.0212380261394,0.0340113160492,0.0252872871399,0.217061606588,-0.0107855383094,0.0426921041646,0.12891330977,0.19485369977,0.19359330262,0.141745958812,0.0947234761445,-0.212507763203,0.0535930068572,-0.0365373882824
-0.012391782475,-0.117179858221,0.0199971069727,0.0217923737591,-0.271953436791,0.0297996213353,0.154839220123,0.00585717604202,0.046454439733,-0.0352590420848,0.0728647124602,-0.00935145033891,0.050161041738,-0.173294957773,0.0382973063091,0.0208180409604,0.0338453006576,-0.115263155556,0.0817905694557,-0.0132626009722,0.0408690909542,-0.0175970905222,0.0474657849195,0.0517915004983,-0.000689475418016,-0.0493245737167,-0.361812656388,-0.0958461719275,-0.178931726319
0.0944499954502,-0.0132688062136,0.019139407148,0.0250484590385,-0.167316494759,0.0242333973669,0.267237008597,0.010223903231,0.0501492673535,0.0701406553048,0.180064969493,-0.00781959494846,0.0500263835588,-0.066710103025,0.143289140029,0.0247236129561,0.02702340071,-0.00634556216818,0.187724628767,-0.0154986183014,0.0379706898539,0.0829518582399,0.158395238456,0.163418909789,0.113441397259,0.0606878688364,-0.26801552185,0.0134505891925,-0.0811157414502
0.0224375386509,-0.0904788954105,0.018846339286,0.024221921192,-0.248856794171,0.0208882810612,0.197294578808,0.0120665638194,0.0524263199207,0.000823211850656,0.106693190982,-0.0096450557782,0.0454374253157,-0.141858282445,0.0685269775026,0.0210807203433,0.0262223959611,-0.0834285385076,0.114816787321,-0.0126215177087,0.0364452847479,-0.00482306983164,0.0779170663803,0.0871830699152,0.0383281513386,-0.0149940377286,-0.351767432217,-0.0675587572621,-0.159991443702
0.0696590360321,-0.045828713397,0.0173350905465,0.0250687834574,-0.204467495848,0.0204662484204,0.246600945371,0.00972512375598,0.0498310362533,0.0478407691875,0.153095009102,-0.008282688701,0.0430093918968,-0.089619187747,0.114625364058,0.0182553844991,0.0245158638003,-0.0365658407526,0.161945269173,-0.0122722531478,0.0332936463603,0.0332598382252,0.123743909846,0.136525200664,0.089394347679,0.0328518258328,-0.312829744714,-0.0206382857892,-0.119617192183
0.047254844292,-0.0728596255045,0.0145036095761,0.0211638947186,-0.231593330733,0.0217626223998,0.22439241777,0.00884120884686,0.0489722316194,0.0275158340051,0.12858306229,-0.0103646476469,0.0433291772569,-0.113920238567,0.0916998348981,0.016336170264,0.0251630146926,-0.0590089604329,0.137854926563,-0.012011408261,0.0331667005967,-0.00108137093634,0.0944559401024,0.111263631425,0.0664742810819,0.00885535936928,-0.345609442647,-0.0492885920556,-0.148478267575
0.0617814187522,-0.0617084680635,0.0107626133909,0.0200187815486,-0.221769874913,0.0217932864118,0.2412053529,0.00777538423468,0.0463337963249,0.0408112255784,0.142393586046,-0.010365898382,0.0419772915175,-0.0955346765424,0.105314722976,0.0144102954703,0.0264747735826,-0.0437016395294,0.151029526042,-0.00927870644399,0.0322120693948,0.00788755281925,0.105658497199,0.125529815837,0.0819768228941,0.0229953341131,-0.338412457162,-0.0375011492878,-0.14014354585
0.0558662641535,-0.0726957903983,0.00948773903697,0.0218834185137,-0.232713333772,0.0230199446504,0.236521630213,0.00583298220099,0.0441862070593,0.0354658320573,0.136346243865,-0.0102561195478,0.0389949208562,-0.0985240570012,0.0983883265797,0.0139935353166,0.0270212584874,-0.0507098828875,0.144004674215,-0.00896930573123,0.0301065780451,-0.00766393488061,0.0932964248887,0.117546987084,0.0759234909383,0.0165809209994,-0.350550540681,-0.0468105136623,-0.1516369028
0.0630993137706,-0.06933367292,0.00786804011049,0.0196913227172,-0.227516178061,0.0248801529629,0.24499703844,0.00387244948387,0.0439421687626,0.0427598645721,0.144100861799,-0.0111848517632,0.0360366285738,-0.090823135256,0.104659608139,0.0113873057399,0.023690980219,-0.0446786895463,0.150349790461,-0.00817633538166,0.028170393062,-0.00564785186826,0.0997084885043,0.125390479118,0.0840419486486,0.0245735466738,-0.350835860286,-0.040986190888,-0.148436180217
0.0626057599346,-0.0732195236934,0.00681855699089,0.0215553945053,-0.230322080316,0.0268662868069,0.246153374972,0.00190371628666,0.0419148986385,0.0407309088823,0.14280988943,-0.012266788223,0.0337621831521,-0.090561837974,0.102822439006,0.00790680739265,0.022652299366,-0.0461794244523,0.148118336239,-0.0118093835655,0.0269205303993,-0.0110520851557,0.0964598181917,0.123544865337,0.0839906251502,0.0238630544595,-0.358533558322,-0.0445923296701,-0.153594196466
0.0655434555395,-0.0743252200729,0.00765518660865,0.0221799364142,-0.230142849231,0.0265811016418,0.249868315279,0.00178366021115,0.0413909626909,0.0422032541215,0.145473665994,-0.0113413547503,0.0325378984388,-0.0868073892534,0.104460215533,0.00931709487916,0.022184751416,-0.0424146030209,0.150248869692,-0.00893459640609,0.024716266252,-0.0109358210131,0.0958013058008,0.125148377799,0.087351624645,0.0272200064317,-0.362211194436,-0.0440607790742,-0.155124859298
0.0655274079761,-0.0778222051097,0.00558568256803,0.0211777268802,-0.23303174156,0.0266486820125,0.251096875211,0.00149697827731,0.0400433393961,0.0436397347989,0.144924391203,-0.0103507039498,0.0314018129471,-0.0849888079883,0.103988483026,0.0093296445697,0.0224082529608,-0.0454322411342,0.150535461742,-0.00817778887136,0.0263223662019,-0.0149604362483,0.0931815631873,0.12404132603,0.0876907298814,0.0263844075285,-0.367130469216,-0.0465428448093,-0.159659016934
0.0663955160298,-0.0783681521205,0.00516646329881,0.020874639855,-0.234810709691,0.0267811824251,0.25355951669,0.000195054446365,0.0376354619923,0.0441341171262,0.145253962219,-0.00936099958594,0.0309376863653,-0.0824975273193,0.104134973123,0.00758772853267,0.0222697642992,-0.0450197976792,0.149637395839,-0.00823961862233,0.0262190511671,-0.0188826832303,0.0921095370774,0.124798180504,0.0890925549008,0.0269937243178,-0.371364635262,-0.0475310422446,-0.16253919222
0.0702688908234,-0.0777038213387,0.00408354589574,0.0191737515852,-0.232976913167,0.0255879167115,0.258019586742,0.00122911298159,0.0369372588215,0.0456586290854,0.148702995073,-0.00777855306966,0.0308862770668,-0.0774608041515,0.107650959346,0.00778813584626,0.0212275385506,-0.0429681795339,0.152937230642,-0.00980878555884,0.0256138801924,-0.0169184642376,0.0935294056762,0.127883600282,0.0933192387683,0.030446597049,-0.373259957321,-0.0453335192665,-0.162403194486
0.070297829762,-0.080308488964,0.00459474445572,0.0185694094236,-0.235233669789,0.0242048144878,0.259143404707,0.000573139225863,0.0353698492475,0.0462579522256,0.148568383233,-0.00763691881788,0.031479259362,-0.0757677884728,0.106276053034,0.00734124562544,0.0224817903008,-0.0466839707116,0.151944933044,-0.00969344550847,0.0262242265337,-0.0173571318467,0.0910216257529,0.12730692986,0.0938381452337,0.030666668892,-0.37783589123,-0.0471212032753,-0.165874442983
0.0729914213699,-0.0798055884438,0.00467859447159,0.018265808738,-0.235043124808,0.0235819000435,0.262838908147,0.00175688539475,0.0350258955894,0.0490297634504,0.151848208487,-0.005995060475,0.0297062562168,-0.0728395357422,0.107777100948,0.00666921110526,0.0220823764042,-0.045885410746,0.15452051365,-0.00929596167848,0.0251077625544,-0.0158962997382,0.0901525926465,0.129178293887,0.097133762145,0.033596499287,-0.379717659793,-0.0461516795842,-0.166663658861
0.0740824572822,-0.0810066685779,0.00416251167557,0.0179560211799,-0.236080336134,0.0219414330666,0.264716013022,0.00170459257848,0.0341026242277,0.0484811994636,0.152282758358,-0.00613561606873,0.0278902270674,-0.0725453667731,0.107998851986,0.00642800424041,0.0226431884998,-0.0451134582494,0.154870702483,-0.00892294442262,0.023019172164,-0.0171159640104,0.089762715928,0.130044348709,0.0987004117116,0.0342999667056,-0.383561279551,-0.0468168078913,-0.168693177333
0.0743401674944,-0.0828606127139,0.00510713420113,0.0182903904205,-0.237322807711,0.0193135474226,0.266152811158,0.00313777112203,0.0326656078366,0.0485976043821,0.151942054367,-0.00547528565035,0.0272857830367,-0.071872899181,0.106884118836,0.00570014157832,0.0226036160525,-0.0471194008431,0.154722534469,-0.00739741235212,0.022927422226,-0.0191213435164,0.0870762416158,0.129617280036,0.0995026173726,0.0342188898801,-0.387619231438,-0.0482118458857,-0.171574970048
0.0751889019026,-0.083471710385,0.0029211879187,0.0174612580528,-0.238456704185,0.0191469678309,0.267339011296,0.00195887591687,0.0315361774679,0.0494024470295,0.151689962146,-0.00577901462012,0.0271916614651,-0.0720945814596,0.106668063577,0.0042804203872,0.022257529031,-0.0472427255439,0.154545975042,-0.00671069235751,0.0221725940403,-0.018621352594,0.0863922929029,0.13019617398,0.100599751308,0.0349504898547,-0.391377105165,-0.0488574910535,-0.173495038746
0.0748331587724,-0.0860456427788,0.0023812633916,0.0172827546081,-0.241133040367,0.0184457694961,0.267351776638,0.00241918364544,0.0302786957781,0.0488190423471,0.150899542372,-0.00462182653132,0.0258330028659,-0.0721450368496,0.10544262594,0.00306031257771,0.0222828624511,-0.0499426550196,0.153175250341,-0.00591787249608,0.0229167974274,-0.0204871213436,0.0837304853888,0.129253288245,0.100337137519,0.0341069309904,-0.395919392072,-0.0508174703961,-0.176873980176
0.0764727412261,-0.085767053069,0.00147041754909,0.018133010446,-0.240909292165,0.0158820337165,0.270198354831,0.00155999269163,0.0303002519771,0.0506264442195,0.151524489224,-0.00600158436876,0.0235100426602,-0.0701547555401,0.106902842049,0.00208588955898,0.0219044633407,-0.0495620810796,0.15456663986,-0.00692097354216,0.0216452388116,-0.0211296173751,0.0840974122163,0.130890185022,0.102277461516,0.0357619680047,-0.398686116798,-0.0502659670533,-0.177860792663
0.0771055143774,-0.08653773895,0.00230080621758,0.0169970343039,-0.242163534943,0.0156486202321,0.27174703236,0.0012947258778,0.0295650902107,0.0498529033807,0.152031804132,-0.00424479003688,0.0239503685436,-0.0695568230452,0.107118678802,0.00109339166469,0.0215530600386,-0.0492526473281,0.155091032716,-0.00736299364286,0.0211647002237,-0.021666284245,0.0827207518611,0.131115197304,0.103115071178,0.0361351355281,-0.402024026357,-0.0511214351321,-0.179845603853
0.0792313934948,-0.0865289226918,0.00254819966937,0.018029306824,-0.241783288035,0.0157519422812,0.275026941807,0.00205376638614,0.029234842329,0.0509155108678,0.154330625006,-0.00455305067784,0.0225946444602,-0.0667624490995,0.109226206765,0.00188647466721,0.0205046647152,-0.0477282354419,0.1566948904,-0.00747076366614,0.0194457155532,-0.0223908593236,0.0843134770131,0.133538833905,0.10568546227,0.0380061966903,-0.403328053844,-0.0499755126007,-0.179961287591
0.0789605943489,-0.0892818304149,0.00275280200266,0.0171865574733,-0.243699350839,0.0156830555688,0.27622308476,0.00176970334082,0.0279584937536,0.0501509757266,0.154460570438,-0.00406505189488,0.0231595458949,-0.0681664455725,0.107725123521,0.00281140540826,0.0200844067497,-0.048082870218,0.156447660374,-0.00665994154779,0.0182017702424,-0.0229670307717,0.0828052049171,0.132869765263,0.105688434439,0.0381112663273,-0.406777494063,-0.0515926719703,-0.18256907409
0.0806080302098,-0.0892826273862,0.00434073449784,0.0170357537306,-0.243927144702,0.0149941066245,0.278183234019,0.00197610559477,0.0292942797633,0.0510960500185,0.155116766647,-0.00401462707156,0.0225277110072,-0.0658726302499,0.108885665632,0.00338756349249,0.0189120077834,-0.0476898984625,0.157874998341,-0.00640981616529,0.0169564127987,-0.0202080166376,0.0823351313981,0.133934168356,0.107641632301,0.0393510105077,-0.408445870005,-0.0513117075303,-0.183732852822
0.0821874493909,-0.0899387407904,0.0043808084066,0.0174167919548,-0.243546932967,0.0151552225329,0.279950185891,0.00128132416276,0.0277667335392,0.0524696333771,0.156301294084,-0.00505471946461,0.0227619900798,-0.0644860977183,0.109252395736,0.0032436434369,0.0197559048156,-0.0467836818537,0.158879085035,-0.00623865118093,0.017177916376,-0.0196917838446,0.0819681064047,0.134916125025,0.109549023925,0.0408477143272,-0.410799279128,-0.0511722908457,-0.184665116975
0.0825126924109,-0.0920876198972,0.00284295038249,0.0174421957927,-0.244864738529,0.01462070479,0.280454417933,0.000886422198372,0.0269137122671,0.0514168538669,0.156038493914,-0.0044780144588,0.021363019735,-0.0642044139559,0.108780958969,0.00358234478324,0.0205462400007,-0.0464695717548,0.158853124082,-0.00679017483954,0.0172004040452,-0.0210758408578,0.0808366593264,0.134517654557,0.109969597143,0.0404689663862,-0.414115456754,-0.0526244334501,-0.187035765298
0.08181547349,-0.0935917718706,0.00241302635232,0.0171866885137,-0.247502354332,0.0143255570829,0.280203272361,0.00136568650755,0.0272447497917,0.0504843444564,0.15500669187,-0.00464267943556,0.019575052104,-0.0651317429975,0.107596814793,0.00382372964431,0.0196408483185,-0.0461333524141,0.15745049881,-0.00631465197774,0.0172525385939,-0.0232356839884,0.0779220559008,0.133095312499,0.109522858993,0.0393516302679,-0.417783679662,-0.0546983217571,-0.190078717592
0.083379438716,-0.0940884217425,0.00205339993654,0.0162874384238,-0.247356250284,0.0131130951516,0.282014714879,0.000997739351045,0.0261446192297,0.0505545049242,0.156123544307,-0.00444631714484,0.0196404774226,-0.0628246144085,0.108252547025,0.0033771928242,0.0205293675758,-0.0450206871243,0.158428275363,-0.00653811096419,0.0164189204446,-0.0226514584288,0.0784527666361,0.134479695261,0.111402776916,0.0404108991462,-0.419568676506,-0.0544000589122,-0.190922709302
0.084492155217,-0.0945798995647,0.00191244961999,0.0160085187112,-0.248382089595,0.0132986375949,0.283491976498,0.000799177838854,0.024803487463,0.0514877823534,0.156760778967,-0.0054208263504,0.0202979011742,-0.0619883045699,0.108388165659,0.00262316340253,0.0205362241673,-0.0450736178464,0.159184316302,-0.00562544193067,0.0164654859486,-0.0235870049731,0.0781158243441,0.135138013097,0.11272551308,0.0410401894385,-0.421406227083,-0.054428833097,-0.192208794809
0.0851899205339,-0.0957809990252,0.00124171972419,0.015352895693,-0.247833124638,0.0147881803554,0.284767283998,-9.19073907414e-06,0.0242935738261,0.0518016137138,0.157220699561,-0.00605764887137,0.0208065600404,-0.0607463678455,0.108357867972,0.00246900244664,0.019942995736,-0.0460156404372,0.159437551214,-0.00491687496837,0.0162254005288,-0.0241849012676,0.0773351442195,0.135186089468,0.113436074236,0.0418794897253,-0.423416684237,-0.0547816379653,-0.193538916829
0.0840861390787,-0.0984598703003,0.00150328086278,0.0166873400222,-0.250712395362,0.0152348039059,0.283987477665,-4.66009254777e-05,0.0231820073093,0.0506280035353,0.15582264978,-0.00538047626915,0.020678531028,-0.0629292565189,0.106887295663,0.00341139933554,0.0196668762549,-0.0477323406201,0.157886582889,-0.00378678659818,0.0169043256449,-0.0250879504149,0.0748905249929,0.133456012879,0.112435268782,0.0404512563693,-0.427492392889,-0.0573673527234,-0.196816783349
0.0840919686258,-0.098466196547,0.00150128182436,0.0166865670665,-0.250725434056,0.0152310510525,0.284003973151,-4.72518472788e-05,0.0231802370756,0.0506325831089,0.155831119986,-0.0053825788065,0.020677109243,-0.062932329019,0.106893234662,0.00340817879531,0.0196647864276,-0.0477312059076,0.157894877731,-0.00378799461483,0.0169015764197,-0.0250926368036,0.0748923271254,0.133462970212,0.11244341024,0.040454530059,-0.427516900504,-0.0573709781036,-0.196829426107
0.0840972788556,-0.0984713936309,0.00149886007487,0.0166845322775,-0.250736043674,0.015229186774,0.284018740957,-4.8698875323e-05,0.0231780489617,0.0506361849157,0.155839093972,-0.00538284298331,0.0206751150738,-0.0629339909431,0.106898950563,0.00340742555511,0.0196668049734,-0.047731781101,0.157901978711,-0.00378779818633,0.016901637133,-0.0250927868998,0.0748949549751,0.133469994716,0.112450667132,0.0404575522853,-0.42753936461,-0.0573733055323,-0.196839468278
0.0841014620456,-0.0984770355167,0.00149819243414,0.0166837150568,-0.25074810747,0.0152280111599,0.284030969326,-4.96489434905e-05,0.0231763027729,0.0506368982642,0.155844384904,-0.00538153397043,0.02067276095,-0.0629327369742,0.106902766455,0.00340589694512,0.0196670282493,-0.0477338778952,0.157907276832,-0.00378887205976,0.0169002053877,-0.0250971388137,0.0748958742472,0.133474751636,0.112456647708,0.0404600663914,-0.427561245756,-0.0573766538647,-0.196850903019
0.0841074276866,-0.0984798466979,0.0014953171882,0.0166821979414,-0.250755689538,0.0152274702144,0.284045052713,-5.0649261422e-05,0.0231737691038,0.050640335926,0.15585227522,-0.00538343497133,0.0206710411173,-0.0629310139047,0.106908486368,0.00340604612051,0.0196664426115,-0.0477345922491,0.157915938286,-0.00379096873509,0.0168971572551,-0.0250974621618,0.0748998014012,0.133481722412,0.112464153202,0.0404648816659,-0.427578757655,-0.0573773323424,-0.196858265359
0.0841122734578,-0.0984855208672,0.00149249778466,0.0166806084085,-0.250767819716,0.0152251493398,0.284058526795,-5.39921901307e-05,0.0231726676342,0.050642347381,0.155858786286,-0.00538576966569,0.020668689417,-0.0629320850023,0.10691265922,0.00340307366906,0.0196623527099,-0.0477361544214,0.157923110483,-0.00379413713573,0.0168952855186,-0.025100144367,0.0749018310363,0.133488281195,0.112470961999,0.0404685236916,-0.427601574544,-0.0573802638261,-0.196869425057
0.0841172834706,-0.098491619945,0.00149253370631,0.0166794687755,-0.250776832914,0.0152221067896,0.284070834504,-5.51599546322e-05,0.0231715973179,0.0506456880258,0.1558657918,-0.00538702679116,0.0206668456653,-0.0629316858627,0.106917273386,0.00340236909426,0.0196618699748,-0.0477374304663,0.157930208866,-0.00379521977352,0.0168944022805,-0.0251020915692,0.0749036177884,0.133494798569,0.112477325,0.0404712032586,-0.42762060294,-0.0573825445522,-0.1968787443
0.084122291127,-0.0984938893861,0.00149000687789,0.0166787954323,-0.250785642659,0.0152196515364,0.284083809414,-5.59845533143e-05,0.0231711198485,0.0506485095967,0.155872385306,-0.00538683373921,0.0206669601124,-0.062931358101,0.106921938174,0.00339978345852,0.019659803,-0.0477386195277,0.157936937606,-0.00379681412414,0.016891533288,-0.0250995685918,0.074907011573,0.133501533331,0.11248387292,0.0404748901393,-0.427637198354,-0.0573833843358,-0.196885766551
0.084128159535,-0.0984968951888,0.00148660800897,0.0166759239668,-0.250795165463,0.0152192575894,0.284097133991,-5.7668304519e-05,0.023170781024,0.0506508259741,0.155879345962,-0.00538971038574,0.0206658271288,-0.0629304566095,0.106927306527,0.0033976677938,0.0196597968596,-0.0477379113853,0.157945185112,-0.00379755695273,0.0168896061763,-0.0250995071157,0.0749107908114,0.133508755737,0.112491128024,0.0404782299745,-0.427655526187,-0.0573847710431,-0.196894011822
0.0841333645075,-0.0985006325181,0.00148475627506,0.0166768002441,-0.250805518517,0.0152172237995,0.28410971686,-5.79683569863e-05,0.0231697951176,0.0506555125969,0.155885340588,-0.00539207708218,0.0206624192083,-0.0629310571374,0.106931456858,0.00339664854552,0.0196566859013,-0.0477376891277,0.157951770196,-0.00379990220731,0.0168869363197,-0.0251019862487,0.074911866056,0.133514613018,0.112498188738,0.0404806904407,-0.427675246614,-0.0573877704005,-0.196904004747
0.084138566649,-0.0985062383147,0.00148382753769,0.0166740239127,-0.25081930956,0.0152141948357,0.284124818157,-5.91496255423e-05,0.0231684585798,0.0506590521151,0.155892543668,-0.00539316451443,0.0206595394692,-0.0629331361027,0.10693680177,0.00339416724937,0.0196550961356,-0.0477395157251,0.157959633311,-0.0038013245657,0.0168844014295,-0.0251065710845,0.0749129379715,0.133521170452,0.112505281744,0.0404834175872,-0.427699652989,-0.057391793191,-0.196916446885
0.084143413428,-0.0985078132221,0.00148244812551,0.0166740738561,-0.250825352562,0.0152138764306,0.284136572568,-6.03530210889e-05,0.0231673059246,0.0506608484483,0.155899848873,-0.00539289664822,0.020658797633,-0.0629343089416,0.106942547154,0.00339329296639,0.019654336442,-0.0477368784549,0.15796543993,-0.00380350110079,0.016882864425,-0.0251062351901,0.0749165621101,0.13352756801,0.112511454544,0.0404872834938,-0.427713571483,-0.057391614056,-0.196921611393
