7.94607748811
8.35728930255
8.01469708449
7.3857990849
6.75320051599
6.68928756643
6.01814126972
6.08458664945
4.85022455445
3.81755543839
3.34359154072
3.14044904348
2.74243427426
2.7205261931
2.77591178663
2.77351737565
2.69828773427
2.47844769051
2.47979508279
2.60746067323
2.64510218245
2.67467220604
2.52242090576
2.5635071326
2.50456095098
2.5571982583
2.49935371911
2.51401196872
2.54480190639
2.39615944529
2.39062751075
2.47172075704
2.45324766683
2.64646265598
2.54859966225
2.49639060605
2.42036815338
2.55344399548
2.40759011089
2.4275992808
2.45465178201
2.68984863453
2.66882456235
2.50081732525
2.47761536634
2.37954002059
2.52953993947
2.44530484675
2.57576151269
2.50411535947
2.48367664806
2.54597162922
2.52825248518
2.44767186732
2.42433408645
2.43765287872
2.26855510648
2.52484837516
2.33535389942
2.40868669096
2.43428935203
2.57498790862
2.22528134885
2.53812872762
2.55810006117
2.45889696927
2.34770297755
2.3383192334
2.40719363216
2.27079622034
2.46348946995
2.35170505982
2.30423392992
2.49328452718
2.26850528252
2.3578337515
2.40551331611
2.29867938645
2.3351609193
2.38992274996
2.40130478502
2.3890191868
2.41595047549
2.3646867828
2.46061195079
2.3589834854
2.34160721415
2.37603783505
2.46760847446
2.35436588072
2.48425261336
2.33426204952
2.3462595472
2.32996960061
2.33936897407
2.31537550261
2.41213401212
2.25180240549
2.56218458218
2.2646591991
2.38979195813
2.42657716315
2.34856333618
2.29621742309
2.34904267331
2.37975115204
2.38309604189
2.24518463248
2.34706590301
2.16255140513
2.31124456261
2.1731927229
2.17909846948
2.30264082767
2.2401458531
2.27730024334
2.29400338538
2.25215514651
2.24774766222
2.21299970126
2.36753114224
2.21823399856
2.17051846595
2.27044243228
2.14099913092
2.33414020748
2.34687000618
2.35680565139
2.16892014592
2.33634005649
2.40127153498
2.18239312182
2.39136577502
2.23703771687
2.17038016076
2.20844461317
2.10317516374
2.38203662707
2.21221522849
2.23276232114
2.2091706533
2.18471262545
2.17092754288
2.19433384081
2.0861429975
2.21922840003
2.22979908696
2.20858588178
2.16047594038
2.22646752912
2.24706989837
2.15097890224
2.28807002057
2.09101142152
2.34563285732
2.34896846565
2.1321653647
2.05930552143
2.18752938782
2.21406518109
2.26385356097
2.05058438602
2.17615201365
2.15150225532
2.1094664992
2.26836238509
2.12090506516
2.25943444517
2.10784724633
2.16373633766
2.18870734505
2.16039250127
2.15520292949
2.15790645124
