-1.32491877795,-1.37875684226,1.04872987091,0.991093044234,-1.48814904937,0.985679275949,-1.23672953813,1.03611056603,0.962074900485,-1.28578742708,-1.30924250573,1.04437845624,1.02545711125,-1.49459790915,-1.29133448375,1.09794632982,0.960034528748,-1.41403415096,-1.24599059222,1.01761180942,1.05290603357,-1.29940549031,-1.43035200102,-1.37876510854,-1.43983783399,-1.37506010246,-1.47020443659,-1.46579642726,-1.32513046249
0.00750660248555,-0.0829520998561,1.07094220714,1.00136479524,-0.22699392036,0.986703853673,0.131162774834,1.02258770701,0.969358529656,0.0320184296262,0.0409954453064,1.04513313003,1.01527052838,-0.22624996553,0.0280319875759,1.09901614114,0.987581687767,-0.12022546669,0.0984298137623,1.03641799765,1.05644228305,0.0788297223208,-0.0194355592078,0.00904326380259,-0.0371079496777,-0.0404999992126,-0.279663131857,-0.107663424133,-0.0850699891711
0.173176348431,0.0566174635263,0.736943858797,0.920202428525,-0.0899554902053,0.905625352905,0.317198509749,0.689017608211,0.940168479671,0.190135027001,0.214935737111,0.698281098866,0.938145853117,-0.0593175828165,0.200524555188,0.770094472114,0.911863610207,0.0484865648768,0.274951093264,0.749495695515,0.947713777306,0.220839847891,0.165287669856,0.189129500642,0.139745212697,0.123017231847,-0.167728488842,0.0526220796573,0.0495188834246
-0.0826639826449,-0.21869559869,0.559197447723,0.875671313532,-0.388107222486,0.822324460112,0.0587740970317,0.515361092078,0.916249307314,-0.0810986320034,-0.0468392072406,0.544310413569,0.881250297379,-0.316578789221,-0.060328125724,0.599967742476,0.855721143375,-0.227935441782,0.0208392188446,0.590854870255,0.868197474644,-0.0842457968736,-0.127202075075,-0.0878481968212,-0.127590486439,-0.156037353214,-0.480453380525,-0.245786239591,-0.235050021904
0.274734278174,0.128412362149,0.467668430846,0.83991093733,-0.0489949257336,0.77390138245,0.432797849015,0.426821660879,0.901579823371,0.25144376878,0.32241445215,0.458205137272,0.839254795779,0.0518384667232,0.310001005139,0.519412292545,0.815772835109,0.130906323378,0.387080565493,0.498832650349,0.823843948758,0.273136654962,0.260573756829,0.291618532927,0.249922642383,0.211189370918,-0.1507875088,0.126303873968,0.0999216273151
-0.0305552646365,-0.187404456022,0.424786799983,0.808873168187,-0.375970915028,0.753498887516,0.137913880008,0.379400055906,0.878614570701,-0.0579722791491,0.0192791428977,0.412448116892,0.81930624127,-0.275887542107,0.00242239693693,0.469172875309,0.797495703878,-0.185795795644,0.0843764663995,0.453598194272,0.788722620765,-0.0460509234451,-0.0566229206037,-0.0209344842188,-0.0706974726647,-0.109971559397,-0.482641936871,-0.203290777956,-0.21258872366
0.192859721832,0.0297113351058,0.354927427681,0.77621643173,-0.164856844893,0.718999510937,0.370601720352,0.314678103528,0.858313443855,0.165993649045,0.246751381695,0.34447211613,0.789563563296,-0.0506582233082,0.226240071481,0.401668472679,0.759406510065,0.0401187095154,0.310924658476,0.392011141335,0.749009373538,0.157770491962,0.180374264706,0.212417547875,0.165846165485,0.120085186605,-0.282117438462,0.0258635039249,-0.00611772217831
0.0314609090502,-0.139418581105,0.298130699857,0.745602300005,-0.340021911419,0.686096279222,0.212228847984,0.264591259031,0.834193886798,0.00672307226205,0.0791840052132,0.290196123389,0.751530117441,-0.21275004524,0.0602367973761,0.352732312916,0.729226051124,-0.136362368344,0.148790366175,0.340282191169,0.717905151103,-0.0265010677381,0.00418238407733,0.0425722923592,-0.00260034081255,-0.0505637680333,-0.468911783532,-0.155593116594,-0.179009797619
0.152190373961,-0.0255208996797,0.246955103578,0.714866874968,-0.223791363362,0.656313013853,0.339660548923,0.216470294671,0.812611946454,0.122455565483,0.203978947495,0.242699446321,0.71817555642,-0.0919926925343,0.18441580856,0.301574686642,0.69328786752,-0.0130025579763,0.271900296811,0.299163554507,0.678477397438,0.0919558117139,0.136461749769,0.171006472049,0.125498862029,0.0748305289895,-0.365537306068,-0.0304989370048,-0.0673025354495
0.0755394799399,-0.106643695782,0.209044134538,0.682716668026,-0.312175270352,0.627445660507,0.265472113817,0.174447024601,0.791590604975,0.0405590139201,0.128174302513,0.206434482856,0.688913997009,-0.166128158383,0.106884016541,0.26107158241,0.665005276871,-0.0896845192941,0.194601836243,0.263303960995,0.646641390724,0.000526892876308,0.0523314348762,0.0910342584429,0.0459222693095,-0.00599412567783,-0.455621514198,-0.115899102889,-0.150555943585
0.121910480875,-0.066090696357,0.17266564051,0.65182456065,-0.272074745186,0.599089582354,0.315033266503,0.1451406959,0.76756169336,0.084075110124,0.174837310372,0.172072185308,0.659635419278,-0.116295534369,0.15175986881,0.226990705885,0.63694468193,-0.0435469851631,0.24032039668,0.229868466506,0.61344701096,0.0398046830685,0.0990310189261,0.140526018243,0.0949155232058,0.0423283620643,-0.421921864185,-0.0694784588191,-0.111340391479
0.103190498411,-0.0923244298175,0.149511467223,0.625178164331,-0.296694460024,0.569456247361,0.299255715389,0.121145859133,0.743369966079,0.0651274033392,0.156566801718,0.144558740516,0.638521840776,-0.130973638951,0.130315470019,0.202152740257,0.608234718322,-0.0656826384081,0.220189179467,0.204092512355,0.583167518863,0.0119736007429,0.0751504403457,0.120027466598,0.0754853433075,0.0225625340744,-0.45048598833,-0.0931323099195,-0.136966247208
0.113170534004,-0.0862565604416,0.130250548184,0.604648695296,-0.292368759261,0.545628703412,0.311326334567,0.101279271905,0.72235040812,0.073053729192,0.166949690245,0.123031420299,0.615429320948,-0.114981040009,0.138866489328,0.178428033392,0.587659674507,-0.0607036645078,0.228239419729,0.180211791041,0.554159060782,0.0127215911276,0.0804591698997,0.12937197764,0.0870656197591,0.0327919688041,-0.449408089828,-0.0858582469422,-0.133244410514
0.110374765608,-0.0930186827609,0.109210809097,0.582987049163,-0.301048368785,0.525364324631,0.309899776245,0.0837416017154,0.69824455974,0.0662299116766,0.163934674635,0.103158832023,0.595438199342,-0.114883764624,0.135143601197,0.160474846776,0.564517331155,-0.0630188588604,0.223268132535,0.161045401254,0.531009114355,0.000501094652727,0.0761907643046,0.12632136957,0.085189998843,0.0302393096185,-0.460061899229,-0.0915999976108,-0.141966811887
0.115534901767,-0.0926069777439,0.0957271678651,0.561115355674,-0.29896633147,0.505827089425,0.315695490426,0.0712174442766,0.682764330666,0.0686960854476,0.167645252743,0.0882634465175,0.57554986256,-0.107481384755,0.138885566075,0.141263681975,0.541562672462,-0.0581904512617,0.226442880032,0.144523901588,0.510091820818,0.00067661672246,0.079258971797,0.131666491096,0.0914022033134,0.0337928370399,-0.464917593365,-0.0897070164514,-0.142812364446
0.117978773596,-0.0927485426962,0.0828496297573,0.544432286033,-0.300185719476,0.490922601906,0.320558851642,0.0586398149463,0.664356179843,0.0694461152813,0.171248579988,0.0767154444131,0.558890723355,-0.103518799221,0.139509258475,0.126745479064,0.524496979683,-0.0570600379355,0.227373304788,0.128833680584,0.491968861397,-0.00263904267754,0.0788707957244,0.132687208048,0.0949621663409,0.0358674331448,-0.468806080925,-0.0898968201137,-0.145706304656
0.119724955167,-0.0951454681369,0.073571317915,0.526876336229,-0.301825633236,0.47115976417,0.324806922182,0.0504841686698,0.64841640221,0.0674955382996,0.17371653193,0.0687009627815,0.545336622025,-0.0967798795791,0.140446653751,0.117528815858,0.509245938749,-0.056838865376,0.227869850726,0.119644907396,0.473106667461,-0.00524142665303,0.0765640185947,0.132968695857,0.0972936330893,0.0385458955108,-0.473258442581,-0.0906832047993,-0.14848392563
0.117418775224,-0.101423288051,0.0649755085955,0.512565292925,-0.306170178799,0.457137529871,0.324147516044,0.0420547453559,0.630758094754,0.0642983948548,0.171209807801,0.0598199419733,0.530002295668,-0.0976164629032,0.134992994108,0.106990179064,0.494007749557,-0.0631378943361,0.223640476052,0.109485141355,0.457723214674,-0.0111846953024,0.0708995365564,0.130222660679,0.0954375470879,0.0355470491735,-0.482041248931,-0.0951912384455,-0.15520780204
0.120799543821,-0.100154662563,0.057034715708,0.498228852421,-0.303874175569,0.442663670249,0.331285951002,0.0321150905469,0.61716988706,0.0671811624717,0.175585419111,0.0529467586848,0.51384783016,-0.0923228688136,0.137553747159,0.0958654284597,0.478615931884,-0.0614972296063,0.224573637928,0.0987564795892,0.445308981894,-0.0129793443496,0.07325502262,0.13415050816,0.0999698855451,0.0396162017807,-0.483990152649,-0.0927755209099,-0.154986440956
0.122492113164,-0.102397717345,0.0509987775677,0.485332584261,-0.303666712614,0.429624566151,0.333731420502,0.0278974643448,0.60190376596,0.0707482331817,0.175327195062,0.0484264058937,0.501384907377,-0.0903213081043,0.138128600937,0.0896112123879,0.462550579046,-0.0602996055831,0.223984235566,0.0933308317522,0.434066780162,-0.0147752226765,0.0723010982965,0.134909323977,0.102174598249,0.0416881355196,-0.488263750869,-0.0932000115652,-0.157453735695
0.125872958684,-0.102958419629,0.0439574230664,0.474714318345,-0.302297823991,0.419640259597,0.338561165649,0.0220292122317,0.588666751263,0.0735439852779,0.178225105782,0.0442055820213,0.487633853213,-0.0841607186269,0.139740721843,0.0814855032496,0.450355876517,-0.0587274688306,0.225313225405,0.0866461865017,0.420724258305,-0.0142003487006,0.073207813287,0.137671614734,0.106062340613,0.0457868383727,-0.489487469891,-0.0911495011006,-0.157615882821
0.123861736212,-0.107953149664,0.0376103563468,0.463270671927,-0.306643306466,0.407920861402,0.337157226095,0.0149557167912,0.576661749943,0.070580610508,0.176085767206,0.0400092751626,0.476059263979,-0.0846563018594,0.135998151414,0.0741868430731,0.439448649529,-0.0613155942172,0.222124185035,0.0814328956681,0.40749418828,-0.0194270566819,0.0692824498617,0.135125007583,0.104365571563,0.0438274360554,-0.496139547477,-0.0950259116436,-0.163058289511
0.127119689698,-0.109008295939,0.0350340507946,0.450799867969,-0.303447476468,0.396080074463,0.341866821276,0.0119101040886,0.566117599534,0.0702927850607,0.178727287217,0.0385533958847,0.465434057496,-0.078013315873,0.138121142194,0.0684807946943,0.427061224245,-0.05769604246,0.224829180168,0.0750350129567,0.395890651937,-0.0203397025074,0.0704570861308,0.138180736874,0.108169605632,0.047536628724,-0.497639974682,-0.0929821470735,-0.163027779822
0.124718451949,-0.113541158231,0.0320545013393,0.440854211142,-0.307821125032,0.385499712099,0.340374022501,0.00985844989888,0.554490975431,0.0683476241947,0.17513259226,0.0340931559949,0.454984056543,-0.0810857388549,0.135296690086,0.0628792255998,0.41558465191,-0.0594577557122,0.221161199439,0.0688007713619,0.384597253336,-0.0262144490797,0.0666155174783,0.135325553909,0.106405121829,0.0453144846122,-0.504941842127,-0.0969704890144,-0.168601461244
0.126483667102,-0.112968693047,0.0280003638051,0.430897153958,-0.308268759854,0.375161533418,0.342959405161,0.0052326423545,0.542644985489,0.0686813807373,0.175723802674,0.0304828214034,0.447369834004,-0.0798804295201,0.135597535389,0.0592842610112,0.404332878897,-0.058944118695,0.221369657424,0.0636916341567,0.37603931786,-0.0242059606039,0.0662981138065,0.136724211121,0.108618470375,0.046540626485,-0.508003340191,-0.0970907002172,-0.169981653128
0.129397075531,-0.11197161428,0.0225357581382,0.422413820735,-0.306981428453,0.365460646765,0.345900776472,0.00199894138483,0.534238015425,0.0705816671041,0.177085587568,0.0263458229225,0.438300040162,-0.0764733050979,0.136878317078,0.0534095994289,0.394674591051,-0.0552043106335,0.223241988838,0.0601854070054,0.369420283856,-0.0250043027191,0.0670871004664,0.138652621787,0.111934070046,0.0490150250482,-0.510088359895,-0.0963066276061,-0.170700415734
0.131167914064,-0.112210596374,0.0203976903084,0.412093997843,-0.307514768178,0.358575936584,0.349238217518,0.00246473694483,0.524605471732,0.0704596273389,0.178601505126,0.0247530701278,0.429536772486,-0.0743171624332,0.139317654798,0.052169180612,0.386568998149,-0.0531995783887,0.224446698394,0.0594461759757,0.361535272715,-0.0249396256815,0.0672202548455,0.140282508033,0.114149052703,0.0503209070099,-0.511962166293,-0.0960219986986,-0.172182392929
0.130792978582,-0.114200301031,0.0196565903491,0.404509781296,-0.309891897156,0.349607957211,0.349650183744,9.62969891569e-05,0.516314063194,0.0695629514612,0.177338125385,0.0235054934216,0.420748764281,-0.0759521285112,0.138211911287,0.0504913452028,0.378257783832,-0.0526704772981,0.223783516942,0.0570890836028,0.354261117733,-0.0277963374801,0.0647160681792,0.139285681003,0.114217865395,0.0497080141991,-0.516153636606,-0.098169505918,-0.175793112954
0.131358814566,-0.115349150432,0.0182936833699,0.398210847154,-0.310509990747,0.342349688004,0.351320295298,-0.00174962508377,0.508693568446,0.0697486442143,0.177824742468,0.0207856486514,0.413373897877,-0.0762276024747,0.13814177629,0.0483639116398,0.369528505749,-0.0529980395269,0.223914579573,0.0541963081616,0.346640493822,-0.0271731539697,0.0638353768729,0.139429205287,0.115249922788,0.0500105284943,-0.518634198628,-0.0987126173321,-0.177629732978
0.132511375726,-0.115266622673,0.0158447098804,0.391385729108,-0.311655174303,0.336407221017,0.353241266528,-0.00467062541689,0.500227593708,0.0681011437441,0.178894709772,0.0195304869524,0.407523370656,-0.0735185706084,0.139382298217,0.0468797957205,0.362169919909,-0.0527296934297,0.224460728043,0.0498004260145,0.33765947969,-0.0268937986814,0.0639303491959,0.140591670946,0.117120822663,0.0509206602959,-0.521252378828,-0.0988872858447,-0.179189602214
0.133243317832,-0.116559571649,0.0151897866517,0.383183612543,-0.311797114678,0.330378252452,0.355377403454,-0.00480006809965,0.491354375929,0.0686319502469,0.179224187522,0.0182727342489,0.400271327431,-0.0743325560288,0.140156201222,0.0453129955402,0.355848365168,-0.0511543689612,0.225185068569,0.045865790919,0.331349793645,-0.027518706027,0.0638703110143,0.14137616557,0.118493374575,0.052056351389,-0.523303456596,-0.0987267952501,-0.180591986527
0.133913626005,-0.117967634625,0.0134676087282,0.377857849662,-0.313120486487,0.324074292827,0.35643648971,-0.00588473647677,0.484258985248,0.0689820603925,0.179456698004,0.0161299174609,0.393586902125,-0.074022366951,0.140397369571,0.0434371647147,0.34885563596,-0.0513017223988,0.224941112155,0.0439807226256,0.324242251891,-0.0278547393774,0.0629594720645,0.141418309503,0.119412876558,0.0522256417404,-0.525623778907,-0.0994901719246,-0.182694606622
0.133928195728,-0.120024435323,0.0122837731985,0.371858160823,-0.314474614754,0.318303409428,0.356784261244,-0.0059172067583,0.477089770203,0.0685286572095,0.179390523436,0.0149875712126,0.386740804611,-0.0728118058673,0.139985754527,0.0430390499348,0.343057071929,-0.0531140412181,0.224553149744,0.0412039667525,0.317973167727,-0.0290996453088,0.0622158785439,0.141524334097,0.119964508554,0.0517262302786,-0.527955169738,-0.100414571304,-0.185035376709
0.135485076884,-0.120394613484,0.0111348184146,0.365466406541,-0.314231119558,0.312878352621,0.358967356921,-0.00611474226179,0.470136537655,0.069225179168,0.180410221285,0.0143889321208,0.380903363414,-0.0704082724947,0.140627306718,0.0401096750379,0.337678228341,-0.0522730154585,0.225215658647,0.0384126099416,0.311310555177,-0.0284702323947,0.0628574141575,0.142936101761,0.121949139474,0.0530496507788,-0.529186156205,-0.0999650940225,-0.185714941961
0.136141793813,-0.121478324595,0.0104058446204,0.360242299573,-0.314722192258,0.306813216658,0.360026685559,-0.00644278415376,0.462773401047,0.0692597382673,0.18040192539,0.0129262899147,0.375177677911,-0.0693565576035,0.140600971901,0.0382848161398,0.332057797825,-0.0507521969035,0.225498421211,0.0363133059725,0.305665085766,-0.0299566403596,0.0629848691284,0.143542662211,0.123049436771,0.0538506961626,-0.531325552779,-0.100061903683,-0.187078301616
0.136911878014,-0.122306466175,0.0104630848739,0.354214567998,-0.315237830673,0.301080122543,0.361664124771,-0.00768027091345,0.456241064804,0.0674266204567,0.181610535935,0.011902118404,0.368852004185,-0.0678550847211,0.141053040492,0.0364122357864,0.326182898598,-0.0501678026344,0.225787836759,0.0347800791222,0.299379180108,-0.0292266012774,0.0624953108937,0.144164053512,0.124252411343,0.0541445301748,-0.533298146055,-0.1004500306,-0.188584646863
0.138010911641,-0.123061205871,0.0101352958936,0.350010537824,-0.315703111433,0.296700348918,0.362717712113,-0.00895473000291,0.450867777885,0.0677963572404,0.182063373706,0.010237878674,0.363202390802,-0.0662514217724,0.141000705257,0.0332810829996,0.320884259288,-0.0484605932287,0.225648772522,0.0332139203737,0.293993892824,-0.0307629523396,0.0623437483237,0.144767488473,0.125642959675,0.0550858459288,-0.535185510281,-0.100474996642,-0.18964663898
0.13845053851,-0.124170524107,0.00967753850588,0.345246176162,-0.316424570633,0.291836809376,0.363825641569,-0.00908501064521,0.445209090581,0.0682451275753,0.181989707891,0.0101084827161,0.358624859033,-0.0664831789596,0.14062344377,0.0318269714976,0.317083302475,-0.0490311106754,0.225437925927,0.0324750151691,0.28897414705,-0.0310481106325,0.0613640873381,0.144973637813,0.12634737299,0.0554511535471,-0.537644471962,-0.10087654443,-0.191257696885
0.138690263363,-0.125218303742,0.00976186242946,0.339007553196,-0.316782673983,0.287212715233,0.364542230459,-0.00881484632654,0.439111443003,0.067887182568,0.181757128845,0.0108070349846,0.354404233478,-0.0673783463427,0.140845785716,0.0316176325726,0.312404327675,-0.0479724249639,0.225290220692,0.032937373363,0.284024869169,-0.0307705311356,0.0607228494258,0.145038742487,0.126879371047,0.0557305281858,-0.53998179416,-0.101535589839,-0.192934973263
0.140715588712,-0.125049127498,0.00810210002366,0.334065426532,-0.31567754205,0.283377310659,0.366836756461,-0.00892789289141,0.432925661957,0.0697284167308,0.182928601978,0.0105739512083,0.349749761608,-0.0656576848806,0.142501808235,0.0309755563597,0.307325101885,-0.0469205691654,0.226772319224,0.0324445378358,0.280648725016,-0.0307507181661,0.0617460371163,0.146654237711,0.129340088696,0.0576509253195,-0.540563427029,-0.100553826461,-0.193026405731
0.141854140295,-0.125626026592,0.00781901022985,0.329181699397,-0.315773188092,0.279437395802,0.368945217661,-0.00903673752109,0.426385210836,0.0704047366938,0.184110498849,0.0104014411604,0.345330833548,-0.0646476701688,0.143414689341,0.0299911860856,0.303570955361,-0.0463607073543,0.227513559472,0.0314950311949,0.276641873918,-0.03014833814,0.0627204783425,0.148001749522,0.130723963877,0.0588477542817,-0.541444993647,-0.100023404565,-0.193576440095
0.142334672536,-0.126117098436,0.00754190911297,0.32390344069,-0.31619677764,0.275694974444,0.369618745609,-0.00922744673957,0.420878627722,0.0711670498707,0.183442572276,0.0103635220582,0.342513278956,-0.0635425809232,0.142926321939,0.0300850059673,0.299172747592,-0.0469910120229,0.22699290997,0.0309667340813,0.272021344644,-0.0303104744961,0.0616603012872,0.148004802087,0.131458158746,0.0593263818769,-0.543932639985,-0.100587563155,-0.1949898702
0.1415542791,-0.128318748944,0.00673052219969,0.319399506681,-0.317455711514,0.271406168315,0.369431910106,-0.00896563456426,0.415876172098,0.069410543947,0.182645829145,0.00951577288033,0.338420541176,-0.0644882749582,0.141713194512,0.0301686307152,0.294205487388,-0.0475823051294,0.225465731636,0.0289606454745,0.268475920612,-0.0319132092153,0.0596221083029,0.147066385278,0.13087548663,0.0584727834867,-0.546920594211,-0.102115356223,-0.197446441721
0.142370555795,-0.129076268783,0.0070180721874,0.315663597055,-0.317219170429,0.267375517815,0.370463204544,-0.00826031536342,0.411577159082,0.0689755800447,0.183327949719,0.00936753934898,0.33360447054,-0.0631059378099,0.142027798314,0.0294679389568,0.289710946402,-0.0477971166973,0.226254971199,0.0279932691577,0.264828120727,-0.0317388387426,0.0594872879348,0.14772219696,0.131914722449,0.0589581967778,-0.548381468434,-0.102265805294,-0.19832654727
0.141679368269,-0.130636711104,0.00576463710556,0.311405026379,-0.318853856508,0.26384580307,0.370001460875,-0.00811670466139,0.407154188729,0.0686449562654,0.182085288815,0.00917101107281,0.329985704214,-0.0638265200048,0.140432454447,0.028376481833,0.286193724711,-0.0490547774696,0.224998912804,0.0276757832444,0.260577191925,-0.0343000818536,0.0578134704005,0.146969625571,0.131381661056,0.0582983833976,-0.551370023222,-0.103673700164,-0.200516309498
0.142096399119,-0.131116676592,0.00572466627552,0.307249534669,-0.319813150616,0.2608303811,0.370888915433,-0.00806707722333,0.40185319584,0.0679717404988,0.182504198488,0.00799594419212,0.325496986456,-0.0640126907528,0.140594845469,0.0272906483313,0.282925425199,-0.0484045907213,0.225228336771,0.0281199028428,0.25686734938,-0.0340301001789,0.057547070427,0.147182456265,0.132230029389,0.0587805676036,-0.552892076634,-0.104074611172,-0.201744088507
0.143479931947,-0.130013716238,0.00482352359573,0.303450737719,-0.319396078334,0.257337493855,0.372841481378,-0.00855921379151,0.396988312734,0.0700869349963,0.183428605756,0.00710970856536,0.321860148413,-0.0626539810876,0.141482486571,0.0262697157634,0.280175973532,-0.047342760618,0.226110665098,0.0273827323666,0.253476468654,-0.0340057406958,0.0582422603525,0.148458926454,0.133937479769,0.0604462240957,-0.553350356249,-0.1031385159,-0.201716224278
0.143360391091,-0.131110957769,0.00530978715412,0.299317684423,-0.319825460025,0.255131578004,0.373193062492,-0.00946698168795,0.393141566276,0.0701875814142,0.182940764553,0.00645751723494,0.317538595909,-0.0625696520203,0.140960161127,0.0251243243529,0.277352526426,-0.0483347087144,0.225561967938,0.0267601027677,0.248848672312,-0.0342509964577,0.0572606067606,0.14814703493,0.133957714172,0.0603802113658,-0.555126287651,-0.103853014267,-0.203230390058
0.143914936518,-0.132389080023,0.00402230309441,0.295945632715,-0.320140456505,0.251263593778,0.373798973102,-0.00995196131354,0.387698256284,0.0698266431597,0.183207190791,0.00604698533891,0.314053680546,-0.0618560196863,0.141077985367,0.0237513406013,0.274283833524,-0.0479356176734,0.225515513377,0.0249385595538,0.246071549541,-0.0339038250952,0.0569616607888,0.148576244054,0.134619333343,0.0608401907377,-0.556704364744,-0.103994955881,-0.204213596814
0.14480080649,-0.13248356623,0.0046271966831,0.292510605759,-0.320328700289,0.248294503514,0.375320319617,-0.0099014764198,0.384306982834,0.070303745436,0.183666592145,0.00593926614942,0.309733840726,-0.0611199226466,0.141579921914,0.0243332792516,0.271587666817,-0.0460820971603,0.225894796589,0.0242380853569,0.243531641843,-0.0358103622799,0.0571332136113,0.149493029396,0.135752482487,0.0615452542468,-0.557169331083,-0.103542046318,-0.204734818327
0.145806663093,-0.132511208781,0.00442130676892,0.288705961728,-0.319918309604,0.245605072117,0.376651343701,-0.0102607047608,0.380619209137,0.0705959435451,0.184099461605,0.00501549355375,0.305771987614,-0.0610124381655,0.142351312553,0.0234986033045,0.269009482691,-0.0449438370892,0.226571554029,0.0233351452995,0.239761987679,-0.034839819563,0.0574739628956,0.150352995293,0.136979932114,0.0628817772933,-0.558220077849,-0.102914098039,-0.204987687066
0.146566091607,-0.133154315162,0.00396540890887,0.285313207112,-0.31985276517,0.242832234572,0.377650467097,-0.0108624543646,0.376175498195,0.0711502946868,0.184346951942,0.00501384390076,0.302897550012,-0.0600325318025,0.142510260715,0.022357242315,0.265850327514,-0.0441655915649,0.226291033233,0.0229149351901,0.237573024233,-0.0354844197835,0.0569404440175,0.150713619417,0.1378319428,0.0636624901801,-0.559288396613,-0.102803496179,-0.205661279769
