-0.0666068913414,-0.0699126908368,0.0529420713379,0.0496279593591,-0.0744722016066,0.0487245874673,-0.0634352535679,0.0508295692352,0.0512183666107,-0.070407531944,-0.0653888833047,0.0493662942334,0.0495392995562,-0.0744935564398,-0.0633804887446,0.0499725155663,0.0507652498509,-0.0696720812749,-0.0613966703402,0.0495778465538,0.0477613738498,-0.060403937252,-0.0704668736599,-0.0686588064803,-0.0719186423272,-0.0702094039587,-0.0739204966182,-0.0739025117296,-0.0670697713645
0.691044556043,0.660904085687,0.0197908058912,0.0453122331594,0.628365720082,0.0484719611758,0.732881534894,0.0277986540344,0.0478884106365,0.68723477218,0.720233714521,0.0209252762468,0.0159730438595,0.639084821745,0.704556986402,0.0211207702331,0.0318833436801,0.652730608735,0.726114547266,-0.00154806407192,0.0504770971926,0.762713940682,0.752535816913,0.738761939219,0.734077485202,0.70267221235,0.586259178753,0.706599614507,0.634713028676
-0.0949470819501,-0.144151785718,0.0127757122423,0.0460195137378,-0.194868292268,0.0317808128352,-0.0269587603198,0.0434147588601,0.0479207211429,-0.118732393598,-0.0567819729941,0.0196012256571,0.0161099956528,-0.191994807822,-0.0806658168933,0.00261025186222,0.0451989564938,-0.154812383824,-0.03492604291,-0.0101915479017,0.0626824879546,0.00382688791749,-0.0503683870757,-0.0578794583445,-0.0905544617513,-0.103109557634,-0.244126337711,-0.126641059109,-0.155188893446
0.404939644375,0.341367427664,-0.00332231880381,0.0313512081027,0.273857127762,0.0319095592628,0.491023617641,0.0318150948726,0.0386721411539,0.364380599976,0.453454994682,0.0178871402544,0.0331895972287,0.300604608572,0.429991156592,-0.00441842778817,0.0435684440635,0.3561605856,0.468925964167,-0.00757148019777,0.0600973266953,0.478224692198,0.482343226217,0.46831630312,0.435760734141,0.402658188094,0.200598492514,0.382986618709,0.306365558259
-0.0676762722389,-0.145535198212,-0.00156368295772,0.0249628369754,-0.223400109986,0.0303018304072,0.0391685117098,0.0205768239013,0.0361916691939,-0.110765481415,-0.0100614839535,0.0283316563868,0.033829477588,-0.198563612109,-0.031359573463,-0.0192206826476,0.0474093403174,-0.128534211196,0.0114597190312,0.00571706608865,0.063531508452,0.0204274455373,-0.00140841722368,-0.0115967284153,-0.0606790047799,-0.0784170250135,-0.297550389178,-0.11431395027,-0.164309261181
0.22073791787,0.136642483953,0.000811304957427,0.0218325708196,0.0449373353877,0.0350559835862,0.344277191392,0.0100762747637,0.0394184030727,0.178957397766,0.289224280577,0.0158759803201,0.0130890930498,0.0873408860812,0.260144979615,-0.0208779516814,0.0430632725923,0.151540057931,0.301757596587,0.00367615684273,0.0601561375153,0.29026328213,0.299397374836,0.290123545598,0.243845821624,0.214471834149,-0.0389413517557,0.180192738538,0.101020807581
-0.094287185031,-0.186697730493,-0.00333625120221,0.0210279825717,-0.292583760945,0.0318169401761,0.0356751232856,0.00568042274119,0.0400658018224,-0.143967871913,-0.0216194549195,0.0165227151461,0.0121124146172,-0.239636363965,-0.0554037576946,-0.0192397869111,0.047010889276,-0.176495465293,-0.00674480508582,-0.00146440958132,0.0644864132541,-0.0305066857637,-0.0255600810553,-0.0294709089186,-0.0853268187003,-0.111522823429,-0.381653208464,-0.157717573334,-0.218467462456
0.174978357972,0.0718686848196,0.000814329265825,0.0207893054902,-0.0351895617828,0.0385404353545,0.316341063007,0.000815509416322,0.0408627165453,0.130446441359,0.251945781336,0.0175345906361,0.018133823364,0.0211587722405,0.212612405942,-0.0183298683586,0.0548182982471,0.0932482154519,0.261585498115,-0.0082886290213,0.0621113439592,0.234052936016,0.258584786496,0.251999963348,0.197885405992,0.16155981031,-0.136554928945,0.118778305532,0.0323877736238
-0.0441272826544,-0.15415718454,-0.00465576841233,0.0179945197899,-0.272763709476,0.0369167241199,0.102644901897,-0.00113555426981,0.0414815854443,-0.0904818627113,0.035146324241,0.0159433085404,0.0152890875899,-0.204245473272,-0.00586189194272,-0.0205754345895,0.0561725340587,-0.133116717219,0.0466454204627,-0.00632914897158,0.0646371148616,0.00285841211283,0.0272384222209,0.0256449376607,-0.0315338402588,-0.0661770521743,-0.373630895523,-0.118300763072,-0.191886491688
0.118932329048,0.00415013496156,-0.00142249295277,0.0232658907471,-0.114779946477,0.0331910368305,0.272343067115,0.00243618974585,0.0409501210573,0.0739166987108,0.201263275956,0.0187325219264,0.0135461945765,-0.0353830000935,0.158221278467,-0.0183379176931,0.0510648285641,0.0288874548155,0.212387693053,-0.00443351563441,0.0601334894097,0.159348018355,0.196914872913,0.195778711222,0.141239164483,0.100667490921,-0.225551272272,0.0494881924949,-0.0410536055174
-0.0131503551319,-0.134290776793,-0.00522531480811,0.0252227150738,-0.259248985219,0.0318979386267,0.142962259286,0.00519336465652,0.035526834785,-0.0556623771124,0.0692701891251,0.0150109563105,0.0115229082821,-0.166641098107,0.0256057465375,-0.0181207379927,0.0513171557477,-0.113702596009,0.0816998442781,-0.0050377856832,0.0530689835346,0.00784991103556,0.0537769259275,0.0577466701737,0.00335337696066,-0.0378272518334,-0.369096998905,-0.0951545056429,-0.179912880918
0.0905002995653,-0.0351509540534,-0.00430198470472,0.0292353687337,-0.161761715191,0.0308826653707,0.251333831282,0.00469602764547,0.0324733023781,0.0489433812218,0.175114465759,0.0112503439552,0.00841408688957,-0.060398555452,0.128995125083,-0.019821998543,0.0468654965037,-0.00483716216405,0.184869013239,0.000777516573767,0.048179408629,0.0974534786028,0.161568452186,0.165786623417,0.113351811034,0.0689601113538,-0.276594391344,0.0108826882863,-0.0850705011199
0.0267665152713,-0.106392015748,-0.00678439159982,0.0316716184807,-0.233506044098,0.0280576236003,0.18765891693,0.004870572925,0.0304169672513,-0.014608059801,0.110426871073,0.0135410491504,0.0115342142423,-0.122926320628,0.061706954534,-0.0163325386423,0.0426020615161,-0.0723530771297,0.118478629867,0.00020033637388,0.0460908219625,0.0204218724678,0.0900474210347,0.0980518386844,0.0467467606592,0.00119446444567,-0.351634178275,-0.0613055011033,-0.155399846175
0.0657019041379,-0.07080837827,-0.00564605490722,0.0287138145392,-0.19957397096,0.0270319221056,0.230759022696,0.00711319112922,0.0303782336798,0.0236310983841,0.150568397463,0.0136697913627,0.0110520754577,-0.0812740838479,0.10081077043,-0.0172070932646,0.0377922082905,-0.0314744358672,0.155903753063,-0.0025934793862,0.0428626424037,0.0490785397768,0.127473752086,0.1379566398,0.088675575544,0.0414312760366,-0.321554995876,-0.0231839280707,-0.122826728781
0.0484484174074,-0.0916553112821,-0.00501578727841,0.0272537789177,-0.223998158292,0.0245492135709,0.215670462153,0.00748814594288,0.0285635916556,0.00653090538798,0.133761420263,0.0121792376708,0.0113263075393,-0.0935427814284,0.0829479312259,-0.0178622657073,0.0350242512756,-0.051673921487,0.136067392724,0.00172565469318,0.0402121681495,0.0169606748349,0.104168045897,0.118583088534,0.0709829650478,0.0228522619337,-0.346463200869,-0.0445191743887,-0.145668594207
0.0595677743678,-0.0836591133044,-0.00420338369352,0.0263310115253,-0.216017594811,0.0241507426631,0.228603248087,0.0053210737858,0.0291714524745,0.0174553869827,0.143937802162,0.0126125908658,0.0117592389965,-0.081584138259,0.0925997255364,-0.0173340394986,0.031071854586,-0.0404336484956,0.146363209172,0.00179913661544,0.037399734972,0.0203055648504,0.110096620555,0.128206123772,0.0835736655946,0.0338426787741,-0.343511816192,-0.0360638835359,-0.140165752253
0.0584454582893,-0.0889986828263,-0.00328127254629,0.024935689038,-0.220829035712,0.0214804596408,0.228163771804,0.00525091310415,0.0295797135109,0.0187885424939,0.141584493506,0.0131218126372,0.0124833859781,-0.0838888651271,0.0894932721949,-0.0150467327729,0.0296797308439,-0.0443748539301,0.143774614343,0.00391051203558,0.0351779814369,0.0151331897161,0.103976971765,0.125643836708,0.0827462607297,0.0319600561011,-0.352180955739,-0.040875945212,-0.146982058972
0.0605294152765,-0.0904515171873,-0.00539643036162,0.0236825288934,-0.222162372627,0.021413975952,0.230342702638,0.000718699460415,0.0304377589398,0.0228277417796,0.14223286452,0.0122809639174,0.0120621064296,-0.0791554898136,0.0894203084708,-0.0139367911606,0.0297236312477,-0.0456118758036,0.144593995569,0.00161070074132,0.0323200524351,0.00754201152584,0.100870491791,0.12586871386,0.0856330492566,0.0339646473375,-0.356140341301,-0.0416354404212,-0.150141182781
0.0609256660067,-0.0928490388207,-0.00519715243974,0.0228566393336,-0.224603045837,0.0212700182669,0.232836017057,0.00258484604721,0.0299069147454,0.0218515219861,0.142869584268,0.0121496775707,0.0118924541552,-0.0779515435979,0.0894887585338,-0.0097400782234,0.0310667089066,-0.0440249404892,0.1446859168,0.00343991148108,0.0297742492387,0.00113514390081,0.0991606363531,0.125710629254,0.0866813239261,0.0346045884776,-0.361672680513,-0.0431049325873,-0.154164171441
0.0653711215469,-0.0907754572402,-0.00490689930308,0.020661547271,-0.222526527695,0.0191779190761,0.237948734951,0.00239865513235,0.0300821611016,0.0260455885662,0.146296689622,0.0144347867282,0.0131234069032,-0.07144523498,0.0926388515249,-0.0116009857838,0.0293850743119,-0.0403908608449,0.147993085067,0.00387617860281,0.025830161385,-0.000568577463081,0.0993607785135,0.128963361103,0.0923914006433,0.0390136956474,-0.363698942181,-0.0409045084346,-0.154081917138
0.0670364647666,-0.0916813712856,-0.0050176644524,0.0199626813604,-0.223748931057,0.0187932220356,0.241436759968,0.00195292933317,0.0307863272683,0.0277970881446,0.147825466671,0.0138655863006,0.0114748354509,-0.0713950455757,0.0942458509978,-0.00968041268731,0.0286056105535,-0.0408706423956,0.148655445571,0.00415285889799,0.0264512229096,-0.00390578469284,0.09804377034,0.129878779859,0.0945430913245,0.0412539599302,-0.367635603154,-0.0412987995208,-0.15649189758
0.0682172846557,-0.0938783615956,-0.00456777800832,0.0201789940813,-0.225652034516,0.0188869111901,0.243612396726,0.000645861704596,0.0301283682835,0.0301400478316,0.148023811244,0.0127441827655,0.0133873184866,-0.0700784966609,0.0940295473982,-0.00968963574389,0.0253420050164,-0.0440637998763,0.149179744415,0.00372034358604,0.0269858746334,-0.00749643784203,0.0957413903244,0.130181330359,0.0963392555195,0.0418420572058,-0.371725706935,-0.0426521372863,-0.159842476046
0.0684068200337,-0.0964429594951,-0.00561946405791,0.0194237089153,-0.228068491886,0.0190585705781,0.244517267924,-0.000587385561968,0.0289607097704,0.0293843861029,0.148421178366,0.0103470779702,0.0135072715296,-0.0689296470906,0.0941805033344,-0.0109786894266,0.0246347882777,-0.0452220025961,0.149858560732,0.00306283911823,0.0268079481298,-0.0113861507901,0.0925734585268,0.129494886887,0.0968930013298,0.0424069979046,-0.37656545474,-0.0442564924822,-0.16318437163
0.0677110456142,-0.0999387444886,-0.0054693149981,0.0198864229217,-0.230956261208,0.018260841079,0.245156622834,0.000523047246352,0.028615782898,0.0275653093646,0.147838208477,0.0101800800202,0.013297129687,-0.0693914025053,0.0930371002904,-0.0122302631161,0.0227790661276,-0.0476329846966,0.148930057373,0.00281299097969,0.025564869021,-0.0120645223825,0.0911518559202,0.128953662362,0.0965228037689,0.0414390058633,-0.381941879928,-0.0465379068678,-0.166981631024
0.0720579911543,-0.0973661396969,-0.00556102449002,0.0190234915629,-0.22954671049,0.0183442788907,0.251068841197,0.000550566030728,0.0274631269991,0.0320582644506,0.151509777641,0.0100419439508,0.0122710874086,-0.0665234094953,0.096696921408,-0.0107926625247,0.023802546099,-0.0442003548977,0.152814820565,0.00446082667025,0.0249435511409,-0.00954173172418,0.0926260170448,0.132533271992,0.101488709317,0.0456590440235,-0.382202298112,-0.0438212628027,-0.166200755551
0.0722408517363,-0.0999930224695,-0.00586735883221,0.0190258878177,-0.231456117649,0.0177803795831,0.252540400799,0.000969081239141,0.0273889061013,0.0325747519322,0.15128799468,0.0110810085553,0.0124806649806,-0.0672096057613,0.0960291968799,-0.0113354332841,0.0229361208782,-0.0466384663436,0.152055795876,0.00328947217833,0.023782684288,-0.00849387448298,0.089589013554,0.131725552208,0.101957222376,0.0455508267874,-0.386617827106,-0.0455962159163,-0.169342273074
0.0729848268331,-0.101039672683,-0.00633408227758,0.022020017378,-0.232594923739,0.0178672458515,0.253952923771,0.000236910526915,0.0256088401738,0.0343456219037,0.151113454646,0.0100030494717,0.0120108255355,-0.066463539526,0.0957687312414,-0.0111946511003,0.0222705287306,-0.047722492143,0.15222318792,0.00336916450435,0.0217668722538,-0.00888393061132,0.0878776410749,0.131951359268,0.102961076998,0.0456126370601,-0.39035464571,-0.0466093149195,-0.171830282132
0.0743663014455,-0.101803912077,-0.00515967267616,0.0216313582142,-0.234524097606,0.0188938073681,0.255637740729,-4.96060301674e-05,0.0245485544667,0.0355199015261,0.151640983814,0.0096837034348,0.0143702842185,-0.0622606875237,0.0963141838121,-0.0116401161822,0.02239481678,-0.0470315674152,0.153168007296,0.00287420165596,0.021389533361,-0.0115240881408,0.0871521595531,0.133133545555,0.104759165492,0.0463110349558,-0.393209133307,-0.0468636829025,-0.173592192457
0.0753922480345,-0.102637547291,-0.00660455698475,0.0216736323132,-0.235718806404,0.0188231144191,0.257277076306,-0.00106037763489,0.0233458767792,0.0371214010425,0.151933101509,0.00899220878242,0.0133485069045,-0.0605974774731,0.096769530093,-0.012244557357,0.0240364731004,-0.0477586679497,0.152967436513,0.00391315369528,0.0218409482368,-0.0148031751121,0.0854195718816,0.133433685135,0.106009704308,0.0474353171471,-0.396238697914,-0.0472698981361,-0.175463395843
0.0758855380653,-0.104049495679,-0.00575439731193,0.0219196725248,-0.237512179875,0.019566994132,0.258130400132,-0.000794523960786,0.0233083450659,0.0385388182038,0.1516899241,0.00826058845983,0.01109384032,-0.0596044705292,0.0964130712728,-0.0107142169452,0.0230592106071,-0.0484863471067,0.152814857749,0.00461528790632,0.0230728954319,-0.0184903857626,0.0837461860106,0.133444806877,0.106640166048,0.0472321614914,-0.399583644037,-0.0485254109029,-0.178135494296
0.0784512594945,-0.103751051767,-0.00382106024847,0.0196569040026,-0.236444148623,0.0189849460335,0.261196019137,0.000325900327839,0.0239067446371,0.0409883501447,0.1539587897,0.00850356438654,0.00961562253415,-0.0580678457998,0.098382407533,-0.00869615870081,0.0227108544365,-0.0470298691117,0.154814470602,0.0041854154707,0.0228240285032,-0.0167827696355,0.0838835716901,0.135372613322,0.109610942,0.0496576860548,-0.400834662551,-0.0474193002321,-0.178583249409
0.0786290253146,-0.104876800946,-0.00260967084249,0.0204692849336,-0.237814774778,0.0175018147995,0.262037477395,0.000615039072893,0.0238227634675,0.0400426638489,0.154061149479,0.00795026200681,0.00917020361217,-0.0576823091102,0.0981863543923,-0.00886925547855,0.0227478204149,-0.0466206730901,0.154922478429,0.00400598164576,0.0215216919498,-0.0185717010955,0.0828418557042,0.135468048411,0.109999570678,0.0496776732665,-0.404093059658,-0.048590948467,-0.180778542892
0.0792336562497,-0.106266335719,-0.00153586230231,0.0189295992377,-0.238982555643,0.0174326205516,0.263780055049,0.000623201862685,0.023778983955,0.040977697337,0.154567158822,0.008141804946,0.00999516251977,-0.056855468488,0.0972704352899,-0.00893760172715,0.0209621597853,-0.0462294068084,0.155019402669,0.00316710344111,0.0213591514338,-0.0211817454412,0.0814463179053,0.135621284449,0.110808504024,0.0496860691987,-0.406419324704,-0.049229897407,-0.182759757835
0.0805655108181,-0.106613828538,-0.00176147869211,0.0183002139551,-0.239810491481,0.0169634707402,0.2657755705,0.000520567253527,0.0229626518767,0.0436338445885,0.154980543963,0.00872475896058,0.0117681777235,-0.0558925583264,0.0973143640475,-0.00934149515397,0.020005486648,-0.0472055089506,0.15580817066,0.00286861174938,0.0208904539949,-0.0229781725937,0.0806813066209,0.136001008117,0.112450278564,0.0510615316878,-0.408157226801,-0.0493652641593,-0.184144145297
0.0812566696565,-0.106626224399,-0.00214687899642,0.0182690031807,-0.241350060838,0.0169884836622,0.267059483025,6.86644638007e-05,0.0222921992196,0.0439945556769,0.155189283178,0.00860708850611,0.0111897048733,-0.0551334258047,0.0977978711925,-0.0089711242817,0.0204557443138,-0.0470162248614,0.155672472188,0.00214182838544,0.0202147915463,-0.0234822506056,0.0786804337033,0.135845132057,0.113655596092,0.0513912836882,-0.411232514346,-0.0502086488281,-0.186087854089
0.0826245420572,-0.107292967918,-0.00133039748761,0.0192613154389,-0.241817523552,0.0180012881748,0.26947577209,0.00018918247962,0.0219856104835,0.0447060817909,0.156301165548,0.00827770484599,0.010145040186,-0.0547319789202,0.0989476583225,-0.0081516203178,0.0204521246144,-0.0468077820721,0.15698279432,0.00284151553293,0.0191935660158,-0.0217312449689,0.0782617148871,0.137003805567,0.115350769465,0.0525146406279,-0.412745749182,-0.0497689541645,-0.187001890647
0.0833015866768,-0.108301729947,-0.00172136888938,0.0184923069617,-0.242239234402,0.0184915226883,0.27136369572,-0.000363644617865,0.0208912717952,0.0447801692283,0.157703392604,0.00840471097071,0.00914417845915,-0.0542555982439,0.0993137571495,-0.0086574141499,0.0196863041131,-0.0468212106383,0.157192530381,0.00343977045622,0.0202647700418,-0.0235346747575,0.0774839605891,0.137530610023,0.116325941353,0.0530655020154,-0.414677119491,-0.0497893624706,-0.188262815154
0.0833074936772,-0.110146408166,-0.00295077920908,0.0172736652096,-0.243497842388,0.0176578367627,0.271919928193,0.000392775171883,0.0217516364476,0.0439502383267,0.157631151501,0.00726535504986,0.00952739127655,-0.054273045766,0.0987136971427,-0.00834522090731,0.0187795348401,-0.0487825030516,0.157134027378,0.00406078136457,0.0202464790742,-0.0232638525659,0.0768891442709,0.1378728625,0.11652810772,0.0528110105958,-0.418084792777,-0.0507083574155,-0.190157666627
0.0842550959753,-0.110543863664,-0.00327362422904,0.0177551221612,-0.244399156609,0.0182106156704,0.273129354848,0.000353906818951,0.0200067542291,0.0447808305891,0.158091249027,0.00668674128116,0.00936429125983,-0.0534802163562,0.0991768674164,-0.00793322914535,0.0190816514988,-0.0479438808407,0.157370687983,0.00299553453345,0.0203405233507,-0.024685341519,0.0772375462585,0.138825964333,0.117947686313,0.0535670113223,-0.420485768055,-0.0506853021975,-0.191132620176
0.0851840107464,-0.1109283046,-0.00425715469953,0.0176814818742,-0.244722431731,0.0181829668326,0.275364594962,0.00031860580117,0.0199929913924,0.0450626394729,0.158882472633,0.00651493930626,0.00866666406771,-0.0529647584761,0.10028004254,-0.0073032290564,0.0185929280906,-0.0476995498905,0.157801883521,0.00236565949196,0.0210889815056,-0.0237900153992,0.0767814575416,0.139647617988,0.119055194072,0.0546166635708,-0.42206895845,-0.0504699357447,-0.191896559117
0.0860710234928,-0.111491205238,-0.00463681370646,0.0187195089346,-0.24563123107,0.0175460670263,0.276335531388,0.000514249986913,0.0190889191848,0.0450426146607,0.159341206534,0.00674652806723,0.00806651720883,-0.0524878695394,0.100457387705,-0.00763236181274,0.0180859366969,-0.0479425107679,0.158142015778,0.00148519148233,0.0202898672204,-0.0226021884614,0.0765071674778,0.140109014512,0.120288645659,0.055044639612,-0.424442202355,-0.0507835629659,-0.193167411382
0.0860764548991,-0.111502012826,-0.00464079301667,0.0187152103474,-0.245650950713,0.0175432909393,0.276354294156,0.000510368913688,0.0190887443333,0.0450436279321,0.159349713803,0.00674368404369,0.00806241870023,-0.052492016061,0.100462422024,-0.00763537532431,0.0180809885517,-0.0479428853404,0.158149942774,0.00148379507995,0.0202852845662,-0.022613993518,0.0765046997131,0.140114882784,0.120297333044,0.0550473497846,-0.424478731642,-0.0507909121904,-0.193186536853
0.0860809333998,-0.111512599766,-0.0046465702018,0.0187143887855,-0.245668166465,0.017542687246,0.276370408031,0.000505806445676,0.0190872710381,0.0450460566421,0.159356762463,0.00674037888236,0.00806204554064,-0.0524950986229,0.100466013106,-0.00763532314259,0.0180774408712,-0.0479468820606,0.158156597574,0.00148016955282,0.0202803043021,-0.0226233989408,0.0765030058325,0.140120423761,0.120304251665,0.0550500780334,-0.424508416794,-0.050796893916,-0.193202783085
0.0860864381388,-0.111519614662,-0.00464864344837,0.0187132695238,-0.245680824435,0.0175416460909,0.276385995736,0.000505120239836,0.0190856251007,0.0450511558896,0.159364353173,0.0067382483517,0.0080600236221,-0.0524982032694,0.100471024468,-0.00763540417153,0.0180738557594,-0.0479480066794,0.158164695657,0.00147812214569,0.0202748694143,-0.0226278585668,0.0765040146947,0.140126732833,0.120311921695,0.0550534404848,-0.424532597638,-0.0508005243566,-0.19321537698
0.0860908724152,-0.111529643123,-0.00465122565939,0.0187094144142,-0.245698431719,0.0175377795381,0.276402273239,0.000502996593292,0.0190845774108,0.0450523309866,0.159371440556,0.00673569433904,0.00805819034684,-0.0525016040956,0.10047448331,-0.00763551305447,0.0180724081401,-0.0479514372862,0.158171566297,0.00147483878642,0.020272053935,-0.0226358753506,0.0765024992411,0.140132273081,0.120318641537,0.055054750904,-0.424562980291,-0.0508066527563,-0.193231685366
0.0860959989614,-0.111536842208,-0.00465293093927,0.0187059542789,-0.245710991371,0.0175347463116,0.276417696808,0.000497337058412,0.0190821732845,0.0450537324412,0.159379185283,0.0067340153999,0.00805581871915,-0.05250266169,0.100479320412,-0.0076381141588,0.0180713672634,-0.0479558271082,0.158178889806,0.00147101399585,0.0202698917303,-0.0226395825551,0.0765028212885,0.140138318242,0.120326134497,0.0550587554248,-0.424588723653,-0.0508106454761,-0.193244675882
0.0861003862412,-0.111544512794,-0.00465452377596,0.0187033138532,-0.245725694531,0.0175323302642,0.276432460265,0.000495681708921,0.0190793004635,0.0450556464437,0.159386857465,0.00673222900644,0.00805620899349,-0.0525045666008,0.100483010734,-0.00764116001405,0.0180712062506,-0.0479572298883,0.158185721864,0.00147017308171,0.0202658078606,-0.022645109492,0.0765017562216,0.140143376201,0.120332757699,0.0550612525514,-0.424615132861,-0.0508158948065,-0.193258896549
0.0861039720369,-0.111552694683,-0.00465384992392,0.0187016589998,-0.245736994275,0.0175307609897,0.276443540414,0.000494274486305,0.0190760120844,0.0450579635352,0.159391949015,0.00673305991313,0.00805384993184,-0.0525053365202,0.100485108582,-0.00764203907677,0.0180705269997,-0.0479590299972,0.158189823034,0.00146835307695,0.020263987408,-0.0226525363635,0.0765002741462,0.140147451228,0.120337959679,0.0550630244637,-0.424637363478,-0.050820459759,-0.193271391081
0.0861079822574,-0.111562182295,-0.00465686357821,0.0186979074256,-0.245751944987,0.0175276570236,0.27645744161,0.000490666002825,0.0190738105249,0.0450590039938,0.159398436095,0.00673147485016,0.00805141567518,-0.052505582864,0.100488195186,-0.00764502387856,0.0180678036294,-0.047963207201,0.158194139355,0.00146877564904,0.0202632963198,-0.0226644643122,0.07649953537,0.140152778726,0.120344113003,0.0550643080191,-0.424666491277,-0.0508269817363,-0.193287480997
0.0861124348795,-0.111568892995,-0.00465937813972,0.0186940774,-0.24576419534,0.0175264353438,0.276470867435,0.000487748935264,0.0190731883885,0.0450630750262,0.159403913034,0.00673076904919,0.00805194625603,-0.0525068587169,0.100491417667,-0.00764819895511,0.0180665562666,-0.0479665644067,0.158199798481,0.00146749763403,0.020262167596,-0.0226697034198,0.0765001083856,0.140158071278,0.12035052098,0.0550669208886,-0.424688053853,-0.0508305892515,-0.19329928017
0.0861162753093,-0.111579641409,-0.00466056828816,0.0186907004274,-0.245782512818,0.0175233897914,0.276485439157,0.000485077794259,0.019071114959,0.0450639639118,0.159409565937,0.00672972575268,0.00804991471999,-0.05250948846,0.100493979558,-0.0076487401472,0.018063920937,-0.0479704276796,0.158205750142,0.00146672174402,0.020257358235,-0.0226794927484,0.0764964671197,0.140162085625,0.120356609708,0.0550683930651,-0.424717804145,-0.0508377365015,-0.193316684285
0.086119945833,-0.111586991672,-0.00466400204567,0.0186910657407,-0.245795388237,0.0175209982699,0.276498401926,0.000483208970515,0.0190673784726,0.0450651923731,0.159416036387,0.00672977900551,0.00804788476463,-0.0525111096955,0.10049741403,-0.00764992954391,0.0180632549023,-0.0479723714687,0.158212549015,0.00146580270772,0.0202548452889,-0.0226855538339,0.0764962122341,0.14016704398,0.120362131925,0.0550709968211,-0.424740064666,-0.0508418386073,-0.193328876648
