0,1000,3000,1000,8.93165687479,2.12333065569,1.4885330200
1,2000,6000,2000,0.968578259146,1.43537297811,2.8009209632
2,3000,9000,3000,6.79040817668,2.08770162514,4.0953691005
3,4000,12000,4000,0.806015624093,1.01476135195,5.5865051746
4,5000,15000,5000,2.02102364338,1.87516618777,7.0700011253
5,6000,18000,6000,1.88840249426,2.15624359981,8.5530130863
6,7000,21000,7000,1.88814245407,1.88037041298,10.001331090
7,7999,23997,8000,0.96343404865,1.37082214178,11.437227010
8,8999,26997,9000,1.10136943998,1.54171831192,12.904881954
9,9999,29997,10000,1.04154139475,1.56570288709,14.312422037
10,10999,32997,11000,0.961975963932,1.31374663821,15.723112106
11,11999,35997,12000,0.752832048569,0.792367284395,17.140099048
12,12999,38997,13000,0.691826967504,0.51233828656,18.532974958
13,13999,41997,14000,0.68188759023,0.268110309948,19.949953079
14,14999,44997,15000,0.674137950096,0.0981580403269,21.421422004
15,15999,47997,16000,0.667144145407,0.0859213594613,22.909700155
16,16999,50997,17000,0.675204213929,0.0855284690329,24.360069990
17,17999,53997,18000,0.667709438885,0.103916205382,25.808016061
18,18999,56997,19000,0.673605122959,0.144401795694,27.191496133
19,19999,59997,20000,0.666172713258,0.136484967988,28.619829177
20,20999,63197,21100,0.679233644513,0.097298004129,30.218755960
21,21998,66194,22100,0.663658027434,0.0978002575484,31.684486150
22,22998,69194,23100,0.658856019399,0.163480009587,33.135190963
23,23998,72194,24100,0.669384016367,0.0663057587805,34.581944942
24,24998,75194,25100,0.661084480707,0.094238178182,36.023399114
25,25998,78194,26100,0.669592643286,0.10248712181,37.442625045
26,26998,81194,27100,0.66191672496,0.0743338424809,38.854635953
27,27997,84191,28100,0.663266851227,0.122677807992,40.289649009
28,28997,87191,29100,0.670227098659,0.126137888997,41.696282148
29,29997,90191,30100,0.666528044238,0.105228195002,43.132409095
30,30997,93191,31100,0.668262316919,0.134833844268,44.534996032
31,31997,96191,32100,0.668229583901,0.0805355611497,45.952888011
32,32997,99191,33100,0.669012952041,0.0837769672541,47.370393037
33,33997,102191,34100,0.66458929208,0.0969149018915,48.793584108
34,34997,105191,35100,0.667223446731,0.0752454041726,50.232079029
35,35997,108191,36100,0.66107359294,0.0811357405269,51.664736032
36,36996,111188,37100,0.665227099047,0.095837140871,53.138239145
37,37996,114188,38100,0.667976453867,0.144087043823,54.608324050
38,38996,117188,39100,0.666931589348,0.122896916058,56.027606964
39,39996,120188,40100,0.67531056004,0.0807674970683,57.460864067
40,40996,123388,41200,0.660761194753,0.0941212446839,59.024656057
41,41996,126388,42200,0.672102127244,0.124158124499,60.471135139
42,42996,129388,43200,0.667980790344,0.151375171541,61.907889127
43,43996,132388,44200,0.674663906733,0.0721474619577,63.347113132
44,44996,135388,45200,0.668875111306,0.178041960368,64.781133174
45,45996,138388,46200,0.665927326467,0.0756265493211,66.231562137
46,46996,141388,47200,0.660849093955,0.0885824033805,67.669928073
47,47996,144388,48200,0.661995726354,0.112063712369,69.120496034
48,48996,147388,49200,0.664483083062,0.0640192108001,70.60598707
49,49996,150388,50200,0.667086325028,0.0894898719478,72.031387090
50,50996,153388,51200,0.660080407506,0.07625323453,73.49399995
51,51996,156388,52200,0.668708716833,0.179851589988,74.930360078
52,52996,159388,53200,0.661845016409,0.0828553738408,76.413609027
53,53996,162388,54200,0.666469165314,0.103099630056,78.091881990
54,54996,165388,55200,0.670992691452,0.108623131445,79.673948049
55,55996,168388,56200,0.67433296793,0.107855284453,81.182106971
56,56996,171388,57200,0.659249552994,0.0794175690653,82.64582705
57,57996,174388,58200,0.666991708457,0.135589471223,84.171473026
58,58996,177388,59200,0.654100528104,0.078167074129,85.636176109
59,59996,180388,60200,0.657523876945,0.049921001882,87.087283134
60,60996,183588,61300,0.6618352585,0.0947240837719,88.676295995
61,61996,186588,62300,0.667088349628,0.141821748331,90.181643009
62,62996,189588,63300,0.671933196438,0.0753763634233,91.667281150
63,63995,192585,64300,0.656903036031,0.0619344044506,93.137778997
64,64995,195585,65300,0.662646663982,0.0592198277199,94.596977949
65,65995,198585,66300,0.672786803686,0.146336677116,96.036834955
66,66995,201585,67300,0.669220654975,0.0911354145842,97.491364955
67,67995,204585,68300,0.665267660995,0.103010119616,98.942768096
68,68995,207585,69300,0.655542275625,0.0944450318153,100.39738011
69,69995,210585,70300,0.673000684681,0.160053662648,101.8453481
70,70995,213585,71300,0.667444251096,0.0937103127601,103.28558111
71,71995,216585,72300,0.662500540627,0.115295812078,104.72472715
72,72995,219585,73300,0.659951192286,0.131594173516,106.17658400
73,73995,222585,74300,0.667021523474,0.0922659732857,107.62156796
74,74995,225585,75300,0.663667938358,0.0650538645515,109.04994416
75,75994,228582,76300,0.665314493887,0.117103042992,110.53498911
76,76993,231579,77300,0.662350756356,0.0914061883702,111.9949841
77,77993,234579,78300,0.663430498122,0.0924467225144,113.42657017
78,78993,237579,79300,0.667583707387,0.0891466711067,114.85814809
79,79993,240579,80300,0.665187287536,0.0613208903232,116.28403210
80,80993,243779,81400,0.666406552035,0.0847622065711,117.85071802
81,81993,246779,82400,0.657617323909,0.0838724358808,119.28549909
82,82993,249779,83400,0.662173547311,0.0648812360012,120.72356104
83,83993,252779,84400,0.661661855768,0.0760787478352,122.27548408
84,84993,255779,85400,0.657346875704,0.0813582687457,123.85245513
85,85993,258779,86400,0.665302576389,0.0834998368858,125.34875798
86,86993,261779,87400,0.673336022279,0.0767931418755,126.83057713
87,87993,264779,88400,0.663637849396,0.114630159622,128.27633714
88,88993,267779,89400,0.654955076651,0.0711585811144,129.78999805
89,89993,270779,90400,0.657401289248,0.0844361140708,131.27282905
90,90993,273779,91400,0.666155308698,0.0676727631892,132.78635096
91,91993,276779,92400,0.671602939215,0.0978835051128,134.29579901
92,92992,279776,93400,0.684616254581,0.147731315465,135.77729105
93,93991,282773,94400,0.667556615422,0.0668862943288,137.2014319
94,94991,285773,95400,0.661238493524,0.115734043159,138.62947702
95,95991,288773,96400,0.673779567445,0.214971170496,140.07800912
96,96991,291773,97400,0.664839788962,0.0560849660032,141.48936915
97,97991,294773,98400,0.663424789164,0.0651920584272,142.94277715
98,98990,297770,99400,0.661660548816,0.0858127324756,144.60289096
99,99990,300770,100400,0.659101916431,0.118374326528,146.36980915
100,100990,303970,101500,0.663178314484,0.076246676093,147.96386098
101,101990,306970,102500,0.666604610046,0.119356042031,149.56163811
