3700,2100,100,8.29466789713,184.59501144,0.996795714463,0.997073030251,0.999513594199,0.999467250491,0.996583593483,0.999814859836,0.996938395412,0.998721357653,0.999637828287,0.996352615723,0.996736241458,0.999381017348,1.00017544343,0.997127331955,0.996294989098,0.999117459544,0.999707236114,0.995820154212,0.996927864076,0.99923423399,1.00027853647,0.998106822344,0.997109544973,0.996790261558,0.996605203602,0.996535140331,0.996497893669,0.996457834393,0.99671750766
7400,4200,200,8.26044286863,202.385424217,0.993211303526,0.993481306431,0.999013779209,1.00022476646,0.992475026392,0.999787986143,0.993802475192,0.998316023454,0.999966203385,0.993202574926,0.993397579436,0.999823230268,1.00006753459,0.993578737505,0.992866381641,0.998856152799,0.999760828842,0.992417944158,0.99340280123,0.999442833235,1.00096786184,0.993849079812,0.993126043888,0.992983177295,0.992760694508,0.992890674651,0.993034092519,0.992771948408,0.99318009512
11100,6300,300,8.43257550035,207.418158456,0.989625537199,0.990241681132,0.998756431545,0.999942807789,0.988632772533,1.00059553103,0.989921291072,0.998311449196,0.999921708854,0.988560432477,0.989805947387,1.00079613448,0.999833758646,0.989776710576,0.989650768595,0.997922060802,0.999782664104,0.990279411412,0.989757845435,1.00017446435,1.0010880778,0.989825857946,0.989931302506,0.98942425253,0.989117683673,0.988760521986,0.988897521028,0.988683393544,0.98947873298
14800,8420,410,8.59028302067,205.039382698,0.986116040467,0.986069362835,0.998852698418,0.999795820093,0.985053044352,1.00027426607,0.986416650864,0.998007357101,0.999676793384,0.984581421032,0.986361779873,1.00019339498,0.999843378756,0.986312628246,0.986111105613,0.997742960711,1.00017004307,0.986488377917,0.986587774021,0.999880341174,1.00162439538,0.986039287028,0.986026928998,0.985732184913,0.985362455868,0.98490019007,0.9853177925,0.984945721755,0.98586812091
18500,10520,510,8.93714123281,219.697594454,0.982377747542,0.981488492908,0.998852460036,0.999979879088,0.98163600301,1.00070683881,0.982563242035,0.998273542787,0.999745763173,0.980519610446,0.982772608722,1.00006716214,0.999033217532,0.983693461086,0.982321146133,0.997854292316,1.00054351837,0.982016986085,0.983019845859,0.99977068652,1.00110023019,0.981542872297,0.982062235447,0.981779736238,0.981431544257,0.980746380412,0.981107435071,0.980789083403,0.98193579684
22200,12620,610,7.07785631776,177.909589469,0.979249962197,0.978860877482,0.999444023143,0.999564835554,0.978287488222,1.00043921349,0.979492941456,0.998373867872,0.999618735429,0.977452639165,0.97951012305,1.00009288596,0.9987916964,0.98073654457,0.979270077969,0.997973644848,1.00058290369,0.978420331096,0.979823041354,1.00045979834,1.00228677183,0.978821315597,0.978360926485,0.978254636509,0.978245009803,0.977700862741,0.978002420246,0.977476644946,0.97885341352
25900,14740,720,7.49054210253,179.227935402,0.976045679563,0.975874899745,0.998851974247,0.999669283474,0.975200560576,1.00048584412,0.976559458417,0.998424577092,0.999356309041,0.973722404005,0.976372878874,0.999937435831,0.998233329887,0.977019012999,0.976406758798,0.997736824536,1.00058779014,0.975698575175,0.976345648811,1.00070340799,1.00245865438,0.975153132554,0.975168025211,0.97509276233,0.974920442647,0.974728977822,0.974877676132,0.974183138088,0.97579966745
29600,16840,820,8.62505362676,226.31859802,0.90936359957,0.911698693426,0.888901756443,0.890619308631,0.907926583283,0.890556150765,0.909928634662,0.887658988639,0.890317215794,0.911594335038,0.909307578677,0.889989507564,0.894895579931,0.905347631219,0.908518745061,0.890421057593,0.888795807308,0.911454059407,0.908841649871,0.888820271861,0.889918309788,0.912855387125,0.911161697377,0.910617656265,0.910049464903,0.910673845766,0.910544675247,0.910795517414,0.90968731697
33300,18940,920,6.95059172913,196.941028414,0.853234844943,0.857664143113,0.796452302951,0.798870576794,0.851365830061,0.798163314368,0.853832752174,0.794523349286,0.798586429002,0.859184096362,0.8528642936,0.797628664738,0.808047133907,0.845039708584,0.851427158957,0.800174668101,0.794908509503,0.857576041095,0.852026525489,0.794757380985,0.79531485331,0.86030316974,0.857266119627,0.856356855557,0.855423524923,0.856775304067,0.856423703173,0.857464331609,0.85407232401
37000,21060,1030,5.68584097515,164.791292871,0.802718450911,0.809119229705,0.713016837062,0.716209820233,0.800416514564,0.714900874412,0.803364902951,0.7105321345,0.715982361956,0.812119623841,0.802061549107,0.714233043144,0.729696858706,0.790802620449,0.799985650414,0.718766806897,0.710204661384,0.808880012574,0.80090024079,0.709990595528,0.710056657409,0.813039377343,0.808753951677,0.807493222022,0.806275324232,0.80830126489,0.807686855609,0.809461586278,0.80400595146
40700,23160,1130,6.06507714574,232.678272015,0.613244181598,0.643600869428,0.406534682172,0.358887639037,0.569485217748,0.440604247785,0.605969805578,0.471969692971,0.410800770648,0.684023285393,0.575976265656,0.389504713255,0.50139383165,0.543395942201,0.590907458329,0.33942783992,0.371644610583,0.655324034278,0.596780263498,0.415949908195,0.449435517408,0.591385284163,0.582470386793,0.619469275173,0.622166111756,0.603609568772,0.624764425607,0.609886562054,0.5949290191
44400,25260,1230,3.06714710241,154.308532176,0.504129615458,0.54796594113,0.239199030556,0.150715930531,0.439661372617,0.281165702527,0.492241347623,0.341332859835,0.237416698755,0.605423899901,0.447339877511,0.203105363195,0.38787501981,0.396512213988,0.46973439528,0.127990363918,0.180771044137,0.578724753819,0.479777848089,0.250190501025,0.304064636283,0.466241179639,0.455879590998,0.512862431353,0.515180078236,0.485651554261,0.515118714777,0.494177234183,0.47602709790
48100,27380,1340,2.60665574475,182.707116388,0.354443348711,0.420133592557,0.0042283471432,-0.135479457579,0.263610611398,0.0590667578039,0.336672099481,0.156646101086,0.00027180660043,0.498442129333,0.269804535375,-0.0493549642863,0.213929729715,0.205136504621,0.304458164989,-0.171941342143,-0.0899152911431,0.464828841594,0.319205075197,0.0161015012351,0.099897925343,0.285099539333,0.282789192279,0.366036466647,0.371212677993,0.328063501299,0.363908244131,0.340102796996,0.31508233571
51800,29480,1440,2.68697892008,185.468827076,0.352869142058,0.418183883204,0.000781521802259,-0.137409814403,0.262693134539,0.0544501610469,0.335287460005,0.151389710276,-0.0026652556983,0.495366840844,0.268948519251,-0.0520993712535,0.208914046577,0.204601782627,0.303269943591,-0.173320851914,-0.0930853838647,0.462651081919,0.31787608996,0.0125911559863,0.0952031648357,0.284956289585,0.282321411278,0.364653822825,0.369681652928,0.326975234732,0.362306147693,0.339009175342,0.31392803864
55500,31580,1540,2.91745075481,203.242543153,0.351304446293,0.416281531928,-0.00254366838525,-0.139368087763,0.261784396705,0.0501011794098,0.333908270422,0.146257975932,-0.00537959477912,0.492412260616,0.268090248691,-0.0546899761217,0.204212129766,0.204018759999,0.302137743896,-0.174613756348,-0.0960137191645,0.460544702779,0.31655450537,0.00910347003031,0.0908576437336,0.28476341283,0.281720618525,0.363231724119,0.368164972006,0.325848487837,0.360775607952,0.337888730048,0.31273148650
59200,33700,1650,2.77775978385,196.858460006,0.35001527883,0.414700638696,-0.00513144705384,-0.141075302546,0.260850133838,0.0465509365484,0.332749938158,0.142372562738,-0.0077044462886,0.489991947959,0.26724860413,-0.0568934061742,0.200543603888,0.203485730826,0.301098496744,-0.17589425089,-0.0985234389958,0.459062259582,0.315419282332,0.00631031386717,0.0874593568761,0.284456437322,0.281113314849,0.36205197521,0.36688997409,0.324812966179,0.359426273953,0.336878768612,0.31165968638
62900,35800,1750,2.17744777036,153.035154828,0.349755671736,0.414305331196,-0.00590146344638,-0.141213820863,0.260953250331,0.0455171298062,0.332576334126,0.140889021224,-0.00836992214441,0.48929549449,0.267343486437,-0.0574042172881,0.199227208499,0.203630810468,0.300994028823,-0.175831517968,-0.0989468391836,0.458446630142,0.315274771324,0.00539915523146,0.0861900769868,0.284679818559,0.281292107254,0.361857342255,0.366647464393,0.324795597254,0.359215780926,0.336837512372,0.31160192965
66600,37900,1850,2.29607061193,163.318305933,0.349467563472,0.413861056146,-0.00675907416853,-0.141324178866,0.261077959684,0.0443634434495,0.332386106333,0.13922242312,-0.00909662126391,0.488501284579,0.267461647448,-0.0579585345714,0.197733285223,0.203796439021,0.300883615572,-0.175714704369,-0.0993961665146,0.457747913647,0.315115757096,0.00437867519851,0.0847545290276,0.284947027236,0.281507956632,0.361637984521,0.366378514606,0.324781737402,0.358978912746,0.336795433444,0.31154399614
70300,40020,1960,2.69667008937,187.302125609,0.349185705504,0.413400005407,-0.00744414032394,-0.141245810093,0.261227673087,0.0433701143633,0.332206495578,0.137693618785,-0.00967978089871,0.48768399932,0.267602780142,-0.0583422573762,0.196364424975,0.204011532369,0.300785703361,-0.175399117352,-0.0996487360876,0.45702471256,0.314975197344,0.00352467632937,0.0834931681401,0.285215245368,0.281737298274,0.361421656069,0.366106915656,0.324774178643,0.358742588131,0.336758951458,0.31149989901
74000,42120,2060,2.79733460084,201.726248886,0.348560556778,0.41256041731,-0.00790556434505,-0.141271968158,0.260791378442,0.0426480145048,0.33164271369,0.136650185636,-0.00997267180729,0.486526487203,0.267216895667,-0.0586053191907,0.195421342759,0.203771129107,0.300279650306,-0.175144265563,-0.0999530481249,0.456377095667,0.314492401717,0.00304749777219,0.0828639916121,0.285033135487,0.281335595037,0.360806646207,0.365459619043,0.324198607674,0.358063273304,0.336188559753,0.31094686917
77700,44220,2160,2.99148079663,213.796296303,0.347954129472,0.411749106841,-0.00826244533872,-0.141244982432,0.260352064204,0.0419896229148,0.331089463933,0.135687828054,-0.010221980475,0.485360975827,0.266844714621,-0.0588409642716,0.194573070093,0.203571313988,0.299783350873,-0.174823393125,-0.100123024542,0.455714059128,0.314015234731,0.00266643732669,0.0823038302982,0.284825309197,0.280956402803,0.360208692142,0.364823993365,0.323617597636,0.357368230387,0.335611685082,0.31039337413
81400,46340,2270,3.23851572428,226.642093948,0.347186419111,0.41066267997,-0.00879300690056,-0.141009694131,0.25996773102,0.0410465140747,0.330429361394,0.134161296413,-0.0105837908135,0.483754353223,0.26651104155,-0.0590492993307,0.193193896063,0.203481187822,0.29922956695,-0.17413795615,-0.100267507021,0.454773314697,0.313438488648,0.00206120539219,0.0813586991863,0.28471861009,0.280638460175,0.359467268776,0.364017712669,0.322993912364,0.356544082095,0.334984221672,0.30979545683
85100,48440,2370,2.90309717802,204.423602224,0.347037924266,0.410351352014,-0.0088209809326,-0.140577649886,0.260081235126,0.0408552689565,0.330330136926,0.133576307146,-0.0105804893705,0.483222862533,0.266603778638,-0.0589120981413,0.192666250882,0.203643023978,0.299194373572,-0.173562122278,-0.10001832214,0.454320269476,0.313367873086,0.00186232821078,0.0809848620921,0.284881073005,0.28077489648,0.359328197265,0.363855359791,0.322989643784,0.356370006312,0.334945651776,0.30977970996
88800,50540,2470,2.43594284451,174.107552912,0.347000957204,0.410297934911,-0.00875865585614,-0.140569252321,0.260000339246,0.0409263968811,0.330276542473,0.133631108152,-0.010536882242,0.483168805687,0.266534831382,-0.0588644207154,0.192753996064,0.203556557669,0.299138610793,-0.173570025539,-0.0999472199799,0.454277171736,0.313319062378,0.0018677785258,0.0810817264687,0.284793335247,0.280698435104,0.359279023861,0.36381253738,0.322926884615,0.356283329286,0.334872661717,0.30971562913
92500,52660,2580,2.1056182985,151.525508661,0.346961771965,0.410235821939,-0.00872794243028,-0.140549235937,0.259949088585,0.0409556892396,0.330226405161,0.133621187739,-0.0105244988246,0.483108612115,0.266486603742,-0.0588188309433,0.192779667625,0.203495903531,0.299092388642,-0.173543667799,-0.0998950367638,0.454217556257,0.313276301926,0.00184233474852,0.0811203108065,0.284726576527,0.280646235951,0.359230778843,0.363767588664,0.322877390644,0.35620915,0.334815536611,0.3096635370
96200,54760,2680,2.96302887397,212.851194962,0.346858180321,0.410051734795,-0.00878862567265,-0.140462783867,0.259949248287,0.0407431213764,0.330130026185,0.133312975531,-0.0106291526532,0.482824834745,0.266477049323,-0.0588261310005,0.19243856228,0.20355721989,0.299028317292,-0.173354654319,-0.0999055425804,0.454030909984,0.313195824822,0.00168699824722,0.0808835803326,0.284769346173,0.280650463746,0.359132386658,0.363654503703,0.322825874378,0.356080654715,0.334750725473,0.30960215024
99900,56860,2780,2.83689938914,201.842515979,0.346722652391,0.409795183055,-0.00887500462612,-0.140228190629,0.260015732693,0.0404289891638,0.330026625383,0.1327737022,-0.0107235739698,0.482390375704,0.266531760283,-0.0587742217791,0.191910777131,0.203709270924,0.298983796311,-0.172933778937,-0.0998173365852,0.453715383132,0.313114886149,0.00149309747566,0.0804955564304,0.284885916476,0.280730254727,0.3590015547,0.36351017265,0.322801788745,0.355934567818,0.334697451998,0.30955963266
103600,58980,2890,2.07962144193,145.819368307,0.346619175372,0.409590116039,-0.00891852746877,-0.140037950575,0.26007460048,0.0402008898713,0.329954436328,0.132386048156,-0.0107772087872,0.482049692339,0.266580027685,-0.0587163221175,0.191524782445,0.203831719502,0.298952233095,-0.172582858216,-0.0997255074785,0.453468368242,0.313061883191,0.00137198960686,0.0802062537336,0.284980575737,0.28079556649,0.358905812866,0.363397438255,0.322791938061,0.355827411817,0.334666890198,0.30953600669
107300,61080,2990,2.99742260024,210.098957615,0.346560468941,0.409508733966,-0.00886172107444,-0.14011845295,0.259919048576,0.0401521276347,0.329845068558,0.132453954962,-0.01084675464,0.482011913003,0.266434048748,-0.0586964968204,0.191593318959,0.203683434926,0.29885431931,-0.172699133198,-0.0997076756473,0.453471401315,0.31297836348,0.00132135308947,0.0803422301274,0.284819142311,0.280619472511,0.358815991997,0.363330340538,0.322661603558,0.355703337627,0.334531456167,0.30940074638
111000,63180,3090,3.01096407434,217.298613448,0.346551278568,0.409562050167,-0.00873540294493,-0.1404639649,0.259617209474,0.04025593914,0.329742213008,0.132912884018,-0.0108625729382,0.48225155962,0.266158296588,-0.0587287142723,0.192029151561,0.203340662334,0.298713732623,-0.17318141032,-0.0997976642623,0.453680544644,0.312881688431,0.00137170037509,0.0807629128682,0.284490078919,0.280301862409,0.358764255511,0.363312316298,0.322466045295,0.355592322106,0.334349728386,0.3092167586
114700,65300,3200,2.48187154571,173.448453692,0.346486291359,0.409456408052,-0.00872088948494,-0.140522807331,0.259533731381,0.0401481045851,0.329648501777,0.132859155916,-0.0109385875486,0.482154440978,0.266045282722,-0.0587214043832,0.191953339953,0.203251032784,0.298627332744,-0.173214456705,-0.099794771941,0.453632493159,0.312809587971,0.00127744604393,0.0807892671896,0.284413377251,0.280202024882,0.358684959926,0.363237606328,0.322367589939,0.355474176371,0.334246182414,0.30911464255
118400,67400,3300,2.47693645532,177.143207964,0.34637799184,0.40922691574,-0.00875269525486,-0.140304187548,0.259596119686,0.0399303238337,0.329551293672,0.132443159338,-0.0110284288068,0.481780692747,0.266074010571,-0.0586448490507,0.191512058765,0.203373449617,0.298584164506,-0.172861798747,-0.0996514928646,0.453362396582,0.312741283436,0.00109219016512,0.0804813541208,0.284496212384,0.280264426078,0.358573375748,0.363119198856,0.322333582991,0.355327242266,0.334189953635,0.3090696762
122100,69500,3400,3.08484788357,216.21562281,0.346162781702,0.40875932613,-0.00885520670188,-0.139790350999,0.259777776451,0.0394414887346,0.329389706522,0.131496849321,-0.0111913346218,0.481010639403,0.266204345982,-0.0584814830786,0.190556169683,0.203674370488,0.29854107836,-0.172039668686,-0.0993431505492,0.452742804392,0.312643663008,0.000711940883985,0.0798085118598,0.284753310186,0.280466531408,0.358368338018,0.362885590507,0.322325251805,0.355089809431,0.334135225255,0.30903432260
125800,71620,3510,2.8706564108,209.095502043,0.346081936314,0.408599196044,-0.00885025502633,-0.139713687633,0.259770776334,0.0393182402927,0.329301255786,0.131284338049,-0.0112391593844,0.480775949761,0.266178761033,-0.0584145523478,0.190310571979,0.203732536899,0.298482161569,-0.171854190432,-0.0992139166739,0.452580739192,0.312568432755,0.000593894179217,0.079656981231,0.284730405456,0.280456649755,0.358278483933,0.362797038645,0.322272908469,0.354969796849,0.334065023666,0.30896940931
129500,73720,3610,3.14763861557,219.501802303,0.345920389415,0.408251125429,-0.00881652580594,-0.139267058386,0.259872036716,0.0389668225606,0.329141008854,0.130658412398,-0.0113539633625,0.480164447419,0.266235324756,-0.0582091951106,0.189715058304,0.203894703845,0.298435992489,-0.171242736105,-0.0989523329692,0.452105955842,0.312492379648,0.000335570284996,0.0791853768342,0.284899724029,0.280574772269,0.358112937545,0.362613861217,0.322224335855,0.354757695203,0.333985301722,0.30891174647
133200,75820,3710,2.74874573718,202.021050427,0.345867184749,0.408139299742,-0.00872878804036,-0.139198527105,0.259823980993,0.0389005794849,0.329052964346,0.130599135882,-0.0113862141763,0.480010796179,0.266172560552,-0.0581020252382,0.18968175114,0.203893834182,0.29837836697,-0.171142070001,-0.0988338463168,0.45197560763,0.312439444516,0.000272676766449,0.0791401513877,0.284818300587,0.280513438838,0.358041236081,0.362549037611,0.32214528172,0.354651821027,0.333902121226,0.30883451569
136900,77940,3820,2.34547357789,169.880391842,0.345797251802,0.407994318114,-0.00867321064883,-0.139059496472,0.259813103325,0.0387587646954,0.3289609976,0.13039107556,-0.0114527286678,0.479763863173,0.266143718496,-0.0580066806037,0.189526676485,0.203912059244,0.298332620618,-0.170961173808,-0.0987297399816,0.45179159242,0.312385107656,0.000172685475592,0.0789929594371,0.284848176737,0.28051155023,0.357960532739,0.362465691317,0.322088580748,0.354534860621,0.333831937682,0.3087721811
