0,100,300,100,8.58338712966,2.04713264603,0.15219116210
1,200,600,200,10.4528357287,1.76550070408,0.30067706108
2,300,900,300,3.75637380897,1.96013519663,0.45194411277
3,400,1200,400,2.96065976379,1.65025060582,0.60543918609
4,500,1500,500,2.10457444314,1.22487765721,0.75535511970
5,600,1800,600,1.2244482182,1.2081724845,0.89329504966
6,700,2100,700,1.14710206123,0.624793934232,1.0384051799
7,800,2400,800,1.08478465861,0.442697014465,1.1930520534
8,900,2700,900,1.2602467865,0.563569065573,1.3469150066
9,1000,3000,1000,0.92603095523,0.732781340195,1.4845361709
10,1100,3300,1100,1.00378540806,0.514892604601,1.63783001
11,1200,3600,1200,1.02473738756,0.622057487154,1.7917602062
12,1300,3900,1300,0.859261571581,0.523042525941,1.9423811435
13,1400,4200,1400,0.947216050997,0.895494422183,2.0856411457
14,1500,4500,1500,0.869883688312,0.560263328039,2.2524759769
15,1600,4800,1600,0.74471310931,0.466232089518,2.4070281982
16,1700,5100,1700,0.957991132939,0.882188090029,2.562165021
17,1800,5400,1800,0.771507005018,0.38374199082,2.7209281921
18,1900,5700,1900,0.686398942192,0.253285739113,2.8667600154
19,2000,6000,2000,0.849003788915,0.584554449219,3.0174860954
20,2100,6300,2100,0.816685155183,0.352615638427,3.175962209
21,2200,6600,2200,0.763037780267,0.513862316866,3.3291261196
22,2300,6900,2300,0.786325020686,0.494514949887,3.487130165
23,2400,7200,2400,0.768979403047,0.317869530485,3.6358001232
24,2500,7500,2500,0.779050820833,0.294417973242,3.7865750789
25,2600,7800,2600,0.773295333262,0.303150544647,3.9411640167
26,2700,8100,2700,0.717472016832,0.481703659376,4.0913851261
27,2800,8400,2800,0.782912721868,0.818526934136,4.2433199882
28,2900,8700,2900,0.689201645796,0.216845869429,4.3988821506
29,3000,9000,3000,0.668380381613,0.39702066,4.5481100082
30,3100,9300,3100,0.74131803967,0.293212510382,4.6845440864
31,3200,9600,3200,0.773741399379,0.316668284418,4.8791620731
32,3300,9900,3300,0.81676081377,0.363111007661,5.1385540962
33,3400,10200,3400,0.685034303542,0.376148339975,5.3338441848
34,3500,10500,3500,0.754365033284,0.45566092355,5.4835929870
35,3600,10800,3600,0.680655176984,0.507699572679,5.6319200992
36,3700,11100,3700,0.78289641613,0.502680138627,5.7804920673
37,3800,11400,3800,0.753292717118,0.451991682464,5.9290871620
38,3900,11700,3900,0.696843411507,0.377489057692,6.0776011943
39,4000,12000,4000,0.741099596588,0.412028869674,6.225686073
40,4100,12300,4100,0.677350584618,0.466022304101,6.3792400360
41,4200,12600,4200,0.77560334591,0.681061124809,6.55835509
42,4300,12900,4300,0.756693665593,0.361658940981,6.7324290275
43,4400,13200,4400,0.633335150838,0.333192748381,6.915139198
44,4500,13500,4500,0.741900750159,0.634770380004,7.0982220172
45,4600,13800,4600,0.705415720359,0.269556845856,7.2835431098
46,4700,14100,4700,0.739834173792,0.466091735054,7.4534220695
47,4800,14400,4800,0.717613064977,0.317834569425,7.6390771865
48,4900,14700,4900,0.688647332739,0.267368844122,7.8205699920
49,5000,15000,5000,0.66715577701,0.364836861596,7.9893500804
50,5100,15300,5100,0.68784371433,0.32244784944,8.167993068
51,5200,15600,5200,0.711998276768,0.51496074145,8.3559801578
52,5300,15900,5300,0.70436889476,0.306852400419,8.5314671993
53,5400,16200,5400,0.725512182426,0.595376252299,8.7367830276
54,5500,16500,5500,0.692116973041,0.581510710834,8.9113152027
55,5600,16800,5600,0.695016509605,0.191526612592,9.089658975
56,5700,17100,5700,0.676193879458,0.563028836997,9.2582709789
57,5800,17400,5800,0.679826120087,0.249816525858,9.4414470195
58,5900,17700,5900,0.702939399754,0.3324797198,9.6201369762
59,6000,18000,6000,0.670466683995,0.201437889031,9.7748839855
60,6100,18300,6100,0.66523019788,0.164536858973,9.9335050582
61,6200,18600,6200,0.711338944284,0.396771561004,10.089528083
62,6300,18900,6300,0.671468082327,0.398070025788,10.235922098
63,6400,19200,6400,0.667979763294,0.249704516143,10.374680042
64,6500,19500,6500,0.668202599193,0.323852796227,10.520879030
65,6600,19800,6600,0.635803348571,0.268961470833,10.666861057
66,6700,20100,6700,0.72400795973,0.509470471785,10.798701047
67,6800,20400,6800,0.693483695086,0.271022692522,10.957417011
68,6900,20700,6900,0.70755383543,0.273178095837,11.104535102
69,7000,21000,7000,0.687557569202,0.252157862668,11.258894205
70,7100,21300,7100,0.66901957618,0.222509794898,11.40251803
71,7200,21600,7200,0.673946385313,0.234547132136,11.543107986
72,7300,21900,7300,0.752926507945,0.408381039937,11.71107816
73,7400,22200,7400,0.652486873471,0.223417189796,11.858237028
74,7500,22500,7500,0.633351038464,0.284006464425,12.02611398
75,7600,22800,7600,0.690822651999,0.205429387531,12.177788972
76,7700,23100,7700,0.679206847315,0.337036490441,12.32255101
77,7800,23400,7800,0.660500587917,0.483269008548,12.466585159
78,7900,23700,7900,0.709950643214,0.263294486401,12.615081071
79,8000,24000,8000,0.682282613099,0.209627386204,12.758212089
80,8100,24300,8100,0.633281569142,0.245734167635,12.904385089
81,8200,24600,8200,0.635274794023,0.291213231694,13.045770168
82,8300,24900,8300,0.689181305319,0.268056263342,13.192160129
83,8400,25200,8400,0.688653102642,0.500192754006,13.338742017
84,8500,25500,8500,0.696567254286,0.341669425775,13.489382028
85,8600,25800,8600,0.672240531096,0.347553124918,13.639259
86,8700,26100,8700,0.689863862919,0.330492198873,13.790808200
87,8800,26400,8800,0.656562341946,0.44721495377,13.932702064
88,8900,26700,8900,0.680000482598,0.217816695081,14.086266040
89,9000,27000,9000,0.663995286145,0.275923474418,14.236721038
90,9100,27300,9100,0.71318975819,0.31709210026,14.391443014
91,9200,27600,9200,0.674518910604,0.288848637068,14.549650192
92,9300,27900,9300,0.637377140094,0.215452288378,14.725371122
93,9400,28200,9400,0.680970567911,0.417680678624,14.869570016
94,9500,28500,9500,0.672242973359,0.185850329435,15.012767076
95,9600,28800,9600,0.66716424245,0.266819612295,15.159579992
96,9700,29100,9700,0.698698304464,0.294527163433,15.311558008
97,9800,29400,9800,0.712076487694,0.556096233288,15.456590175
98,9900,29700,9900,0.694958210282,0.20819059555,15.593275070
99,10000,30000,10000,0.641827335816,0.542426481783,15.74033403
100,10100,30300,10100,0.679623003136,0.278900010537,15.884402036
101,10200,30600,10200,0.655909520618,0.158591672488,16.032064199
102,10300,30900,10300,0.658669055805,0.231656903808,16.185589075
103,10400,31200,10400,0.648540400099,0.195669916904,16.325793981
104,10500,31500,10500,0.660338220471,0.198534037807,16.474446058
105,10600,31800,10600,0.673674839054,0.387616376357,16.614909172
106,10700,32100,10700,0.620821829392,0.248959461327,16.759543180
107,10800,32400,10800,0.651638453156,0.230359048802,16.91548705
108,10900,32700,10900,0.682877809363,0.258393691191,17.061635017
109,11000,33000,11000,0.706883438265,0.312211389359,17.221094131
110,11100,33300,11100,0.696067407042,0.283770095967,17.374867200
111,11200,33600,11200,0.719922683991,0.246399569292,17.52925014
112,11300,33900,11300,0.709705850256,0.26419482025,17.682862043
113,11400,34200,11400,0.689946069055,0.275633602134,17.838663101
114,11500,34500,11500,0.684115259624,0.353969211727,17.982788085
115,11600,34800,11600,0.706469078061,0.22017868459,18.140563011
116,11700,35100,11700,0.666204429052,0.255106670444,18.297095060
117,11800,35400,11800,0.628298396542,0.188939516132,18.449861049
118,11900,35700,11900,0.659316638073,0.201660698158,18.598170995
119,12000,36000,12000,0.677056910726,0.349812654546,18.751433134
120,12100,36300,12100,0.702532703528,0.341150738124,18.908300161
121,12200,36600,12200,0.654248347964,0.328221173461,19.061711072
122,12300,36900,12300,0.671485411237,0.228450600281,19.219062089
123,12400,37200,12400,0.691387386968,0.248060585121,19.366402149
124,12500,37500,12500,0.629987565239,0.311770327988,19.517832040
125,12600,37800,12600,0.657216142633,0.282858055079,19.665955066
126,12700,38100,12700,0.687937271744,0.243497894041,19.82125401
127,12800,38400,12800,0.675904179118,0.426116633943,19.968551158
128,12900,38700,12900,0.705193930481,0.43986852076,20.126178979
129,13000,39000,13000,0.706352639932,0.388937573668,20.287921190
130,13100,39300,13100,0.692495453527,0.276788354118,20.436726093
131,13200,39600,13200,0.629036564757,0.12262762246,20.588205099
132,13300,39900,13300,0.685541095464,0.333733605481,20.74328112
133,13400,40200,13400,0.666555856426,0.250913375419,20.901259183
134,13500,40500,13500,0.657905309892,0.625195236878,21.047725200
135,13600,40800,13600,0.690980568537,0.597444117257,21.198745012
136,13700,41100,13700,0.65882107261,0.245024478443,21.377650976
137,13800,41400,13800,0.671330321006,0.265995022199,21.546778202
138,13900,41700,13900,0.686514680151,0.257664575036,21.69343113
139,14000,42000,14000,0.657000794491,0.167813481446,21.839388132
140,14100,42300,14100,0.672440392791,0.226213503088,21.986677169
141,14200,42600,14200,0.686711329587,0.242463156163,22.139324188
142,14300,42900,14300,0.667750448386,0.375039917035,22.283204078
143,14400,43200,14400,0.699524310751,0.243752710743,22.427937984
144,14500,43500,14500,0.695196050313,0.209053481618,22.567942142
145,14600,43800,14600,0.676418222524,0.176889468607,22.722235202
146,14700,44100,14700,0.659688745332,0.2258786637,22.871910095
147,14800,44400,14800,0.625215952873,0.225456327218,23.035770177
148,14900,44700,14900,0.674538959055,0.28456415915,23.174249172
149,15000,45000,15000,0.677669767356,0.262617045727,23.346029043
150,15100,45300,15100,0.606104114389,0.624742981607,23.503134012
151,15200,45600,15200,0.644073260742,0.215653228325,23.651694059
152,15300,45900,15300,0.661709156516,0.161550195302,23.825322151
153,15400,46200,15400,0.648020244294,0.343631685873,23.981273174
154,15500,46500,15500,0.633813922562,0.206781389081,24.124734163
155,15600,46800,15600,0.689934819512,0.251197546468,24.269075155
156,15700,47100,15700,0.641423286762,0.326328103702,24.424291133
157,15800,47400,15800,0.675436374449,0.268314643169,24.575653076
158,15900,47700,15900,0.676121106018,0.301454148169,24.737578153
159,16000,48000,16000,0.645210787882,0.277545900899,24.891716003
160,16100,48300,16100,0.665438066334,0.196026237459,25.038879156
161,16200,48600,16200,0.680018336092,0.31848753924,25.18813109
162,16300,48900,16300,0.681691717888,0.245516501134,25.333995103
163,16400,49200,16400,0.672230107835,0.288546478735,25.501567125
164,16500,49500,16500,0.672260119083,0.167728482094,25.658585071
165,16600,49800,16600,0.653366310998,0.239070731071,25.816366195
166,16700,50100,16700,0.634704623938,0.326776959674,25.96254205
167,16800,50400,16800,0.669950550127,0.390064278777,26.108669996
168,16900,50700,16900,0.652412066469,0.315945819151,26.2707011
169,17000,51000,17000,0.655757464294,0.195932413673,26.419287204
170,17100,51300,17100,0.627975726777,0.237851553652,26.577424049
171,17200,51600,17200,0.698536815386,0.314980272121,26.805955171
172,17300,51900,17300,0.637227367148,0.211248483613,26.961429119
173,17400,52200,17400,0.644861938519,0.297571272244,27.139734029
174,17500,52500,17500,0.654716363243,0.449012698046,27.294854164
175,17600,52800,17600,0.650106823501,0.293571626916,27.436215162
176,17700,53100,17700,0.680971847524,0.213636599603,27.586899042
177,17800,53400,17800,0.634465706974,0.363617124553,27.739340066
178,17900,53700,17900,0.651070029439,0.243004975484,27.884858131
179,18000,54000,18000,0.673096753872,0.326062913301,28.02749
180,18100,54300,18100,0.649602815072,0.229448798844,28.183225154
181,18200,54600,18200,0.68117098928,0.416693000635,28.343856096
182,18300,54900,18300,0.644172139791,0.202367948559,28.499426126
183,18400,55200,18400,0.645340565527,0.217346600093,28.657123088
184,18500,55500,18500,0.669042959657,0.351882729029,28.810248136
185,18600,55800,18600,0.691784888499,0.618265562143,28.965789079
186,18700,56100,18700,0.605587033417,0.419532873504,29.114114999
187,18800,56400,18800,0.632943068228,0.187970206828,29.26372599
188,18900,56700,18900,0.60200392587,0.306149781336,29.41008901
189,19000,57000,19000,0.650657863159,0.303856290003,29.558345079
190,19100,57300,19100,0.659683848069,0.480957194239,29.70659208
191,19200,57600,19200,0.661676698906,0.168537053997,29.871793985
192,19300,57900,19300,0.612200056353,0.418460396083,30.028084993
193,19400,58200,19400,0.66056491951,0.251040817604,30.183238983
194,19500,58500,19500,0.652874417329,0.307971535442,30.332060098
195,19600,58800,19600,0.678511559948,0.434879002662,30.479143142
196,19700,59100,19700,0.633291657641,0.256262138133,30.633735179
197,19800,59400,19800,0.618860014284,0.163928535587,30.778195142
198,19900,59700,19900,0.688428281622,0.528100639829,30.922684192
199,20000,60000,20000,0.647913706084,0.277134582106,31.069977998
200,20100,60300,20100,0.695920347778,0.25281434247,31.213653087
201,20200,60600,20200,0.669542359092,0.280437551277,31.358245134
202,20300,60900,20300,0.670338859322,0.456366132166,31.50395011
203,20400,61200,20400,0.673988828965,0.209863387557,31.653113126
204,20500,61500,20500,0.631033820875,0.324582980201,31.812365055
205,20600,61800,20600,0.668292689992,0.314917777724,31.964011192
206,20700,62100,20700,0.673650651209,0.503923370708,32.112745046
207,20800,62400,20800,0.638618817023,0.399886236461,32.256335973
208,20900,62700,20900,0.681606469062,0.224250935146,32.407980203
209,21000,63000,21000,0.645188322436,0.271642449729,32.548686981
210,21100,63300,21100,0.66423195187,0.35634667297,32.696727037
211,21200,63600,21200,0.663109039821,0.249596765204,32.815604209
212,21300,63900,21300,0.658749586945,0.419438172791,32.935472011
213,21400,64200,21400,0.664726468099,0.25308667917,33.082622051
214,21500,64500,21500,0.671881909371,0.21665267141,33.210633039
215,21600,64800,21600,0.659736126565,0.248305940419,33.365576028
216,21700,65100,21700,0.658886946307,0.291441594239,33.515310049
217,21800,65400,21800,0.626731842212,0.294554177955,33.668722152
218,21900,65700,21900,0.687411810118,0.337394922577,33.822170019
219,22000,66000,22000,0.680110939581,0.272872762077,33.996337175
220,22100,66300,22100,0.67986876926,0.266852366396,34.122704982
221,22200,66600,22200,0.693851637711,0.479710520733,34.257656097
222,22300,66900,22300,0.658502480671,0.265942599708,34.397335052
223,22400,67200,22400,0.688011430214,0.184412036519,34.542379140
224,22500,67500,22500,0.644915350582,0.281072093334,34.68064498
225,22600,67800,22600,0.687277475841,0.229990842665,34.81927013
226,22700,68100,22700,0.680679823316,0.252159504171,34.955775976
227,22800,68400,22800,0.637296377767,0.225522763868,35.091081142
228,22900,68700,22900,0.647502797311,0.272235167292,35.226750135
229,23000,69000,23000,0.672623200348,0.439152447184,35.365444183
230,23100,69300,23100,0.688670126544,0.349412919445,35.501110076
231,23200,69600,23200,0.693406097544,0.290973725769,35.676065206
232,23300,69900,23300,0.662370809533,0.427184219215,35.826098203
233,23400,70200,23400,0.669222472371,0.311351235412,35.995192050
234,23500,70500,23500,0.636848323804,0.210677018778,36.154185056
235,23600,70800,23600,0.650864328611,0.207634392336,36.304428100
236,23700,71100,23700,0.646753385897,0.312821722234,36.450282096
237,23800,71400,23800,0.649779259924,0.220343701135,36.607150077
238,23900,71700,23900,0.654423580023,0.404766481769,36.793302059
239,24000,72000,24000,0.683486493553,0.52703736983,36.939577102
240,24100,72300,24100,0.650463995774,0.219532476321,37.093482017
241,24200,72600,24200,0.636090960898,0.254355971233,37.242567062
242,24300,72900,24300,0.640933729095,0.436134291279,37.385919094
243,24400,73200,24400,0.640203844809,0.20614199536,37.533893108
244,24500,73500,24500,0.710180719074,0.25912695599,37.681061983
245,24600,73800,24600,0.633922694383,0.316700276191,37.824211120
246,24700,74100,24700,0.652642980618,0.251474067747,37.970170021
247,24800,74400,24800,0.679646247786,0.265728411485,38.118323087
248,24900,74700,24900,0.63066606763,0.274417916307,38.338776111
249,25000,75000,25000,0.662192953294,0.481671278024,38.514648199
250,25100,75300,25100,0.634399032384,0.331121763355,38.670955181
251,25200,75600,25200,0.635693021544,0.471799427972,38.817540168
252,25300,75900,25300,0.62660500059,0.384572199316,38.972297191
253,25400,76200,25400,0.667448687691,0.218990678403,39.13239216
254,25500,76500,25500,0.65696258303,0.411461415839,39.297461032
255,25600,76800,25600,0.659425300637,0.129338243823,39.449608087
256,25700,77100,25700,0.665139004715,0.382316818348,39.601061105
257,25800,77400,25800,0.685798136462,0.155635226102,39.756756067
258,25900,77700,25900,0.687373617133,0.235964022459,39.946094036
259,26000,78000,26000,0.636683339987,0.309492153091,40.104846000
260,26100,78300,26100,0.661453281666,0.201925981042,40.253899097
261,26200,78600,26200,0.675225115672,0.47548586215,40.400961160
262,26300,78900,26300,0.667567850553,0.300642825273,40.549308061
263,26400,79200,26400,0.648774023406,0.231612069581,40.700680017
264,26500,79500,26500,0.634411915347,0.360990389111,40.843137025
265,26600,79800,26600,0.687051724041,0.183190455236,40.986679077
266,26700,80100,26700,0.68044663342,0.25208968782,41.139403104
267,26800,80400,26800,0.643479346362,0.177440559952,41.296827077
268,26900,80700,26900,0.687647877098,0.263756119023,41.435398101
269,27000,81000,27000,0.616755431929,0.40940735224,41.579663991
270,27100,81300,27100,0.645049410801,0.197752453057,41.7265670
271,27200,81600,27200,0.66654670166,0.299731732513,41.876465082
272,27300,81900,27300,0.640502200791,0.210398816358,42.035196065
273,27400,82200,27400,0.653668731227,0.251202441328,42.171799182
274,27500,82500,27500,0.625417148759,0.261703831485,42.32939004
275,27600,82800,27600,0.671904456281,0.25314697476,42.4891390
276,27700,83100,27700,0.655146785464,0.203638672752,42.644155025
277,27800,83400,27800,0.636057482076,0.22698851085,42.80075502
278,27900,83700,27900,0.668942030883,0.25689258562,42.947525978
279,28000,84000,28000,0.641107333907,0.378999285002,43.103718042
280,28100,84300,28100,0.661984716325,0.364568613086,43.252590179
281,28200,84600,28200,0.675353526582,0.272732716467,43.400634050
282,28300,84900,28300,0.651250381168,0.327326193976,43.556905031
283,28400,85200,28400,0.634592447303,0.352809747526,43.700970172
284,28500,85500,28500,0.672889742835,0.208275312953,43.847626209
285,28600,85800,28600,0.654892734964,0.299302521129,43.992156028
286,28700,86100,28700,0.669666800656,0.327076922677,44.130500078
287,28800,86400,28800,0.653367072268,0.308675101119,44.287891149
288,28900,86700,28900,0.636914314307,0.265554721313,44.434856176
289,29000,87000,29000,0.714386665013,0.287469186985,44.583338022
290,29100,87300,29100,0.669779513111,0.252564554418,44.733434200
291,29200,87600,29200,0.64079926834,0.28239920765,44.878883123
292,29300,87900,29300,0.664111826499,0.293347251941,45.025106191
293,29400,88200,29400,0.654428356283,0.243427183349,45.169138193
294,29500,88500,29500,0.659267112882,0.526336718754,45.318577051
295,29600,88800,29600,0.662756713785,0.360628809952,45.464866161
296,29700,89100,29700,0.697107124042,0.281366266776,45.612186193
297,29800,89400,29800,0.637337435345,0.589335325491,45.757992982
298,29900,89700,29900,0.686161211124,0.325056028677,45.906782150
299,30000,90000,30000,0.633649183084,0.261004003885,46.062395095
300,30100,90300,30100,0.672669597547,0.182466650245,46.240104198
301,30200,90600,30200,0.68979000116,0.230438140768,46.407001972
302,30300,90900,30300,0.667999076195,0.230665876488,46.559769153
303,30400,91200,30400,0.675394894701,0.496862539301,46.706416130
304,30500,91500,30500,0.719944358619,0.330607116026,46.844901084
305,30600,91800,30600,0.629196085835,0.240613383835,46.989931106
306,30700,92100,30700,0.650972728085,0.289614795715,47.130474090
307,30800,92400,30800,0.645575952029,0.258077663434,47.2940361
308,30900,92700,30900,0.662981342349,0.20629572003,47.439380168
309,31000,93000,31000,0.675002619756,0.309034016343,47.586148023
310,31100,93300,31100,0.707981352187,0.528128321265,47.730443000
311,31200,93600,31200,0.625126286787,0.286064001198,47.881086111
312,31300,93900,31300,0.650542874822,0.266747999785,48.017122983
313,31400,94200,31400,0.656998380889,0.172896032701,48.156257152
314,31500,94500,31500,0.668690524521,0.168954013623,48.299483060
315,31600,94800,31600,0.66165275494,0.396266126221,48.446974992
316,31700,95100,31700,0.632668715134,0.195045384378,48.593538999
317,31800,95400,31800,0.659250859706,0.191059252958,48.741645097
318,31900,95700,31900,0.654887028088,0.259757780089,48.882827997
319,32000,96000,32000,0.679337166354,0.409938431156,49.023020982
320,32100,96300,32100,0.680974261195,0.212043974957,49.168467998
321,32200,96600,32200,0.641357687942,0.239667802841,49.309610128
322,32300,96900,32300,0.680294033242,0.25666187143,49.455331087
323,32400,97200,32400,0.677660900026,0.215559123706,49.601665973
324,32500,97500,32500,0.681621693392,0.327731004656,49.750135183
325,32600,97800,32600,0.680935464242,0.254196204758,49.905668020
326,32700,98100,32700,0.664324140723,0.239996068047,50.047914028
327,32800,98400,32800,0.665678217319,0.24517798021,50.201032161
328,32900,98700,32900,0.646520570043,0.237372900969,50.365135192
329,33000,99000,33000,0.664140742024,0.209673025069,50.518031120
330,33100,99300,33100,0.619672507562,0.327135405648,50.671537160
331,33200,99600,33200,0.633145953913,0.170113621897,50.834076166
332,33300,99900,33300,0.625517418051,0.421508221587,50.993245124
333,33400,100200,33400,0.667844732583,0.248433535577,51.138880014
334,33500,100500,33500,0.654943637246,0.367140395862,51.275161981
335,33600,100800,33600,0.65148198867,0.23786900004,51.424125194
336,33700,101100,33700,0.685309068646,0.237254366969,51.573274135
337,33800,101400,33800,0.669371784125,0.211386797434,51.724181175
338,33900,101700,33900,0.667098633598,0.213097435876,51.873815059
339,34000,102000,34000,0.612153751024,0.357165261444,52.033069133
340,34100,102300,34100,0.66136572372,0.183459950053,52.189887046
341,34200,102600,34200,0.692003658261,0.287142940995,52.332725048
342,34300,102900,34300,0.668242088527,0.326367981746,52.478435993
343,34400,103200,34400,0.657402930941,0.357458263098,52.629599094
344,34500,103500,34500,0.629362308016,0.221294186207,52.784579992
345,34600,103800,34600,0.665268519211,0.240018578101,52.944420099
346,34700,104100,34700,0.641994705433,0.3751716055,53.088203191
347,34800,104400,34800,0.711260617148,0.393858821351,53.248304128
348,34900,104700,34900,0.631855654065,0.319109974864,53.400062084
349,35000,105000,35000,0.6624643054,0.173052385825,53.553653001
350,35100,105300,35100,0.654942740129,0.276572079957,53.708894014
351,35200,105600,35200,0.63459108072,0.218286359916,53.861808061
352,35300,105900,35300,0.645503743376,0.233659007444,54.018949031
353,35400,106200,35400,0.656335652627,0.408133722384,54.179897069
354,35500,106500,35500,0.680160748102,0.431063540726,54.322471141
355,35600,106800,35600,0.67907989719,0.194182467313,54.473631143
356,35700,107100,35700,0.67595435611,0.445582694647,54.621680021
357,35800,107400,35800,0.6616408198,0.368191467813,54.767698049
358,35900,107700,35900,0.67037505083,0.305387193247,54.919095039
359,36000,108000,36000,0.701072177581,0.454787814766,55.072208166
360,36100,108300,36100,0.646056561223,0.198085956165,55.232846975
361,36200,108600,36200,0.606681961423,0.304312216809,55.380731105
362,36300,108900,36300,0.677783131597,0.243269882541,55.528607130
363,36400,109200,36400,0.675405702878,0.26270669376,55.675566196
364,36500,109500,36500,0.670772831209,0.284985072516,55.823090076
365,36600,109800,36600,0.635124758005,0.318578288396,55.971251010
366,36700,110100,36700,0.654240341964,0.235817529142,56.147294998
367,36800,110400,36800,0.683966888428,0.272333877799,56.307614088
368,36900,110700,36900,0.657699569799,0.41982187594,56.455594062
369,37000,111000,37000,0.647122450498,0.249691447346,56.605657100
370,37100,111300,37100,0.68278103865,0.328080962356,56.758952140
371,37200,111600,37200,0.649614081696,0.306118792449,56.917535066
372,37300,111900,37300,0.636240399161,0.33294675015,57.094710111
373,37400,112200,37400,0.622422513281,0.321460468137,57.298372030
374,37500,112500,37500,0.673842845192,0.274480155266,57.454753160
375,37600,112800,37600,0.653639950497,0.324951948321,57.610362052
376,37700,113100,37700,0.668056330261,0.219457024983,57.755065202
377,37800,113400,37800,0.629781409873,0.165135677874,57.959103107
378,37900,113700,37900,0.67708148892,0.242799745599,58.111340999
379,38000,114000,38000,0.670792159806,0.396104686945,58.242617130
380,38100,114300,38100,0.654141397767,0.249935899142,58.380125045
381,38200,114600,38200,0.658569204869,0.315642960022,58.51107001
382,38300,114900,38300,0.655369038908,0.330363385405,58.633759021
383,38400,115200,38400,0.641922746393,0.307761689095,58.761102199
384,38500,115500,38500,0.657521166776,0.205088696241,58.904893159
385,38600,115800,38600,0.658846929946,0.257873090126,59.047713041
386,38700,116100,38700,0.664503305783,0.498353882257,59.191574096
387,38800,116400,38800,0.660468837884,0.21819985836,59.349430084
388,38900,116700,38900,0.653612866352,0.237455489787,59.498607158
389,39000,117000,39000,0.678266428552,0.149644573258,59.666232109
390,39100,117300,39100,0.67747556232,0.354716605935,59.815085172
391,39200,117600,39200,0.660581030146,0.192935073304,59.979382038
392,39300,117900,39300,0.616408980899,0.241315500047,60.133913040
393,39400,118200,39400,0.647696808205,0.198866300704,60.278184175
394,39500,118500,39500,0.662112558364,0.162842418163,60.429162979
395,39600,118800,39600,0.651243453717,0.216797930554,60.576335191
396,39700,119100,39700,0.630714060893,0.623867046461,60.721655130
397,39800,119400,39800,0.682198501445,0.506594772177,60.868381977
398,39900,119700,39900,0.631272080725,0.18117119661,61.017570972
399,40000,120000,40000,0.659040929332,0.279522906558,61.175706148
400,40100,120300,40100,0.667629789949,0.448119780856,61.333024978
401,40200,120600,40200,0.663431981293,0.259953810915,61.480395078
402,40300,120900,40300,0.67592037554,0.241603777417,61.623993158
403,40400,121200,40400,0.672621251126,0.26969575816,61.769427061
404,40500,121500,40500,0.686309718438,0.205050884204,61.909797191
405,40600,121800,40600,0.633472716352,0.219060731624,62.054143190
406,40700,122100,40700,0.688537613003,0.318738113914,62.199265003
407,40800,122400,40800,0.631202798356,0.381641272427,62.360623121
408,40900,122700,40900,0.648567203563,0.236610091273,62.502850055
409,41000,123000,41000,0.627787092413,0.311992428359,62.656915187
410,41100,123300,41100,0.602856799119,0.261167200766,62.808014154
411,41200,123600,41200,0.664329661679,0.324705214317,62.959669113
412,41300,123900,41300,0.706223524266,0.570214459879,63.108260154
413,41400,124200,41400,0.651150474113,0.199051366753,63.263245105
414,41500,124500,41500,0.657380501469,0.217237306999,63.411687135
415,41600,124800,41600,0.639943575694,0.264195583224,63.561025142
416,41700,125100,41700,0.655937150772,0.225430222967,63.719940185
417,41800,125400,41800,0.672289196533,0.259348191922,63.873555183
418,41900,125700,41900,0.663652275411,0.415438105156,64.02824711
419,42000,126000,42000,0.661484061186,0.40581915565,64.183511972
420,42100,126300,42100,0.634126215829,0.375928634853,64.347923994
421,42200,126600,42200,0.645185886494,0.315460254255,64.503310203
422,42300,126900,42300,0.677742962001,0.209646167886,64.678143024
423,42400,127200,42400,0.691837615076,0.542013714416,64.82930803
424,42500,127500,42500,0.673120666419,0.246881655357,64.993134021
425,42600,127800,42600,0.653352683137,0.191892336314,65.146981000
426,42700,128100,42700,0.673765236601,0.295163831919,65.303186178
427,42800,128400,42800,0.651426770671,0.189698081745,65.452772140
428,42900,128700,42900,0.649151072546,0.208638014117,65.59361100
429,43000,129000,43000,0.667246645353,0.161952820028,65.736020088
430,43100,129300,43100,0.662873027906,0.227917102726,65.888204097
431,43200,129600,43200,0.693252310427,0.32647456509,66.026965141
432,43300,129900,43300,0.593786786721,0.2572111466,66.18558502
433,43400,130200,43400,0.661934282817,0.555791357895,66.35788607
434,43500,130500,43500,0.685012835547,0.166028742867,66.513918161
435,43600,130800,43600,0.635232945622,0.251701996202,66.653097152
436,43700,131100,43700,0.649918800595,0.456116765888,66.798942089
437,43800,131400,43800,0.664722281064,0.287824852341,66.949246168
438,43900,131700,43900,0.641569280717,0.208646091038,67.101979017
439,44000,132000,44000,0.614439579481,0.258908031621,67.264505147
440,44100,132300,44100,0.675466640907,0.176734490465,67.42294812
441,44200,132600,44200,0.659269304139,0.275229602443,67.57462716
442,44300,132900,44300,0.647076549122,0.219939168004,67.737646102
443,44400,133200,44400,0.712575996346,0.341468315043,67.902134180
444,44500,133500,44500,0.633123874178,0.326308491182,68.057617187
445,44600,133800,44600,0.68733886655,0.438403079858,68.20580720
446,44700,134100,44700,0.641770564114,0.230295540199,68.351117134
447,44800,134400,44800,0.6852665815,0.195568358445,68.490353107
448,44900,134700,44900,0.604874511478,0.351132752258,68.638936996
449,45000,135000,45000,0.65610714083,0.328623876072,68.778459072
450,45100,135300,45100,0.649260381979,0.266630030731,68.923931121
451,45200,135600,45200,0.673157434107,0.302472441421,69.070261001
452,45300,135900,45300,0.6345835916,0.347198147264,69.20810604
453,45400,136200,45400,0.641552855956,0.216880755253,69.358226060
454,45500,136500,45500,0.642952548226,0.194169857274,69.506638050
455,45600,136800,45600,0.667727614487,0.392880748355,69.64908909
456,45700,137100,45700,0.681466108186,0.484894912537,69.796494007
457,45800,137400,45800,0.701444017954,0.366674140064,69.944621086
458,45900,137700,45900,0.691735387714,0.261386109293,70.091166973
459,46000,138000,46000,0.660124303193,0.176033344974,70.241840124
460,46100,138300,46100,0.60987813579,0.262391687619,70.383088111
461,46200,138600,46200,0.659205451457,0.286795381291,70.528753995
462,46300,138900,46300,0.645807506605,0.199105231591,70.668537139
463,46400,139200,46400,0.631857509523,0.143033052769,70.809588193
464,46500,139500,46500,0.653748612313,0.226890418951,70.955454111
465,46600,139800,46600,0.652264225567,0.194962938131,71.100049018
466,46700,140100,46700,0.673828247014,0.266255466489,71.264527082
467,46800,140400,46800,0.675820288755,0.37082969174,71.421730041
468,46900,140700,46900,0.660456841216,0.244896665621,71.562061071
469,47000,141000,47000,0.622266957748,0.205423637604,71.708486080
470,47100,141300,47100,0.631712550146,0.6005631045,71.854770183
471,47200,141600,47200,0.677681999133,0.393066448017,72.001962184
472,47300,141900,47300,0.645938417596,0.250298748759,72.143594980
473,47400,142200,47400,0.661390074446,0.284598837679,72.283145189
474,47500,142500,47500,0.645051601348,0.321725029282,72.429894208
475,47600,142800,47600,0.665619715217,0.470399187603,72.585266113
476,47700,143100,47700,0.661130338296,0.503096869662,72.736417055
477,47800,143400,47800,0.639790194803,0.437156894135,72.886982202
478,47900,143700,47900,0.658081628998,0.234163128521,73.033460140
479,48000,144000,48000,0.685847225573,0.221478895268,73.183865070
480,48100,144300,48100,0.651709339829,0.188540024746,73.331284046
481,48200,144600,48200,0.645341809139,0.411184196137,73.484925985
482,48300,144900,48300,0.644469009182,0.313106426326,73.632825136
483,48400,145200,48400,0.634651750364,0.246654235613,73.776532173
484,48500,145500,48500,0.687128189606,0.284202612577,73.923666000
485,48600,145800,48600,0.669507556124,0.333767099576,74.081087112
486,48700,146100,48700,0.641934377555,0.246913309852,74.229876995
487,48800,146400,48800,0.637338238835,0.343330890831,74.381046056
488,48900,146700,48900,0.645765173551,0.328247465118,74.52025008
489,49000,147000,49000,0.679989960824,0.510541106609,74.698049068
490,49100,147300,49100,0.655417113547,0.217069245981,74.847167015
491,49200,147600,49200,0.659075200814,0.181528379928,74.991391181
492,49300,147900,49300,0.65476941598,0.14827317624,75.144355058
493,49400,148200,49400,0.646053908974,0.247807325381,75.288134098
494,49500,148500,49500,0.642758572617,0.163190242306,75.428840160
495,49599,148797,49600,0.646261112171,0.214065842678,75.575735092
496,49699,149097,49700,0.662574936594,0.253008925196,75.719178199
497,49799,149397,49800,0.634858935083,0.227032880265,75.867851018
498,49899,149697,49900,0.667780839482,0.20487254057,76.027165174
499,49999,149997,50000,0.630902884293,0.18328497076,76.170909166
500,50099,150297,50100,0.69122662446,0.237130788464,76.313875198
501,50199,150597,50200,0.665962000931,0.2127077047,76.461158037
502,50299,150897,50300,0.672708635997,0.186607067359,76.605897188
503,50399,151197,50400,0.615290438571,0.193241735708,76.753149032
504,50499,151497,50500,0.631975740368,0.229270441303,76.898477077
505,50599,151797,50600,0.67165930993,0.271670962714,77.046941995
506,50699,152097,50700,0.675272124057,0.269168488688,77.194946050
507,50799,152397,50800,0.646259949601,0.207993330721,77.347531080
508,50899,152697,50900,0.639340513794,0.162484639773,77.49110412
509,50999,152997,51000,0.649267660181,0.286487534878,77.630431175
510,51099,153297,51100,0.694104270096,0.412748361877,77.774224042
511,51199,153597,51200,0.672862899465,0.238893352944,77.915991067
512,51299,153897,51300,0.671984067131,0.209153508924,78.060088157
513,51399,154197,51400,0.648665355851,0.17231228497,78.20258903
514,51499,154497,51500,0.668013672678,0.236406988799,78.348401069
515,51599,154797,51600,0.666145343019,0.304919656671,78.505799055
516,51699,155097,51700,0.670981199404,0.268634939561,78.654896020
517,51799,155397,51800,0.666268108709,0.251494006927,78.798094034
518,51899,155697,51900,0.652732417101,0.359982145668,78.945809125
519,51999,155997,52000,0.641102458795,0.232345051258,79.091199159
520,52099,156297,52100,0.640715114803,0.296289021344,79.243260145
521,52199,156597,52200,0.639017111908,0.202771023212,79.395186185
522,52299,156897,52300,0.689654223446,0.216142323594,79.533882141
523,52399,157197,52400,0.633350231021,0.238894599114,79.675872087
524,52499,157497,52500,0.636110883405,0.243255294865,79.817318201
525,52599,157797,52600,0.648392457927,0.218993282107,79.955541133
526,52699,158097,52700,0.635621393712,0.241191645087,80.106379032
527,52799,158397,52800,0.649440304821,0.465093086234,80.261304140
528,52899,158697,52900,0.673356910143,0.250827423389,80.409274101
529,52999,158997,53000,0.681817557564,0.335962912831,80.553356170
530,53099,159297,53100,0.664000132438,0.566147390153,80.714905977
531,53199,159597,53200,0.628859961805,0.381661148895,80.86591219
532,53299,159897,53300,0.635475303071,0.203641300759,81.006422042
533,53399,160197,53400,0.628580627553,0.256682720695,81.141869068
534,53499,160497,53500,0.65744623381,0.416190340025,81.295749187
535,53599,160797,53600,0.640576488932,0.196864377385,81.449872016
536,53699,161097,53700,0.677793041121,0.351731324343,81.601486206
537,53799,161397,53800,0.66217553267,0.302327291619,81.75004100
538,53899,161697,53900,0.665647178539,0.220892143192,81.90198206
539,53999,161997,54000,0.638899322516,0.184042072632,82.047893047
540,54099,162297,54100,0.646677585424,0.243281180471,82.192851066
541,54199,162597,54200,0.633695983819,0.23726583593,82.341529130
542,54299,162897,54300,0.656636107517,0.220424711722,82.484415054
543,54399,163197,54400,0.679617772342,0.239325368789,82.630923032
544,54499,163497,54500,0.698547654791,0.262806386802,82.775204181
545,54599,163797,54600,0.673702108159,0.233986107314,82.918294191
546,54699,164097,54700,0.629878360755,0.584103727775,83.055095195
547,54799,164397,54800,0.678466189229,0.302484175787,83.184903144
548,54899,164697,54900,0.628882565757,0.43716452364,83.333121061
549,54999,164997,55000,0.662127137981,0.200405214148,83.469222068
550,55099,165297,55100,0.641715168205,0.261733035165,83.621777057
551,55199,165597,55200,0.671323515719,0.348635535265,83.780384063
552,55299,165897,55300,0.669447545884,0.187075173039,83.928263187
553,55399,166197,55400,0.648102888878,0.28750471476,84.079985141
554,55499,166497,55500,0.682627565091,0.22785632261,84.233662128
555,55599,166797,55600,0.688732963,0.287532704211,84.382362127
556,55699,167097,55700,0.631201203097,0.18462096303,84.524866104
557,55799,167397,55800,0.641372424489,0.307591659739,84.666949033
558,55899,167697,55900,0.648078608174,0.316886945679,84.817759990
559,55999,167997,56000,0.669903517971,0.229588104037,84.955099105
560,56099,168297,56100,0.66619898351,0.214210307739,85.104389190
561,56199,168597,56200,0.644726016919,0.475291715581,85.263425111
562,56299,168897,56300,0.655563021863,0.410338709591,85.411126136
563,56399,169197,56400,0.644882566497,0.488827270032,85.553511142
564,56499,169497,56500,0.655975708184,0.268037215812,85.694377183
565,56599,169797,56600,0.666060953514,0.22511252081,85.838762044
566,56699,170097,56700,0.619840500314,0.23797279002,85.994153976
567,56799,170397,56800,0.626816550449,0.344867139344,86.136773109
568,56899,170697,56900,0.664047651246,0.245671317306,86.288443088
569,56999,170997,57000,0.622766395415,0.510724297334,86.440696001
570,57099,171297,57100,0.669246631813,0.196785101028,86.589141130
571,57199,171597,57200,0.618134804755,0.303352893369,86.736791133
572,57299,171897,57300,0.651012843085,0.228918590206,86.878925085
573,57399,172197,57400,0.68400920772,0.294266876138,87.023060083
574,57499,172497,57500,0.632634569427,0.22333723785,87.174656152
575,57599,172797,57600,0.623962642231,0.441803697609,87.326904058
576,57699,173097,57700,0.676329239332,0.27703764183,87.479485988
577,57799,173397,57800,0.691543656318,0.550226607112,87.6334230
578,57899,173697,57900,0.651565390614,0.288342121567,87.784595012
579,57999,173997,58000,0.683230680462,0.311529000589,87.93586015
580,58099,174297,58100,0.633804899289,0.235796287716,88.094314098
581,58199,174597,58200,0.629848147951,0.219232086401,88.249031066
582,58299,174897,58300,0.651909336792,0.20495857776,88.406155109
583,58399,175197,58400,0.649572102926,0.171789379864,88.561912059
584,58499,175497,58500,0.653141510743,0.385624024956,88.723288059
585,58599,175797,58600,0.68407678416,0.176807423244,88.870367050
586,58699,176097,58700,0.655949393142,0.212018910007,89.015302181
587,58799,176397,58800,0.629975583284,0.236430000889,89.169694185
588,58899,176697,58900,0.637851872651,0.175750748246,89.329009056
589,58999,176997,59000,0.667333912937,0.271288616884,89.473500013
590,59099,177297,59100,0.645150863809,0.191319623656,89.616842985
591,59199,177597,59200,0.687408781363,0.457590321413,89.757780075
592,59299,177897,59300,0.62313086357,0.188718954278,89.900283098
593,59399,178197,59400,0.681832264299,0.351884383942,90.050069093
594,59499,178497,59500,0.6062227757,0.2987330173,90.209309101
595,59599,178797,59600,0.692706596205,0.270586618173,90.377904176
596,59699,179097,59700,0.638977620504,0.165139209285,90.560166120
597,59799,179397,59800,0.67113696111,0.243600309574,90.723146200
598,59899,179697,59900,0.647027438243,0.194310770721,90.871916055
599,59999,179997,60000,0.666660681232,0.230714952402,91.023404121
600,60099,180297,60100,0.698780824402,0.288599408336,91.166985034
601,60199,180597,60200,0.676695336127,0.37577754382,91.318451166
602,60299,180897,60300,0.712953523504,0.310714040942,91.467570066
603,60399,181197,60400,0.637279671264,0.229985985369,91.60740709
604,60499,181497,60500,0.649402810029,0.19699343625,91.755643129
605,60599,181797,60600,0.686439316311,0.220815376679,91.907967090
606,60699,182097,60700,0.63923880321,0.151338659538,92.051089048
607,60799,182397,60800,0.634301104565,0.24639854376,92.189411163
608,60899,182697,60900,0.659023372907,0.204630227449,92.346733093
609,60999,182997,61000,0.643646339262,0.249120759302,92.502497196
610,61099,183297,61100,0.672201454804,0.382449490703,92.638589143
611,61199,183597,61200,0.662923352604,0.247694854864,92.780556201
612,61299,183897,61300,0.646422607738,0.219151948933,92.922795057
613,61399,184197,61400,0.635585087277,0.324690263589,93.066574096
614,61499,184497,61500,0.658452064465,0.217973654451,93.213532209
615,61599,184797,61600,0.654171824868,0.276505501456,93.359386205
616,61699,185097,61700,0.658293729085,0.410304839762,93.510133981
617,61799,185397,61800,0.65178028238,0.236296890086,93.652360200
618,61899,185697,61900,0.644863898698,0.210677442181,93.803295135
619,61999,185997,62000,0.649570898037,0.36327372779,93.949534177
620,62099,186297,62100,0.671647180079,0.240696450479,94.085461139
621,62199,186597,62200,0.62781412473,0.202104248701,94.23363113
622,62299,186897,62300,0.665022604279,0.240607594328,94.391507148
623,62399,187197,62400,0.686232656168,0.209538976977,94.538948059
624,62499,187497,62500,0.67581690506,0.597713585313,94.691703081
625,62599,187797,62600,0.676873934519,0.395221935603,94.830011129
626,62699,188097,62700,0.695397983173,0.320921898867,94.978793144
627,62799,188397,62800,0.646039888077,0.291266897627,95.131031990
628,62899,188697,62900,0.673499749899,0.254768572069,95.280975103
629,62999,188997,63000,0.667974957704,0.409487493686,95.428961038
630,63099,189297,63100,0.688405142937,0.430436971569,95.578067064
631,63199,189597,63200,0.683388549139,0.280657211738,95.716732978
632,63299,189897,63300,0.638520028902,0.24232510528,95.85345411
633,63399,190197,63400,0.638793439679,0.321818195776,95.997553110
634,63499,190497,63500,0.639463621621,0.208307270777,96.142889976
635,63599,190797,63600,0.659477807586,0.470954574885,96.288897037
636,63699,191097,63700,0.66921682453,0.499197038237,96.434421062
637,63799,191397,63800,0.663124478215,0.407679263585,96.603130102
638,63899,191697,63900,0.647219987706,0.212732964011,96.749693155
639,63999,191997,64000,0.694615590693,0.275309732667,96.899591207
640,64099,192297,64100,0.662274816435,0.302305502431,97.046905040
641,64199,192597,64200,0.656065493433,0.694026885379,97.188261985
642,64299,192897,64300,0.63428622726,0.522973602057,97.344424009
643,64399,193197,64400,0.637905610361,0.314053574607,97.495402097
644,64499,193497,64500,0.663903553035,0.265026883974,97.629590988
645,64599,193797,64600,0.67387815078,0.50562839485,97.77288103
646,64699,194097,64700,0.635708505878,0.285954600788,97.913205146
647,64799,194397,64800,0.682427549922,0.27742874489,98.064409017
648,64899,194697,64900,0.674230971835,0.203088850999,98.208948135
649,64999,194997,65000,0.630598163188,0.222960832683,98.36431503
650,65099,195297,65100,0.644196308731,0.343377673586,98.517098188
651,65199,195597,65200,0.664183190203,0.358051822633,98.6672601
652,65299,195897,65300,0.618850406604,0.303566140871,98.822594165
653,65399,196197,65400,0.639411493756,0.333615054243,98.966867208
654,65499,196497,65500,0.682295312968,0.262816403255,99.109685182
655,65599,196797,65600,0.709418875652,0.553385196385,99.259993076
656,65699,197097,65700,0.649530093631,0.546234554788,99.408435106
657,65799,197397,65800,0.657355059479,0.268829779494,99.550904035
658,65899,197697,65900,0.656823506544,0.284578558613,99.701807022
659,65999,197997,66000,0.643435564546,0.19615561919,99.85503697
660,66099,198297,66100,0.662288253268,0.218396606365,100.01821899
661,66199,198597,66200,0.643083904633,0.242076052811,100.16750812
662,66299,198897,66300,0.616085136198,0.270616539123,100.30966019
663,66399,199197,66400,0.647250223864,0.193153978542,100.4529771
664,66499,199497,66500,0.665061303183,0.30674604086,100.60187411
665,66599,199797,66600,0.648603364088,0.466578481254,100.75879001
666,66699,200097,66700,0.641979080459,0.316187606275,100.91417908
667,66799,200397,66800,0.679842661546,0.283331338808,101.06041812
668,66899,200697,66900,0.665234545386,0.2505393628,101.20747804
669,66999,200997,67000,0.656537159063,0.258938711926,101.36242508
670,67099,201297,67100,0.668226156389,0.413530202779,101.50660514
671,67199,201597,67200,0.645435781206,0.196112506691,101.66115999
672,67299,201897,67300,0.681924378968,0.292746755553,101.80514907
673,67399,202197,67400,0.662282245419,0.238122076004,101.94583320
674,67499,202497,67500,0.628402271843,0.560601467037,102.09316897
675,67599,202797,67600,0.660759811784,0.405979854005,102.23721718
676,67699,203097,67700,0.646152482621,0.310979640932,102.38351106
677,67799,203397,67800,0.659269495598,0.426129553725,102.53835010
678,67899,203697,67900,0.67497098528,0.263560323573,102.69678807
679,67999,203997,68000,0.646066849087,0.255629394138,102.84483814
680,68099,204297,68100,0.6360735525,0.333869322246,102.99063801
681,68199,204597,68200,0.656734507758,0.247873627339,103.14256405
682,68299,204897,68300,0.672833891208,0.387338564371,103.28761410
683,68399,205197,68400,0.660424665676,0.153802181226,103.43345904
684,68499,205497,68500,0.652540462221,0.192876165722,103.5809969
685,68599,205797,68600,0.682376550901,0.219004625491,103.72885513
686,68699,206097,68700,0.626666442152,0.301225053666,103.86879801
687,68799,206397,68800,0.684006991527,0.437924918538,104.00260615
688,68899,206697,68900,0.651574463835,0.488368037595,104.1505060
689,68999,206997,69000,0.680767613928,0.197820641473,104.30821108
690,69099,207297,69100,0.628901967587,0.324430992658,104.45697307
691,69199,207597,69200,0.636379334651,0.126993080045,104.60163497
692,69299,207897,69300,0.649914843139,0.301524801784,104.75654315
693,69399,208197,69400,0.600445265593,0.517128208635,104.91310310
694,69499,208497,69500,0.668677784022,0.254967806548,105.06519317
695,69599,208797,69600,0.668642039278,0.414265435131,105.19693207
696,69699,209097,69700,0.687157444616,0.314188679901,105.34623718
697,69799,209397,69800,0.653196017683,0.24717432245,105.50279307
698,69899,209697,69900,0.643043228225,0.251165873718,105.64404201
699,69999,209997,70000,0.632228018456,0.294948429635,105.78401017
700,70099,210297,70100,0.685726230395,0.264632168406,105.91754913
701,70199,210597,70200,0.703361385134,0.247168925147,106.05742406
702,70299,210897,70300,0.700608897474,0.275943216241,106.2009720
703,70399,211197,70400,0.652437407307,0.269990744063,106.34343409
704,70499,211497,70500,0.714864862054,0.362763061041,106.47566604
705,70599,211797,70600,0.658371880849,0.300314945636,106.61260604
706,70699,212097,70700,0.636733966608,0.168662585004,106.76033115
707,70799,212397,70800,0.630949189798,0.213727224292,106.90802502
708,70899,212697,70900,0.630649490589,0.239947672793,107.06839704
709,70999,212997,71000,0.680816085343,0.387439714403,107.2152130
710,71099,213297,71100,0.703662293253,0.339580163112,107.35671114
711,71199,213597,71200,0.624812020569,0.246875869811,107.49706411
712,71299,213897,71300,0.675451774973,0.165353722693,107.66066718
713,71399,214197,71400,0.625460842261,0.19368821171,107.80057120
714,71499,214497,71500,0.659858802623,0.401192449101,107.95730900
715,71599,214797,71600,0.646256054703,0.202268459067,108.12195420
716,71699,215097,71700,0.632048026237,0.257054335918,108.26321005
717,71799,215397,71800,0.633985126262,0.185819707552,108.42367410
718,71899,215697,71900,0.68019164653,0.332288384158,108.57480502
719,71999,215997,72000,0.647611055232,0.283047743755,108.73651719
720,72099,216297,72100,0.667850231168,0.285903740578,108.87915301
721,72199,216597,72200,0.632417522846,0.263588823304,109.03940701
722,72299,216897,72300,0.660465514078,0.400699923126,109.18953919
723,72399,217197,72400,0.659244365332,0.190666678125,109.33641099
724,72499,217497,72500,0.645008784567,0.326026917235,109.48589301
725,72599,217797,72600,0.651443795893,0.222003926732,109.63950419
726,72699,218097,72700,0.650467873066,0.161799952454,109.79568219
727,72799,218397,72800,0.65596810749,0.226537882487,109.95095515
728,72899,218697,72900,0.661426771766,0.287405626681,110.09539699
729,72999,218997,73000,0.691897476701,0.302040246676,110.24587297
730,73099,219297,73100,0.64643871675,0.247266388301,110.3901531
731,73199,219597,73200,0.691343199615,0.217702721236,110.53351998
732,73299,219897,73300,0.648873951409,0.312707093076,110.68160104
733,73399,220197,73400,0.640107312567,0.249486268629,110.83652901
734,73499,220497,73500,0.632848431722,0.192118155372,110.97374606
735,73599,220797,73600,0.687177371995,0.355590634415,111.12009406
736,73699,221097,73700,0.677742825064,0.199542411297,111.26697897
737,73799,221397,73800,0.671100283901,0.239062651828,111.42085409
738,73899,221697,73900,0.658477580827,0.262967091471,111.56663608
739,73999,221997,74000,0.686613010002,0.218117005852,111.71766710
740,74099,222297,74100,0.630897951277,0.252329018092,111.87059807
741,74199,222597,74200,0.637036476502,0.164372675104,112.01535320
742,74299,222897,74300,0.66319079748,0.233430594067,112.15945005
743,74399,223197,74400,0.652100443231,0.273549797704,112.30296516
744,74499,223497,74500,0.630172907765,0.160011168456,112.44151306
745,74599,223797,74600,0.660344141887,0.20129747129,112.58000111
746,74699,224097,74700,0.669502275201,0.226940868034,112.73178601
747,74799,224397,74800,0.636581275754,0.380206102866,112.87224602
748,74899,224697,74900,0.653895358543,0.300012006037,113.02725815
749,74999,224997,75000,0.650003002824,0.387876687295,113.17835807
750,75099,225297,75100,0.672734189428,0.268653986436,113.34234404
751,75199,225597,75200,0.637887633425,0.206905867971,113.49648499
752,75299,225897,75300,0.66843226023,0.194239771029,113.6391670
753,75399,226197,75400,0.638531158176,0.284261116467,113.78707003
754,75499,226497,75500,0.641898409694,0.37054698086,113.93975710
755,75599,226797,75600,0.678076782665,0.15903853513,114.08843898
756,75699,227097,75700,0.653032639926,0.298983811643,114.2404160
757,75799,227397,75800,0.648416967637,0.245580926297,114.38897609
758,75899,227697,75900,0.682641020186,0.396404363958,114.54676103
759,75999,227997,76000,0.66539423786,0.243891838251,114.70378208
760,76099,228297,76100,0.661593174486,0.437004635617,114.86176419
761,76199,228597,76200,0.683142936539,0.496293634245,115.01107001
762,76299,228897,76300,0.637008839813,0.214508648328,115.16376018
763,76399,229197,76400,0.649181609296,0.258643011464,115.31261706
764,76499,229497,76500,0.632094040936,0.217026794251,115.45640015
765,76599,229797,76600,0.625895071318,0.212655885914,115.60243415
766,76699,230097,76700,0.656370090535,0.306132584469,115.74260401
767,76799,230397,76800,0.670484928521,0.251641255628,115.8992350
768,76899,230697,76900,0.668984801745,0.227530945879,116.03908300
769,76999,230997,77000,0.649713138695,0.273978049547,116.18006300
770,77099,231297,77100,0.635915766222,0.467848754504,116.33840012
771,77199,231597,77200,0.652888817152,0.281167720755,116.48642420
772,77299,231897,77300,0.68349113814,0.41720196873,116.63004708
773,77399,232197,77400,0.669350902882,0.221779572846,116.79233908
774,77499,232497,77500,0.6538020073,0.332385397543,116.93866801
775,77599,232797,77600,0.686028162864,0.211261194926,117.08779215
776,77699,233097,77700,0.654293981263,0.169464556752,117.23429298
777,77799,233397,77800,0.686910158273,0.284040976475,117.3772690
778,77899,233697,77900,0.650144014922,0.34701939726,117.52286410
779,77999,233997,78000,0.651775543512,0.204321977367,117.65574097
780,78099,234297,78100,0.64091753689,0.456492820722,117.80879902
781,78199,234597,78200,0.664514670638,0.354187878242,117.95743513
782,78299,234897,78300,0.665172039806,0.251354007375,118.09726619
783,78399,235197,78400,0.644751863209,0.159140485044,118.24275708
784,78499,235497,78500,0.656392017911,0.317177527979,118.38988614
785,78599,235797,78600,0.652188311324,0.379492021283,118.52988100
786,78699,236097,78700,0.673255811456,0.553333312556,118.67886710
787,78799,236397,78800,0.62431874364,0.361952065151,118.82555413
788,78899,236697,78900,0.656593453224,0.286813970533,118.97939610
789,78999,236997,79000,0.690390926275,0.224380338491,119.12434315
790,79099,237297,79100,0.640179108392,0.307242224311,119.28776311
791,79199,237597,79200,0.658686959667,0.396524200577,119.43496799
792,79299,237897,79300,0.66067019914,0.289572272562,119.58065605
793,79399,238197,79400,0.662762608676,0.214504187394,119.72594618
794,79499,238497,79500,0.665105405445,0.248560552722,119.87893319
795,79599,238797,79600,0.631549891306,0.189159705698,120.0303981
796,79699,239097,79700,0.653889082296,0.375689784642,120.17390918
797,79799,239397,79800,0.648496429054,0.350006389289,120.34054899
798,79899,239697,79900,0.669484227946,0.186682946702,120.49119305
799,79999,239997,80000,0.68550946944,0.133059659014,120.63635897
800,80099,240297,80100,0.655158129864,0.168173479556,120.78106617
801,80199,240597,80200,0.621226786748,0.239800521028,120.92606401
802,80299,240897,80300,0.645639294324,0.339575995537,121.07681798
803,80399,241197,80400,0.662045821463,0.306752696261,121.23563003
804,80499,241497,80500,0.645308574159,0.154825022787,121.38064813
805,80599,241797,80600,0.666293138656,0.215673584865,121.52528715
806,80699,242097,80700,0.653487086013,0.239327914321,121.67419004
807,80799,242397,80800,0.660994938985,0.26966812867,121.81195306
808,80899,242697,80900,0.643916256841,0.238365602211,121.9615631
809,80999,242997,81000,0.678239725859,0.450147978252,122.10941600
810,81099,243297,81100,0.625927037578,0.298296595869,122.25794911
811,81199,243597,81200,0.639725629944,0.390072866094,122.40269613
812,81299,243897,81300,0.626155376205,0.210335264409,122.54826903
813,81399,244197,81400,0.606939065481,0.253473462762,122.69384598
814,81499,244497,81500,0.643367665656,0.24997389865,122.84240603
815,81599,244797,81600,0.645294938112,0.34826325944,122.99858212
816,81699,245097,81700,0.64721645749,0.22727949433,123.14975309
817,81799,245397,81800,0.645688572049,0.340478736935,123.2988061
818,81899,245697,81900,0.650355890195,0.494102765281,123.45013999
819,81999,245997,82000,0.675028794785,0.334103318025,123.60652208
820,82099,246297,82100,0.63156771577,0.289771258552,123.75506210
821,82199,246597,82200,0.605593730646,0.217442786471,123.9018251
822,82299,246897,82300,0.655741320178,0.32783536006,124.04719519
823,82399,247197,82400,0.692852275228,0.484395374758,124.19110012
824,82499,247497,82500,0.662210092598,0.230606863988,124.33785605
825,82599,247797,82600,0.663849863586,0.230123488949,124.49123811
826,82699,248097,82700,0.646274562095,0.307871561088,124.63844013
827,82799,248397,82800,0.676187802183,0.237723206068,124.79560518
828,82899,248697,82900,0.665630838825,0.255978951632,124.94078803
829,82999,248997,83000,0.65373315714,0.311249413013,125.09816098
830,83099,249297,83100,0.637231407393,0.321562930685,125.24996805
831,83199,249597,83200,0.674467549719,0.240969678232,125.40730905
832,83299,249897,83300,0.654807737698,0.334831274698,125.55298304
833,83399,250197,83400,0.673262472354,0.361574673277,125.69786000
834,83499,250497,83500,0.646091110985,0.246192916396,125.84186315
835,83599,250797,83600,0.640127804545,0.210653178083,125.99357700
836,83699,251097,83700,0.662421988863,0.602525576378,126.13146901
837,83799,251397,83800,0.643210553631,0.286289121118,126.28198814
838,83899,251697,83900,0.652783322174,0.272549370042,126.43324208
839,83999,251997,84000,0.656676098628,0.22639677594,126.57665014
840,84099,252297,84100,0.645507086213,0.232601662141,126.72664117
841,84199,252597,84200,0.699669238742,0.351700442019,126.8701860
842,84299,252897,84300,0.644295402274,0.144451908193,127.02065205
843,84399,253197,84400,0.658391760848,0.339964995472,127.16063499
844,84499,253497,84500,0.634194182647,0.219195522218,127.3065841
845,84599,253797,84600,0.669587151134,0.314896358285,127.45414400
846,84699,254097,84700,0.627447157274,0.267002295153,127.59330916
847,84799,254397,84800,0.659553884325,0.338232253659,127.74498605
848,84899,254697,84900,0.684997004916,0.29148113116,127.88488817
849,84999,254997,85000,0.655492811324,0.273124952692,128.03916716
850,85099,255297,85100,0.634180008877,0.301728963831,128.18483710
851,85199,255597,85200,0.671671063981,0.198932946612,128.34225106
852,85299,255897,85300,0.671044015933,0.252850298005,128.4995100
853,85399,256197,85400,0.665958278129,0.20866703099,128.65674209
854,85499,256497,85500,0.648957166467,0.22292974594,128.80008697
855,85599,256797,85600,0.651029149427,0.431545055883,128.9473130
856,85699,257097,85700,0.644996849046,0.150849016988,129.08430814
857,85799,257397,85800,0.654345484135,0.299587141699,129.2334101
858,85899,257697,85900,0.624464640051,0.200816432427,129.37562704
859,85999,257997,86000,0.652322782414,0.257163894971,129.52322816
860,86099,258297,86100,0.673124832015,0.189591941432,129.68155717
861,86199,258597,86200,0.694314931523,0.362225922759,129.83999919
862,86299,258897,86300,0.659238169578,0.163818643104,129.98489999
863,86399,259197,86400,0.667140774549,0.286212132311,130.13951301
864,86499,259497,86500,0.651438737943,0.35349976537,130.29006004
865,86599,259797,86600,0.67638832921,0.269070569709,130.43466019
866,86699,260097,86700,0.628376590457,0.213475808365,130.58839416
867,86799,260397,86800,0.641508010559,0.208785452878,130.72811508
868,86899,260697,86900,0.65313377338,0.503780529479,130.86782813
869,86999,260997,87000,0.602852487342,0.228949515085,130.99879503
870,87099,261297,87100,0.650909489848,0.295889604486,131.15115714
871,87199,261597,87200,0.673235758561,0.20981472605,131.30405306
872,87299,261897,87300,0.644237049181,0.215520654297,131.44840812
873,87399,262197,87400,0.688400119276,0.224690933741,131.60280203
874,87499,262497,87500,0.696735109652,0.225858622914,131.76954817
875,87599,262797,87600,0.654456569737,0.40050014812,131.94757008
876,87699,263097,87700,0.64172099165,0.212075374247,132.11655712
877,87799,263397,87800,0.621029805668,0.270435316132,132.26797604
878,87899,263697,87900,0.686462102027,0.534761543644,132.41399002
879,87999,263997,88000,0.638724897071,0.266194043771,132.56267714
880,88099,264297,88100,0.642350123213,0.241251138138,132.72604012
881,88199,264597,88200,0.667814020454,0.182221650683,132.87779617
882,88299,264897,88300,0.613139950632,0.448400710672,133.02887797
883,88399,265197,88400,0.680257169758,0.587542324151,133.1821901
884,88499,265497,88500,0.696772136775,0.272600419865,133.33837199
885,88599,265797,88600,0.642585812291,0.24124321414,133.47923302
886,88699,266097,88700,0.64653375784,0.194486551584,133.62794709
887,88799,266397,88800,0.641424432828,0.272986375038,133.77692818
888,88899,266697,88900,0.645063694826,0.224175064527,133.92971706
889,88999,266997,89000,0.629708360867,0.263196609663,134.09200215
890,89099,267297,89100,0.697745830799,0.195716495768,134.25154018
891,89199,267597,89200,0.676947396157,0.252780448972,134.40530109
892,89299,267897,89300,0.656911127987,0.169489757424,134.55725002
893,89399,268197,89400,0.665698821018,0.171207217532,134.70987820
894,89499,268497,89500,0.629309243414,0.142594584174,134.87147116
895,89599,268797,89600,0.688480698061,0.268234221402,135.02776908
896,89699,269097,89700,0.65308817738,0.253310180594,135.17875814
897,89799,269397,89800,0.64516272809,0.246657740326,135.3324050
898,89899,269697,89900,0.623090936281,0.313254313702,135.48194599
899,89999,269997,90000,0.680173328338,0.368775051812,135.62987399
900,90099,270297,90100,0.630671566047,0.225849283727,135.78392815
901,90199,270597,90200,0.673571972177,0.166728918058,135.93440413
902,90299,270897,90300,0.64912914524,0.236119258373,136.0807859
903,90399,271197,90400,0.648428550136,0.402645834182,136.22493314
904,90499,271497,90500,0.660422206892,0.148414692455,136.37481713
905,90599,271797,90600,0.642752069643,0.27216065611,136.52430510
906,90699,272097,90700,0.671032916855,0.353795367056,136.68400311
907,90799,272397,90800,0.667750514216,0.47964854534,136.83353400
908,90899,272697,90900,0.675957652864,0.269676007845,136.99064612
909,90999,272997,91000,0.626234178196,0.245341576898,137.14792418
910,91099,273297,91100,0.669579089172,0.288819655132,137.31257414
911,91199,273597,91200,0.648284102945,0.348419507159,137.46241998
912,91299,273897,91300,0.660220178716,0.260716795744,137.61178016
913,91399,274197,91400,0.644720219215,0.215859105411,137.77244710
914,91499,274497,91500,0.668705087434,0.310049287193,137.92867398
915,91599,274797,91600,0.675259958227,0.167669565394,138.0776350
916,91699,275097,91700,0.648004787024,0.302552882982,138.22049117
917,91799,275397,91800,0.637129972241,0.295256085417,138.36319708
918,91899,275697,91900,0.664713351064,0.432711721264,138.50759911
919,91999,275997,92000,0.631510123707,0.140978914579,138.68572497
920,92099,276297,92100,0.66553674674,0.199727358518,138.82694816
921,92199,276597,92200,0.642446272036,0.585208632664,138.97189903
922,92299,276897,92300,0.659450344558,0.346065049305,139.11734199
923,92399,277197,92400,0.675134052748,0.329918585188,139.26130700
924,92499,277497,92500,0.645267239351,0.168595509722,139.40950608
925,92599,277797,92600,0.642665855522,0.302892813386,139.56063413
926,92699,278097,92700,0.651645483413,0.277825851615,139.71138215
927,92799,278397,92800,0.642728857675,0.250181663414,139.87089300
928,92899,278697,92900,0.658026007967,0.277566578061,140.03257608
929,92999,278997,93000,0.642283399249,0.223974292473,140.18886017
930,93099,279297,93100,0.647943661777,0.246805794804,140.34095120
931,93199,279597,93200,0.650047978213,0.167845812667,140.49967718
932,93299,279897,93300,0.671159165529,0.147238628781,140.66598200
933,93399,280197,93400,0.656437491309,0.26440047607,140.82050418
934,93499,280497,93500,0.641021067409,0.251985960074,140.97361302
935,93599,280797,93600,0.638215900644,0.237034757162,141.12091898
936,93699,281097,93700,0.650439397961,0.217704461899,141.2726490
937,93799,281397,93800,0.63305974392,0.61103207252,141.41346597
938,93899,281697,93900,0.646551181655,0.459269692935,141.55553102
939,93999,281997,94000,0.616047450502,0.230529130826,141.69561910
940,94099,282297,94100,0.632708670206,0.39029111758,141.84087419
941,94199,282597,94200,0.646497126581,0.219661089488,141.98417115
942,94299,282897,94300,0.691264657173,0.302111091152,142.1447091
943,94399,283197,94400,0.653348824816,0.379141604084,142.29248714
944,94499,283497,94500,0.639290826717,0.202357032358,142.44441
945,94599,283797,94600,0.66419878547,0.373420012806,142.59879016
946,94699,284097,94700,0.648173884735,0.522870400252,142.76068019
947,94799,284397,94800,0.652201120007,0.246329749799,142.93213200
948,94899,284697,94900,0.632984718332,0.187528116766,143.09775114
949,94999,284997,95000,0.648222138701,0.221894215174,143.27642297
950,95099,285297,95100,0.629799854857,0.291198402031,143.42067909
951,95199,285597,95200,0.654106735149,0.18078145924,143.56668901
952,95299,285897,95300,0.66341694292,0.201049309158,143.72932505
953,95399,286197,95400,0.685279732418,0.239341856064,143.89676117
954,95499,286497,95500,0.641927121257,0.302485198405,144.07331800
955,95599,286797,95600,0.671640723819,0.267718553763,144.22502899
956,95699,287097,95700,0.660175477476,0.279156678348,144.36434316
957,95799,287397,95800,0.66887151883,0.2011412798,144.51066207
958,95899,287697,95900,0.647983817187,0.461872867948,144.65269899
959,95999,287997,96000,0.668068750608,0.159327081399,144.79098415
960,96099,288297,96100,0.621712221648,0.388170632289,144.9427871
961,96199,288597,96200,0.684972163282,0.441146540137,145.08860111
962,96299,288897,96300,0.686225177231,0.158592244445,145.23909306
963,96399,289197,96400,0.655239462231,0.197135752852,145.39019608
964,96499,289497,96500,0.650053638771,0.245566132545,145.53480219
965,96599,289797,96600,0.613075607647,0.24283476157,145.66907906
966,96699,290097,96700,0.657600203581,0.202883743547,145.81744003
967,96799,290397,96800,0.652140205613,0.202677863125,145.97649598
968,96899,290697,96900,0.662638884279,0.218525321381,146.11925220
969,96999,290997,97000,0.672635232495,0.253158980356,146.27680611
970,97099,291297,97100,0.660021973817,0.20333871527,146.42314720
971,97199,291597,97200,0.643020600899,0.211519392683,146.57729220
972,97299,291897,97300,0.64543179132,0.201111412544,146.7298340
973,97399,292197,97400,0.630819397859,0.232211603063,146.88051605
974,97499,292497,97500,0.67819733891,0.346957785318,147.0219631
975,97599,292797,97600,0.679744864815,0.2536731815,147.16378116
976,97699,293097,97700,0.652871282667,0.261096305634,147.31295299
977,97799,293397,97800,0.673115778924,0.34170602874,147.46159219
978,97899,293697,97900,0.642385624887,0.254651213592,147.61728906
979,97999,293997,98000,0.637777809775,0.365933187743,147.77268004
980,98099,294297,98100,0.616501103665,0.23586470436,147.91552019
981,98199,294597,98200,0.649630503067,0.191991705877,148.06734108
982,98299,294897,98300,0.645249695696,0.209315249018,148.23723697
983,98399,295197,98400,0.648717607254,0.323322867153,148.38847303
984,98499,295497,98500,0.673451817337,0.318313668737,148.532872
985,98599,295797,98600,0.624207447339,0.471672875819,148.68250203
986,98699,296097,98700,0.63064580348,0.213753783858,148.8224880
987,98799,296397,98800,0.639465008133,0.260553914211,148.96419620
988,98899,296697,98900,0.646542454543,0.172712785979,149.10281801
989,98999,296997,99000,0.631911028148,0.230677289086,149.25411605
990,99099,297297,99100,0.68818069304,0.340546114213,149.39816212
991,99199,297597,99200,0.622784688554,0.210503460036,149.5735931
992,99299,297897,99300,0.665709292963,0.209045694529,149.774164
993,99399,298197,99400,0.640169942156,0.599299881253,149.93808412
994,99499,298497,99500,0.638860778761,0.286783559773,150.11332607
995,99599,298797,99600,0.64079842498,0.137943602555,150.2946090
996,99699,299097,99700,0.637603682299,0.221951253806,150.45387315
997,99799,299397,99800,0.65417104052,0.215755810317,150.61901712
998,99899,299697,99900,0.653876360976,0.257938961753,150.81037902
999,99999,299997,100000,0.635774132022,0.593662932921,150.98753619
1000,100099,300297,100100,0.680804991041,0.241653129384,151.16938114
1001,100199,300597,100200,0.635116218722,0.197515354606,151.35427403
