9.13450376224
8.66597748711
9.17176125871
9.81724302476
9.6280150154
6.34601640685
7.48468662275
2.60961596251
2.39075156231
3.26875187185
4.76768019818
4.32025790583
4.41295329451
1.96061479081
1.37472479796
1.5191532244
1.65858510332
1.31481465299
1.40755899545
1.26943470245
1.46634193059
1.72899096835
1.55364496264
1.29537646209
1.28239535763
1.56872520405
1.63318837533
1.59232035686
1.56475792313
1.2221607558
1.52097438851
1.52140279545
1.29356342204
1.6684147876
1.55794874415
1.42364781587
1.72012733201
1.71399678804
1.3962694277
1.23035334081
1.42353632056
1.32729942414
1.28993302521
1.3064594534
1.27014124759
1.25307522972
1.50403328158
1.62946329879
1.56168240514
1.50615750157
1.5397998844
1.44588017269
1.85872248091
1.45563570118
1.95739109697
1.5920468127
1.54764807226
1.69511816546
1.53456189586
1.24331672288
1.22542717786
1.45783647276
1.46172883855
1.35596687424
1.46739361386
1.61969279129
1.45493268784
1.30986821229
1.33932779983
1.40897463906
1.5857632502
1.48636957293
1.66089023406
1.40305514592
1.66140426366
1.58037580954
1.41336127729
1.54677845373
1.48140237655
1.56483589435
1.11575830743
1.75045451204
1.21914981405
1.83822627362
1.33022231676
1.7581268362
1.36171551067
1.54153839434
1.4292355295
1.5726615852
1.19204459111
1.31086715047
1.45576873334
1.43856473664
1.44553502706
1.5860113138
1.26263297329
1.43486656223
1.48850657196
1.31675708113
1.29507736018
1.37620624831
1.58339917647
1.46875984336
1.19972254462
1.62159699057
1.36727604202
1.39137878028
1.52604487623
1.31189332703
1.49544813662
1.21581051611
1.2785153763
1.28682569776
1.67555216056
1.64688890014
1.40666572683
1.66872560835
0.935319087049
1.78716442018
1.60203873061
1.36924254754
1.4310871595
1.10381645706
1.60510326941
1.61310912852
1.364206834
1.38111828382
1.40165482074
1.61407327869
1.37470828462
1.52065118183
1.48237119886
1.45149577841
1.5299885479
1.17568675956
1.2726520953
1.45645024152
1.56461466604
1.58059817137
1.64536693618
1.56644081101
1.47811249135
1.3553996703
1.48083987816
1.36478538114
1.71300133297
1.81548252418
1.30230291092
1.47593270234
1.54967829934
1.29440116612
1.53500508344
1.33672001888
1.86908737923
1.37663311476
1.71769712804
1.52145135592
1.44018199924
1.45101649995
1.519781584
1.18688616196
1.43171478599
1.49067283449
1.41933125773
1.09520921031
1.77230281057
1.42510648628
1.87743041965
1.47256839232
1.43770624298
1.52154133564
1.51930964537
1.39493644582
1.40809092063
1.41683660083
1.43887910211
1.46118528371
1.38426463605
1.18957517835
1.77289793589
1.41639198063
1.23137181856
1.69577641103
1.63936251691
1.46780057954
1.32842152841
1.38624684675
1.69898212028
1.74942228235
1.34850217689
1.44211653334
1.57062991884
1.2984227691
1.68778537368
1.32036556931
1.39839506009
1.52934423289
1.37616916169
1.50123994628
1.35406674947
1.23527769449
1.25921992924
1.54840862469
1.52449179947
1.26970646343
1.49290019942
1.20635814397
1.48554819819
1.29977887708
1.39626600734
1.58116266968
1.59478850682
1.67125774685
1.24787538957
1.64717200726
1.20182645653
1.37003810374
1.20233396112
1.43744297953
1.55142827417
1.69228054067
1.48356469132
1.5038797673
1.54847918965
1.36225526177
1.44387633215
1.49213283142
1.43684097277
1.37649421698
1.39692208069
1.4609605235
1.33752796263
1.52711639588
1.50702493605
1.3305703629
1.82120226287
1.58129560659
1.45032542031
1.3210070223
1.35535559444
1.16389196692
1.60551440284
1.48512173414
1.42127147936
1.25035747952
1.33959657954
1.46006402456
1.72717157675
1.24111379787
1.32730757334
1.51241740044
1.55477882078
1.37453414767
1.35213443539
1.35685866191
1.44410802401
1.3503193562
1.29366187246
1.34199620233
1.46053190768
1.18655395132
1.37252366808
1.7488751782
1.46781702825
1.60170116525
1.31438198761
1.70562682102
1.3542191223
1.8642046392
1.66293357577
1.3909212698
1.71488171688
1.36974125
1.68346647824
1.19726900576
1.06759776197
1.48193827337
1.66230218444
1.61898488512
1.27129070222
1.20867319413
1.23085207632
1.1548565488
1.31027456067
1.43735933295
1.61885471519
1.34520446025
1.26231950394
1.52511791559
1.44749951549
1.38676382772
1.33610927589
1.57272685833
1.47992720735
1.37243184165
1.02979899631
1.57241797792
1.39329316108
1.54728039376
1.3715463808
1.41310786899
1.16979055745
1.04719009009
1.65065544357
1.34110724052
1.43756346535
1.55509969794
1.57837225405
1.52943403035
1.20933764768
1.37677207997
1.78555627979
1.51275709387
1.39359200626
1.44137472962
1.49830066121
1.27144383364
1.56593677158
1.51718616323
1.45829907079
1.60797796967
1.53676236906
1.61252588311
1.30895226953
1.66515410124
1.59501553831
1.54733177576
1.63319263213
1.3002363844
1.61325623966
1.66620312548
1.36759033264
1.32069283974
1.81836007669
1.30696326106
1.5183029606
1.03164831971
1.28332756568
1.29348041806
1.82366923103
1.47819171853
1.23921165518
1.49636608397
1.23890273125
1.37494349095
1.00736334403
1.25400656563
1.79805918397
1.2634091039
1.39491610031
1.04913562923
1.37046360248
1.54478321205
1.20397438713
1.62453774756
1.33493962649
1.39738669185
1.69349941276
1.33109376183
1.19523897752
1.45516466794
1.28217819524
1.40212462058
1.72634907708
1.49861693656
1.12336967093
1.55287492472
1.21843194211
1.34979545241
1.28557959518
1.63752819473
1.33269036255
1.58065264734
1.58484285403
1.5372819996
1.59032779297
1.60358433537
1.63932142913
1.46509779513
1.71247127426
1.34451454037
1.22616420204
1.18649212691
1.63441878947
1.3821657434
1.60352255483
1.58029917674
1.38626554676
1.62579665217
1.36561466915
1.34192353232
1.50931720246
1.40638432467
1.43539024037
1.71179793458
1.13921382196
1.53958461698
1.39298882134
1.63313177075
1.60060614381
1.4300249288
1.81594982627
1.71011775812
1.60114391795
1.42963800704
1.24495537565
1.79149983198
1.4374254296
1.95032944593
1.62110089574
1.45969584457
1.25045004967
1.12492521241
1.60316010404
1.93958988077
1.38334016445
1.48682703744
1.57493378515
1.46087737864
1.56750691616
1.59141805264
1.13714890207
1.67438701949
1.65359149997
1.23327027934
1.26241619319
1.36561838095
1.60717985561
1.6236369237
1.4866303968
1.19917830614
1.48683122796
1.58804777535
1.16921042262
1.48943160863
1.21031258822
1.51203627258
1.67791932699
1.15800802667
1.16981649992
1.16601610776
1.41832743621
1.3310906259
1.44584538901
1.51267519765
1.39126139392
1.41477888809
1.44199983086
1.69587967462
1.38666381802
1.40295408363
1.41527550047
1.31675626493
1.56806013082
1.28154286706
1.07435663902
1.37176902634
1.84205840909
1.25930041991
1.77415035598
1.25086868543
1.43059367384
1.44719489471
1.09207348032
1.32305580181
1.56042388476
1.33941822213
1.54828870831
1.45377007782
1.57439288172
1.514971604
1.4100798764
1.36059037106
1.09741623177
1.27469585975
1.53904315498
1.45126767406
1.48129707218
1.29907985275
1.23492216372
1.56533030647
1.41925170203
1.25998052829
1.16568306312
1.11830322386
1.29132548221
1.49044096799
1.45696407077
1.34641621019
1.32062557476
1.28780200279
1.49297639289
1.32365307888
1.26889449159
1.33653943685
1.59129052776
1.27069625009
1.53428371252
1.28256686226
1.74585414459
1.45094100968
1.25541992758
1.4131454161
1.13420363256
1.47372926151
1.38014037764
1.45197862927
1.53826353972
1.47400024931
1.39822559374
1.23085867113
1.23966519016
1.32787686584
1.22585785673
1.65219319846
1.39768017353
1.51366228917
1.33030193236
1.45957030545
1.90832677965
1.19156783791
1.23361043623
1.09654632549
1.38118568162
1.12707763099
1.04801935808
1.35139413405
1.26437767273
1.3226414879
1.47939569921
1.51074096568
1.39579640573
1.40785056349
1.0705537682
1.57464700732
1.61086341484
1.23511521276
1.21423434015
1.34892415505
1.2663098248
1.45943275778
1.20220954109
1.570363616
1.37261163104
1.16941403051
0.898734145386
1.35319204966
1.31892122445
1.42106269238
1.1932166175
1.5524614443
1.2137386843
1.28832239575
1.45566644092
1.45808477651
1.21195566808
1.3745256154
1.45535290508
1.23783992198
1.4904753785
1.1438909693
1.20787886022
1.32827379954
1.40760466536
1.43640585822
1.69947945425
1.30374496509
1.42779275155
1.45492558553
1.16254693557
1.38096913209
1.50467363175
1.64554057098
1.40319927012
1.36557659398
1.41501746395
1.33503773063
1.36696227335
1.51363668251
1.39683794741
1.2398391596
1.27254443676
1.54135950798
1.47935247427
1.49016247554
1.5204950412
1.42402691245
1.26272904658
1.22206738924
1.64602258666
1.36377746533
1.79133765727
1.16407379554
1.47344266223
1.53737020242
1.59029232949
1.62964855285
1.15582520779
1.06659233792
1.25526464028
1.57306634153
1.54189356232
1.31080993337
1.62990594254
1.19279644658
1.05804057496
1.17557153714
1.46579746603
1.30285525926
1.27517039002
1.59712129791
1.42012892233
1.38348920519
1.38598359304
1.39366836085
1.51305715514
1.10592490163
1.39547959337
1.40905539818
1.3397474111
1.59392174785
1.2485655414
1.37675320169
1.22825813442
1.56270648573
1.32700884597
1.37564863733
1.35103328115
1.72565152711
1.71385162932
1.16745378813
1.55078033562
1.3406835997
1.21366133536
1.34762049225
1.35151583161
1.28344530658
1.30013371617
1.27923515529
1.24301460128
1.37361050467
1.68504292139
1.52064474465
1.33477386471
1.2579685742
1.37139470041
1.33302535942
1.18659522006
1.25730282314
1.30344684
1.22348452021
1.16162593034
1.28846451486
1.22582812578
1.70703381245
1.55054494233
1.32581347446
1.16683147749
1.42299709292
1.55508926139
1.27959069652
1.37942085551
1.21980861561
1.28693009813
1.37493786067
1.63956109742
1.33659935599
1.50619323486
1.4690495817
1.48894666493
1.33786884051
1.59221221125
1.09551256495
1.1870429959
1.45049532025
1.21575820798
1.84130939578
1.23871009937
1.52897932093
1.62488664045
1.65863927622
1.22085580007
1.29209188051
1.47084146651
1.50328271882
1.26022340522
1.22163607881
1.38850763176
1.075573001
1.34652650805
1.24062981925
1.38892298496
1.63804410631
1.52809894669
1.14952891535
1.44546408689
1.58313376969
1.41726700478
1.28905163333
1.33425464425
1.25450726566
1.16317940567
1.22949680681
1.11033695911
1.44148063806
1.28209322769
1.32202032235
1.27402887535
1.79007303425
1.3255081961
1.42805693696
1.33398898146
1.2257870874
1.58980705514
1.34853531293
1.19733202355
1.55149061211
1.42334857142
1.42153369945
1.4528235428
1.34504643906
1.30799667506
1.32643794214
1.42823883861
1.7927380896
1.3122955464
1.1142349388
1.43120373985
1.52781893372
1.54422629709
1.06982701027
1.45153319761
1.41748409188
1.48894694854
1.37057248084
1.72139153355
1.71522838194
1.33616701827
1.46137279623
1.64186886207
1.39154389795
1.28250883536
1.52734744647
1.4507660016
1.30556358872
1.46371563302
1.26010727826
1.19610584062
1.22876720905
1.42696140382
1.3156360639
1.31242566813
1.05491880792
1.48926391504
1.12990038482
1.25278979688
1.54094176526
1.32965298524
1.25651003948
1.31626009279
1.33456243187
1.19265721472
1.31933557402
1.30350551362
1.41494282456
1.30284699648
1.460692815
1.27122714946
1.48342404451
1.41060239775
1.60387954651
1.65365289579
1.38556110995
1.48479237466
1.1964381067
1.72347306934
1.20662683457
1.51996376956
1.2046650392
1.37306045323
1.17444043687
1.43510398402
1.21067492795
1.36794164866
1.30601866828
1.20734542859
1.5938091727
1.09912718828
1.01963718014
1.40736397854
1.52190313616
1.46693677977
1.48575052635
1.77241080463
1.54940422507
1.14324838589
1.24067512465
1.1456332506
1.1341244979
1.39012279237
1.30790847885
1.27853786109
1.41202794808
1.5826333634
1.12875046268
1.32266661721
1.3258180472
1.30107436756
1.40263558121
1.42495831222
1.17066721401
0.936499516193
1.68175922152
1.36220321834
1.39962745958
1.41950661289
1.5045115289
1.4247553454
1.3895265451
1.33841532262
1.31381048363
1.1289703231
1.52907960046
1.4539352165
1.45889904198
1.63443510318
1.11426269658
1.26655274561
1.48506188686
1.16585951803
1.2918256498
1.36483586941
1.41810564301
1.27291745925
1.63645747045
1.3858800669
1.4048057944
1.01596889771
1.24173252023
1.22613162339
1.45970323652
1.65186993211
1.29345207259
1.25835174114
1.40989686586
1.46886563681
1.35380662653
1.43604680346
1.35327417081
1.2222964417
1.30992138697
1.15476531946
1.3558666465
1.35055162853
1.39785713214
1.22014649176
1.61038902951
1.30608877433
1.68754394796
1.28609948433
1.70900871383
1.34243920073
1.43597586364
1.45704323551
1.35732445445
1.49261751723
1.20411797933
1.43174992861
1.38322422603
1.75195684539
1.45363862579
1.31348914299
1.42527122613
1.33411093328
1.33351844243
1.28785474805
1.42775332184
1.33787039035
1.50345058035
1.27438336663
1.24144437073
1.36489204163
1.2968477281
1.33183321361
1.46698985701
1.23060706956
1.31083936429
1.50101609508
1.42033069567
1.31323111757
1.30672471638
1.40470370286
1.46968251609
1.44013402648
1.39510398076
1.45740042019
1.79199178331
1.48138778838
1.21521576468
1.19318925273
1.21087073241
1.3085617824
1.51355680548
1.21655944185
1.39788773526
1.42579640966
1.50661718139
1.47777532478
1.35074038375
1.42042354503
1.11092969727
1.42093190527
1.33365814791
1.19338583109
1.22928675271
1.44774678048
1.38764952335
1.59620052722
1.47304917411
1.48028810276
1.51192589715
1.35401687903
1.56214380247
1.30877887381
1.36709798679
1.37204730438
1.18699481658
1.60595559906
1.36622276738
1.3812465332
1.43656810275
1.48101216275
1.31457267629
1.63197690948
1.28457701359
1.61587685059
1.368944223
1.58961565847
1.15453579619
1.36241178246
1.56835295296
1.53561947792
1.48417065184
1.4598397483
1.39463446241
1.28427451763
1.48865268348
1.32314320188
1.51691706
1.69636793045
1.67703442534
1.69156320826
1.3152657846
1.58156850939
1.4703338804
1.32032278885
1.10825412519
1.56289049464
1.46000674435
1.06287869132
1.23861434152
1.29116538439
1.63319937951
1.43148772464
1.28034475797
1.43771544212
1.32151387938
1.2022794758
1.22190757348
1.45101065894
1.57256110446
1.38311347443
1.48473423341
1.28073928406
1.29879035545
1.34985679944
1.15954806077
1.4103831543
1.3896746955
1.16470202134
1.65778522724
1.83107484799
1.56950058308
1.61209541998
1.40070259534
1.32656024201
1.31248408078
1.39186009165
1.62029946771
1.28223383029
1.24344034603
1.27579567394
1.43603724235
1.43389594925
1.27286122266
1.4058921298
1.44925924548
1.52155648167
1.47703042992
1.23490744801
1.08698723519
