0,100,300,100,6.74732281337,1.59694497962,0.15818595886
1,200,600,200,0.826889658267,1.13236087794,0.30452895164
2,300,900,300,5.72338271987,2.19852019599,0.44881200790
3,400,1200,400,2.27264036162,2.17462016048,0.59621596336
4,500,1500,500,3.22052957952,1.91105495217,0.74586987495
5,600,1800,600,0.854732552669,0.93301456898,0.89831805229
6,700,2100,700,1.28354076365,1.72961026702,1.038497924
7,800,2400,800,1.45118014342,1.90289306229,1.1826820373
8,900,2700,900,1.00394105426,1.26687068648,1.3236939907
9,1000,3000,1000,0.795901637301,0.883488566722,1.4724719524
10,1100,3300,1100,0.885047790565,0.967043044532,1.6224298477
11,1200,3600,1200,0.794222101538,0.948125427714,1.7602438926
12,1300,3900,1300,0.784893476998,0.868999983571,1.9001870155
13,1400,4200,1400,0.731364846555,0.42179242024,2.0433769226
14,1500,4500,1500,0.689229543141,0.305950600015,2.1982290744
15,1600,4800,1600,0.6694968461,0.273735267516,2.3523299694
16,1700,5100,1700,0.679450820434,0.284657452457,2.4997069835
17,1800,5400,1800,0.657660779199,0.289263938689,2.6582388877
18,1900,5700,1900,0.672080264584,0.202862038904,2.8094530105
19,2000,6000,2000,0.690273466911,0.329735561977,2.9709060192
20,2100,6500,2200,0.683348129516,0.296987387555,3.3006999492
21,2200,6800,2300,0.666514222929,0.262640614632,3.4737510681
22,2300,7100,2400,0.672402411476,0.213439701349,3.6715428829
23,2400,7400,2500,0.640000044537,0.242104163297,3.8358969688
24,2500,7700,2600,0.70935597069,0.345704710073,3.9843580722
25,2600,8000,2700,0.650041830661,0.253359900664,4.1388158798
26,2700,8300,2800,0.688724587252,0.391760955553,4.2842299938
27,2800,8600,2900,0.688496487277,0.247440153588,4.4541690349
28,2900,8900,3000,0.643959739415,0.281739809193,4.5922288894
29,3000,9200,3100,0.67152836675,0.254396023984,4.7281808853
30,3100,9500,3200,0.658517580243,0.30691640703,4.8667869567
31,3200,9800,3300,0.671394068429,0.343516979003,5.0147678852
32,3300,10100,3400,0.64904933019,0.225072547528,5.1600918769
33,3400,10400,3500,0.691887088418,0.24298952767,5.3122270107
34,3500,10700,3600,0.62510682621,0.394166222203,5.4708509445
35,3600,11000,3700,0.690595024698,0.714573544638,5.622072935
36,3700,11300,3800,0.698327242993,0.47029951092,5.7838089466
37,3800,11600,3900,0.687377621117,0.366699427477,5.9664959907
38,3900,11900,4000,0.655071529599,0.210698542007,6.1421170234
39,4000,12200,4100,0.679164107057,0.258141204347,6.2871279716
40,4100,12700,4300,0.674597451078,0.248035693668,6.5486838817
41,4200,13000,4400,0.650345305547,0.286961565561,6.6864149570
42,4300,13300,4500,0.660049483464,0.281935972149,6.8524649143
43,4400,13600,4600,0.676423980076,0.244401818015,7.0048539638
44,4500,13900,4700,0.66370990939,0.180094802379,7.1644048690
45,4600,14200,4800,0.671303371686,0.285458931641,7.3105089664
46,4700,14500,4900,0.662454569305,0.28030929876,7.4743120670
47,4800,14800,5000,0.662489023413,0.2279553748,7.6232280731
48,4900,15100,5100,0.655416538498,0.226990893535,7.8340649604
49,5000,15400,5200,0.688068407575,0.23913777504,7.9853119850
50,5100,15700,5300,0.650430734816,0.270820133471,8.1314718723
51,5200,16000,5400,0.654005628293,0.331316735545,8.277067899
52,5300,16300,5500,0.698360052495,0.369268703454,8.4313268661
53,5400,16600,5600,0.647227006626,0.285403298418,8.5846240520
54,5500,16900,5700,0.678729820495,0.142484923678,8.7377300262
55,5600,17200,5800,0.670349724162,0.176197645538,8.8803849220
56,5700,17500,5900,0.673617796901,0.43836346299,9.0389339923
57,5800,17800,6000,0.665425421597,0.221726759516,9.1975250244
58,5900,18100,6100,0.6638318815,0.281613448915,9.3742129802
59,6000,18400,6200,0.679151186293,0.296032001649,9.5215380191
60,6100,18900,6400,0.677810020278,0.305790214249,9.8114519119
61,6200,19200,6500,0.666889110716,0.20683387682,9.9567649364
62,6300,19500,6600,0.679651929208,0.273922461672,10.105918884
63,6400,19800,6700,0.664034464624,0.34515020245,10.252117872
64,6500,20100,6800,0.679680475581,0.190323246828,10.400986909
65,6600,20400,6900,0.700906684406,0.371946936824,10.544818878
66,6700,20700,7000,0.651627321342,0.254450981196,10.68579292
67,6800,21000,7100,0.650088189445,0.228906991089,10.838275909
68,6900,21300,7200,0.669222250323,0.475281792876,10.989184856
69,7000,21600,7300,0.664909038096,0.315467721828,11.137606859
70,7100,21900,7400,0.643531423667,0.297019660965,11.282846927
71,7200,22200,7500,0.653475745062,0.244022067828,11.426512956
72,7300,22500,7600,0.662574903698,0.240844277929,11.570267915
73,7400,22800,7700,0.676368343497,0.202133937304,11.716253995
74,7500,23100,7800,0.710231581053,0.275841034885,11.866296052
75,7600,23400,7900,0.686702472375,0.213784623636,12.012201070
76,7700,23700,8000,0.689208477399,0.289109272732,12.156934022
77,7800,24000,8100,0.651655548461,0.218716290519,12.303459882
78,7900,24300,8200,0.67073921308,0.302191210993,12.447283029
79,8000,24600,8300,0.635404548968,0.19936109483,12.593250036
80,8100,25100,8500,0.668510221205,0.268250269117,12.871726989
81,8200,25400,8600,0.687679442916,0.426420086219,13.018537044
82,8300,25700,8700,0.676151692146,0.23376390095,13.165591955
83,8400,26000,8800,0.676770616973,0.253653578996,13.315785884
84,8500,26300,8900,0.66984546267,0.227244689134,13.483319997
85,8600,26600,9000,0.66755252992,0.342753713962,13.633815050
86,8700,26900,9100,0.658248394784,0.151047165174,13.785563945
87,8800,27200,9200,0.663929255248,0.524925865984,13.935029983
88,8900,27500,9300,0.71670851343,0.488258982379,14.115592002
89,9000,27800,9400,0.722442866063,0.342149115058,14.266139030
90,9100,28100,9500,0.662937668734,0.321365688565,14.421761035
91,9200,28400,9600,0.647341800315,0.295071260305,14.573341846
92,9300,28700,9700,0.675407318652,0.275599061897,14.728549003
93,9400,29000,9800,0.686812621799,0.441605187862,14.87047004
94,9500,29300,9900,0.670928380984,0.149380464231,15.017896890
95,9600,29600,10000,0.662130121692,0.193104553866,15.166194915
96,9700,29900,10100,0.657561257603,0.191758438486,15.315214872
97,9800,30200,10200,0.680041945598,0.262163471655,15.467149972
98,9900,30500,10300,0.657458877551,0.282563717882,15.614220857
99,10000,30800,10400,0.62107058948,0.227126646341,15.763772010
100,10100,31300,10600,0.671829477651,0.253851549001,16.058738946
101,10200,31600,10700,0.658270303114,0.200010874217,16.20872807
102,10300,31900,10800,0.66409277788,0.44116310559,16.362647056
103,10400,32200,10900,0.647278897357,0.157440187309,16.515415906
104,10500,32500,11000,0.669969585724,0.293599606961,16.712646007
105,10600,32800,11100,0.650521834742,0.192556696248,16.874472856
106,10700,33100,11200,0.669710738458,0.14476682333,17.017762899
107,10800,33400,11300,0.666394029388,0.193555509571,17.176349878
108,10900,33700,11400,0.643029644917,0.325251109183,17.33706188
109,11000,34000,11500,0.685253165668,0.208216160748,17.507854938
110,11100,34300,11600,0.659832018555,0.22611593834,17.662672996
111,11200,34600,11700,0.689017552864,0.267433223546,17.813169002
112,11300,34900,11800,0.674763583028,0.379734672085,17.959713935
113,11400,35200,11900,0.683854026374,0.273453079404,18.117676973
114,11500,35500,12000,0.68029348361,0.140619976881,18.257155895
115,11600,35800,12100,0.673199695277,0.227325481435,18.409003019
116,11700,36100,12200,0.680235769345,0.28402665374,18.548346996
117,11800,36400,12300,0.694925475883,0.246005032145,18.704251050
118,11900,36700,12400,0.687711085175,0.38962724335,18.852859020
119,12000,37000,12500,0.682054407416,0.361330391437,19.003449916
120,12100,37500,12700,0.680650540119,0.1951602277,19.311558961
121,12200,37800,12800,0.672608525295,0.248469365052,19.461631059
122,12300,38100,12900,0.6476251218,0.398353251429,19.611001968
123,12400,38400,13000,0.677525169034,0.199191536373,19.746191978
124,12500,38700,13100,0.667337850737,0.502107586664,19.892269849
125,12600,39000,13200,0.6868442331,0.198974987168,20.038297891
126,12700,39300,13300,0.680962509775,0.189853799612,20.185950994
127,12800,39600,13400,0.639468469104,0.4090517267,20.33346605
128,12900,39900,13500,0.686446867788,0.497297405922,20.486158847
129,13000,40200,13600,0.671965609469,0.264568673476,20.637722015
130,13100,40500,13700,0.648501068349,0.267055493599,20.787502050
131,13200,40800,13800,0.680927518159,0.387819945471,20.938971996
132,13300,41100,13900,0.650070592465,0.37865643748,21.091538906
133,13400,41400,14000,0.666870504457,0.276350433354,21.242876052
134,13500,41700,14100,0.692070025819,0.509799840985,21.386784076
135,13600,42000,14200,0.664044601743,0.41191291145,21.528185844
136,13700,42300,14300,0.675634462258,0.22067553598,21.667620897
137,13800,42600,14400,0.676796823377,0.511379417132,21.811990976
138,13900,42900,14500,0.668763861703,0.216745769012,21.95900487
139,14000,43200,14600,0.637699669902,0.313270104512,22.102221012
140,14100,43700,14800,0.668346289178,0.166910698572,22.378948926
141,14200,44000,14900,0.667987015371,0.193228546952,22.531775951
142,14300,44300,15000,0.666360806023,0.299345678212,22.678904056
143,14400,44600,15100,0.693358431592,0.288837319475,22.819320917
144,14500,44900,15200,0.647205245289,0.189000813562,22.962110042
145,14600,45200,15300,0.688285144207,0.341693392327,23.09848499
146,14700,45500,15400,0.673395772382,0.234476802227,23.245827913
147,14800,45800,15500,0.690786888747,0.44559097346,23.388970851
148,14900,46100,15600,0.650755157537,0.196815333082,23.541266918
149,15000,46400,15700,0.680095627626,0.32165227739,23.688153028
150,15100,46700,15800,0.667734043853,0.313406246966,23.829650878
151,15200,47000,15900,0.669964267991,0.379805314923,23.974218845
152,15300,47300,16000,0.662926809128,0.491284207016,24.129402875
153,15400,47600,16100,0.682325042361,0.224951111514,24.2739410
154,15500,47900,16200,0.663952256948,0.253737022274,24.411819934
155,15600,48200,16300,0.665906834029,0.18453805892,24.554615974
156,15700,48500,16400,0.684721425424,0.2286910085,24.707746028
157,15800,48800,16500,0.67723337747,0.20658367164,24.851633071
158,15900,49100,16600,0.669259469706,0.228532491612,24.994982004
159,16000,49400,16700,0.65345629847,0.210840892293,25.141093969
160,16100,49900,16900,0.653218161609,0.399313600524,25.42874598
161,16200,50200,17000,0.656953746371,0.256952816336,25.571415901
162,16300,50500,17100,0.649206461164,0.303316249256,25.718523025
163,16400,50800,17200,0.689564244784,0.186479267504,25.867316007
164,16500,51100,17300,0.664770416765,0.208652149194,26.009676933
165,16600,51400,17400,0.674367921282,0.436585154236,26.163830041
166,16700,51700,17500,0.689039885015,0.285136287543,26.312207937
167,16800,52000,17600,0.650482961361,0.375716008462,26.455375909
168,16900,52300,17700,0.676170629115,0.331997228646,26.596113920
169,17000,52600,17800,0.669150040088,0.327017491452,26.739209890
170,17100,52900,17900,0.655267650057,0.296717554458,26.87443494
171,17200,53200,18000,0.6347318486,0.392437100884,27.024716854
172,17300,53500,18100,0.643612663218,0.653846473563,27.179616928
173,17400,53800,18200,0.648675087513,0.322931100648,27.335264921
174,17500,54100,18300,0.685370812961,0.335770080703,27.479552984
175,17600,54400,18400,0.656223287437,0.298328011242,27.629521846
176,17700,54700,18500,0.648074296221,0.189098870281,27.782379865
177,17800,55000,18600,0.652984336271,0.179054800325,27.924684047
178,17900,55300,18700,0.67181069932,0.182147547944,28.071125984
179,18000,55600,18800,0.664728630205,0.277707867421,28.215522050
180,18100,56100,19000,0.660805713747,0.221172329586,28.508913993
181,18200,56400,19100,0.657632350217,0.243958910421,28.650994062
182,18300,56700,19200,0.669574425172,0.220179458206,28.791231870
183,18400,57000,19300,0.677765541116,0.176599838591,28.92350006
184,18500,57300,19400,0.671475460521,0.329345511298,29.058168888
185,18600,57600,19500,0.670413483985,0.27357442879,29.192651033
186,18700,57900,19600,0.669443079053,0.174220114967,29.329624891
187,18800,58200,19700,0.652331086658,0.312017870518,29.464526891
188,18900,58500,19800,0.644830549625,0.313080141121,29.602527856
189,19000,58800,19900,0.629623350484,0.213053661212,29.741025924
190,19100,59100,20000,0.635567400421,0.218062652023,29.878395080
191,19200,59400,20100,0.677345520068,0.442990443621,30.013710975
192,19300,59700,20200,0.693267920468,0.265112706182,30.15551805
193,19400,60000,20300,0.645665048082,0.398470721223,30.291940927
194,19500,60300,20400,0.659449816895,0.26726336673,30.439038038
195,19600,60600,20500,0.698922960572,0.253260948273,30.585514068
196,19700,60900,20600,0.649868498984,0.210989650245,30.70769596
197,19800,61200,20700,0.647067141973,0.25411612106,30.835856914
198,19900,61500,20800,0.644566665949,0.233425365173,30.971756935
199,20000,61800,20900,0.647241449376,0.361585817775,31.107781887
200,20100,62300,21100,0.661748183745,0.21761989795,31.365993022
201,20200,62600,21200,0.693270103917,0.288428684917,31.516195058
202,20300,62900,21300,0.649778950353,0.226981643956,31.68009591
203,20400,63200,21400,0.668506490911,0.276257306354,31.837233066
204,20500,63500,21500,0.683296281375,0.23929299607,31.979940891
205,20600,63800,21600,0.674903489519,0.195679529454,32.133373022
206,20700,64100,21700,0.681082154411,0.385596439235,32.275006055
207,20800,64400,21800,0.672137558498,0.320320351147,32.417644023
208,20900,64700,21900,0.682742359249,0.238154219208,32.56486892
209,21000,65000,22000,0.680537023605,0.255452320838,32.709646940
210,21100,65300,22100,0.704831440061,0.307437374535,32.854939937
211,21200,65600,22200,0.652392479204,0.247436096351,33.001174926
212,21300,65900,22300,0.644410369108,0.292190945292,33.153357982
213,21400,66200,22400,0.668877351605,0.203125668512,33.28985595
214,21500,66500,22500,0.670697068441,0.264199820295,33.437007904
215,21600,66800,22600,0.65367459716,0.227238751094,33.579082012
216,21700,67100,22700,0.643688721241,0.271288358621,33.736356973
217,21800,67400,22800,0.677258608479,0.373289084746,33.880738973
218,21900,67700,22900,0.657917722701,0.306406082035,34.028279066
219,22000,68000,23000,0.636531581188,0.200085833747,34.177185058
220,22100,68500,23200,0.676022473414,0.319403291936,34.466552019
221,22200,68800,23300,0.664103703336,0.238247869306,34.609605073
222,22300,69100,23400,0.656288461475,0.156472255695,34.757438898
223,22400,69400,23500,0.681445704745,0.339576507313,34.905840873
224,22500,69700,23600,0.649984851698,0.258210335462,35.050127983
225,22600,70000,23700,0.685931981282,0.23203784149,35.193474054
226,22700,70300,23800,0.689760094267,0.304464942131,35.334807872
227,22800,70600,23900,0.666127272126,0.219671309972,35.482424974
228,22900,70900,24000,0.641226196665,0.316017306663,35.632444858
229,23000,71200,24100,0.679813528681,0.215195861292,35.776401042
230,23100,71500,24200,0.662167085958,0.188382154275,35.925684928
231,23200,71800,24300,0.677233491414,0.210916089992,36.073437929
232,23300,72100,24400,0.7097736739,0.304071640134,36.219102859
233,23400,72400,24500,0.680627177836,0.286154826718,36.363955974
234,23500,72700,24600,0.667398875593,0.246449839834,36.52472305
235,23600,73000,24700,0.685787132615,0.278092476845,36.665798902
236,23700,73300,24800,0.647080550519,0.278498378358,36.807337999
237,23800,73600,24900,0.661348401115,0.652691160024,36.954226970
238,23900,73900,25000,0.637079809418,0.253735099054,37.09361100
239,24000,74200,25100,0.684614204594,0.385903047929,37.240867853
240,24100,74700,25300,0.663816226764,0.346711746092,37.542962074
241,24200,75000,25400,0.634607352692,0.379980199624,37.773808956
242,24300,75300,25500,0.688005748661,0.246419127387,37.945270061
243,24400,75600,25600,0.705091551987,0.377135319855,38.093999862
244,24500,75900,25700,0.654003273957,0.19378611987,38.241277933
245,24600,76200,25800,0.687464378098,0.300986385274,38.377456903
246,24700,76500,25900,0.651123894023,0.212254452537,38.517251014
247,24800,76800,26000,0.675350435916,0.267510457775,38.672692060
248,24900,77100,26100,0.651663010219,0.301038197181,38.808783054
249,25000,77400,26200,0.642994746219,0.221009135318,38.957191944
250,25100,77700,26300,0.633774385704,0.222923224702,39.107825994
251,25200,78000,26400,0.670822183067,0.317896022672,39.258862972
252,25300,78300,26500,0.691160730651,0.260903020613,39.401394844
253,25400,78600,26600,0.668673476795,0.500233439974,39.554059982
254,25500,78900,26700,0.639001010573,0.24650711744,39.713716983
255,25600,79200,26800,0.677966361996,0.272771487716,39.863869905
256,25700,79500,26900,0.676991086591,0.333963906757,40.007664918
257,25800,79800,27000,0.677181121395,0.190000560516,40.156173944
258,25900,80100,27100,0.656846080372,0.283856867674,40.309283971
259,26000,80400,27200,0.66290773937,0.259064181488,40.466405868
260,26100,80900,27400,0.665574930824,0.183606514672,40.774972915
261,26200,81200,27500,0.653325460559,0.293329424742,40.927453041
262,26300,81500,27600,0.702981223062,0.310643610355,41.084656953
263,26400,81800,27700,0.640213494491,0.316773601892,41.236392021
264,26500,82100,27800,0.671880772257,0.229999481558,41.38759589
265,26600,82400,27900,0.705562471833,0.437992060113,41.539972066
266,26700,82700,28000,0.688739096102,0.221615196264,41.686236858
267,26800,83000,28100,0.674344782304,0.201854520574,41.833446025
268,26900,83300,28200,0.649777400352,0.249780989845,42.015840053
269,27000,83600,28300,0.66787336453,0.241632113571,42.218819856
270,27100,83900,28400,0.666173223701,0.174474397,42.382863998
271,27200,84200,28500,0.659105195035,0.191473869871,42.534358024
272,27300,84500,28600,0.675791184528,0.167837862281,42.674684047
273,27400,84800,28700,0.664309039993,0.320762238266,42.816470861
274,27500,85100,28800,0.690903591066,0.450558375957,42.970963001
275,27600,85400,28900,0.686561773061,0.300606132611,43.123897075
276,27700,85700,29000,0.65623647716,0.20765351658,43.290973901
277,27800,86000,29100,0.658676719427,0.253109861454,43.46108388
278,27900,86300,29200,0.679944252828,0.337027102007,43.684098005
279,28000,86600,29300,0.616039317686,0.236742964412,43.922169923
280,28100,87100,29500,0.670252140214,0.219781570252,44.255070924
281,28200,87400,29600,0.698440817708,0.169582341952,44.413215875
282,28300,87700,29700,0.682498807417,0.352421801116,44.564298868
283,28400,88000,29800,0.677227366007,0.234468367548,44.709306955
284,28500,88300,29900,0.650794370235,0.278894499835,44.861548900
285,28600,88600,30000,0.683663352559,0.202029690457,45.022531032
286,28700,88900,30100,0.647887985615,0.218697304533,45.165127992
287,28800,89200,30200,0.661492597224,0.250128230394,45.315161943
288,28900,89500,30300,0.65974792609,0.277315016661,45.467005014
289,29000,89800,30400,0.649280619105,0.347647009577,45.620332956
290,29100,90100,30500,0.696262901192,0.264749769635,45.766062974
291,29200,90400,30600,0.701309079249,0.31615503741,45.91419291
292,29300,90700,30700,0.680049441671,0.34710250187,46.070164918
293,29400,91000,30800,0.668989171902,0.249507644596,46.210435867
294,29500,91300,30900,0.658046123976,0.492597792108,46.364881992
295,29600,91600,31000,0.688955511819,0.398777629766,46.518167972
296,29700,91900,31100,0.660915609835,0.399148352106,46.669636964
297,29800,92200,31200,0.696285463059,0.452598667816,46.816320896
298,29900,92500,31300,0.649291274121,0.41023118,46.963706016
299,30000,92800,31400,0.664016671986,0.267962445677,47.106420993
300,30100,93300,31600,0.670063169197,0.27980211557,47.390245914
301,30200,93600,31700,0.684516993458,0.204238946909,47.534667968
302,30300,93900,31800,0.659867701847,0.330821144958,47.680624961
303,30400,94200,31900,0.637206282315,0.437354251434,47.829428911
304,30500,94500,32000,0.657434642279,0.234147316384,47.982362985
305,30600,94800,32100,0.64990416212,0.234926166605,48.142170906
306,30700,95100,32200,0.676749921274,0.495396994426,48.289440870
307,30800,95400,32300,0.691383403254,0.283196296112,48.433212995
308,30900,95700,32400,0.671986328345,0.274037175698,48.581445932
309,31000,96000,32500,0.663847535706,0.29022821242,48.740975856
310,31100,96300,32600,0.667899700471,0.526910140429,48.886096000
311,31200,96600,32700,0.659335053734,0.27775747986,49.03518700
312,31300,96900,32800,0.69171954068,0.31851497632,49.182908058
313,31400,97200,32900,0.677604385342,0.232747655533,49.330050945
314,31500,97500,33000,0.640170824898,0.243657194539,49.475502967
315,31600,97800,33100,0.658631181704,0.347604582137,49.621057033
316,31700,98100,33200,0.647959956724,0.332467835356,49.765588045
317,31800,98400,33300,0.654728727173,0.335401494455,49.921900987
318,31900,98700,33400,0.650941601933,0.388008615846,50.078516006
319,32000,99000,33500,0.679517519167,0.2267232698,50.221874952
320,32100,99500,33700,0.682184628325,0.234209589825,50.524793863
321,32200,99800,33800,0.699847527579,0.303060156774,50.671043872
322,32300,100100,33900,0.658166149969,0.30190127981,50.820986986
323,32400,100400,34000,0.698723411335,0.281393315603,50.971600055
324,32500,100700,34100,0.663545593542,0.237216220624,51.117256879
325,32600,101000,34200,0.701588350059,0.274896610663,51.267994880
326,32700,101300,34300,0.652461222339,0.152262636522,51.423805952
327,32800,101600,34400,0.661992003319,0.274192652517,51.568228006
328,32900,101900,34500,0.644795872768,0.219432004037,51.716330051
329,33000,102200,34600,0.677017154133,0.278865724321,51.865880966
330,33100,102500,34700,0.676372839729,0.343910706143,52.017539024
331,33200,102800,34800,0.672280000784,0.157142993939,52.17056894
332,33300,103100,34900,0.676821782296,0.304621380341,52.309531927
333,33400,103400,35000,0.677241162871,0.323840424535,52.4727029
334,33500,103700,35100,0.663801490156,0.253347173758,52.619421958
335,33600,104000,35200,0.670294950403,0.231789371751,52.772866964
336,33700,104300,35300,0.648612024045,0.221835151243,52.928232908
337,33800,104600,35400,0.690672424468,0.377046116191,53.077223062
338,33900,104900,35500,0.695407487767,0.350691855524,53.220159053
339,34000,105200,35600,0.692647245515,0.211824299579,53.350843906
340,34100,105700,35800,0.656647715189,0.229994920024,53.633000850
341,34200,106000,35900,0.66776316603,0.424291944037,53.782693862
342,34300,106300,36000,0.672746402098,0.276464672079,53.925457000
343,34400,106600,36100,0.627873312965,0.20240347377,54.137266874
344,34500,106900,36200,0.676624484276,0.285998216841,54.329890966
345,34600,107200,36300,0.634020076718,0.273062424361,54.476152896
346,34700,107500,36400,0.675825361376,0.206961704258,54.621701955
347,34800,107800,36500,0.673658746624,0.336418761298,54.764124870
348,34900,108100,36600,0.669079899483,0.397336149672,54.903267860
349,35000,108400,36700,0.684881816218,0.264586346436,55.043494939
350,35100,108700,36800,0.652239855663,0.250369922478,55.206192016
351,35200,109000,36900,0.667470346218,0.308738921866,55.377053022
352,35300,109300,37000,0.662700002361,0.336711194295,55.567806005
353,35400,109600,37100,0.630218769344,0.329945499094,55.709961891
354,35500,109900,37200,0.679184551663,0.270088590671,55.866621971
355,35600,110200,37300,0.671222801121,0.280277622382,56.003152847
356,35700,110500,37400,0.678934273461,0.270943761568,56.156590938
357,35800,110800,37500,0.675013597622,0.204460899667,56.311413049
358,35900,111100,37600,0.670636581052,0.234429817833,56.453606843
359,36000,111400,37700,0.655101599575,0.583223935716,56.603952884
360,36100,111900,37900,0.678996390372,0.247388872236,56.900377035
361,36200,112200,38000,0.661574853434,0.240092658005,57.055485963
362,36300,112500,38100,0.661826624836,0.369974164867,57.213813066
363,36400,112800,38200,0.672992866376,0.226458686116,57.37014198
364,36500,113100,38300,0.691782783387,0.224925398054,57.515424966
365,36600,113400,38400,0.659782508902,0.348131496562,57.718148946
366,36700,113700,38500,0.666765177887,0.183280200943,57.86789894
367,36800,114000,38600,0.673833760247,0.303815731868,58.028261899
368,36900,114300,38700,0.668774979142,0.280517244186,58.181838989
369,37000,114600,38800,0.663858198867,0.439718116378,58.342324972
370,37100,114900,38900,0.641876793074,0.251614548331,58.488856077
371,37200,115200,39000,0.658454703361,0.180198803772,58.640125989
372,37300,115500,39100,0.693047268749,0.308418336528,58.783506870
373,37400,115800,39200,0.659287754404,0.180857605045,58.927025079
374,37500,116100,39300,0.644543850989,0.357693524664,59.083415031
375,37600,116400,39400,0.678746992493,0.24783393325,59.240280866
376,37700,116700,39500,0.676286851296,0.225699779167,59.384119033
377,37800,117000,39600,0.668654902815,0.177688412762,59.529415845
378,37900,117300,39700,0.646134042672,0.26616401843,59.671288967
379,38000,117600,39800,0.633673116822,0.195700879318,59.815504074
380,38100,118100,40000,0.672451322496,0.219634119117,60.121515035
381,38200,118400,40100,0.639273695853,0.239913155544,60.274430990
382,38300,118700,40200,0.671664255156,0.234419357978,60.421108007
383,38400,119000,40300,0.681431920782,0.261072720957,60.571909904
384,38500,119300,40400,0.667827089918,0.322934898016,60.727119922
385,38600,119600,40500,0.668922980916,0.190646749488,60.878061056
386,38700,119900,40600,0.663021097473,0.29304359346,61.03478884
387,38800,120200,40700,0.656442953193,0.222619981814,61.184836864
388,38900,120500,40800,0.707892661792,0.354630141029,61.340440034
389,39000,120800,40900,0.6797570781,0.478790837899,61.489819049
390,39100,121100,41000,0.665786858687,0.273147410324,61.624068975
391,39200,121400,41100,0.662277039883,0.213752111165,61.780585050
392,39300,121700,41200,0.675639117855,0.443565365963,61.929569959
393,39400,122000,41300,0.674831255358,0.264573222447,62.071614980
394,39500,122300,41400,0.65226785366,0.20285269713,62.218618869
395,39600,122600,41500,0.673466228576,0.210923877894,62.366565942
396,39700,122900,41600,0.6606645068,0.152853728724,62.513437032
397,39800,123200,41700,0.646528590951,0.168296737172,62.65705084
398,39900,123500,41800,0.640750313054,0.206617675986,62.858909845
399,40000,123800,41900,0.636705421859,0.207924953023,63.017987966
400,40100,124300,42100,0.653318104082,0.258082806685,63.308887004
401,40200,124600,42200,0.670529591474,0.251677779409,63.453834056
402,40300,124900,42300,0.677844293655,0.369715838689,63.60482001
403,40400,125200,42400,0.678568552257,0.474295162212,63.753761053
404,40500,125500,42500,0.654309528755,0.272534522883,63.900704860
405,40600,125800,42600,0.662095167272,0.495209086042,64.048804998
406,40700,126100,42700,0.669169853927,0.282402754036,64.199087858
407,40800,126400,42800,0.666165242709,0.190677450062,64.348394870
408,40900,126700,42900,0.640834546648,0.209080020805,64.49516987
409,41000,127000,43000,0.659741350923,0.321504246836,64.645856857
410,41100,127300,43100,0.686138167396,0.307481960622,64.792240858
411,41200,127600,43200,0.685346602358,0.366784224625,64.934452056
412,41300,127900,43300,0.668637127104,0.238588146584,65.085608005
413,41400,128200,43400,0.663966049472,0.208825742526,65.240417003
414,41500,128500,43500,0.681870536259,0.478958728218,65.388784885
415,41600,128800,43600,0.6719431349,0.191462041706,65.538001060
416,41700,129100,43700,0.660359604075,0.373232199757,65.683488845
417,41800,129400,43800,0.665680654875,0.402789376923,65.8630249
418,41899,129697,43900,0.635308778729,0.264126819539,66.016552925
419,41999,129997,44000,0.639088174007,0.550143095918,66.167228937
420,42099,130497,44200,0.66877626104,0.345920282055,66.468502998
421,42199,130797,44300,0.642038541823,0.222116131329,66.608763933
422,42299,131097,44400,0.694210291466,0.600511680266,66.758065938
423,42399,131397,44500,0.682974049805,0.212771349926,66.909020900
424,42499,131697,44600,0.675321121878,0.406126544373,67.068439960
425,42599,131997,44700,0.657457497019,0.350601211513,67.216848850
426,42699,132297,44800,0.70187195374,0.261390482659,67.367565870
427,42799,132597,44900,0.662890198132,0.211036953946,67.513594865
428,42899,132897,45000,0.672694052426,0.44143769812,67.664473056
429,42999,133197,45100,0.677212659321,0.174456740232,67.820047855
430,43099,133497,45200,0.664456369762,0.274292153015,67.960876941
431,43199,133797,45300,0.666291049916,0.375568209182,68.109510898
432,43299,134097,45400,0.67147955187,0.426315637354,68.249714851
433,43399,134397,45500,0.659860896167,0.247986873961,68.398534059
434,43499,134697,45600,0.653327832721,0.24757203692,68.556191921
435,43599,134997,45700,0.679025518588,0.236689620709,68.711932897
436,43699,135297,45800,0.678275178572,0.330021438968,68.860224008
437,43799,135597,45900,0.668100229908,0.234523323633,69.014554023
438,43899,135897,46000,0.694607150106,0.440062868132,69.160568952
439,43999,136197,46100,0.670260059675,0.275762935754,69.319509029
440,44099,136697,46300,0.641603520597,0.300029773486,69.653188943
441,44199,136997,46400,0.682205520863,0.283869636286,69.808230876
442,44299,137297,46500,0.649339251158,0.167135034118,69.95636200
443,44399,137597,46600,0.646620514939,0.422035512437,70.109269857
444,44499,137897,46700,0.648416839256,0.295953905619,70.260769844
445,44599,138197,46800,0.663889462069,0.197994455337,70.404463052
446,44699,138497,46900,0.655099281204,0.410217418374,70.544910907
447,44799,138797,47000,0.640867630338,0.290334935929,70.692093849
448,44899,139097,47100,0.664114593903,0.251315240492,70.834583044
449,44999,139397,47200,0.650467995116,0.201415077818,70.987839937
450,45099,139697,47300,0.678192180659,0.317424975518,71.129950046
451,45199,139997,47400,0.644850602174,0.303705208168,71.274569034
452,45299,140297,47500,0.682331109992,0.189015939842,71.418392896
453,45399,140597,47600,0.645790766042,0.254304318552,71.564113855
454,45499,140897,47700,0.645144417433,0.3467782909,71.717182874
455,45599,141197,47800,0.70887732687,0.596645439032,71.876652002
456,45699,141497,47900,0.656472829689,0.198434826084,72.024488925
457,45799,141797,48000,0.632902416358,0.282983362873,72.173666000
458,45899,142097,48100,0.645366179791,0.263912539934,72.333170890
459,45999,142397,48200,0.631581659257,0.32239999961,72.486844062
460,46099,142897,48400,0.673647019477,0.473852771698,72.77202892
461,46199,143197,48500,0.660612835988,0.209021765041,72.944566965
462,46299,143497,48600,0.65204522819,0.233145011761,73.159540891
463,46399,143797,48700,0.685539649217,0.332027730618,73.320137977
464,46499,144097,48800,0.64039059285,0.262053015366,73.502572059
465,46599,144397,48900,0.681426981128,0.224290452489,73.680083036
466,46699,144697,49000,0.674693006029,0.405551467283,73.841583967
467,46799,144997,49100,0.67812677678,0.252718619095,73.987348079
468,46899,145297,49200,0.656326627778,0.280429818866,74.150935888
469,46999,145597,49300,0.695968100896,0.272758801087,74.29292488
470,47099,145897,49400,0.673644940715,0.369046176649,74.435534954
471,47199,146197,49500,0.666892630642,0.21243147476,74.581821918
472,47299,146497,49600,0.662793945859,0.322158141438,74.729771852
473,47399,146797,49700,0.686970662483,0.296056464353,74.873977899
474,47499,147097,49800,0.702778147341,0.33936814443,75.02103495
475,47599,147397,49900,0.655157584432,0.407078234905,75.166548967
476,47699,147697,50000,0.672817222065,0.51564940135,75.309136867
477,47799,147997,50100,0.645535967156,0.310740373031,75.451318979
478,47899,148297,50200,0.64986556235,0.192424646092,75.591450929
479,47999,148597,50300,0.692212754484,0.478572750693,75.730802059
480,48099,149097,50500,0.659021565395,0.24528913714,76.030645847
481,48199,149397,50600,0.637179389519,0.262813630667,76.183748960
482,48299,149697,50700,0.675777408933,0.339499615813,76.323137044
483,48399,149997,50800,0.669081221502,0.259039393191,76.479348897
484,48499,150297,50900,0.695589146945,0.236828276596,76.609015941
485,48599,150597,51000,0.672871001333,0.283103827993,76.730185031
486,48699,150897,51100,0.667584133968,0.164622825944,76.860229015
487,48799,151197,51200,0.661052758999,0.244123525145,77.004459857
488,48899,151497,51300,0.68356485316,0.251910093107,77.15173602
489,48999,151797,51400,0.669443582529,0.361567862734,77.295006036
490,49099,152097,51500,0.667052616896,0.218728772908,77.437737941
491,49199,152397,51600,0.644335255743,0.447223257948,77.575303077
492,49299,152697,51700,0.651985674343,0.314355060285,77.72246885
493,49399,152997,51800,0.643306696313,0.176151104223,77.878738880
494,49499,153297,51900,0.665811627794,0.368885011674,78.056174993
495,49599,153597,52000,0.644965134015,0.28062421622,78.212990999
496,49699,153897,52100,0.676170421987,0.203529161504,78.352494955
497,49799,154197,52200,0.64940052664,0.220135334167,78.490411996
498,49899,154497,52300,0.67140032584,0.287049934189,78.637637853
499,49999,154797,52400,0.657179129685,0.23582326544,78.788183927
500,50099,155297,52600,0.694189670418,0.219310914815,79.047878980
501,50199,155597,52700,0.675739505969,0.208975917568,79.186365842
502,50299,155897,52800,0.676273359333,0.366010156988,79.310533046
503,50399,156197,52900,0.659603470343,0.225756684091,79.449073076
504,50499,156497,53000,0.670780922796,0.503595421358,79.596652030
505,50599,156797,53100,0.690697351346,0.444818629168,79.753078937
506,50699,157097,53200,0.682809073112,0.470172784921,79.890514850
507,50799,157397,53300,0.676476812639,0.24351409263,80.034247875
508,50899,157697,53400,0.675042153159,0.258499884718,80.181218862
509,50999,157997,53500,0.669219334477,0.259919461951,80.333111047
510,51099,158297,53600,0.648810381459,0.312601536198,80.468035936
511,51199,158597,53700,0.630721158868,0.214391482219,80.617795944
512,51299,158897,53800,0.677229557104,0.526741743928,80.766531944
513,51399,159197,53900,0.716908004999,0.78893275528,80.918568849
514,51499,159497,54000,0.673633329029,0.217876822418,81.101284980
515,51599,159797,54100,0.653129473772,0.253616320156,81.256871938
516,51699,160097,54200,0.656605765046,0.373533884668,81.389371871
517,51799,160397,54300,0.656805823452,0.370041176619,81.540698051
518,51899,160697,54400,0.648850317576,0.198960280969,81.694994926
519,51999,160997,54500,0.655442304329,0.212800374343,81.838984966
520,52099,161497,54700,0.657135707564,0.32703878174,82.13422393
521,52199,161797,54800,0.651757578945,0.170843503657,82.284261941
522,52299,162097,54900,0.642915361965,0.278234664293,82.429251909
523,52399,162397,55000,0.662129504533,0.155460832959,82.59068107
524,52499,162697,55100,0.704701078742,0.351681038984,82.753124952
525,52599,162997,55200,0.667186444287,0.24772764277,82.896218061
526,52699,163297,55300,0.679603081223,0.274280495784,83.050477981
527,52799,163597,55400,0.652148865778,0.536408529951,83.205050945
528,52899,163897,55500,0.634063999041,0.265370314086,83.351769924
529,52999,164197,55600,0.678514622433,0.281867430539,83.506192922
530,53099,164497,55700,0.678445945632,0.185308868219,83.656419038
531,53199,164797,55800,0.698482168424,0.529882398518,83.797400951
532,53299,165097,55900,0.647034621851,0.291561487705,83.942708015
533,53399,165397,56000,0.677157787558,0.24634982765,84.093720912
534,53499,165697,56100,0.655122928101,0.229518340538,84.239527940
535,53599,165997,56200,0.664181397377,0.32048708232,84.38244795
536,53699,166297,56300,0.663471621554,0.149825820964,84.520890951
537,53799,166597,56400,0.660858657835,0.210212650359,84.66488385
538,53899,166897,56500,0.703084033715,0.235584095499,84.803184986
539,53999,167197,56600,0.666421232629,0.148868066774,84.943740844
540,54099,167697,56800,0.669470343093,0.215125598877,85.224456071
541,54199,167997,56900,0.683622267349,0.423020483647,85.372982978
542,54299,168297,57000,0.657894513755,0.256378544985,85.518931865
543,54399,168597,57100,0.659065651872,0.217880074365,85.66349291
544,54499,168897,57200,0.678350742671,0.239438767119,85.82333588
545,54599,169197,57300,0.670910560378,0.257617517997,85.968625068
546,54699,169497,57400,0.655750247242,0.294980712405,86.118896961
547,54799,169797,57500,0.65751681358,0.153885057466,86.267086029
548,54899,170097,57600,0.644430624428,0.200625406682,86.429960966
549,54999,170397,57700,0.647860599203,0.313337668172,86.59091687
550,55099,170697,57800,0.686820577899,0.285793993345,86.771389961
551,55199,170997,57900,0.649868870635,0.307194937319,86.925621032
552,55299,171297,58000,0.648829322224,0.291643666602,87.093250989
553,55399,171597,58100,0.648370589259,0.183205962282,87.239346027
554,55499,171897,58200,0.655914099459,0.294790425449,87.385077953
555,55599,172197,58300,0.647580602773,0.246253611917,87.541674852
556,55699,172497,58400,0.666884522765,0.200916247675,87.690989971
557,55799,172797,58500,0.64300485502,0.434317466616,87.843426942
558,55899,173097,58600,0.653095790865,0.221532373508,87.980377912
559,55999,173397,58700,0.672665407647,0.278112278425,88.129039049
560,56099,173897,58900,0.662396347871,0.377662271138,88.424881935
561,56199,174197,59000,0.658277794979,0.242108021672,88.572916030
562,56299,174497,59100,0.680957767837,0.174095135321,88.717647075
563,56399,174797,59200,0.653808893188,0.194840792439,88.870074987
564,56499,175097,59300,0.661063804509,0.257980955531,89.019403934
565,56599,175397,59400,0.644643152684,0.298744320621,89.17383384
566,56699,175697,59500,0.655079252868,0.209900393753,89.320916891
567,56799,175997,59600,0.658025459748,0.200327174984,89.469884872
568,56899,176297,59700,0.662911711114,0.29489285495,89.617758035
569,56999,176597,59800,0.636746113815,0.339383252944,89.76255488
570,57099,176897,59900,0.694757980681,0.375453887352,89.948894977
571,57199,177197,60000,0.647928021235,0.216580348694,90.22407507
572,57299,177497,60100,0.642738700846,0.320785199325,90.37870287
573,57399,177797,60200,0.642117085718,0.373017065263,90.528049945
574,57499,178097,60300,0.638479233216,0.282068077648,90.673991918
575,57599,178397,60400,0.6649755854,0.452470738921,90.821954965
576,57699,178697,60500,0.686878979566,0.354779466809,90.958736896
577,57799,178997,60600,0.620131098686,0.417605499799,91.13302493
578,57899,179297,60700,0.658401839952,0.130972595809,91.31384706
579,57999,179597,60800,0.652750736042,0.256472509997,91.547859907
580,58099,180097,61000,0.64863729494,0.245368225998,91.892246007
581,58199,180397,61100,0.669024958693,0.266606259622,92.070508956
582,58299,180697,61200,0.697830545754,0.375286402734,92.245662927
583,58399,180997,61300,0.654634425054,0.222453400265,92.413997888
584,58499,181297,61400,0.627636932425,0.272400064307,92.602624893
585,58599,181597,61500,0.702485470251,0.369985413092,92.784384012
586,58699,181897,61600,0.677610653826,0.249228772437,92.957515001
587,58799,182197,61700,0.673088701668,0.193330359932,93.152430057
588,58899,182497,61800,0.650162436493,0.220844063454,93.311487913
589,58999,182797,61900,0.672582803658,0.24289966014,93.458312034
590,59099,183097,62000,0.669786125743,0.193425507022,93.612859964
591,59199,183397,62100,0.676836584505,0.237243107007,93.760320901
592,59299,183697,62200,0.66889881834,0.401034971025,93.90698194
593,59399,183997,62300,0.686248884462,0.598763284638,94.09116005
594,59499,184297,62400,0.651611434021,0.345392372727,94.243098020
595,59599,184597,62500,0.656220544904,0.234076491025,94.408079862
596,59699,184897,62600,0.668887046315,0.255696543379,94.553246974
597,59799,185197,62700,0.676572241233,0.462807272687,94.698493957
598,59899,185497,62800,0.672860631538,0.421057751439,94.846607923
599,59999,185797,62900,0.650642512201,0.237644484379,94.994152069
600,60099,186297,63100,0.629426841044,0.320477683008,95.339644908
601,60199,186597,63200,0.652123252594,0.179644323226,95.50998091
602,60299,186897,63300,0.648929475469,0.302202844002,95.655665874
603,60399,187197,63400,0.642142057468,0.201883634251,95.804225921
604,60499,187497,63500,0.664019671865,0.287088617876,95.948096990
605,60599,187797,63600,0.669286031666,0.248518035088,96.105877876
606,60699,188097,63700,0.684457763762,0.295155675912,96.246410846
607,60799,188397,63800,0.642804504188,0.212126969687,96.393836975
608,60899,188697,63900,0.653490010475,0.212846501319,96.54450893
609,60999,188997,64000,0.638050635498,0.296472254706,96.695209026
610,61099,189297,64100,0.674257112007,0.273388254802,96.839344024
611,61198,189594,64200,0.64927433951,0.282761834881,96.982946872
612,61298,189894,64300,0.700420705682,0.241265502293,97.126332998
613,61398,190194,64400,0.663377341775,0.189148356915,97.286535024
614,61498,190494,64500,0.680793464349,0.435385244837,97.465342998
615,61598,190794,64600,0.677491582622,0.262127512588,97.614980936
616,61698,191094,64700,0.662816590121,0.312681155298,97.759517908
617,61798,191394,64800,0.672458069179,0.314996450192,97.903038978
618,61898,191694,64900,0.703251209001,0.274631708098,98.05755996
619,61998,191994,65000,0.669672811154,0.252869307412,98.204292058
620,62098,192494,65200,0.659131278941,0.163581530748,98.48547601
621,62198,192794,65300,0.675829184136,0.30023017124,98.623172044
622,62298,193094,65400,0.634764096485,0.162227058413,98.773145914
623,62398,193394,65500,0.685546046837,0.416516854917,98.912818908
624,62498,193694,65600,0.645470473755,0.291251076265,99.063502073
625,62598,193994,65700,0.649703751731,0.337569057857,99.21546292
626,62698,194294,65800,0.651993386773,0.18123169915,99.367784023
627,62798,194594,65900,0.658589403119,0.380886744546,99.513596057
628,62898,194894,66000,0.650260892909,0.315910119843,99.656117916
629,62998,195194,66100,0.650752899066,0.258699647327,99.803729057
630,63098,195494,66200,0.662544674526,0.274436432195,99.93944001
631,63198,195794,66300,0.667677097485,0.234204852498,100.06979203
632,63298,196094,66400,0.65030864269,0.326955377635,100.2172439
633,63398,196394,66500,0.67766970804,0.296233446559,100.37005186
634,63498,196694,66600,0.634062049776,0.257765393185,100.51152586
635,63598,196994,66700,0.631837046741,0.269510531897,100.65736484
636,63698,197294,66800,0.673550119119,0.197420684022,100.79973506
637,63798,197594,66900,0.651507809463,0.279883375159,100.9439239
638,63898,197894,67000,0.647137159457,0.208888000986,101.09314894
639,63998,198194,67100,0.674426967224,0.268822209978,101.24286007
640,64098,198694,67300,0.659660386589,0.540229646327,101.53692793
641,64198,198994,67400,0.660403915654,0.208989573535,101.67825794
642,64298,199294,67500,0.649630574734,0.41715220176,101.83220386
643,64398,199594,67600,0.685295384252,0.284405022018,101.9641170
644,64498,199894,67700,0.667657543098,0.231480821408,102.11237692
645,64598,200194,67800,0.632244584663,0.388961972801,102.26283407
646,64698,200494,67900,0.652850275419,0.196120259116,102.4169390
647,64798,200794,68000,0.677307469207,0.254498669737,102.56881284
648,64898,201094,68100,0.661100930048,0.216652187864,102.71852588
649,64998,201394,68200,0.672143652899,0.301211835313,102.87349104
650,65098,201694,68300,0.691626081181,0.33424186337,103.02138590
651,65198,201994,68400,0.643111098554,0.275576457003,103.18215489
652,65298,202294,68500,0.677983034824,0.376584329967,103.33903503
653,65398,202594,68600,0.661543642486,0.208846429494,103.48088598
654,65498,202894,68700,0.671641072783,0.318713250824,103.60992598
655,65598,203194,68800,0.712367376769,0.286317301297,103.74747800
656,65698,203494,68900,0.654973732985,0.211056020206,103.89312791
657,65798,203794,69000,0.650325438921,0.199225102041,104.04117488
658,65898,204094,69100,0.655862082305,0.240542396201,104.1869270
659,65998,204394,69200,0.632546136176,0.582642956471,104.33079600
660,66098,204894,69400,0.659481438029,0.386196131314,104.62767696
661,66198,205194,69500,0.66114003842,0.238364888739,104.7898118
662,66298,205494,69600,0.699419166212,0.23838842282,104.93088388
663,66398,205794,69700,0.660775798053,0.290632502715,105.08297395
664,66498,206094,69800,0.6373620499,0.258828835484,105.23608994
665,66598,206394,69900,0.673638349271,0.263254325934,105.38304996
666,66698,206694,70000,0.671898563792,0.384520155013,105.5526778
667,66798,206994,70100,0.674950246744,0.229722137917,105.69670391
668,66898,207294,70200,0.649789264064,0.233852072103,105.84183406
669,66998,207594,70300,0.657451856536,0.23227326592,105.98924994
670,67098,207894,70400,0.686957156426,0.474386797903,106.13633084
671,67198,208194,70500,0.696875801557,0.321161521856,106.2822239
672,67298,208494,70600,0.674322864361,0.194016906115,106.42935085
673,67398,208794,70700,0.617005849929,0.459054283919,106.57430601
674,67498,209094,70800,0.651298303815,0.265851384021,106.71954393
675,67598,209394,70900,0.663153938404,0.493579734211,106.8656859
676,67698,209694,71000,0.672394604213,0.301322498279,107.00822186
677,67798,209994,71100,0.650170263048,0.383390747348,107.15811204
678,67898,210294,71200,0.639782457614,0.1528805844,107.3065900
679,67998,210594,71300,0.673211549825,0.25889686238,107.46385502
680,68098,211094,71500,0.657812165901,0.29890764611,107.7584788
681,68198,211394,71600,0.660651294197,0.2418015583,107.90448689
682,68298,211694,71700,0.624484125458,0.357889718048,108.06353902
683,68398,211994,71800,0.656222140832,0.24834076207,108.21369695
684,68498,212294,71900,0.667612989182,0.177513417574,108.3709218
685,68598,212594,72000,0.658887806896,0.324984660808,108.52229404
686,68698,212894,72100,0.672193375076,0.242905814655,108.67257094
687,68798,213194,72200,0.684251741272,0.266852058658,108.82522487
688,68898,213494,72300,0.672184313478,0.342219289732,108.96820902
689,68998,213794,72400,0.661237990922,0.252895295568,109.11192703
690,69098,214094,72500,0.696915242524,0.319012999082,109.26375794
691,69198,214394,72600,0.646448889331,0.208072192883,109.40668392
692,69298,214694,72700,0.678881735978,0.172165490596,109.55563998
693,69398,214994,72800,0.667820684141,0.358802291424,109.70520687
694,69498,215294,72900,0.657761758647,0.35356755381,109.84768104
695,69598,215594,73000,0.659453785736,0.263996268308,109.99671888
696,69698,215894,73100,0.657411107174,0.200326211505,110.15121889
697,69798,216194,73200,0.683154514211,0.232524812124,110.29392695
698,69898,216494,73300,0.650874846003,0.228424226059,110.43509697
699,69998,216794,73400,0.672536157761,0.186053781069,110.5823750
700,70098,217294,73600,0.685599529354,0.29547213789,110.94465994
701,70198,217594,73700,0.672203457937,0.242222842222,111.09462785
702,70298,217894,73800,0.661964696555,0.191034967855,111.24498796
703,70398,218194,73900,0.663868623847,0.168116743371,111.38990497
704,70498,218494,74000,0.646314098721,0.259179724086,111.54925990
705,70598,218794,74100,0.668403580199,0.315174849382,111.69892501
706,70698,219094,74200,0.632972273607,0.38417141276,111.84239292
707,70798,219394,74300,0.634669400293,0.362646879021,111.99775290
708,70898,219694,74400,0.658788134995,0.153854626217,112.14771890
709,70998,219994,74500,0.688065931133,0.196916902595,112.30603194
710,71098,220294,74600,0.674942541737,0.25201766089,112.45504593
711,71198,220594,74700,0.673398891111,0.430178830208,112.60369300
712,71298,220894,74800,0.671299130436,0.190791676272,112.74645304
713,71398,221194,74900,0.635933268677,0.296332107735,112.88805985
714,71498,221494,75000,0.656999151545,0.210633270223,113.03373098
715,71598,221794,75100,0.678992499897,0.20121299906,113.18563795
716,71698,222094,75200,0.669178872924,0.386158142593,113.34252595
717,71798,222394,75300,0.671010101083,0.350226141889,113.49273490
718,71898,222694,75400,0.663320325909,0.292508566942,113.63615894
719,71998,222994,75500,0.676453025341,0.485040218654,113.78852605
720,72098,223494,75700,0.641387202029,0.244291056617,114.07702684
721,72198,223794,75800,0.664468920771,0.361418020348,114.2241110
722,72298,224094,75900,0.648731709207,0.194622434739,114.38447284
723,72398,224394,76000,0.68214587223,0.256800489727,114.53923296
724,72498,224694,76100,0.648631699703,0.195746760068,114.69482803
725,72598,224994,76200,0.681744001052,0.333235844965,114.85690188
726,72698,225294,76300,0.661790873131,0.210972038237,115.00567984
727,72798,225594,76400,0.660368149497,0.238567277943,115.1464610
728,72898,225894,76500,0.664868395319,0.233288865916,115.28523397
729,72998,226194,76600,0.64632065057,0.230131481293,115.43058204
730,73098,226494,76700,0.64512515952,0.332275088406,115.56768608
731,73198,226794,76800,0.680026686955,0.250075596384,115.71618890
732,73298,227094,76900,0.686359810816,0.317146313691,115.87337899
733,73398,227394,77000,0.667271826501,0.430896208092,116.02053189
734,73498,227694,77100,0.66741487289,0.230093352011,116.16268491
735,73598,227994,77200,0.700879654471,0.374945410442,116.30392193
736,73698,228294,77300,0.665990103346,0.17155204801,116.45620489
737,73798,228594,77400,0.65007107441,0.250844903658,116.61315107
738,73898,228894,77500,0.661547117003,0.372887946934,116.76084899
739,73998,229194,77600,0.680525449246,0.2196895197,116.90004205
740,74098,229694,77800,0.678271506033,0.27889906707,117.1917500
741,74198,229994,77900,0.664811280289,0.167040610655,117.33910489
742,74298,230294,78000,0.663271121731,0.259879613339,117.48204398
743,74398,230594,78100,0.695712229157,0.427072878387,117.62608599
744,74498,230894,78200,0.681288393695,0.350066884595,117.77049493
745,74598,231194,78300,0.69523308232,0.236850498015,117.91083288
746,74698,231494,78400,0.693325559742,0.403231093018,118.06458187
747,74798,231794,78500,0.661856193187,0.337462908757,118.22896885
748,74898,232094,78600,0.62747519687,0.422963879332,118.38157796
749,74998,232394,78700,0.649706803131,0.188841807267,118.52720689
750,75098,232694,78800,0.672517569738,0.423758852456,118.67866301
751,75198,232994,78900,0.676230796073,0.334639124954,118.82111406
752,75298,233294,79000,0.65213789509,0.298598617868,118.96529102
753,75398,233594,79100,0.656710981363,0.578580476321,119.11306095
754,75498,233894,79200,0.678032439843,0.250513708433,119.27447986
755,75598,234194,79300,0.640436975938,0.291435759513,119.42692804
756,75698,234494,79400,0.687349456711,0.234817558792,119.57879185
757,75798,234794,79500,0.638496390561,0.2484715466,119.73411703
758,75898,235094,79600,0.654370337858,0.239300782299,119.88857889
759,75998,235394,79700,0.655642315158,0.32410225839,120.04101085
760,76098,235894,79900,0.67698263248,0.397529862605,120.34938001
761,76198,236194,80000,0.709531387666,0.651952833012,120.49948787
762,76298,236494,80100,0.677416155134,0.273734096709,120.64568591
763,76398,236794,80200,0.656282566061,0.421571649988,120.81069397
764,76498,237094,80300,0.688513201993,0.527368722743,120.96160101
765,76598,237394,80400,0.658148000338,0.181526907745,121.1121430
766,76698,237694,80500,0.681169545613,0.333967415995,121.26169586
767,76798,237994,80600,0.659017130935,0.442535398404,121.40213298
768,76898,238294,80700,0.628915775891,0.698188444895,121.5543060
769,76998,238594,80800,0.676472877623,0.453272567842,121.70010900
770,77098,238894,80900,0.663929214305,0.266925927271,121.84922289
771,77198,239194,81000,0.636228646092,0.268877074241,121.99439096
772,77298,239494,81100,0.650854039352,0.211010535019,122.15929484
773,77398,239794,81200,0.682450625765,0.248738019569,122.33341288
774,77498,240094,81300,0.670319820437,0.430989185423,122.48049306
775,77598,240394,81400,0.640527276843,0.151542506076,122.61792588
776,77698,240694,81500,0.669851678191,0.407177390096,122.77333688
777,77798,240994,81600,0.695712377081,0.315798456523,122.9184360
778,77898,241294,81700,0.683045241796,0.218100376147,123.0717868
779,77998,241594,81800,0.684025697379,0.387111216501,123.2174458
780,78098,242094,82000,0.657661943491,0.383990629423,123.51008391
781,78198,242394,82100,0.660654660085,0.305694137692,123.65613889
782,78298,242694,82200,0.65452068035,0.532019057935,123.80243706
783,78398,242994,82300,0.662928033205,0.277514609368,123.95942091
784,78498,243294,82400,0.654366880468,0.156217631704,124.11988806
785,78598,243594,82500,0.663846059744,0.26078120203,124.26665902
786,78698,243894,82600,0.682596033896,0.196570209697,124.4112808
787,78798,244194,82700,0.675186601064,0.305993686057,124.55463385
788,78898,244494,82800,0.627171787834,0.367398571217,124.7022068
789,78998,244794,82900,0.650828930446,0.256511246858,124.84462404
790,79098,245094,83000,0.700675871468,0.315774676023,124.99082994
791,79198,245394,83100,0.67552324916,0.18943774209,125.13474798
792,79298,245694,83200,0.63682961612,0.233466520529,125.28038406
793,79398,245994,83300,0.679371186541,0.244105901708,125.42629289
794,79498,246294,83400,0.674865288757,0.218643930802,125.55523800
795,79598,246594,83500,0.686096882175,0.286331398691,125.70592904
796,79698,246894,83600,0.636734724109,0.446033231932,125.83993601
797,79798,247194,83700,0.653418773139,0.268198955592,125.97585701
798,79898,247494,83800,0.660574644642,0.388166337835,126.11890792
799,79998,247794,83900,0.685128755329,0.193989878891,126.26214599
800,80098,248294,84100,0.699602583372,0.331382349183,126.53152704
801,80198,248594,84200,0.684300888238,0.305760569893,126.6776869
802,80298,248894,84300,0.658071591316,0.201938043815,126.82769107
803,80398,249194,84400,0.665414192642,0.341483701287,126.96683907
804,80498,249494,84500,0.649974035221,0.226306815723,127.09454393
805,80598,249794,84600,0.663056853501,0.202030724747,127.2306919
806,80698,250094,84700,0.68098121826,0.246282460413,127.36770796
807,80798,250394,84800,0.657231467037,0.263654422889,127.51991105
808,80898,250694,84900,0.658477191184,0.223417579859,127.67723989
809,80998,250994,85000,0.657076276725,0.27572539197,127.82520008
810,81098,251294,85100,0.65512277293,0.451768757598,127.97015404
811,81198,251594,85200,0.688584867489,0.301483615279,128.10732603
812,81298,251894,85300,0.671630005484,0.2937733067,128.24558496
813,81398,252194,85400,0.661382743515,0.295399533856,128.38687086
814,81498,252494,85500,0.651420386566,0.245713912424,128.56766104
815,81598,252794,85600,0.6384988491,0.272744883734,128.72092890
816,81698,253094,85700,0.666657146897,0.22644745988,128.86791086
817,81798,253394,85800,0.65962611461,0.222680021398,129.01060700
818,81898,253694,85900,0.680192771228,0.252126354188,129.15771484
819,81998,253994,86000,0.65567772682,0.206369235787,129.30813884
820,82098,254494,86200,0.656674121104,0.204969877475,129.606772
821,82198,254794,86300,0.666776024589,0.211009271543,129.75969791
822,82298,255094,86400,0.714108172583,0.421359854886,129.99300599
823,82398,255394,86500,0.660093317408,0.176803220065,130.160389
824,82498,255694,86600,0.670314040433,0.366995877676,130.30417299
825,82598,255994,86700,0.663075272781,0.511735472354,130.44990587
826,82698,256294,86800,0.668154568804,0.182782563403,130.59315991
827,82798,256594,86900,0.641565220155,0.309047443705,130.7311170
828,82898,256894,87000,0.647684245124,0.321310340558,130.87688493
829,82998,257194,87100,0.650618531739,0.20047626749,131.0157229
830,83098,257494,87200,0.669784048845,0.375702910304,131.15850305
831,83198,257794,87300,0.671987497754,0.416261898111,131.32457399
832,83298,258094,87400,0.657717168354,0.30055114304,131.49209594
833,83398,258394,87500,0.665951860414,0.258702950823,131.64437484
834,83498,258694,87600,0.68255559456,0.359070544867,131.79723501
835,83598,258994,87700,0.657290167238,0.260857490291,131.93984484
836,83698,259294,87800,0.652644992233,0.209934783191,132.08450102
837,83798,259594,87900,0.646507009871,0.294846383008,132.23306584
838,83898,259894,88000,0.63130414708,0.290104979519,132.37831807
839,83998,260194,88100,0.645052269757,0.372727625726,132.52423286
840,84098,260694,88300,0.692774601413,0.384016209959,132.80247306
841,84198,260994,88400,0.679572392906,0.395030674451,132.94658207
842,84298,261294,88500,0.670217716141,0.300623262807,133.08757090
843,84398,261594,88600,0.686656080246,0.16578705831,133.22846102
844,84498,261894,88700,0.649711000626,0.209082239127,133.37109994
845,84598,262194,88800,0.664238222587,0.376781236418,133.51828002
846,84698,262494,88900,0.657592188805,0.210300135406,133.67360186
847,84798,262794,89000,0.680274778637,0.228284560469,133.8306200
848,84898,263094,89100,0.673611079997,0.255741244737,133.9760770
849,84998,263394,89200,0.642162298587,0.252390599218,134.13686895
850,85098,263694,89300,0.659426354675,0.316414233567,134.26842403
851,85198,263994,89400,0.679902225862,0.285414638647,134.4224388
852,85298,264294,89500,0.658016556611,0.323495099605,134.56571292
853,85398,264594,89600,0.662892060399,0.320400889694,134.7151830
854,85498,264894,89700,0.632478189916,0.217963197326,134.86711692
855,85598,265194,89800,0.675814591103,0.196452109401,135.0390820
856,85698,265494,89900,0.660125259865,0.343840663758,135.18212294
857,85798,265794,90000,0.668637564131,0.472462838278,135.31951093
858,85898,266094,90100,0.65009899927,0.22623659977,135.47034192
859,85998,266394,90200,0.676782847906,0.242478293055,135.62455987
860,86098,266894,90400,0.682874627281,0.321744576791,135.92368507
861,86198,267194,90500,0.653009897254,0.296872074322,136.06877398
862,86298,267494,90600,0.619641538221,0.48815291248,136.2134039
863,86398,267794,90700,0.664851697027,0.302896730587,136.35624194
864,86498,268094,90800,0.638227688498,0.324734721135,136.5066139
865,86598,268394,90900,0.670045719395,0.373915758734,136.65445804
866,86698,268694,91000,0.67814553856,0.25831178111,136.80201005
867,86798,268994,91100,0.699574267898,0.275290424291,136.94074487
868,86898,269294,91200,0.688248909951,0.392262077683,137.08875584
869,86998,269594,91300,0.640536299979,0.235829961645,137.23964285
870,87098,269894,91400,0.69494884323,0.313679302933,137.39692497
871,87198,270194,91500,0.63097812738,0.198500183073,137.54880285
872,87298,270494,91600,0.673039202721,0.312665138458,137.69685602
873,87398,270794,91700,0.6485229464,0.286103029745,137.84237694
874,87498,271094,91800,0.663908687946,0.212363720853,137.99082994
875,87598,271394,91900,0.668002779053,0.322077936515,138.14985704
876,87698,271694,92000,0.659248078198,0.548115885698,138.28894805
877,87798,271994,92100,0.648448371522,0.29503548148,138.43399000
878,87898,272294,92200,0.660015914837,0.375410930883,138.57864785
879,87998,272594,92300,0.679240953666,0.348607502273,138.72814607
880,88098,273094,92500,0.678605119827,0.27883093093,139.01701903
881,88198,273394,92600,0.707491602405,0.242404029272,139.16196703
882,88298,273694,92700,0.631126955702,0.193757603168,139.30090689
883,88398,273994,92800,0.667314490064,0.452368245914,139.44280791
884,88498,274294,92900,0.662435584636,0.181790753193,139.58607792
885,88598,274594,93000,0.661935366086,0.504202395336,139.72997188
886,88698,274894,93100,0.691450616573,0.29939509484,139.87312293
887,88798,275194,93200,0.711508076308,0.306433240454,140.0159280
888,88898,275494,93300,0.658941657889,0.295011146229,140.16696286
889,88998,275794,93400,0.644720190383,0.394132263995,140.30878591
890,89098,276094,93500,0.649634039638,0.208241161204,140.45464086
891,89198,276394,93600,0.672704753361,0.247677696565,140.60155987
892,89298,276694,93700,0.65456313085,0.300414812074,140.75736689
893,89398,276994,93800,0.674354192506,0.323402281638,140.90414404
894,89498,277294,93900,0.65577591792,0.367244524222,141.05971598
895,89598,277594,94000,0.678283501529,0.266986270474,141.20082998
896,89698,277894,94100,0.675365070049,0.280195774506,141.34133505
897,89798,278194,94200,0.692684379839,0.256729524142,141.48518991
898,89898,278494,94300,0.663224879738,0.190100428024,141.62794303
899,89998,278794,94400,0.653567803302,0.365988282282,141.77128887
900,90098,279294,94600,0.679621899883,0.213719557531,142.06095194
901,90198,279594,94700,0.675728468274,0.292704249883,142.19933390
902,90298,279894,94800,0.671858664273,0.452088342938,142.34178
903,90398,280194,94900,0.674406007003,0.33058576959,142.47831296
904,90498,280494,95000,0.674216074312,0.316401812252,142.62294292
905,90598,280794,95100,0.664746555324,0.430442760556,142.78067088
906,90698,281094,95200,0.6769237588,0.173187935626,142.92580604
907,90798,281394,95300,0.656433384923,0.288271861207,143.0680420
908,90898,281694,95400,0.673213316836,0.261801394712,143.20859193
909,90998,281994,95500,0.648166309584,0.239291515493,143.35251188
910,91098,282294,95600,0.681822909602,0.215135670301,143.50383400
911,91198,282594,95700,0.667449956643,0.281389647759,143.65304303
912,91298,282894,95800,0.650332831212,0.403418431358,143.80489897
913,91398,283194,95900,0.648895208924,0.223553628023,143.94317507
914,91498,283494,96000,0.655000243098,0.286816446836,144.09577703
915,91598,283794,96100,0.679967259811,0.307160895684,144.25067400
916,91698,284094,96200,0.673321142759,0.277816934969,144.40600585
917,91798,284394,96300,0.662499846117,0.298829430837,144.55335688
918,91898,284694,96400,0.64366365799,0.221837068843,144.70771598
919,91998,284994,96500,0.658276330094,0.314857875372,144.84921193
920,92098,285494,96700,0.704717068271,0.398895286488,145.1341979
921,92198,285794,96800,0.674492293272,0.331980358339,145.28055095
922,92298,286094,96900,0.643218185974,0.389914260144,145.42990088
923,92398,286394,97000,0.693938526833,0.279302835417,145.57956385
924,92498,286694,97100,0.679309146261,0.27128437581,145.72421097
925,92598,286994,97200,0.640876322806,0.269124719109,145.87557601
926,92698,287294,97300,0.679714635785,0.233125637204,146.04442405
927,92798,287594,97400,0.666552759976,0.201480851734,146.19197893
928,92898,287894,97500,0.674027322186,0.477774655235,146.33629703
929,92998,288194,97600,0.677206508896,0.441474311302,146.47505688
930,93098,288494,97700,0.658649689839,0.307925593767,146.6271529
931,93198,288794,97800,0.614116379545,0.353369195573,146.7746858
932,93298,289094,97900,0.689831322615,0.228152190614,146.92000484
933,93398,289394,98000,0.668345502099,0.306994227427,147.0750720
934,93498,289694,98100,0.661440672919,0.332675201666,147.21841287
935,93598,289994,98200,0.638870203779,0.519766405532,147.3763930
936,93698,290294,98300,0.678993291405,0.206045686388,147.52761602
937,93798,290594,98400,0.658504621568,0.285306187725,147.66490602
938,93898,290894,98500,0.681155033489,0.283979117494,147.80603003
939,93998,291194,98600,0.650837373519,0.29965157652,147.95747804
940,94098,291694,98800,0.702047281376,0.694742059885,148.23515105
941,94198,291994,98900,0.636624210945,0.247124440349,148.38356399
942,94298,292294,99000,0.674425799063,0.254934589479,148.5274989
943,94398,292594,99100,0.680816885501,0.173483179624,148.67773389
944,94498,292894,99200,0.683112896656,0.275964905333,148.81585097
945,94598,293194,99300,0.66080420059,0.303555358978,148.95669698
946,94698,293494,99400,0.644473571532,0.25133102546,149.10340499
947,94798,293794,99500,0.64084483519,0.259842170401,149.25279688
948,94898,294094,99600,0.661849456464,0.276989497079,149.39662003
949,94998,294394,99700,0.651918892377,0.277498665972,149.54732108
950,95098,294694,99800,0.663089702363,0.203681616921,149.69988989
951,95198,294994,99900,0.679808523188,0.349373569306,149.85656690
952,95298,295294,100000,0.669172093253,0.367467259211,150.01249694
953,95398,295594,100100,0.667482893095,0.417670690421,150.16571092
954,95498,295894,100200,0.692917948755,0.379709893125,150.31423997
955,95598,296194,100300,0.641615530852,0.372231443014,150.46525001
956,95698,296494,100400,0.63307144219,0.344664688873,150.61889505
957,95798,296794,100500,0.671923239431,0.305558568001,150.77011084
958,95898,297094,100600,0.679194368702,0.187193814926,150.91658997
959,95998,297394,100700,0.690584491972,0.253662919745,151.06510305
960,96098,297894,100900,0.645447848564,0.329893552835,151.35857486
961,96198,298194,101000,0.694828988954,0.276997600403,151.51113796
962,96298,298494,101100,0.661967459973,0.276745505748,151.65376400
963,96398,298794,101200,0.699557231216,0.220024714066,151.79809784
964,96498,299094,101300,0.679760143455,0.272315639548,151.94603705
965,96598,299394,101400,0.670551101231,0.221318690657,152.10020899
966,96698,299694,101500,0.657610282301,0.275807542365,152.24011397
967,96798,299994,101600,0.63496530479,0.373367896798,152.38531589
968,96898,300294,101700,0.641316477785,0.272425429679,152.52826905
969,96998,300594,101800,0.663369173563,0.324727416786,152.68440985
970,97098,300894,101900,0.637191207364,0.337253261672,152.82782697
971,97198,301194,102000,0.671681538341,0.319592949309,152.96684098
972,97298,301494,102100,0.651564137701,0.321978142188,153.12223291
973,97398,301794,102200,0.673536774843,0.26857840794,153.25980305
974,97498,302094,102300,0.6782263859,0.310131223242,153.40657091
975,97598,302394,102400,0.65469393173,0.238059270761,153.54536485
976,97698,302694,102500,0.658763410537,0.311150519105,153.69466805
977,97798,302994,102600,0.659380918222,0.274197428376,153.85017299
978,97898,303294,102700,0.676015084623,0.172325976234,153.99879407
979,97998,303594,102800,0.680851488946,0.182304209154,154.14110684
980,98098,304094,103000,0.646501693378,0.339649913848,154.43868088
981,98198,304394,103100,0.655773199051,0.380250230764,154.57274985
982,98298,304694,103200,0.663703785488,0.358565985168,154.69903993
983,98398,304994,103300,0.672151610994,0.380606864902,154.82579708
984,98498,305294,103400,0.683478875693,0.234897996423,154.95078897
985,98598,305594,103500,0.699294011342,0.251405284183,155.08421587
986,98698,305894,103600,0.671034541836,0.168955012471,155.23699092
987,98798,306194,103700,0.665319485662,0.221659001483,155.37577104
988,98898,306494,103800,0.663806908032,0.177299026272,155.51317501
989,98998,306794,103900,0.675399572818,0.242685835361,155.65139293
990,99098,307094,104000,0.648122495504,0.292589725672,155.78810405
991,99198,307394,104100,0.664910714573,0.270148272635,155.91718292
992,99298,307694,104200,0.686815257574,0.337864107074,156.05775594
993,99398,307994,104300,0.640732731592,0.27006320098,156.20703792
994,99498,308294,104400,0.653547326637,0.274540087784,156.35328698
995,99598,308594,104500,0.647415804838,0.201489200122,156.50793504
996,99698,308894,104600,0.667086541923,0.191431085187,156.63767504
997,99798,309194,104700,0.652254028501,0.177634002633,156.76804685
998,99898,309494,104800,0.643900102364,0.18209614396,156.90986084
999,99998,309794,104900,0.666552596479,0.348266217191,157.06403684
1000,100098,310294,105100,0.672165861373,0.250568379572,157.32913088
1001,100198,310594,105200,0.676024853879,0.251015628173,157.47908091
