9.26308271336
7.22001526835
8.16106147862
7.54680783251
9.9392918913
9.29562773245
6.72364919685
8.10492817063
7.04268160947
6.68755993159
5.09818927413
4.911613011
3.99760739934
3.5630088544
3.52871438484
2.79648077005
3.39091676997
2.4548821506
3.24527478056
3.15820347606
3.47210403653
3.36789664676
3.44526664307
2.87866602011
3.11656428544
3.55683937352
3.572859024
3.97847753151
3.44112861185
3.0252414888
3.8143530432
3.1043702459
3.3566085411
3.34219897047
3.18327786567
3.29088338621
3.79108246198
3.14783069557
3.15744243576
2.93831738857
3.76963310341
2.96046220213
3.69168721523
3.65584934097
3.22829860129
3.26308338826
2.93566441024
3.5677338164
3.39143791356
2.72479689496
3.65485958469
3.81634555442
3.57022801646
2.98519155471
3.3397770582
3.11014198425
3.72793762343
3.11852242286
2.91567341905
3.66223899129
3.17946750103
2.9246874208
3.51866137874
3.32674642642
2.96908402505
3.66818259027
2.87794331086
3.16487041988
3.06101965044
3.58537275356
3.02263272818
3.28071543126
3.59867100612
3.37155586542
3.09188992127
3.46512931149
3.74587206232
