7.80883395896
6.30571780408
8.4721056625
8.1344088845
7.60682178224
8.57091930343
8.2718435153
7.44496364981
5.92860609321
7.92859330374
6.14766538503
5.1229868007
4.67110231499
4.36530482999
4.0769360506
3.15581036664
3.68476672755
2.94589633523
3.29826013732
3.6819576337
3.81147907331
3.74523884542
2.96749293256
3.0065314767
4.4541317772
3.53862800513
2.91561168674
4.07740632733
3.30424385195
3.40619058636
3.2960443126
2.80447147533
3.50083941018
3.31051053259
3.16632241922
3.68268965784
3.52729562948
3.18907677814
3.78745011414
3.03522445978
3.22542719543
3.12238463991
