8.73912320369
7.91613593329
7.79873228189
8.48962978064
7.8288151284
7.297671835
7.67559439909
4.02654050787
2.19050900534
2.10569700403
1.94071888293
1.77686576815
1.6137489919
1.77949130238
1.47880774154
1.51279604623
1.70768211535
1.38026103808
1.60744453547
1.61556716533
1.424280622
1.44470004344
1.72517783845
1.4992376316
1.56026139598
1.44852627813
1.50319546699
1.56253858767
1.42693533691
1.52948810977
1.39898248502
1.40532177688
1.47024091587
1.62819476482
1.55924856857
1.50845717048
1.57160715946
1.51650622799
1.48056607419
1.51897356919
1.52058675575
1.53183002585
1.54684169582
1.48001207161
1.46620854247
1.44818046675
1.4190793517
1.62006263785
1.5081676922
1.4885085012
1.5772097086
1.39437197671
1.49259616328
1.63843425405
1.41842727222
1.33999050214
1.71415832791
1.58116357532
1.45543312231
1.57096231522
1.50529554124
1.41108703506
1.59031413769
1.55619249627
1.52231696351
1.49426292773
1.4634382698
1.5448549899
1.52901296004
1.47324731579
1.52395811728
1.47721607148
1.4963740318
1.49077131898
1.43397598517
1.50994012772
1.51180639851
1.5896751423
1.49904256878
1.31905651103
1.58156937179
1.55758426315
1.57813407567
1.45142412955
1.53495518993
1.55171296756
1.48141205072
1.56956705603
1.36288601926
1.50495910664
1.45464543555
1.49184780804
1.51028444265
1.31529182289
1.53587365328
1.59164676397
1.45297539765
1.47158395956
1.64669128428
1.55594715968
1.4962817906
1.53294611649
1.34758950169
1.4823225889
1.45580412244
1.53023691905
1.50560439087
1.51221362876
1.25541021369
1.5407554181
1.46732301446
1.42317421635
1.54357321684
1.47591015075
1.55482805879
1.49351606246
1.40653010123
1.44570683054
1.47524543882
1.41361687831
1.38187429848
1.42431209672
1.52383562531
1.56793714402
1.56197576919
1.55623554591
1.39622576796
1.49255539175
1.54657147124
1.50758072161
1.47497223229
1.3683720916
1.50936774366
1.36792071447
1.39711949507
1.35815612621
1.55660575945
1.46917818373
1.47997104701
1.50068596712
1.48536737383
1.38331600414
1.51356765869
1.5237930384
1.58858394999
1.42452978607
1.51896739716
1.54056192307
1.40233243279
1.43244750002
1.39656329713
1.49300803734
1.34243610383
1.42171758853
1.57981296249
1.46224650493
1.59179370282
1.42140949963
1.45379256859
1.38369443641
1.42558399395
1.48950684877
1.44690274551
1.50790705187
1.50544504276
1.40549574229
1.31323877483
1.36656475712
1.40659997601
1.42236364821
1.41553352305
1.3212613963
1.60334566504
1.45037035893
1.49579435862
1.34186279606
1.47575019638
1.49000117457
1.35670700167
1.49178891794
1.36004159179
1.52985064853
1.46911957932
1.38155061958
1.61924311815
1.50856830802
1.46433001101
1.51676204907
1.41866526352
1.41913172216
1.32554926827
1.50660034405
1.43434737076
1.36903339831
1.40835010261
1.58340698988
1.45478541851
1.47869848888
1.40602049615
1.52689818353
1.49185385912
1.35595529478
1.50154448389
1.46571532507
1.44717320557
1.49670507464
1.51420191685
1.42823859046
1.42674127211
1.45175646159
1.53548072445
1.53854112913
1.41273754124
1.48024246026
1.51513801033
1.46916068384
1.37868693271
1.53568518591
1.31194192225
1.51857926303
1.48612389158
1.38902366802
1.38010331258
1.55307373893
1.35850553448
1.49224225736
1.46866518211
1.39943185515
1.35982312642
1.46288945035
1.49043678143
1.52450382754
1.34352910913
1.46279744591
1.42232749588
1.51301376334
1.45869445558
1.40709888583
1.3869165248
1.37756524878
1.50785398006
1.63116527024
1.47925439924
1.46673761817
1.58661418981
1.41818878622
1.49742312833
1.53573512822
1.31679646019
1.44780446552
1.35335714753
1.49551412978
1.52481212264
1.40510917286
1.32643655459
1.43397463323
1.47334342233
1.55003582383
1.49760574962
1.44336358404
1.42869131238
1.4118181883
1.35531831634
1.31195759789
1.51307589958
1.4059071078
1.42234335478
1.33819107116
1.52812451614
1.39203533768
1.4671256972
1.43049928051
1.50608583788
1.41762582327
1.40472858099
1.63809546633
1.39761526362
1.50599227661
1.38705638405
1.4630371019
1.35690477705
1.40439028441
1.30812333824
1.46389494509
1.54340932557
1.36115047335
1.46471054818
1.38699850987
1.35153670479
1.36377870939
1.36437960047
1.40305472488
1.54781306744
1.49864649993
1.51079850535
1.43143075416
1.41256864347
1.40325674874
1.36428178743
1.41347096665
1.47067382351
1.31506509611
1.50437756444
1.35764915967
1.37114823477
1.38473043614
1.50896367829
1.38495878145
1.63866819329
1.34950707413
1.38055197815
1.50341253923
1.45326988456
1.40922545025
1.39331507196
1.56403306875
1.33866325655
1.50709578835
1.38304976573
1.38622233442
1.32111864207
1.29316898817
1.42520627322
1.37021104141
1.42615436057
1.49045063132
1.36154429983
1.37779200698
1.46471361613
1.32370970397
1.36364151937
1.42985363505
1.43856615021
1.41303602596
1.46412247582
1.5400627734
1.4551288902
1.45279200394
1.39800732044
1.40527028439
1.46009694579
1.38308547528
1.40989930944
1.41574711011
1.50913204038
1.47154650566
1.40812638671
1.45725865259
1.47987563688
1.41817844191
1.45607898268
1.43713728366
1.41794392498
1.37812701949
1.40260227405
1.61716055159
1.37592383079
1.40530818311
1.29086254332
1.37374041821
1.33689446181
1.41405482544
1.41971247122
1.3270436902
1.34541972321
1.41521217442
1.42282743727
1.4241861699
1.47996588205
1.34973119219
1.54042805608
1.52155421861
1.52863214222
1.40838092214
1.47973951908
1.46010707254
1.56145409448
1.43809612137
1.54510523332
1.46271532183
1.45932601799
1.40348695784
1.28681392389
1.47470158868
1.36726988253
1.30572170681
1.42271831341
1.42937677058
1.29969646775
1.44513005213
1.45138989954
1.43425084812
1.35708513319
1.46592230189
1.44328431559
1.56300445125
1.43295669613
1.39052724564
1.37142244001
1.33557118453
1.39705316104
1.49325272249
1.48783516426
1.33510970359
1.50691446588
1.48078153148
1.35011807139
1.28341065374
1.34809141689
1.39543133641
1.32739213685
1.415275797
1.40082556412
1.42876928777
1.49647400236
1.39857395369
1.38111070795
1.42932649391
1.45507418295
1.49518040187
1.4097706253
1.40644584707
1.37894118437
1.39134908741
1.36807429363
1.26757814461
1.34319678459
1.39415878273
1.43934489053
1.45963504331
1.35115626116
1.33348083922
1.33581849189
1.3664203927
1.554007207
1.40279946915
1.46419016027
1.3675155682
1.29990969726
1.42748716911
1.5463311289
1.3953275091
1.44080891106
1.4745139963
1.55278276195
1.30918290828
1.4088666652
1.55684561036
1.26904062333
1.24348354146
1.29688015217
1.29598548264
1.4564619477
1.49616159313
1.47170378676
1.35377251433
1.48870456119
1.45546262577
1.44973218557
1.50578556654
1.42102088992
1.34192086735
1.37722172129
1.38990022992
1.38231416584
1.3583341719
1.4041247963
1.40799382057
1.37775182433
1.3825949287
1.40601253842
1.53233229658
1.39827681349
1.39102917194
1.49800272106
1.43729644893
1.32408716365
1.45778688162
1.36968385667
1.3968878622
1.43570657318
1.37373872006
1.36958162487
1.38141859746
1.33085744405
1.39943207429
1.37690186669
1.4099362516
1.24429206942
1.36387672027
1.43683043862
1.40208163038
1.3936537536
1.46877845734
1.53099565605
1.52565866268
1.40988513444
1.52717177009
1.45290787299
1.50260123542
1.43905063437
1.43689288212
1.30611616779
1.5380038932
1.33707000072
1.344221828
1.40278627872
1.35126806955
1.49264906819
1.40218505806
1.39486866381
1.26937249712
1.3582950371
1.36232207346
1.37625164978
1.57746008035
1.38049017096
1.39624176406
1.40233630943
1.42409957708
1.36904158829
1.39611072066
1.45395999444
1.3379682239
1.40054066484
1.48207101698
1.26949109486
1.3619439806
1.31101440301
1.51112898819
1.38780651057
1.39731433448
1.46929197963
1.41321131597
1.46506281489
1.48719251487
1.34615237833
1.31361551701
1.32642982249
1.3964122581
1.31057156617
1.30090365031
1.38833294131
1.43164053901
1.50378354753
1.43165251332
1.26299155324
1.43601681224
1.45811402001
1.34144143225
1.41772505507
1.44585184816
1.51469240974
1.40377186033
1.44506936326
1.36068566139
1.47813448744
1.40552873575
1.32795884537
1.50589387344
1.30007505761
1.41947798461
1.33902099883
1.40647302783
1.4501991765
1.31800898535
1.43525945168
1.40071706865
1.15939531082
1.3618223894
1.38989374809
1.40332820882
1.3937287179
1.37540875072
1.32355799643
1.30269574507
1.2782154422
1.2989930385
1.25667441438
1.3477124027
1.43171126773
1.29434427983
1.26400831501
1.50921681098
1.4784137365
1.40602267625
1.27299153791
1.36135038792
1.47252312731
1.313351