1384,4,1000,4.3734794804,194.076711361,0.560546875,0.567812587484,1.08459928425,0.997342525571,0.524184665352,0.93793110596,0.586812082271,1.08748793228,0.969102773775,0.533128170297,0.575376927969,1.03056609112,0.977232606889,0.513333762298,0.580712632451,0.963789640206,0.966168695464,0.601839929819,0.576642703905,1.11779807766,1.06943244654,0.636488901451,0.539102039416,0.53869373363,0.543013789225,0.533163806191,0.5423032291,0.519516999135,0.5531768212
2757,8,2000,3.35572009873,204.40516509,0.3359375,0.347056975094,1.04316545774,0.964907086546,0.269974655908,0.980074923491,0.352825425594,1.03173035444,1.05536471876,0.299692255445,0.358849347336,1.05916728328,0.983377031183,0.270000643446,0.374750306452,0.93875452423,0.90982628844,0.377874890342,0.351391254313,1.16833859899,1.04226539732,0.371428725426,0.314299044199,0.314829432697,0.290459939803,0.296340311412,0.313958802377,0.285059451941,0.32349604
4436,12,3000,2.98830578311,195.698267237,0.329071044922,0.339248147744,1.04401338562,0.964910349409,0.261955115899,0.979735182172,0.346463073987,1.0328832487,1.05501541335,0.293392138425,0.352289478493,1.05973054941,0.982643120161,0.263072408812,0.368573680204,0.941227714576,0.910382750506,0.37262570973,0.344232144058,1.168775355,1.04106817958,0.36219895144,0.307545181218,0.308103143085,0.283225621275,0.289059662924,0.307258589788,0.278117559361,0.31675613305
6377,16,4000,2.50565036867,203.286572316,0.325561523438,0.335972394972,1.0440782978,0.965894782275,0.25775936711,0.979313635577,0.343142326329,1.03256014125,1.05588488656,0.290490768744,0.348750507827,1.0597444929,0.982121212236,0.2585944035,0.364984799652,0.942051159531,0.911024632615,0.369709498278,0.34029033433,1.17005767138,1.04116436375,0.358412377496,0.304132329264,0.30450309415,0.279534184798,0.285788479515,0.303132215375,0.274475193283,0.31324118719
8307,20,5000,2.97989679752,205.718998823,0.321975708008,0.332489648362,1.04396532099,0.966457958784,0.254217680867,0.979395413928,0.339614415512,1.03183307762,1.05639291909,0.285848577256,0.345291581267,1.05950712496,0.980847866832,0.255637230181,0.361313194629,0.941662542177,0.911372938971,0.365432388149,0.336755032641,1.16978877277,1.04200714534,0.355099125296,0.300834568112,0.301150194715,0.275755833551,0.282426929058,0.298733652903,0.270546974017,0.30970246258
10437,24,6000,2.78989930672,229.535141676,0.318008422852,0.328675669749,1.04408702926,0.966257238544,0.24960531557,0.979264320996,0.335801105785,1.03154239211,1.05571765781,0.28162086715,0.341129951561,1.05977760939,0.982064320069,0.250821262203,0.357265082035,0.942221941953,0.911207465182,0.362418969649,0.332693350377,1.17048254426,1.04205195423,0.351549212224,0.296862523254,0.297049751085,0.271576420679,0.278278871298,0.294235271036,0.266101817311,0.30553449573
12676,28,7000,2.76586763904,229.177686511,0.31396484375,0.32421141629,1.04444125112,0.966540471171,0.245670121169,0.978296401614,0.331906527089,1.03120841921,1.05534510978,0.277807638428,0.337036041859,1.06040848576,0.9812353464,0.247019182221,0.353235647448,0.942439790823,0.911331788868,0.358141859521,0.328782256234,1.17109616418,1.04245908337,0.345751020874,0.292904699487,0.293256176948,0.267403477861,0.274558683615,0.290201395331,0.262248545815,0.30178312256
14649,32,8000,3.23357642125,212.739452537,0.310455322266,0.31962662467,1.04357389617,0.965869467768,0.241705987445,0.9783675084,0.328181349554,1.03124938023,1.05613902783,0.273662824599,0.33310106763,1.05946678163,0.981130041583,0.242625667575,0.34979352445,0.943005033809,0.910966643994,0.355322855117,0.325679238496,1.17014653307,1.04272903162,0.342556099109,0.289209167687,0.289513554354,0.263760812751,0.270360699275,0.286245509681,0.258170516464,0.2980535128
16616,36,9000,3.21758112779,221.618018969,0.306564331055,0.315353350098,1.04261352837,0.966054486521,0.238112172249,0.978464461408,0.32451423028,1.03094955144,1.05634413901,0.269435114493,0.329143039825,1.05890205176,0.981226526095,0.238316643596,0.345771124301,0.942202323873,0.910845905345,0.351628987279,0.321817690427,1.17017253415,1.0424511428,0.338769525166,0.285051072291,0.285644438085,0.259762165284,0.266532153233,0.281998207042,0.25410485725,0.29414196836
18786,40,10000,2.71497301572,237.259685433,0.302444458008,0.310936331713,1.04315122063,0.966288870615,0.233674900965,0.978127792727,0.320727178458,1.03146640822,1.05693234192,0.26562188577,0.325126263707,1.05920098514,0.981271544417,0.234345582281,0.341633051906,0.941869379729,0.910916688616,0.346963048956,0.317673573739,1.16978595245,1.04285532057,0.334391299044,0.280703849329,0.281375988469,0.255424920193,0.262172369963,0.277411955631,0.249575147887,0.28997216453
20953,44,11000,3.53142202707,234.908174132,0.298248291016,0.306933901396,1.04255185722,0.965339632994,0.229385521791,0.97825880215,0.317096353495,1.03149189922,1.05613737973,0.260482316622,0.321158783912,1.05786875444,0.981632174,0.230881464964,0.337701281504,0.941158633573,0.911520569797,0.342199903586,0.313294354627,1.16869710531,1.04219890104,0.330486394665,0.276412018064,0.277123438094,0.251048268157,0.25791587526,0.273397235735,0.245407457024,0.28601014392
22824,48,12000,2.62004252819,205.667674781,0.294586181641,0.303141397074,1.04271330367,0.963679763832,0.225061023612,0.978614048204,0.313442890882,1.03219104301,1.05569823514,0.257498050665,0.317564580663,1.05809078932,0.982650652124,0.22691040365,0.334125893549,0.94208608297,0.911775491669,0.338506035747,0.309853056791,1.16955263451,1.04275777858,0.326818151158,0.273155121109,0.273743875649,0.247192561215,0.254463712355,0.269537653147,0.241689599221,0.282422141
24878,52,13000,2.88892458542,218.388959981,0.290771484375,0.29910654588,1.04252796332,0.96400528243,0.220661059958,0.978072193709,0.309965685732,1.03225127665,1.05518915187,0.254099303325,0.313725711213,1.05864971874,0.9827435984,0.223361795666,0.329943122607,0.941753677686,0.912851602464,0.333548476279,0.305803241066,1.1691898031,1.04218725042,0.323268238086,0.269513297024,0.270129791683,0.243174201352,0.250335251316,0.265723043735,0.23787615121,0.27867758515
27573,56,14000,2.32171871696,241.232682215,0.286422729492,0.293745607618,1.04254097972,0.963509283944,0.216474236056,0.977130433132,0.305863237899,1.03242862415,1.05537678758,0.249125526731,0.309875382215,1.05869132873,0.982232870242,0.219137262353,0.325964509819,0.942451973953,0.913556733504,0.330632264828,0.301799925882,1.16969453006,1.04212628789,0.318416690221,0.265427761163,0.26590759377,0.238348948793,0.246262233949,0.261163366556,0.233454720147,0.27443802686
29587,60,15000,2.12840584069,183.531498965,0.283142089844,0.290840866056,1.0419430529,0.964525284412,0.213320986349,0.976771867523,0.302897437474,1.03281808478,1.05613775187,0.245809675667,0.306582057446,1.05765292496,0.982239216908,0.21558865437,0.322628867419,0.942601966697,0.913704148915,0.327230018134,0.298592839086,1.16929313828,1.04330240417,0.315813420635,0.262241413997,0.262642965812,0.234975202085,0.243023340362,0.257388084499,0.229948272891,0.2713104577
31609,64,16000,2.67265523498,223.715390688,0.279251098633,0.286422367625,1.04200389881,0.964917391866,0.209751308877,0.97611817455,0.298988803646,1.03273651572,1.05544460157,0.242576720881,0.303214298335,1.05832938811,0.981986952967,0.212715971717,0.318144260722,0.942233922234,0.914610043831,0.322952908006,0.294404134667,1.16959375651,1.04421655373,0.31096187277,0.257833672321,0.258558382887,0.230905380973,0.239264986625,0.253343780635,0.225754704949,0.26745228085
33589,68,17000,2.79864182399,198.056560498,0.275741577149,0.283014404134,1.04161337779,0.964557775412,0.206408608012,0.976763404485,0.295874135896,1.03227810085,1.0551426536,0.239260869818,0.300240660044,1.05812841274,0.981603607887,0.209336345066,0.314726724613,0.942698676243,0.913759597381,0.319259040167,0.290919103305,1.16881549108,1.04454812899,0.306583646649,0.254011253968,0.254929694064,0.227231775967,0.23573663576,0.249555939672,0.222106653017,0.26407536995
35495,72,18000,2.66336442101,188.48680292,0.27230834961,0.279480792191,1.04179480066,0.964524447839,0.20277985649,0.976524164571,0.292810327659,1.0321940271,1.05516163997,0.236359500137,0.296969841427,1.05774839244,0.981110458154,0.205280793085,0.311639322607,0.942421338494,0.914489919501,0.315954000522,0.287880710854,1.16838773724,1.04434316468,0.302560411834,0.251019800673,0.251544406418,0.223636826528,0.232460156386,0.24657143314,0.218652080833,0.26056829396
37599,76,19000,2.28344860655,197.393867424,0.268798828125,0.27635630906,1.04099201929,0.964977279172,0.198453813574,0.976496824137,0.289541383021,1.03214840948,1.0546279733,0.232960752797,0.293742257936,1.057422616,0.981306294798,0.20063380644,0.308357248779,0.942663377638,0.914802193394,0.313329410216,0.284475514046,1.16885674968,1.04407719809,0.299483820505,0.247401606502,0.248058741748,0.219920564751,0.228760560152,0.243127657916,0.215041319687,0.25687051413
40114,80,20000,2.664220402,305.290311617,0.263305664063,0.271039757503,1.04100955614,0.96500401404,0.191778264849,0.976641928979,0.284171515183,1.03258061124,1.05419190927,0.227655391096,0.288716511364,1.05826135748,0.979804561693,0.195057422467,0.303000122682,0.942894587436,0.915632434167,0.307885815506,0.279432752676,1.16859292329,1.04534216268,0.29463227264,0.242109919276,0.242725004267,0.21415754623,0.223319555342,0.237556609991,0.209310212407,0.25139789909
