0,5000,4000,1000,329062.75724,825.687678407,0.75090408325
1,13000,8000,2000,79.2310894925,64.3604059432,1.0936942100
2,22000,12000,3000,67.2679259395,79.2597975321,1.4599201679
3,31000,16000,4000,45.692808499,53.5841722705,2.0290729999
4,41000,20000,5000,42.6645160382,73.0537023797,2.4706270694
5,51000,24000,6000,35.9149790756,52.0327763579,2.8613860607
6,62000,28000,7000,36.1927974847,78.2378743963,3.3142981529
7,74000,32000,8000,31.9430702086,51.7788327908,3.7929971218
8,86000,36000,9000,31.2146373423,52.0334282971,4.2735400199
9,98000,40000,10000,30.523111093,57.453102461,4.7671191692
10,110000,44000,11000,29.0433459247,46.6967556738,5.2516400814
11,123000,48000,12000,28.7494818215,48.568109851,5.7317581176
12,136000,52000,13000,26.3244499883,22.8284993046,6.2374432086
13,148000,56000,14000,26.8398972436,22.103389611,6.7057631015
14,161000,60000,15000,26.806748256,37.4630619538,7.2382001876
15,174000,64000,16000,25.6670455122,37.3397821149,7.7529890537
16,187000,68000,17000,26.0205103792,41.7451816051,8.4467530250
17,200000,72000,18000,26.2039220804,35.090183494,8.9184792041
18,213000,76000,19000,25.0150320054,37.0070237313,9.3956902027
19,227000,80000,20000,25.2306912432,54.4785678012,9.8863232135
20,241000,84200,21100,23.577739186,26.7310647498,10.88792800
21,254000,88200,22100,24.4024240534,30.3213188276,11.361012220
22,267000,92200,23100,23.5281956965,44.0306466697,11.848998069
23,280000,96200,24100,24.1582407161,48.1690228268,12.320855140
24,293000,100200,25100,24.2635279736,48.0481434669,12.79427313
25,306000,104200,26100,23.4040167923,42.8102977244,13.266939163
26,320000,108200,27100,23.2793928212,49.0820381686,13.767827987
27,333000,112200,28100,21.8765901841,22.4117593902,14.243553161
28,347000,116200,29100,21.8184333506,36.8305708967,14.745520114
29,361000,120200,30100,20.7822643015,21.8078685161,15.25136303
30,375000,124200,31100,20.9359547264,20.5928062838,15.761094093
31,389000,128200,32100,21.6535740469,31.9799342652,16.274646997
32,403000,132200,33100,21.0484735004,31.2036098973,16.813570022
33,417000,136200,34100,20.8019318035,27.7160612206,17.315412998
34,431000,140200,35100,20.2535327408,36.0808629229,17.915784120
35,445000,144200,36100,20.9334764637,44.5929667208,18.4294869
36,459000,148200,37100,21.2760458848,48.8952951934,18.93832421
37,473000,152200,38100,20.8030649056,40.0775082993,19.451916217
38,487000,156200,39100,20.548197571,34.9335235007,19.965214014
39,501000,160200,40100,20.0537567551,37.4091641944,20.496029138
40,515000,164400,41200,19.8484643569,40.4402895786,22.089722156
41,518000,168400,42200,19.898737022,42.7134984637,22.321403026
42,521000,172400,43200,20.3246915948,45.7205731848,22.528828144
43,524000,176400,44200,19.6234432783,42.6594297062,22.732165098
44,527000,180400,45200,19.3221626205,40.0265511275,22.942177057
45,530000,184400,46200,19.1519372495,41.5826142504,23.14836001
46,533000,188400,47200,19.586481172,50.8205132905,23.354399204
47,536000,192400,48200,19.1496780856,37.317935179,23.559224128
48,539000,196400,49200,19.1792520821,34.4724781261,23.763497114
49,542000,200400,50200,19.2979899771,37.7643009237,23.973163127
50,545000,204400,51200,19.1343590418,44.2793894286,24.180552005
51,548000,208400,52200,18.9399062083,45.7407107558,24.380473136
52,551000,212400,53200,18.4341303949,39.1097671734,24.59590816
53,554000,216400,54200,18.729102025,31.9385433228,24.809347152
54,557000,220400,55200,19.0076277953,46.956021973,25.02061915
55,560000,224400,56200,18.5023884064,28.7892791871,25.229115009
56,563000,228400,57200,18.9381141209,28.9705881177,25.438214063
57,566000,232400,58200,18.5629395846,37.0064409693,25.642517089
58,569000,236400,59200,18.146602172,28.6833041515,25.847403049
59,572000,240400,60200,18.2693535217,33.0618463578,26.053961038
60,575000,244600,61300,19.1224726165,39.5293149218,27.864790201
61,578000,248600,62300,18.4330033716,35.6091213019,28.068446159
62,581000,252600,63300,18.4111795959,33.0107617043,28.269857168
63,584000,256600,64300,18.4351780103,31.7524763435,28.476525068
64,587000,260600,65300,18.4768465705,31.3391579821,28.687220096
65,590000,264600,66300,18.7880712122,35.3204374484,28.909089088
66,593000,268600,67300,17.9722119673,32.6659167899,29.11563420
67,596000,272600,68300,18.1799770825,31.7200434033,29.324181079
68,599000,276600,69300,18.0104401498,32.8803330741,29.534622192
69,602000,280600,70300,18.2204747632,27.6641172996,29.73985505
70,605000,284600,71300,17.8193923742,26.4586618283,29.945286035
71,608000,288600,72300,18.2093889551,39.8536216247,30.149473190
72,611000,292600,73300,18.2409175747,33.8950630119,30.352531194
73,614000,296600,74300,18.1249131477,36.5428813978,30.555376052
74,617000,300600,75300,18.0603190539,37.2777085922,30.757098197
75,620000,304600,76300,18.0665143385,32.2071384191,30.96483802
76,623000,308600,77300,18.3692717951,36.8921006647,31.18221306
77,626000,312600,78300,18.365428325,36.2609895779,31.409970998
78,629000,316600,79300,17.9772459638,38.5909661129,31.643320083
79,632000,320600,80300,17.97303706,29.6409551156,31.847207069
80,635000,324800,81400,18.2260367872,32.4625428982,33.924845218
81,638000,328800,82400,18.2226309072,34.4640871809,34.126876115
82,641000,332800,83400,17.8274433776,31.7180796289,34.327744007
83,644000,336800,84400,17.757772714,37.6104753083,34.527167081
84,647000,340800,85400,17.9171023143,30.9549272607,34.727015018
85,650000,344800,86400,17.9726937991,36.556638714,34.928205013
86,653000,348800,87400,18.0204156428,28.446491392,35.1296660
87,656000,352800,88400,17.8662524716,32.8912434044,35.344485044
88,659000,356800,89400,17.8427220186,29.2094506085,35.59564900
89,662000,360800,90400,17.6333249707,28.4099429333,35.893207073
90,665000,364800,91400,18.1639961563,32.654221801,36.102871179
91,668000,368800,92400,17.5446653671,34.4193008215,36.323082208
92,671000,372800,93400,17.6278680565,35.9683542007,36.601461172
93,674000,376800,94400,17.3844222891,33.232678108,36.879307985
94,677000,380800,95400,17.657260809,41.9883568171,37.103639125
95,680000,384800,96400,17.251045556,29.6006872291,37.328994035
96,683000,388800,97400,17.767114041,39.7078511546,37.632775068
97,686000,392800,98400,17.9900033261,35.6570451479,37.949805021
98,689000,396800,99400,17.5767295707,37.4944870392,38.268473148
99,692000,400800,100400,17.3214831695,31.5908107638,38.586109161
100,695000,405000,101500,17.5342169428,34.7433688452,42.616166114
101,698000,409000,102500,17.1572382891,30.8152061418,42.828891038
102,701000,413000,103500,17.0728463755,30.1525819316,43.030378103
103,704000,417000,104500,17.8161730985,37.1627463419,43.241021156
104,707000,421000,105500,17.2451606062,23.3855435055,43.453050136
105,710000,425000,106500,17.1670850482,31.912721569,43.665538072
106,713000,429000,107500,17.1287608224,31.1550322693,43.86712598
107,716000,433000,108500,16.7980753242,21.609698001,44.078186988
108,719000,437000,109500,16.9179830346,22.6825601885,44.279087066
109,722000,441000,110500,16.485170527,28.6734408865,44.482871055
110,725000,445000,111500,17.0685634329,25.6170437833,44.689539194
111,728000,449000,112500,16.6278644507,29.8646019893,44.90129399
112,731000,453000,113500,16.9283177341,22.5181051714,45.114027023
113,734000,457000,114500,16.906954343,23.0441804619,45.317468166
114,737000,461000,115500,16.7732820545,29.9592815415,45.530483007
115,740000,465000,116500,16.4079844826,22.1415229788,45.739495992
116,743000,469000,117500,16.6415261517,21.5929102216,45.951960086
117,746000,473000,118500,16.7686962109,22.8949203631,46.175724029
118,749000,477000,119500,16.5960783927,26.058209445,46.381662130
119,752000,481000,120500,16.5413082473,22.7704443516,46.591078996
120,755000,485200,121600,16.1713691877,23.999138249,49.923655033
121,758000,489200,122600,16.8174925773,26.2400735673,50.134826183
122,761000,493200,123600,16.4411894578,23.5778637597,50.340062141
123,764000,497200,124600,16.0370993024,20.1188362784,50.55345320
124,767000,501200,125600,15.7203164471,19.806411207,50.76649308
125,770000,505200,126600,16.5923757301,22.7759580535,50.978546142
126,773000,509200,127600,16.2583360029,25.7337389851,51.192901134
127,776000,513200,128600,16.4701655752,26.8943793187,51.405332088
128,779000,517200,129600,16.3179947792,23.9540358319,51.630818128
129,782000,521200,130600,15.7157115389,19.7003654547,51.833415031
130,785000,525200,131600,16.4621059375,26.9619243568,52.041782140
131,788000,529200,132600,15.8519909684,24.6638198936,52.250418186
132,791000,533200,133600,16.3967689539,24.7592216841,52.459730148
133,794000,537200,134600,16.1119090779,22.0161789177,52.672676086
134,797000,541200,135600,16.1180739319,22.0362082555,52.880166053
135,800000,545200,136600,16.2579349798,20.7366480311,53.081278085
136,803000,549200,137600,16.2204640098,27.6769738375,53.291907072
137,806000,553200,138600,15.6235459301,19.0678325188,53.494070053
138,809000,557200,139600,16.220081995,20.5241654973,53.717221021
139,812000,561200,140600,16.0029723761,21.9956688364,53.938773155
140,815000,565400,141700,16.0724676474,28.0457555534,57.591617107
141,818000,569400,142700,16.0441285664,23.9138903756,57.809740066
142,821000,573400,143700,15.7566616217,20.161046034,58.027734041
143,824000,577400,144700,15.7863023881,20.8855127637,58.241258144
144,827000,581400,145700,15.9416674781,21.8989910008,58.465908050
145,830000,585400,146700,16.0042968586,26.5818024093,58.67188811
146,833000,589400,147700,15.8504786215,26.3970002573,58.871442079
147,836000,593400,148700,15.5059514489,21.7269382656,59.08689212
148,839000,597400,149700,15.8443236128,25.8184486845,59.299529075
149,842000,601400,150700,15.2080124023,23.9527903883,59.502362012
150,845000,605400,151700,15.7691664009,25.1567913523,59.709943056
151,848000,609400,152700,15.6657496409,19.3575461048,59.915575027
152,851000,613400,153700,15.9221456922,28.7813879097,60.113963127
153,854000,617400,154700,15.3914276855,20.4712126148,60.313963174
154,857000,621400,155700,15.41191752,22.8947175693,60.518239021
155,860000,625400,156700,15.8728704828,28.7049000626,60.72111606
156,863000,629400,157700,15.7954722748,24.1015752036,60.923969030
157,866000,633400,158700,15.4214781768,19.0777350933,61.130274057
158,869000,637400,159700,15.9229830626,23.3589468851,61.338112115
159,872000,641400,160700,15.782741222,20.0293219777,61.546949148
160,875000,645600,161800,15.5667296348,22.7328210074,65.654911041
161,878000,649600,162800,15.8811377402,22.5716313118,65.858954191
162,881000,653600,163800,15.3881297182,22.9430982356,66.064752101
163,884000,657600,164800,14.9117199887,20.6493085691,66.265418052
164,887000,661600,165800,15.7566283173,19.6111545937,66.46794915
165,890000,665600,166800,15.3736055884,29.1978072686,66.683374166
166,893000,669600,167800,15.4329055186,23.1236711166,66.886201143
167,896000,673600,168800,15.5590359686,20.2304971706,67.09116005
168,899000,677600,169800,15.7619783002,21.5238277483,67.297592163
169,902000,681600,170800,15.2147713483,21.6499884049,67.49932217
170,905000,685600,171800,15.2440021064,17.9951471113,67.702089071
171,908000,689600,172800,15.5704129365,20.2819402345,67.908106088
172,911000,693600,173800,15.4254340707,22.4242004525,68.111515045
173,914000,697600,174800,15.587407805,23.3795316868,68.313117027
174,917000,701600,175800,15.1948401661,21.3441398653,68.519032001
175,920000,705600,176800,15.2420854325,24.6585368197,68.72022008
176,923000,709600,177800,15.3251602886,24.2956145992,68.922058105
177,926000,713600,178800,15.1119854669,24.0839666517,69.150725126
178,929000,717600,179800,15.2475339117,28.9373522597,69.357474088
179,932000,721600,180800,15.5415612348,21.9807924667,69.560641050
180,935000,725800,181900,15.4683981962,22.8984008791,74.388209104
181,938000,729800,182900,15.4830158449,23.5362196108,74.594329118
182,941000,733800,183900,14.9975379896,21.0102775856,74.796648025
183,944000,737800,184900,15.5099680591,26.1212474157,74.999747991
184,947000,741800,185900,15.0557027091,19.6532892791,75.205392122
185,950000,745800,186900,15.6455082097,23.1058256665,75.420085191
186,953000,749800,187900,14.8034955314,22.3156028406,75.622151136
187,956000,753800,188900,14.6954833321,18.1940460989,75.841235160
188,959000,757800,189900,14.9638515461,23.5245909682,76.04417514
189,962000,761800,190900,14.7060037275,15.2560321102,76.257394075
190,965000,765800,191900,14.9638976598,19.7291553756,76.489502191
191,968000,769800,192900,14.9056668811,18.3427361389,76.726395130
192,971000,773800,193900,14.466519858,17.8422861738,76.950807094
193,974000,777800,194900,14.6527429342,25.1821352537,77.17152810
194,977000,781800,195900,14.799335532,25.051567337,77.38659000
195,980000,785800,196900,14.8257198329,26.766233503,77.615095138
196,983000,789800,197900,14.7285265916,23.7077588767,77.818457126
197,986000,793800,198900,14.7664258865,20.1209024699,78.019626140
198,989000,797800,199900,14.3859486968,24.2498491379,78.231089115
199,992000,801800,200900,14.6442571344,19.0906126819,78.489644050
200,995000,806000,202000,14.4588687565,21.085214544,83.868669033
201,998000,810000,203000,14.9862381834,23.8067882521,84.075642108
202,1001000,814000,204000,14.7358935169,23.350982727,84.278593063
203,1004000,818000,205000,14.4195530804,19.1937735535,84.484503984
204,1007000,822000,206000,14.4687984281,22.3716042696,84.688625097
205,1010000,826000,207000,14.747231999,26.0491737806,84.903059005
206,1013000,830000,208000,14.2771972982,19.8302878998,85.115517139
207,1016000,834000,209000,14.9134944359,22.0901995464,85.333427190
208,1019000,838000,210000,14.55379522,18.4729280222,85.536985158
209,1022000,842000,211000,14.4218174575,21.7601374132,85.755629062
210,1025000,846000,212000,13.9999566418,21.511892141,85.977997064
211,1028000,850000,213000,14.6510966929,21.7879298296,86.196820020
212,1031000,854000,214000,14.1680528791,23.687027721,86.39816808
213,1034000,858000,215000,14.1805069103,17.6930978664,86.616250991
214,1037000,862000,216000,14.0596720635,21.7677072874,86.811878204
215,1040000,866000,217000,14.1159471566,21.6436528977,87.007811069
216,1043000,870000,218000,14.1106470116,28.0452181663,87.221413135
217,1046000,874000,219000,14.2865319165,19.0765772891,87.42487502
218,1049000,878000,220000,14.371475454,18.3145547198,87.630264043
219,1052000,882000,221000,14.1980065885,22.6511734512,87.831822156
220,1055000,886200,222100,14.1235970615,20.545495867,93.118801116
221,1058000,890200,223100,14.3816274738,20.7112456117,93.321123123
222,1061000,894200,224100,14.4691421763,22.1670761478,93.525170087
223,1064000,898200,225100,14.0682149318,21.9539724621,93.730037212
224,1067000,902200,226100,14.0018818793,21.6388593273,93.939975023
225,1070000,906200,227100,13.6988879416,20.2221032849,94.150291204
226,1073000,910200,228100,14.127506851,23.0867532853,94.363481044
227,1076000,914200,229100,13.8079472421,27.1876754573,94.584212064
228,1079000,918200,230100,13.9176388181,23.4872261278,94.78964805
229,1082000,922200,231100,13.5177299453,18.050373574,95.012441158
230,1085000,926200,232100,13.729951743,21.4028409483,95.212953090
231,1088000,930200,233100,13.604473675,21.7846992979,95.441770076
232,1091000,934200,234100,13.4582079797,20.3845335245,95.665441989
233,1094000,938200,235100,13.8676928025,25.9097592636,95.867886066
234,1097000,942200,236100,13.6953478491,29.8252435382,96.067332029
235,1100000,946200,237100,14.0787925791,24.9263295111,96.270893096
236,1103000,950200,238100,13.6997639948,23.8682825151,96.471563100
237,1106000,954200,239100,13.8923393125,22.0487201224,96.682636022
238,1109000,958200,240100,14.2090516156,26.9799535081,96.889088153
239,1112000,962200,241100,13.3124187691,23.3069379251,97.104520082
240,1115000,966400,242200,13.7295589415,29.3990475281,102.56890821
241,1118000,970400,243200,13.5182540999,21.147224768,102.77507114
242,1121000,974400,244200,13.5449720139,26.6474115936,102.98890113
243,1124000,978400,245200,13.6263875937,22.362619617,103.19444298
244,1127000,982400,246200,13.5949678837,23.4655238957,103.40821313
245,1130000,986400,247200,13.8659305701,21.2875572581,103.63782811
246,1133000,990400,248200,13.3185740992,18.8275345119,103.85471510
247,1136000,994400,249200,13.2161829781,21.0274841137,104.07556915
248,1139000,998400,250200,13.0116365124,20.5962081802,104.29258799
249,1142000,1002400,251200,13.7039249428,28.1135575252,104.49637699
250,1145000,1006400,252200,13.6034239592,28.6203377926,104.70236110
251,1148000,1010400,253200,13.2657461287,24.0858332387,104.90477609
252,1151000,1014400,254200,13.1331349232,24.2813677955,105.10747003
253,1154000,1018400,255200,13.5182506045,22.3067838233,105.31259512
254,1157000,1022400,256200,13.0601230791,24.5573423494,105.51243710
255,1160000,1026400,257200,12.9044536389,22.2311471817,105.71368908
256,1163000,1030400,258200,13.166190603,21.4328011059,105.91949820
257,1166000,1034400,259200,13.1746936988,27.3483415851,106.14540314
258,1169000,1038400,260200,12.9741002604,22.8018089201,106.36659312
259,1172000,1042400,261200,12.9516142006,28.2104387522,106.60318398
260,1175000,1046600,262300,13.0365801586,26.700705072,112.16438317
261,1178000,1050600,263300,12.9684032365,23.2601010132,112.37543702
262,1181000,1054600,264300,12.459930852,20.1637519699,112.57772517
263,1184000,1058600,265300,13.1588078144,18.1384676824,112.78017520
264,1187000,1062600,266300,13.0948364472,21.9177583236,112.98579311
265,1190000,1066600,267300,12.7594313478,24.2126943257,113.18818521
266,1193000,1070600,268300,12.691492319,24.9455849407,113.39004111
267,1196000,1074600,269300,12.8213176089,22.5875820441,113.59828400
268,1199000,1078600,270300,13.0187913819,26.2323994002,113.80029606
269,1202000,1082600,271300,12.7947420256,27.0098430785,114.00178408
270,1205000,1086600,272300,12.5872446958,27.6634540066,114.20787119
271,1208000,1090600,273300,12.9464395453,29.3658019466,114.41297221
272,1211000,1094600,274300,12.3600133891,23.8167040982,114.61475515
273,1214000,1098600,275300,12.8922949085,25.6376700286,114.81875419
274,1217000,1102600,276300,12.3729347575,23.3207446932,115.01863217
275,1220000,1106600,277300,12.7981545383,24.7959215695,115.22031712
276,1223000,1110600,278300,12.4274182487,23.4149834599,115.42697119
277,1226000,1114600,279300,12.7834112468,24.8061430303,115.63059115
278,1229000,1118600,280300,12.5969919564,30.4186262662,115.83373498
279,1232000,1122600,281300,12.7650679299,24.7820585948,116.03880715
280,1235000,1126800,282400,12.3484838779,32.5760438749,121.24971699
281,1238000,1130800,283400,12.4501702568,25.2433110363,121.46323108
282,1241000,1134800,284400,12.7297249238,27.0017236702,121.68753004
283,1244000,1138800,285400,12.7992242787,30.267790119,121.91100311
284,1247000,1142800,286400,12.3261946959,25.7573606967,122.14117217
285,1250000,1146800,287400,12.3768690526,24.9561792363,122.35331702
286,1253000,1150800,288400,12.1348114635,30.9846724299,122.58259415
287,1256000,1154800,289400,11.9129978921,26.5370302938,122.79693698
288,1259000,1158800,290400,11.8728078819,29.0183310619,123.0179421
289,1262000,1162800,291400,12.1870745499,34.0136714787,123.23862218
290,1265000,1166800,292400,11.8064036478,22.5781484048,123.45291614
291,1268000,1170800,293400,11.9437410045,32.8777692424,123.65960502
292,1271000,1174800,294400,11.7937912694,23.9846311203,123.87053608
293,1274000,1178800,295400,11.829722298,24.3234692158,124.09495115
294,1277000,1182800,296400,11.9159975933,27.6293441366,124.31363105
295,1280000,1186800,297400,11.7965525911,30.5289792986,124.5366351
296,1283000,1190800,298400,11.5490519698,26.2984650479,124.7668311
297,1286000,1194800,299400,11.7874097486,27.1169474667,124.99648809
298,1289000,1198800,300400,11.8362407662,29.7832226363,125.23631000
299,1292000,1202800,301400,11.5738524076,26.8072499031,125.44203400
300,1295000,1207000,302500,11.6938118975,21.6532202828,130.83184409
301,1298000,1211000,303500,11.3672091246,25.7550388964,131.03284716
302,1301000,1215000,304500,11.389940882,38.4303914699,131.2458510
303,1304000,1219000,305500,11.7143573995,36.0780892491,131.46889114
304,1307000,1223000,306500,11.1077949733,23.7803869495,131.70131611
305,1310000,1227000,307500,11.4738502727,26.9089204862,131.9042780
306,1313000,1231000,308500,11.3995504813,19.8469107779,132.10669207
307,1316000,1235000,309500,11.4852721248,33.7593912591,132.3120431
308,1319000,1239000,310500,11.2321662699,26.557083929,132.5136530
309,1322000,1243000,311500,10.8931872434,23.591229783,132.71522998
310,1325000,1247000,312500,10.9331026927,24.9403106943,132.93607020
311,1328000,1251000,313500,11.3544270043,30.6703209948,133.15494203
312,1331000,1255000,314500,11.3492366159,24.3433723382,133.35700821
313,1334000,1259000,315500,11.2529425192,25.9466505309,133.55831599
314,1337000,1263000,316500,11.1724360309,29.0989187613,133.76035904
315,1340000,1267000,317500,11.4438908601,23.1276261272,133.99105215
316,1343000,1271000,318500,11.1197432826,25.2826673565,134.23699903
317,1346000,1275000,319500,10.8195646684,26.2127231717,134.43350315
318,1349000,1279000,320500,11.4572459756,30.8623519719,134.65678119
319,1352000,1283000,321500,11.1530380797,26.5297666546,134.98249101
320,1355000,1287200,322600,10.8149420762,30.1748038138,140.95976114
321,1358000,1291200,323600,10.9211728028,26.8282964612,141.16033220
322,1361000,1295200,324600,10.83911475,23.731873184,141.3604710
323,1364000,1299200,325600,10.8771692385,24.8949112119,141.56064915
324,1367000,1303200,326600,11.2481527029,29.2377731981,141.92373204
325,1370000,1307200,327600,10.8917101774,34.7708013311,142.28079700
326,1373000,1311200,328600,10.8329222116,24.2567518916,142.64919209
327,1376000,1315200,329600,10.7865184172,25.1052401275,143.02515411
328,1379000,1319200,330600,10.8306474148,20.9667968242,143.391436
329,1382000,1323200,331600,10.9765816791,21.4375753091,143.76330399
330,1385000,1327200,332600,11.2872155974,25.0357629992,144.11044716
331,1388000,1331200,333600,10.7784999094,29.5863754397,144.42858910
332,1391000,1335200,334600,10.8115809364,26.1219020468,144.74633121
333,1394000,1339200,335600,10.9881388342,20.4205824579,145.06435513
334,1397000,1343200,336600,10.3565228709,22.5051545998,145.38321304
335,1400000,1347200,337600,10.796185217,24.8881595358,145.69804120
336,1403000,1351200,338600,10.5887920449,24.0095535518,146.01458001
337,1406000,1355200,339600,10.7193380991,22.5473260286,146.32905316
338,1409000,1359200,340600,10.0978931074,22.9478030984,146.64907717
339,1412000,1363200,341600,10.7566842569,27.2879384453,146.96238708
340,1415000,1367400,342700,10.8192828166,25.4787861055,153.18410205
341,1418000,1371400,343700,10.4234928188,20.1454125726,153.38003611
342,1421000,1375400,344700,10.6893553683,24.7180944397,153.57551813
343,1424000,1379400,345700,10.4812684972,23.2513829832,153.77041602
344,1427000,1383400,346700,10.5827949873,23.8068010696,153.96576118
345,1430000,1387400,347700,10.5628924881,20.8930228442,154.15946602
346,1433000,1391400,348700,10.1270678412,21.522756999,154.35569810
347,1436000,1395400,349700,10.3967882065,22.5813489394,154.55061221
348,1439000,1399400,350700,10.0955153519,22.7611103902,154.76351809
349,1442000,1403400,351700,10.4208556835,27.0000251295,155.02718210
350,1445000,1407400,352700,10.591314576,23.195858009,155.24415206
351,1448000,1411400,353700,10.8374358731,29.4791601412,155.43668198
352,1451000,1415400,354700,10.1901679616,23.8850441543,155.62915301
353,1454000,1419400,355700,10.6086751739,23.1143734268,155.82205319
354,1457000,1423400,356700,10.3507895405,25.5168947613,156.01553320
355,1460000,1427400,357700,10.3671580054,17.7845838357,156.20911121
356,1463000,1431400,358700,10.764634124,24.0329492025,156.40267610
357,1466000,1435400,359700,9.94334249994,21.2361868907,156.60791921
358,1469000,1439400,360700,10.4451174588,18.6485845368,156.8037090
359,1472000,1443400,361700,10.4638936258,20.5936290875,156.99868822
360,1475000,1447600,362800,10.5783599756,24.2735609523,161.06961011
361,1478000,1451600,363800,10.6887887872,22.9439401589,161.26380205
362,1481000,1455600,364800,10.4022256445,23.0865094221,161.46307015
363,1484000,1459600,365800,10.3762525067,22.9675157855,161.66447806
364,1487000,1463600,366800,10.4105825879,24.5874050897,161.85867214
365,1490000,1467600,367800,10.1390776434,23.2341582537,162.05728602
366,1493000,1471600,368800,9.86219625638,25.3106611323,162.25832009
367,1496000,1475600,369800,10.3443814166,22.5885986325,162.45149421
368,1499000,1479600,370800,10.7870762746,25.1787531542,162.68089604
369,1502000,1483600,371800,9.95309500607,22.3052680042,162.90160322
370,1505000,1487600,372800,9.83804156182,18.2189266032,163.09717702
371,1508000,1491600,373800,10.1442960144,20.1101729992,163.29487419
372,1511000,1495600,374800,10.2970047019,20.8776907262,163.50056505
373,1514000,1499600,375800,10.4606577953,24.1297892171,163.69409298
374,1517000,1503600,376800,10.0570915939,22.8072685437,163.88798403
375,1520000,1507600,377800,10.3380031616,24.1709461079,164.08419704
376,1523000,1511600,378800,10.3007302698,25.8244413064,164.28295111
377,1526000,1515600,379800,9.95857137432,20.3479691308,164.47916102
378,1529000,1519600,380800,9.9101228971,21.1936641833,164.68242907
379,1532000,1523600,381800,10.2717640854,22.6703101819,164.88144016
380,1535000,1527800,382900,9.90334814997,21.4238851917,169.05573606
381,1538000,1531800,383900,10.2156367167,22.4804666545,169.250428
382,1541000,1535800,384900,10.4637708335,21.7498108141,169.44447898
383,1544000,1539800,385900,9.76804042406,26.4248539039,169.63602805
384,1547000,1543800,386900,9.99015239159,21.5815368627,169.82738900
385,1550000,1547800,387900,10.1235224014,27.0110025657,170.02379107
386,1553000,1551800,388900,9.94210013714,23.5925143584,170.22060012
387,1556000,1555800,389900,9.661500116,20.2672779854,170.42674899
388,1559000,1559800,390900,9.81462311004,23.0153656656,170.62822103
389,1562000,1563800,391900,9.74553469216,21.9715209846,170.82130718
390,1565000,1567800,392900,9.82551738907,19.401959653,171.01507210
391,1568000,1571800,393900,9.94070129955,21.6325652136,171.20949721
392,1571000,1575800,394900,9.57288350964,17.3059020318,171.40849518
393,1574000,1579800,395900,9.8271523797,26.4601908245,171.61372
394,1577000,1583800,396900,9.74823972697,17.8714138432,171.8191320
395,1580000,1587800,397900,9.69937691318,24.9100799171,172.02013301
396,1583000,1591800,398900,9.78516211095,19.8899315324,172.22546100
397,1586000,1595800,399900,10.0426011487,22.0605348774,172.42631101
398,1589000,1599800,400900,9.56803345863,17.7571143106,172.62912821
399,1592000,1603800,401900,9.5170330501,21.849034361,172.83174300
400,1595000,1608000,403000,9.8983286034,21.5422633451,177.04942798
401,1598000,1612000,404000,9.78261929121,29.5069344502,177.25419211
402,1601000,1616000,405000,9.58230269364,17.4431155342,177.45181202
403,1604000,1620000,406000,9.5336749296,16.6360128863,177.65120315
404,1607000,1624000,407000,9.62029452501,23.6762311514,177.85659217
405,1610000,1628000,408000,9.47577159856,21.5175447966,178.05035018
406,1613000,1632000,409000,9.53213816232,18.0946982025,178.25574612
407,1616000,1636000,410000,9.46743045186,22.6964709165,178.45312309
408,1619000,1640000,411000,9.48419386963,25.9914774433,178.65156102
409,1622000,1644000,412000,9.1601790707,19.0791092712,178.84757804
410,1625000,1648000,413000,9.32086253127,16.9873244646,179.04738807
411,1628000,1652000,414000,9.28513925091,21.7779798948,179.2491240
412,1631000,1656000,415000,9.2461104371,26.0463265903,179.44925618
413,1634000,1660000,416000,9.14437308363,21.0828772195,179.65074920
414,1637000,1664000,417000,9.60955016702,27.5858654383,179.85370707
415,1640000,1668000,418000,9.23009670518,25.0072394187,180.0506501
416,1643000,1672000,419000,9.43853503073,20.9066805281,180.25103020
417,1646000,1676000,420000,9.16724396061,20.699011482,180.44392800
418,1649000,1680000,421000,9.49259221118,24.5129251103,180.63623714
419,1652000,1684000,422000,9.21316357108,20.3804474338,180.82871103
420,1655000,1688200,423100,9.1819287389,19.7546584002,185.04713606
421,1658000,1692200,424100,9.21717587528,21.1236061705,185.24098920
422,1661000,1696200,425100,9.01143270726,24.3257491496,185.4435591
423,1664000,1700200,426100,9.28229706126,29.7619014898,185.64599299
424,1667000,1704200,427100,9.37075259786,25.1185319739,185.84987902
425,1670000,1708200,428100,9.30340049187,22.2216723489,186.04391312
426,1673000,1712200,429100,9.07778382858,27.8930992352,186.24046421
427,1676000,1716200,430100,8.87192634672,26.5161240071,186.43742513
428,1679000,1720200,431100,9.23424949511,20.5498119194,186.6486711
429,1682000,1724200,432100,9.19150799718,19.5266279237,186.84607815
430,1685000,1728200,433100,8.98500612947,27.6060931059,187.04320216
431,1688000,1732200,434100,9.09386821769,23.5698283019,187.24698114
432,1691000,1736200,435100,9.13390424132,24.2489153694,187.44289302
433,1694000,1740200,436100,9.32726198251,37.6992052959,187.64142799
434,1697000,1744200,437100,9.06730284924,25.5618791236,187.83780717
435,1700000,1748200,438100,9.13998623285,26.5424781025,188.03697609
436,1703000,1752200,439100,9.32320196529,26.1788578458,188.22960019
437,1706000,1756200,440100,8.77177702466,24.558719093,188.42333507
438,1709000,1760200,441100,8.78866414333,19.0964020364,188.62390303
439,1712000,1764200,442100,8.83481943974,23.0087044045,188.82513308
440,1715000,1768400,443200,8.57266898647,23.3626117099,193.09272909
441,1718000,1772400,444200,8.84179234332,23.5792248349,193.29615306
442,1721000,1776400,445200,8.86684574295,28.8877145868,193.48903608
443,1724000,1780400,446200,8.68003713212,19.6096688376,193.68736910
444,1727000,1784400,447200,8.81943037438,24.4726297381,193.89059114
445,1730000,1788400,448200,9.09957438707,21.9882926769,194.08757519
446,1733000,1792400,449200,8.93260648065,23.7154270188,194.2833471
447,1736000,1796400,450200,8.64330674489,24.2141168785,194.48740720
448,1739000,1800400,451200,8.74044917796,25.4385274721,194.68787217
449,1742000,1804400,452200,8.96092583325,30.1096181889,194.88423013
450,1745000,1808400,453200,8.84288072289,24.3959269508,195.08385801
451,1748000,1812400,454200,8.52580012926,28.5427370799,195.28845810
452,1751000,1816400,455200,8.91856284385,28.8837873378,195.48627710
453,1754000,1820400,456200,8.84573010406,30.6523628477,195.67835402
454,1757000,1824400,457200,8.61516325646,25.2734934823,195.86988019
455,1760000,1828400,458200,8.6214225491,22.6474774539,196.06344914
456,1763000,1832400,459200,8.93097131395,27.8423971328,196.25744819
457,1766000,1836400,460200,8.65702801619,25.1982564104,196.4544169
458,1769000,1840400,461200,8.65776885652,28.7550857313,196.65039300
459,1772000,1844400,462200,8.32301953748,29.3957418713,196.84165716
460,1775000,1848600,463300,8.42262935925,25.1531311564,201.0918819
461,1778000,1852600,464300,8.47309193069,22.0487208371,201.28581714
462,1781000,1856600,465300,8.60769481362,20.642542368,201.47897100
463,1784000,1860600,466300,8.41190455448,23.1493946538,201.67784404
464,1787000,1864600,467300,8.33893520366,23.9291266973,201.88040614
465,1790000,1868600,468300,8.05517451735,22.1376359506,202.08103609
466,1793000,1872600,469300,8.37661267307,22.0686517911,202.28130817
467,1796000,1876600,470300,8.04770574842,18.8412235354,202.4909331
468,1799000,1880600,471300,8.66224013141,29.3239308722,202.70421314
469,1802000,1884600,472300,8.40321636311,27.9157178617,202.89923906
470,1805000,1888600,473300,8.0274625555,31.2291649612,203.10496020
471,1808000,1892600,474300,8.3013209474,27.6235488178,203.30983018
472,1811000,1896600,475300,8.25401020844,21.442131753,203.50483202
473,1814000,1900600,476300,7.96956970368,22.0552376587,203.71853804
474,1817000,1904600,477300,7.90129415509,22.4152049488,203.91819810
475,1820000,1908600,478300,7.82727207309,27.7127533492,204.11552214
476,1823000,1912600,479300,8.13462615857,24.3149861576,204.32369208
477,1826000,1916600,480300,8.13731077704,23.9860471521,204.52476906
478,1829000,1920600,481300,8.01645689412,24.6905671497,204.77524113
479,1832000,1924600,482300,7.88658906293,27.850371747,204.98514914
480,1835000,1928800,483400,7.70481965165,25.5061038988,209.08268809
481,1838000,1932800,484400,7.74823382823,19.4024527543,209.28015017
482,1841000,1936800,485400,7.99153483911,26.2557431685,209.47538900
483,1844000,1940800,486400,8.04989487135,25.6715449405,209.67100310
484,1847000,1944800,487400,7.82547938737,25.1753534753,209.86479115
485,1850000,1948800,488400,7.86607561034,25.0861067083,210.05918812
486,1853000,1952800,489400,7.91675263404,25.4455705955,210.2540931
487,1856000,1956800,490400,7.67195472731,27.1694042543,210.44844007
488,1859000,1960800,491400,7.97766620681,24.2781660038,210.6434230
489,1862000,1964800,492400,7.84179510137,24.7378798509,210.83723306
490,1865000,1968800,493400,7.57454890763,26.1908423003,211.0308761
491,1868000,1972800,494400,7.90941533952,36.1313478046,211.22525715
492,1871000,1976800,495400,7.56646528266,25.1567576601,211.41857600
493,1874000,1980800,496400,7.84192851207,26.9362856553,211.61840820
494,1877000,1984800,497400,7.48432837532,23.4615788337,211.81355309
495,1880000,1988800,498400,7.26639238801,21.1943688433,212.00701212
496,1883000,1992800,499400,7.60615826222,25.0644413368,212.200390
497,1886000,1996800,500400,7.73084097252,24.7558032232,212.39345216
498,1889000,2000800,501400,7.56025515481,21.8511591066,212.58760809
499,1892000,2004800,502400,7.71497972375,24.718102335,212.78149318
500,1895000,2009000,503500,7.82953647403,29.590756524,216.89512205
501,1898000,2013000,504500,7.85886487855,30.1875518318,217.09024000
502,1901000,2017000,505500,7.45372196428,23.8144133983,217.28340220
503,1904000,2021000,506500,7.30895583145,24.5041364986,217.47693610
504,1907000,2025000,507500,7.50085037078,25.8220983523,217.67120003
505,1910000,2029000,508500,7.27138070933,20.7896021843,217.86315798
506,1913000,2033000,509500,7.27224704637,30.6876351747,218.05436110
507,1916000,2037000,510500,7.4406887627,25.2887013011,218.24566507
508,1919000,2041000,511500,7.36343280177,24.5447290044,218.43791413
509,1922000,2045000,512500,7.55545985893,25.254549501,218.63043999
510,1925000,2049000,513500,7.16419140269,26.152738166,218.82217311
511,1928000,2053000,514500,7.28845474648,26.2992295168,219.01455402
512,1931000,2057000,515500,7.18471186345,22.7412465027,219.20613908
513,1934000,2061000,516500,7.15660062081,25.2673783331,219.39771318
514,1937000,2065000,517500,6.95468502164,24.4139614819,219.58929705
515,1940000,2069000,518500,7.18952464169,24.9868861872,219.77952814
516,1943000,2073000,519500,7.5850380562,24.9184186157,219.97339105
517,1946000,2077000,520500,7.36085765128,21.3463784041,220.16827201
518,1949000,2081000,521500,7.04694897906,26.7949969079,220.38051009
519,1952000,2085000,522500,7.36853870974,21.5563774698,220.5983030
520,1955000,2089200,523600,7.12957403922,26.1247363005,225.32001805
521,1958000,2093200,524600,6.89677014159,23.4772083432,225.51596498
522,1961000,2097200,525600,7.29429442847,29.5718886905,225.70919799
523,1964000,2101200,526600,7.09701839641,23.4906158315,225.90412020
524,1967000,2105200,527600,6.41614910728,23.4864804622,226.09883117
525,1970000,2109200,528600,6.59765945158,21.8446278113,226.29466819
526,1973000,2113200,529600,6.36312764736,22.8178868363,226.48912620
527,1976000,2117200,530600,6.87144961749,29.2347195574,226.68843102
528,1979000,2121200,531600,6.53462652572,19.1782859454,226.88296914
529,1982000,2125200,532600,6.64300958083,23.2410341997,227.07571411
530,1985000,2129200,533600,6.603351011,23.7319167003,227.26718211
531,1988000,2133200,534600,6.43423684896,20.863823765,227.46061110
532,1991000,2137200,535600,6.76126635529,26.7439938186,227.65430402
533,1994000,2141200,536600,6.31240470497,19.3918528987,227.84591603
534,1997000,2145200,537600,6.25482514032,23.4098534194,228.03936219
535,2000000,2149200,538600,6.17403956069,21.2411030412,228.2306361
536,2003000,2153200,539600,6.41483699695,23.7724170514,228.42166614
537,2006000,2157200,540600,6.34518128061,22.0048193663,228.61360406
538,2009000,2161200,541600,6.28311105315,18.9949160043,228.81475901
539,2012000,2165200,542600,6.43533408254,30.3299405834,229.01346111
540,2015000,2169400,543700,6.38819933931,29.7659341376,233.28471708
541,2018000,2173400,544700,5.97875813932,20.9042982881,233.47786903
542,2021000,2177400,545700,5.76794287712,18.0884207234,233.67125606
543,2024000,2181400,546700,6.13266681706,22.6852584497,233.86202907
544,2027000,2185400,547700,6.30960143552,26.0926606581,234.05385613
545,2030000,2189400,548700,6.07431063926,20.3024836384,234.24454617
546,2033000,2193400,549700,6.23220308616,19.3594023838,234.43559718
547,2036000,2197400,550700,6.02049053799,31.5293061669,234.62545919
548,2039000,2201400,551700,5.67650649362,23.3437472913,234.81569004
549,2042000,2205400,552700,6.06260083711,22.1131434461,235.00656199
550,2045000,2209400,553700,5.57689766482,19.9623507572,235.196425
551,2048000,2213400,554700,5.86244884886,33.3531524362,235.4188070
552,2051000,2217400,555700,6.00335605282,20.9018988787,235.6154341
553,2054000,2221400,556700,5.72946652473,24.2350914917,235.80972504
554,2057000,2225400,557700,5.58445730321,31.8686025835,236.00106406
555,2060000,2229400,558700,5.82581506413,28.6375377252,236.25176620
556,2063000,2233400,559700,6.1140150074,28.2919297405,236.45590114
557,2066000,2237400,560700,5.71998296286,24.1042215447,236.65798020
558,2069000,2241400,561700,5.78055540485,25.3760293372,236.85883212
559,2072000,2245400,562700,5.99739244757,27.3072901227,237.06063413
560,2075000,2249600,563800,6.05169975102,26.7320498322,241.49873518
561,2078000,2253600,564800,5.61925894342,22.6807296855,241.69960713
562,2081000,2257600,565800,5.93350640277,24.3890103491,241.89149403
563,2084000,2261600,566800,5.67650196186,17.8499086194,242.08175706
564,2087000,2265600,567800,5.54842137338,26.2761768149,242.27440619
565,2090000,2269600,568800,5.62064807168,27.3392715137,242.47038912
566,2093000,2273600,569800,5.73438076895,25.5230786965,242.67045712
567,2096000,2277600,570800,5.61437517595,25.1116773274,242.86785912
568,2099000,2281600,571800,5.24047626494,29.1200155463,243.0624170
569,2102000,2285600,572800,5.5725309224,20.0608505894,243.27649712
570,2105000,2289600,573800,5.4593303602,20.3354614557,243.47581720
571,2108000,2293600,574800,5.33311888295,24.9050609639,243.66868710
572,2111000,2297600,575800,5.19055031049,28.1182630589,243.86197519
573,2114000,2301600,576800,5.43003990401,21.4868883284,244.05651307
574,2117000,2305600,577800,5.53694164297,29.1951268126,244.25489306
575,2120000,2309600,578800,5.27310141861,29.9706225788,244.44911408
576,2123000,2313600,579800,5.33104710891,25.4020046886,244.65088009
577,2126000,2317600,580800,5.46039951932,29.0255966371,244.84749412
578,2129000,2321600,581800,5.45540091101,29.2315974239,245.04562306
579,2132000,2325600,582800,5.33222080478,20.5747016353,245.24257111
580,2135000,2329800,583900,5.20979661487,25.5149349524,249.44284510
581,2138000,2333800,584900,5.39774782912,25.1277755799,249.63713812
582,2141000,2337800,585900,5.26527006197,22.4626153079,249.83289909
583,2144000,2341800,586900,5.19603037463,18.1012784344,250.02800416
584,2147000,2345800,587900,5.23219460503,24.7906737631,250.2213220
585,2150000,2349800,588900,5.11191420874,18.5186744947,250.41667699
586,2153000,2353800,589900,4.9766893037,22.1990585693,250.61116313
587,2156000,2357800,590900,5.23792490959,23.8643435023,250.80539321
588,2159000,2361800,591900,5.24889245528,28.4468822717,250.99974417
589,2162000,2365800,592900,4.76733166215,27.0184622545,251.19343709
590,2165000,2369800,593900,5.08130816551,24.2395098454,251.38932013
591,2168000,2373800,594900,4.92634248997,24.9741004081,251.58844399
592,2171000,2377800,595900,5.02720714726,26.4710728103,251.78306508
593,2174000,2381800,596900,4.98787807228,18.5673438491,251.97743916
594,2177000,2385800,597900,4.84095754929,18.3438062349,252.17204618
595,2180000,2389800,598900,5.00807696035,28.009858848,252.36757421
596,2183000,2393800,599900,4.7326134558,25.3684408539,252.56110715
597,2186000,2397800,600900,4.59873086033,21.809156639,252.75660419
598,2189000,2401800,601900,5.09095252175,26.3411133649,252.95170521
599,2192000,2405800,602900,4.83166421288,22.6471016975,253.14663505
600,2195000,2410000,604000,4.84543468288,23.2634627083,257.21688604
601,2198000,2414000,605000,4.86974442358,20.3200196867,257.41216802
602,2201000,2418000,606000,4.6351645202,19.0411358888,257.60650706
603,2204000,2422000,607000,4.82313179271,21.6128126912,257.80120515
604,2207000,2426000,608000,5.1143919949,26.9463559452,257.99544119
605,2210000,2430000,609000,4.50108651591,20.7317596514,258.19071102
606,2213000,2434000,610000,4.53954703217,18.0806758817,258.3878691
607,2216000,2438000,611000,4.44406583296,17.8639787776,258.58178615
608,2219000,2442000,612000,4.60183956888,20.8133997224,258.77549004
609,2222000,2446000,613000,4.81060558879,17.3766519925,258.96997809
610,2225000,2450000,614000,4.46544145505,18.0741964105,259.16458702
611,2228000,2454000,615000,4.66006794203,19.1117763256,259.35908913
612,2231000,2458000,616000,4.48472957153,23.0737104032,259.55241799
613,2234000,2462000,617000,4.60997251938,22.2232166758,259.74665403
614,2237000,2466000,618000,4.43457051911,18.729635036,259.94094920
615,2240000,2470000,619000,4.32223406517,19.0743892503,260.13510918
616,2243000,2474000,620000,4.39788125324,20.2030320275,260.32965207
617,2246000,2478000,621000,4.77737566062,20.0086631874,260.5234479
618,2249000,2482000,622000,4.45134717784,25.6510617987,260.72218012
619,2252000,2486000,623000,4.47751038721,17.9171054973,260.91552710
620,2255000,2490200,624100,4.33302638867,19.8662373577,265.02862811
621,2258000,2494200,625100,4.67738418598,22.3167867971,265.2228159
622,2261000,2498200,626100,4.24392599824,21.2299142233,265.41647410
623,2264000,2502200,627100,4.73391543577,21.098035042,265.61094999
624,2267000,2506200,628100,4.41362030691,23.2793884737,265.80431413
625,2270000,2510200,629100,4.15276163925,21.9747701267,265.99903106
626,2273000,2514200,630100,4.50158725147,21.8763979941,266.19268107
627,2276000,2518200,631100,4.53155984026,22.890144017,266.38644814
628,2279000,2522200,632100,4.42248078794,22.7819544692,266.57995605
629,2282000,2526200,633100,4.43907799235,18.2095115866,266.77584099
630,2285000,2530200,634100,4.28528409099,23.3468184538,266.96997308
631,2288000,2534200,635100,4.24060737262,25.0894765504,267.16360902
632,2291000,2538200,636100,4.3456214468,21.6227843963,267.35704803
633,2294000,2542200,637100,4.15355818885,19.9782065601,267.54983615
634,2297000,2546200,638100,4.0331544824,15.0748757721,267.74455809
635,2300000,2550200,639100,4.49830850723,22.3502810775,267.93933701
636,2303000,2554200,640100,4.10784839581,18.6696345899,268.13370418
637,2306000,2558200,641100,3.9618723815,17.6457988133,268.32781505
638,2309000,2562200,642100,4.0042037178,16.8231249122,268.52276110
639,2312000,2566200,643100,4.4927949454,24.6803398919,268.71894812
640,2315000,2570400,644200,4.04440885804,16.3847993992,272.79153609
641,2318000,2574400,645200,3.98663203148,19.4438977184,272.98627710
642,2321000,2578400,646200,4.1806079746,22.9294173578,273.18078398
643,2324000,2582400,647200,4.10078042049,20.1604037888,273.37641906
644,2327000,2586400,648200,4.06581142399,19.1861580194,273.56963920
645,2330000,2590400,649200,3.96732193349,20.9036685219,273.76513004
646,2333000,2594400,650200,4.4006629792,19.8938181471,273.9598760
647,2336000,2598400,651200,3.92759502611,22.6814664538,274.15412402
648,2339000,2602400,652200,4.02917121576,20.3469711342,274.34831905
649,2342000,2606400,653200,4.02040692536,18.324693241,274.54278302
650,2345000,2610400,654200,3.92135772936,19.3570834876,274.73828911
651,2348000,2614400,655200,4.14580184345,20.0774782286,274.93172311
652,2351000,2618400,656200,3.89142176721,20.2877958407,275.12599301
653,2354000,2622400,657200,3.89586033488,17.1455778516,275.31946420
654,2357000,2626400,658200,3.83806868744,18.7391517419,275.51329016
655,2360000,2630400,659200,3.98558935893,23.7689855668,275.70748114
656,2363000,2634400,660200,4.24565923553,17.0125937449,275.90190720
657,2366000,2638400,661200,3.90626598456,19.6056438037,276.09583902
658,2369000,2642400,662200,3.967588586,16.0023084707,276.28937506
659,2372000,2646400,663200,3.8270559738,17.1788697479,276.48290705
660,2375000,2650600,664300,3.73144892009,15.3143874692,280.5739111
661,2378000,2654600,665300,3.85374306999,17.9861088616,280.76737117
662,2381000,2658600,666300,3.76841312656,16.7903139643,280.96106314
663,2384000,2662600,667300,3.71749575387,17.4030180388,281.15504312
664,2387000,2666600,668300,3.52467135354,15.0581341891,281.34893512
665,2390000,2670600,669300,3.88860525323,17.5688462837,281.54284501
666,2393000,2674600,670300,3.91449162684,18.5880111676,281.73979616
667,2396000,2678600,671300,3.77946652767,18.7491770713,281.9342660
668,2399000,2682600,672300,3.5507682953,18.8430954476,282.12843108
669,2402000,2686600,673300,3.45237449144,18.4264348551,282.32464218
670,2405000,2690600,674300,3.57448643016,19.4907395241,282.51937913
671,2408000,2694600,675300,3.73668713303,19.2335529002,282.71368718
672,2411000,2698600,676300,3.4754063621,18.3887035587,282.90633010
673,2414000,2702600,677300,3.67469308535,18.4487213524,283.09903407
674,2417000,2706600,678300,3.79424075672,18.1441974429,283.2927591
675,2420000,2710600,679300,3.8262843257,19.3336386612,283.4878711
676,2423000,2714600,680300,3.49796611603,16.8456048854,283.68277311
677,2426000,2718600,681300,3.77651036582,20.9791143435,283.87613916
678,2429000,2722600,682300,3.59604455992,17.4795233329,284.07169604
679,2432000,2726600,683300,3.60762583752,17.954610833,284.26688098
680,2435000,2730800,684400,4.06426385046,24.9834447622,288.34687519
681,2438000,2734800,685400,3.31528501412,15.0761723142,288.54208016
682,2441000,2738800,686400,3.91250031071,20.6358145109,288.7365851
683,2444000,2742800,687400,3.44313521838,16.947509199,288.93153619
684,2447000,2746800,688400,3.59536862165,16.7453102462,289.12732815
685,2450000,2750800,689400,3.5652568385,14.8032470389,289.32059311
686,2453000,2754800,690400,3.4891880407,20.4389091813,289.5161421
687,2456000,2758800,691400,3.63586619408,21.497751614,289.711239
688,2459000,2762800,692400,3.45620173921,14.9731166131,289.90491318
689,2462000,2766800,693400,3.18922343645,21.9676193613,290.09960699
690,2465000,2770800,694400,3.4931301134,19.7568368377,290.2951412
691,2468000,2774800,695400,3.39926491074,20.1664877918,290.48912811
692,2471000,2778800,696400,3.31494387006,21.1463470034,290.68302917
693,2474000,2782800,697400,3.24874352085,21.024333062,290.87427616
694,2477000,2786800,698400,3.29979916452,22.7570029609,291.0680570
695,2480000,2790800,699400,3.44956669219,22.2135506789,291.26200914
696,2483000,2794800,700400,3.1406756722,18.8168372036,291.45495104
697,2486000,2798800,701400,2.99721946253,22.6024826732,291.65129709
698,2489000,2802800,702400,3.41627395074,18.3041635706,291.84629106
699,2492000,2806800,703400,3.36381196178,17.0123212143,292.04136514
700,2495000,2811000,704500,3.09099062287,18.3988293454,296.14151811
701,2498000,2815000,705500,3.13125242574,20.9146400674,296.33606815
702,2501000,2819000,706500,3.22466677682,17.4546292126,296.53144621
703,2504000,2823000,707500,3.33975556156,19.7309272253,296.72913408
704,2507000,2827000,708500,3.29070185319,15.4817705757,296.9240670
705,2510000,2831000,709500,3.29935706445,18.6124414771,297.12014102
706,2513000,2835000,710500,3.28517766428,18.4426881379,297.31584215
707,2516000,2839000,711500,3.34037646655,22.0566227622,297.51096916
708,2519000,2843000,712500,2.99535951657,16.568293663,297.70547819
709,2522000,2847000,713500,2.95742287662,18.8375092158,297.9004290
710,2525000,2851000,714500,3.22987085742,14.0190266667,298.0952501
711,2528000,2855000,715500,3.29594313067,23.8403777829,298.29038810
712,2531000,2859000,716500,3.27333810384,20.0781704724,298.48660421
713,2534000,2863000,717500,3.0821742925,17.7566262298,298.68139004
714,2537000,2867000,718500,3.28758696908,17.6686746296,298.87668013
715,2540000,2871000,719500,3.15973885823,12.7634896559,299.07343816
716,2543000,2875000,720500,3.15584936949,18.0128189878,299.26762914
717,2546000,2879000,721500,2.90299494105,16.1587657813,299.46271514
718,2549000,2883000,722500,3.13904826436,23.3710154352,299.65926504
719,2552000,2887000,723500,2.88328900302,18.5211763698,299.85651016
720,2555000,2891200,724600,3.19852349913,17.924379949,303.91657018
721,2558000,2895200,725600,2.92441940923,17.2571661887,304.11357808
722,2561000,2899200,726600,3.05641229449,23.1304433938,304.31186509
723,2564000,2903200,727600,3.14681932124,20.3089310341,304.50608110
724,2567000,2907200,728600,3.07349416946,18.011340761,304.70114517
725,2570000,2911200,729600,3.11725760898,22.1905161392,304.9031879
726,2573000,2915200,730600,2.93324845161,16.3658277426,305.09914112
727,2576000,2919200,731600,2.84943161876,16.2416341936,305.29476118
728,2579000,2923200,732600,2.95407338165,22.2085887087,305.49133014
729,2582000,2927200,733600,3.23839416762,16.3350614557,305.68799400
730,2585000,2931200,734600,2.90552871988,21.8556851992,305.8824009
731,2588000,2935200,735600,2.90691640108,18.0314219424,306.07668018
732,2591000,2939200,736600,3.03117243747,21.3562636685,306.27113699
733,2594000,2943200,737600,2.89725069241,19.1533653946,306.46732020
734,2597000,2947200,738600,3.06013869601,14.3369940987,306.66458606
735,2600000,2951200,739600,3.0617055765,19.1188392228,306.85936713
736,2603000,2955200,740600,3.01355762273,19.2594009047,307.05377602
737,2606000,2959200,741600,2.98344377066,18.9290871314,307.24776911
738,2609000,2963200,742600,3.37924690174,20.719589979,307.44232010
739,2612000,2967200,743600,2.94921718072,19.9702153418,307.63665103
740,2615000,2971400,744700,2.85934630145,22.0330189741,311.72896003
741,2618000,2975400,745700,2.82058850033,17.4596765321,311.92142105
742,2621000,2979400,746700,2.85339724276,13.6419565194,312.11360502
743,2624000,2983400,747700,2.78373137585,16.2265487091,312.30641007
744,2627000,2987400,748700,2.79957566484,16.7683519298,312.49836015
745,2630000,2991400,749700,2.76553119714,15.5947127612,312.69146609
746,2633000,2995400,750700,2.84130716199,23.5335408313,312.88495802
747,2636000,2999400,751700,2.68868372194,16.7396005729,313.07927012
748,2639000,3003400,752700,2.74706517063,16.4414011756,313.27303004
749,2642000,3007400,753700,2.70743578792,18.291555101,313.4678921
750,2645000,3011400,754700,2.77873571675,17.712655406,313.66167807
751,2648000,3015400,755700,2.72575152718,14.8497965493,313.85701513
752,2651000,3019400,756700,2.8531905217,15.9656617407,314.05064606
753,2654000,3023400,757700,2.76926617592,24.2506412914,314.24491000
754,2657000,3027400,758700,2.50188628595,21.3156277256,314.43900513
755,2660000,3031400,759700,2.67274656352,16.9431371699,314.63469219
756,2663000,3035400,760700,2.49480533329,14.4725570143,314.83028721
757,2666000,3039400,761700,2.57753973429,15.2161964493,315.02533602
758,2669000,3043400,762700,2.77980275838,18.8581180434,315.22165203
759,2672000,3047400,763700,2.82048570001,16.4989215964,315.41822719
760,2675000,3051600,764800,2.49038207003,18.6093458316,319.46346902
761,2678000,3055600,765800,2.69980644224,16.645684262,319.65706419
762,2681000,3059600,766800,2.60844906052,19.3217269349,319.85047912
763,2684000,3063600,767800,2.46630102407,18.1657396176,320.04375004
764,2687000,3067600,768800,2.64828339238,18.2118862662,320.23708605
765,2690000,3071600,769800,2.59782859002,18.6304422016,320.43399500
766,2693000,3075600,770800,2.62217965909,15.8738208257,320.6294791
767,2696000,3079600,771800,2.4404942388,17.4585136802,320.82510018
768,2699000,3083600,772800,2.5247059535,16.9317715387,321.01827716
769,2702000,3087600,773800,2.45157552232,14.5087440435,321.21162605
770,2705000,3091600,774800,2.64392195414,21.2537850915,321.40681910
771,2708000,3095600,775800,2.60194309489,17.6813246028,321.60674500
772,2711000,3099600,776800,2.45260753455,16.2661106047,321.80159902
773,2714000,3103600,777800,2.42928398316,16.5334114978,321.99449515
774,2717000,3107600,778800,2.45612037014,20.276261161,322.18809509
775,2720000,3111600,779800,2.41687769007,13.2177764589,322.3818521
776,2723000,3115600,780800,2.48523795287,17.0276534132,322.57797813
777,2726000,3119600,781800,2.66567707518,16.6876170635,322.77336120
778,2729000,3123600,782800,2.63915057508,19.6226981111,322.96927809
779,2732000,3127600,783800,2.44192260857,16.1863797589,323.1641001
780,2735000,3131800,784900,2.47072960659,17.8826035384,327.26094412
781,2738000,3135800,785900,2.67172772087,22.1014936362,327.45551800
782,2741000,3139800,786900,2.5067506011,15.9293891173,327.65165615
783,2744000,3143800,787900,2.59798313176,14.3103381389,327.84630608
784,2747000,3147800,788900,2.54241154245,15.546074929,328.04262518
785,2750000,3151800,789900,2.51370569166,17.7124120225,328.23829603
786,2753000,3155800,790900,2.6328602143,15.5274988536,328.43268799
787,2756000,3159800,791900,2.37950807903,19.123954267,328.62732720
788,2759000,3163800,792900,2.4571323423,17.9034320049,328.82204198
789,2762000,3167800,793900,2.46848141544,19.0850656257,329.01754212
790,2765000,3171800,794900,2.52782763533,17.0713977981,329.21319103
791,2768000,3175800,795900,2.37640560783,19.6502299309,329.40923905
792,2771000,3179800,796900,2.29000318189,22.5343800009,329.60496711
793,2774000,3183800,797900,2.31137707103,16.8067224171,329.8003561
794,2777000,3187800,798900,2.43498554586,20.3378226612,329.99531221
795,2780000,3191800,799900,2.32399344256,16.0721568797,330.19068813
796,2783000,3195800,800900,2.28179241367,14.9964122768,330.38683915
797,2786000,3199800,801900,2.4804920765,16.87568108,330.58151817
798,2789000,3203800,802900,2.46558096039,17.9852209389,330.7774131
799,2792000,3207800,803900,2.35104629748,17.9156081898,330.97515606
800,2795000,3212000,805000,2.32848723363,12.3514682563,335.05110502
801,2798000,3216000,806000,2.38843252581,18.9122641433,335.24685120
802,2801000,3220000,807000,2.38298066926,19.5667131079,335.44212818
803,2804000,3224000,808000,2.31640846452,16.1540977576,335.64373612
804,2807000,3228000,809000,2.28713577896,15.2131021083,335.83937716
805,2810000,3232000,810000,2.4349057999,17.5830027763,336.03557014
806,2813000,3236000,811000,2.38396473845,17.4780024418,336.23247814
807,2816000,3240000,812000,2.40801843325,15.5531933935,336.42965602
808,2819000,3244000,813000,2.39711889596,16.2109903909,336.63153910
809,2822000,3248000,814000,2.52301093945,19.7125279606,336.82643318
810,2825000,3252000,815000,2.35022040508,18.8892091359,337.02116608
811,2828000,3256000,816000,2.24861984933,16.2147788233,337.21378803
812,2831000,3260000,817000,2.32368890894,17.3934603435,337.40785908
813,2834000,3264000,818000,2.33082523357,14.0378041522,337.60199308
814,2837000,3268000,819000,2.28844977898,14.4523504802,337.79607820
815,2840000,3272000,820000,2.17658651236,18.8493213564,337.99029016
816,2843000,3276000,821000,2.21605863247,14.4124520918,338.18469500
817,2846000,3280000,822000,2.34592581474,14.6129514901,338.37774705
818,2849000,3284000,823000,2.2506939832,15.0527288534,338.57010507
819,2852000,3288000,824000,2.28309587934,12.7203079724,338.76358008
820,2855000,3292200,825100,2.18054521269,15.5101312881,342.82801008
821,2858000,3296200,826100,2.28447564198,14.1322296342,343.01996517
822,2861000,3300200,827100,2.27061187626,16.7708417871,343.21261405
823,2864000,3304200,828100,2.13020887807,16.2960716256,343.40651416
824,2867000,3308200,829100,2.31821384488,22.7026639784,343.60213303
825,2870000,3312200,830100,2.18467418121,14.3938507248,343.79600405
826,2873000,3316200,831100,2.29820238463,17.7483523622,343.99090719
827,2876000,3320200,832100,2.27016725235,15.4606575663,344.1853411
828,2879000,3324200,833100,2.15947159367,16.9762344399,344.38048410
829,2882000,3328200,834100,2.34128690236,22.1678002811,344.57462120
830,2885000,3332200,835100,2.24623161829,17.7625310728,344.77067208
831,2888000,3336200,836100,2.07616695382,19.0175882263,344.96534609
832,2891000,3340200,837100,2.30245294059,19.2535125359,345.16010403
833,2894000,3344200,838100,2.36844130441,18.643154725,345.35504412
834,2897000,3348200,839100,2.21453001268,19.8769504496,345.5498480
835,2900000,3352200,840100,2.27898039279,16.5888666536,345.74522399
836,2903000,3356200,841100,2.22236910954,18.6788219294,345.9408061
837,2906000,3360200,842100,2.05741067777,18.6102276413,346.13547706
838,2909000,3364200,843100,2.1870938498,23.7314488952,346.33026003
839,2912000,3368200,844100,2.10018686299,12.8788767497,346.52634906
840,2915000,3372400,845200,2.1297374395,23.0284334861,350.61706018
841,2918000,3376400,846200,2.24205030575,17.113126225,350.8110330
842,2921000,3380400,847200,2.20440288441,14.9104452491,351.0082120
843,2924000,3384400,848200,2.07561400359,19.3083984728,351.20380711
844,2927000,3388400,849200,2.13760728773,15.0241600633,351.39995503
845,2930000,3392400,850200,2.14587459052,15.5225839222,351.59892606
846,2933000,3396400,851200,2.12952877263,16.9909975356,351.79611015
847,2936000,3400400,852200,2.11908649729,16.5114292428,351.9919371
848,2939000,3404400,853200,2.25006076376,15.3506723799,352.18839311
849,2942000,3408400,854200,2.27233285434,17.8220972941,352.38189721
850,2945000,3412400,855200,2.23036985014,20.2509837961,352.57480621
851,2948000,3416400,856200,2.30802498044,19.8864056572,352.76684904
852,2951000,3420400,857200,1.93828247439,18.2003685383,352.95953416
853,2954000,3424400,858200,2.11853892871,12.0514129497,353.1536312
854,2957000,3428400,859200,2.17246053517,18.8648170143,353.34745621
855,2960000,3432400,860200,2.01233907282,16.6917739064,353.53951311
856,2963000,3436400,861200,2.20281124076,20.1738718027,353.73285698
857,2966000,3440400,862200,2.14010269741,16.5331543357,353.92522120
858,2969000,3444400,863200,2.01947224128,17.8567302894,354.11775207
859,2972000,3448400,864200,2.07991376586,21.2400290581,354.31225919
860,2975000,3452600,865300,1.99064532075,15.5660638139,358.39417004
861,2978000,3456600,866300,2.01734569608,16.6001422464,358.58751010
862,2981000,3460600,867300,2.03223418519,20.2049127258,358.78083419
863,2984000,3464600,868300,2.05741404635,16.7756603583,358.9743251
864,2987000,3468600,869300,2.08044062239,16.7716460585,359.16786217
865,2990000,3472600,870300,2.15266926496,19.5516377681,359.36164617
866,2993000,3476600,871300,2.09007212,14.4513131961,359.55595612
867,2996000,3480600,872300,2.02240362194,13.0436288642,359.74981212
868,2999000,3484600,873300,1.89160480648,15.6548978858,359.94400119
869,3002000,3488600,874300,2.05957752353,17.0066759579,360.13809919
870,3005000,3492600,875300,2.03658533456,16.7095865622,360.33421421
871,3008000,3496600,876300,2.06819435343,14.6232519374,360.52918314
872,3011000,3500600,877300,1.97717333671,16.5875188216,360.72434401
873,3014000,3504600,878300,2.00035237544,17.8736524265,360.91793608
874,3017000,3508600,879300,2.16743248179,16.7475056038,361.11341404
875,3020000,3512600,880300,2.11695112921,15.4534832443,361.30735421
876,3023000,3516600,881300,2.04074360335,16.4220558555,361.50302815
877,3026000,3520600,882300,2.09443735899,14.8623613408,361.70549607
878,3029000,3524600,883300,1.98355530926,19.6223839883,361.89816021
879,3032000,3528600,884300,1.97131104084,13.7223328598,362.09235811
880,3035000,3532800,885400,2.07618556441,17.8220298691,366.1234140
881,3038000,3536800,886400,1.96077564534,14.452019706,366.31806421
882,3041000,3540800,887400,2.00448894273,17.9765357284,366.51226711
883,3044000,3544800,888400,1.9767929042,19.0678227231,366.71329712
884,3047000,3548800,889400,1.99160443279,20.9012214148,366.90607619
885,3050000,3552800,890400,2.07821246848,16.7957972596,367.10069704
886,3053000,3556800,891400,1.94500443831,15.5233355238,367.29398107
887,3056000,3560800,892400,1.93857949658,15.2897450421,367.49006414
888,3059000,3564800,893400,1.919125741,15.9849237367,367.68507409
889,3062000,3568800,894400,1.93831998157,15.6770801379,367.87850213
890,3065000,3572800,895400,1.93180602346,22.8308355936,368.07346701
891,3068000,3576800,896400,1.95851713807,15.8963739059,368.268230
892,3071000,3580800,897400,1.97146345071,20.1513392722,368.46318817
893,3074000,3584800,898400,1.9039553316,14.6678265936,368.65951418
894,3077000,3588800,899400,1.85374085233,17.8820278932,368.85484814
895,3080000,3592800,900400,1.93418645051,18.6686427528,369.04872918
896,3083000,3596800,901400,1.89626653188,14.3214840038,369.24169611
897,3086000,3600800,902400,1.94929754311,17.7497532423,369.43509006
898,3089000,3604800,903400,1.98470848736,16.7367911873,369.62940907
899,3092000,3608800,904400,1.88333331032,20.3586340777,369.82257413
900,3095000,3613000,905500,1.91194405474,17.5999631554,373.88819408
901,3098000,3617000,906500,1.98880165601,17.3085639233,374.08353304
902,3101000,3621000,907500,1.80154495391,15.9524377298,374.27988004
903,3104000,3625000,908500,1.82016661599,14.7587932239,374.47483801
904,3107000,3629000,909500,1.85334943799,13.7867146494,374.6697552
905,3110000,3633000,910500,1.96583968199,15.4436600904,374.86334109
906,3113000,3637000,911500,1.87422575683,17.4608071123,375.0581610
907,3116000,3641000,912500,1.90784233398,16.4958187889,375.25273513
908,3119000,3645000,913500,1.83437779384,17.7987976799,375.44783711
909,3122000,3649000,914500,1.87619737819,16.0853060538,375.64339709
910,3125000,3653000,915500,1.8263321959,13.7544882494,375.83950519
911,3128000,3657000,916500,1.92794491273,16.722967638,376.03676104
912,3131000,3661000,917500,1.80886371963,14.8516967929,376.23324418
913,3134000,3665000,918500,1.85331527552,15.4277575096,376.42992901
914,3137000,3669000,919500,1.85427617116,19.3310232857,376.63580918
915,3140000,3673000,920500,1.84551537033,13.7085365857,376.83168220
916,3143000,3677000,921500,1.86585223581,16.5840103544,377.02597117
917,3146000,3681000,922500,1.72744934187,17.5701891184,377.21997809
918,3149000,3685000,923500,1.84050102664,15.8447185721,377.41630816
919,3152000,3689000,924500,2.01772653493,16.4512796927,377.61345219
920,3155000,3693200,925600,1.94191208467,15.3369963831,381.69675111
921,3158000,3697200,926600,1.89877503836,13.9528058247,381.8925352
922,3161000,3701200,927600,1.93253833698,15.3201401846,382.08702206
923,3164000,3705200,928600,1.80252337484,15.0469729672,382.2808082
924,3167000,3709200,929600,1.79086904374,17.8592511781,382.47769117
925,3170000,3713200,930600,1.80844225729,15.5807805655,382.67481613
926,3173000,3717200,931600,1.77999094015,15.5323690595,382.87005114
927,3176000,3721200,932600,1.76601858047,20.301968766,383.06681013
928,3179000,3725200,933600,1.7968885408,15.1230719886,383.26511907
929,3182000,3729200,934600,1.80576408299,15.3230299437,383.46184301
930,3185000,3733200,935600,1.87298646327,15.5497606926,383.66250300
931,3188000,3737200,936600,1.72399371134,16.4898950417,383.85810518
932,3191000,3741200,937600,1.80904957502,17.357198409,384.05434918
933,3194000,3745200,938600,1.74694367568,13.5239959603,384.24984407
934,3197000,3749200,939600,1.76277480663,14.5234397987,384.44489908
935,3200000,3753200,940600,1.7477334066,17.1015408642,384.63934922
936,3203000,3757200,941600,1.83327410072,13.7547826626,384.8328740
937,3206000,3761200,942600,1.74384623025,12.8583664099,385.02726912
938,3209000,3765200,943600,1.85075540396,17.7395266748,385.22259521
939,3212000,3769200,944600,1.86284042008,16.2056656886,385.41819906
940,3215000,3773400,945700,1.74104282682,18.1418201042,389.47654199
941,3218000,3777400,946700,1.86618417016,17.4210258147,389.67392015
942,3221000,3781400,947700,1.79262381546,15.1804865965,389.86797308
943,3224000,3785400,948700,1.67936519296,20.9571150108,390.06381416
944,3227000,3789400,949700,1.83114647734,18.0435702321,390.26113319
945,3230000,3793400,950700,1.65648513572,13.6840964647,390.45596599
946,3233000,3797400,951700,1.58937141775,17.3927133442,390.64982914
947,3236000,3801400,952700,1.77426378781,15.8702427257,390.84434008
948,3239000,3805400,953700,1.69964916304,13.7397047931,391.03922510
949,3242000,3809400,954700,1.68615705294,13.5330383132,391.23554611
950,3245000,3813400,955700,1.67707250061,14.1339348266,391.43108606
951,3248000,3817400,956700,1.71298480127,16.845212307,391.63826012
952,3251000,3821400,957700,1.78317862053,17.2275760696,391.83385205
953,3254000,3825400,958700,1.72777520495,20.1565068272,392.02951717
954,3257000,3829400,959700,1.79249271334,16.2627377662,392.22494316
955,3260000,3833400,960700,1.62044970574,12.6240627233,392.42094421
956,3263000,3837400,961700,1.81394813669,14.8856953999,392.61491298
957,3266000,3841400,962700,1.69348064735,11.3734681718,392.81105709
958,3269000,3845400,963700,1.70619211794,13.1257751133,393.01030707
959,3272000,3849400,964700,1.70484238238,12.7405587269,393.20542502
960,3275000,3853600,965800,1.68993893151,11.7640163935,397.26185607
961,3278000,3857600,966800,1.77336128227,13.8373232869,397.45974707
962,3281000,3861600,967800,1.72999575109,13.1229259384,397.65611600
963,3284000,3865600,968800,1.68712267733,15.2139634747,397.85260820
964,3287000,3869600,969800,1.85384354795,20.1799925048,398.04872918
965,3290000,3873600,970800,1.65227115718,14.4341358355,398.24838113
966,3293000,3877600,971800,1.66587028987,17.448316084,398.45235705
967,3296000,3881600,972800,1.62840086315,11.9897221315,398.65099000
968,3299000,3885600,973800,1.62877487656,13.8663036632,398.84985208
969,3302000,3889600,974800,1.77868775337,16.6247147052,399.04795312
970,3305000,3893600,975800,1.66296879924,17.1597552451,399.24475812
971,3308000,3897600,976800,1.63378298944,11.438463069,399.44201207
972,3311000,3901600,977800,1.66009029653,11.9870386954,399.64083814
973,3314000,3905600,978800,1.73357249899,12.7911230724,399.83909106
974,3317000,3909600,979800,1.70639707763,16.3182101855,400.03587603
975,3320000,3913600,980800,1.60631423259,12.6278948677,400.23297619
976,3323000,3917600,981800,1.65435349046,13.9673124907,400.43044805
977,3326000,3921600,982800,1.59563244569,13.5343228959,400.62787604
978,3329000,3925600,983800,1.68235244892,15.2248784081,400.82570505
979,3332000,3929600,984800,1.71885271315,15.4114968236,401.02330803
980,3335000,3933800,985900,1.61357782078,19.5654339058,405.11219406
981,3338000,3937800,986900,1.74785757598,14.9158079165,405.3088650
982,3341000,3941800,987900,1.72664767293,19.7695797847,405.5053520
983,3344000,3945800,988900,1.65795350422,15.5103265627,405.70122718
984,3347000,3949800,989900,1.56494092148,13.8192055341,405.89789104
985,3350000,3953800,990900,1.66869275485,14.9812290518,406.09487700
986,3353000,3957800,991900,1.69862147688,15.8711649518,406.29048299
987,3356000,3961800,992900,1.63393760322,16.9677815607,406.48736119
988,3359000,3965800,993900,1.66948273609,15.9089805113,406.68563103
989,3362000,3969800,994900,1.60646516566,13.3195206412,406.88101410
990,3365000,3973800,995900,1.78674247385,14.2444825638,407.07675099
991,3368000,3977800,996900,1.57653784027,14.064526588,407.27163910
992,3371000,3981800,997900,1.66432901522,12.6223366236,407.46675705
993,3374000,3985800,998900,1.69677142596,15.0054682831,407.662398
994,3377000,3989800,999900,1.65519422762,13.2523499306,407.85658621
995,3380000,3993800,1000900,1.61278728837,15.3435340181,408.05035805
996,3383000,3997800,1001900,1.70100060135,20.2861604931,408.24408912
997,3386000,4001800,1002900,1.6277527785,15.6817424113,408.43992614
998,3389000,4005800,1003900,1.61751567815,13.3893191137,408.63682818
999,3392000,4009800,1004900,1.67438654004,16.345705785,408.83215212
1000,3395000,4014000,1006000,1.59704415389,17.5340608045,412.88785004
1001,3398000,4018000,1007000,1.66045283652,14.1306298336,413.08467721
