0,50000,40000,10000,347201.776927,843.581956521,2.8006408214
1,100000,80000,20000,25425.8692571,250.379790681,5.3067300319
2,150000,120000,30000,5227.09742408,151.882331704,7.7772738933
3,210000,160000,40000,4339.92696756,150.888049103,10.506938934
4,290000,200000,50000,76.1234386803,60.6993547292,14.167419910
5,380000,240000,60000,36.1248510017,59.2834243219,17.85709381
6,480000,280000,70000,26.3993528854,56.5477094075,21.838359832
7,580000,320000,80000,22.9645273366,49.3658582044,25.870487928
8,690000,360000,90000,21.4629107431,57.1026268579,29.891237974
9,790000,400000,100000,18.6841908004,24.5272127912,33.687973976
10,910000,440000,110000,18.3008986558,59.4397313176,38.019795894
11,1030000,480000,120000,15.973399538,33.2468042723,42.648066997
12,1160000,520000,130000,15.6355351237,42.055577438,47.329864025
13,1270000,560000,140000,14.5745821025,17.7497136661,51.281697988
14,1400000,600000,150000,14.583887297,50.1460248442,55.767871856
15,1540000,640000,160000,13.0627338472,31.6164092369,60.432936906
16,1650000,680000,170000,12.4422203644,13.5702345467,64.266764879
17,1780000,720000,180000,12.7705951534,50.8190323076,68.61605000
18,1910000,760000,190000,12.4545865703,47.0958874836,73.124159812
19,2050000,800000,200000,12.0148173284,50.7099872908,77.797936916
20,2190000,840000,210000,10.4657600613,21.1093718259,82.378145933
21,2330000,880000,220000,10.1823172699,20.077038594,87.186053991
22,2470000,920000,230000,10.2752583063,22.4991817808,91.801587820
23,2610000,960000,240000,9.95079502368,24.118376112,96.443730831
24,2750000,1000000,250000,9.97648017437,25.2341165184,101.28622102
25,2890000,1040000,260000,9.70298296601,28.1256159105,105.99865984
26,3030000,1080000,270000,9.91742708326,29.5611770256,110.62175488
27,3180000,1120000,280000,9.70242843477,28.8684292755,115.48062682
28,3310000,1160000,290000,9.07877682883,11.2067776342,119.89017200
29,3460000,1200000,300000,9.20989518639,28.8176555166,125.64147901
30,3600000,1240000,310000,8.74821563297,12.5007222816,132.21413183
31,3740000,1280000,320000,8.80887219897,16.0147092462,141.14196085
32,3890000,1320000,330000,8.66742768697,22.4088525788,150.33448600
33,4030000,1360000,340000,8.35055664813,11.7457593746,159.03241896
34,4180000,1400000,350000,8.51742292802,21.0843210003,168.00216889
35,4330000,1440000,360000,8.27144552918,16.1829566492,173.84595584
36,4480000,1480000,370000,8.30918567143,15.1561445268,178.84280490
37,4620000,1520000,380000,8.24646372939,12.7446032702,183.69031882
38,4770000,1560000,390000,8.08848975185,23.6075623675,188.64243388
39,4920000,1600000,400000,7.90134266341,17.8608247562,193.72118496
40,5070000,1640000,410000,7.81869581331,15.2676002994,198.55567097
41,5220000,1680000,420000,7.85395579022,13.9735993089,203.45514488
42,5370000,1720000,430000,7.88802696678,12.6609685701,208.37700200
43,5520000,1760000,440000,7.79516124746,14.3021545124,213.27148795
44,5670000,1800000,450000,7.71045350462,17.5953284497,218.37826991
45,5820000,1840000,460000,7.6134892133,17.7248854417,223.26816487
46,5970000,1880000,470000,7.67254695022,18.6941800114,228.18127489
47,6120000,1920000,480000,7.5201611754,20.8973580056,233.20589780
48,6270000,1960000,490000,7.55804285472,18.1938809514,238.12807202
49,6420000,2000000,500000,7.51517345547,14.9457072458,243.10220193
50,6570000,2040000,510000,7.28828749446,13.8497788104,248.09003400
51,6720000,2080000,520000,7.29547619089,15.9868823583,253.13786697
52,6870000,2120000,530000,7.32879188834,17.5071252584,258.05088281
53,7030000,2160000,540000,7.2379586505,21.3855639755,263.32196283
54,7170000,2200000,550000,7.24173210782,9.22195060175,267.9949479
55,7320000,2240000,560000,7.08211850155,18.6465412978,273.01273298
56,7470000,2280000,570000,7.15811853433,20.722485245,277.9899139
57,7630000,2320000,580000,7.18895242368,27.5400573572,283.25760388
58,7770000,2360000,590000,6.96216190901,8.23903629367,288.09463381
59,7920000,2400000,600000,6.94603776196,16.4710766638,292.99288082
60,8070000,2440000,610000,6.82316991318,15.4573460068,297.86728286
61,8220000,2480000,620000,6.74303211738,13.2649140418,302.69978189
62,8370000,2520000,630000,6.71824567395,14.1321103135,307.24205398
63,8530000,2560000,640000,6.72233222138,18.851329311,312.06935787
64,8680000,2600000,650000,6.57381466024,9.25428950626,316.63293600
65,8830000,2640000,660000,6.61025327391,11.2486959113,321.21061086
66,8990000,2680000,670000,6.54884826328,15.8655319368,326.04897403
67,9130000,2720000,680000,6.55372694016,7.98326884387,330.38915896
68,9280000,2760000,690000,6.46163955189,17.1497294284,335.0243239
69,9440000,2800000,700000,6.49144827747,22.7714131472,339.8568918
70,9590000,2840000,710000,6.38334206511,9.06206243115,344.42956781
71,9740000,2880000,720000,6.39981852839,13.7212084066,348.95511388
72,9900000,2920000,730000,6.43823062776,21.8054488229,354.00736093
73,10060000,2960000,740000,6.28417555392,12.1460415911,359.45214581
74,10210000,3000000,750000,6.25735634957,8.5526088791,364.6942179
75,10370000,3040000,760000,6.19485188748,14.6003720424,370.35886597
76,10520000,3080000,770000,6.13817329246,11.4847255093,375.62080597
77,10680000,3120000,780000,6.15400399024,19.1324812946,380.99205803
78,10840000,3160000,790000,6.20138357492,12.6507937844,388.8973519
79,10990000,3200000,800000,6.19153193826,9.69051907442,397.12393188
80,11150000,3240000,810000,6.08879937705,15.5535384735,405.83383083
81,11300000,3280000,820000,6.10132033473,10.6477517853,414.18991684
82,11460000,3320000,830000,6.13951330162,18.1779493415,422.03737497
83,11620000,3360000,840000,6.00325919522,11.6331143843,429.47925281
84,11770000,3400000,850000,5.99777622274,9.71676699137,438.02651095
85,11930000,3440000,860000,6.05640304285,15.7024231056,447.05552482
86,12080000,3480000,870000,5.95261056394,8.64180938223,455.62644195
87,12240000,3520000,880000,5.93957855591,13.3078988149,464.67745399
88,12400000,3560000,890000,5.96618001975,10.2465402613,473.77476191
89,12550000,3600000,900000,5.89329151133,7.26827648436,482.38802385
90,12710000,3640000,910000,5.94666681549,11.5929270062,491.51988887
91,12860000,3680000,920000,5.85373309965,8.50388247857,500.14185094
92,13020000,3720000,930000,5.86880456187,11.547512632,509.1820468
93,13160000,3760000,940000,5.78912656641,6.48773650066,517.31651282
94,13320000,3800000,950000,5.79514312418,14.6600474941,525.83712196
95,13480000,3840000,960000,5.7333070288,11.1900788212,531.82340788
96,13630000,3880000,970000,5.77023634054,8.9254964751,538.37186193
97,13790000,3920000,980000,5.70195339024,14.0872840977,543.66996097
98,13940000,3960000,990000,5.69212810225,8.2839391211,548.80333995
99,14100000,4000000,1000000,5.64538511878,13.7978991558,554.13506698
100,14260000,4040000,1010000,5.68489392457,11.9109693569,559.62944388
101,14420000,4080000,1020000,5.5732255074,9.74768625575,565.02352690
102,14580000,4120000,1030000,5.59752951162,9.17585997406,570.42939996
103,14740000,4160000,1040000,5.49970389054,9.83509318798,575.95246601
104,14900000,4200000,1050000,5.5050342781,9.86076853592,581.28932690
105,15060000,4240000,1060000,5.52050344399,10.5081646578,586.65117192
106,15220000,4280000,1070000,5.5207662616,8.49245666225,592.08487200
107,15380000,4320000,1080000,5.50976725085,9.86497881318,597.28559780
108,15530000,4360000,1090000,5.52609620794,8.51844544446,602.27123403
109,15690000,4400000,1100000,5.50452366553,17.4614034095,608.20354890
110,15850000,4440000,1110000,5.51455773694,13.6987571492,613.48912882
111,16010000,4480000,1120000,5.52256723137,10.3683362263,618.97604894
112,16170000,4520000,1130000,5.3993863688,10.9125341288,624.4961209
113,16330000,4560000,1140000,5.45949969564,11.3163882074,629.84239602
114,16490000,4600000,1150000,5.45383217785,10.4062148015,635.04198598
115,16650000,4640000,1160000,5.36885645832,11.5991966068,640.34314203
116,16810000,4680000,1170000,5.35112707512,11.6801748992,645.5159988
117,16970000,4720000,1180000,5.42852750137,9.84803249404,650.71923303
118,17130000,4760000,1190000,5.36979530873,9.78561970605,656.01203584
119,17290000,4800000,1200000,5.34015598056,10.9643492018,661.20548200
120,17450000,4840000,1210000,5.41436765424,11.5683184154,666.38641691
121,17610000,4880000,1220000,5.37259743913,10.6595520616,671.64252686
122,17760000,4920000,1230000,5.28227086289,8.22010255803,676.5770258
123,17920000,4960000,1240000,5.25844813933,14.7423981823,681.75395488
124,18080000,5000000,1250000,5.32069109687,11.935907002,687.01574397
125,18240000,5040000,1260000,5.27845077087,9.58750824052,692.18178701
126,18400000,5080000,1270000,5.24038304349,11.3796629342,697.38303899
127,18560000,5120000,1280000,5.29758165429,12.3982856354,702.64059901
128,18720000,5160000,1290000,5.23020076666,12.3723611112,707.84651899
129,18880000,5200000,1300000,5.21457377844,13.7082223195,713.03446483
130,19040000,5240000,1310000,5.24228446504,17.5525611436,718.26582789
131,19200000,5280000,1320000,5.2795693005,16.0058950359,723.44803190
132,19360000,5320000,1330000,5.22052202578,14.6005721424,728.64306783
133,19520000,5360000,1340000,5.17702718916,13.8554118274,733.9257359
134,19680000,5400000,1350000,5.19294592755,13.1878272135,739.13345694
135,19840000,5440000,1360000,5.14129255513,15.2391735353,744.34089994
136,20000000,5480000,1370000,5.18212006704,17.1571684324,749.62669682
137,20160000,5520000,1380000,5.10531548756,16.3411664866,754.82517790
138,20320000,5560000,1390000,5.17257386171,15.6524384556,760.00705480
139,20480000,5600000,1400000,5.08608440648,13.5535712916,765.30152893
140,20640000,5640000,1410000,5.12687147836,12.0810846686,770.50695300
141,20800000,5680000,1420000,5.05929518851,12.4303446993,775.69269895
142,20960000,5720000,1430000,5.08674273797,10.7265238855,780.98948788
143,21120000,5760000,1440000,5.06330704944,9.37246955343,786.21293187
144,21280000,5800000,1450000,4.97366327626,11.4350173521,791.42687797
145,21440000,5840000,1460000,5.07356124933,12.654384946,796.71805095
146,21600000,5880000,1470000,4.99383310276,12.9348956885,803.1600778
147,21760000,5920000,1480000,5.0841667142,12.7546490291,807.97807288
148,21920000,5960000,1490000,5.01836055117,11.5868028906,812.7291269
149,22080000,6000000,1500000,4.96312967094,8.18588579414,817.47078990
150,22240000,6040000,1510000,4.97588335039,8.39070068986,822.20878195
151,22400000,6080000,1520000,5.00015485101,9.60093971,826.96482586
152,22560000,6120000,1530000,4.97952305069,12.0904518435,831.70941686
153,22720000,6160000,1540000,5.01390912171,12.7645595576,836.43059587
154,22880000,6200000,1550000,4.95876656135,13.2422023042,841.19079995
155,23040000,6240000,1560000,4.9173399631,11.4627990787,845.92940282
156,23200000,6280000,1570000,4.97742452524,12.4424748442,850.68027281
157,23360000,6320000,1580000,4.94198188015,13.5935287602,855.41439700
158,23520000,6360000,1590000,4.97538214736,13.0702258176,860.16428184
159,23680000,6400000,1600000,4.94646135735,12.65772123,864.91434383
160,23840000,6440000,1610000,4.93411524605,13.5888454867,869.85433101
161,24000000,6480000,1620000,4.89777294992,13.5993069904,874.61231994
162,24160000,6520000,1630000,4.93569943553,15.3983133006,879.36564087
163,24320000,6560000,1640000,4.93106406085,17.4071211224,884.12321901
164,24480000,6600000,1650000,4.87131224395,17.0083534262,888.87029290
165,24640000,6640000,1660000,4.86773451114,14.790267991,893.63446402
166,24800000,6680000,1670000,4.84245222277,15.6242409485,898.35469198
167,24960000,6720000,1680000,4.87631055443,16.8490644012,903.06444597
168,25120000,6760000,1690000,4.89195769962,19.1459643452,907.80640697
169,25280000,6800000,1700000,4.85635519794,22.3071526831,912.54485583
170,25440000,6840000,1710000,4.85375263448,21.1494266915,917.29574084
171,25600000,6880000,1720000,4.86862596537,19.8106968979,922.03114986
172,25760000,6920000,1730000,4.92600227717,22.0252584636,926.79373884
173,25930000,6960000,1740000,4.84714679179,26.1588891323,931.769167
174,26090000,7000000,1750000,4.75194883062,7.72408323023,936.52049183
175,26250000,7040000,1760000,4.7743772078,10.9199371082,941.25047802
176,26410000,7080000,1770000,4.76019932094,14.8092307361,945.98023080
177,26570000,7120000,1780000,4.73180909019,19.3383907138,950.71598887
178,26730000,7160000,1790000,4.80990121989,19.7576935246,955.4407398
179,26890000,7200000,1800000,4.7903420493,17.5484247239,960.17255282
180,27050000,7240000,1810000,4.7482442884,19.284036543,964.92816591
181,27210000,7280000,1820000,4.85893074494,23.9626716005,969.66485381
182,27370000,7320000,1830000,4.78402196867,23.6974993756,974.40291595
183,27540000,7360000,1840000,4.77951753689,23.8381234666,979.37294387
184,27700000,7400000,1850000,4.72229735494,7.96700887052,984.10989880
185,27860000,7440000,1860000,4.71069429989,9.7076184297,988.84785199
186,28020000,7480000,1870000,4.6956468771,11.2525592386,993.59448385
187,28190000,7520000,1880000,4.69886427317,15.8270655555,998.57609796
188,28350000,7560000,1890000,4.65726744062,7.5452797384,1003.2962088
189,28510000,7600000,1900000,4.66259892855,11.6307197803,1008.0483298
190,28680000,7640000,1910000,4.66900161807,15.6949190064,1013.0359959
191,28840000,7680000,1920000,4.62700392596,6.80640017381,1017.7533278
192,29000000,7720000,1930000,4.61720359115,8.5444270773,1022.4841859
193,29160000,7760000,1940000,4.57920290616,9.26180539115,1027.2205059
194,29320000,7800000,1950000,4.58600086351,7.40709731445,1031.9671208
195,29480000,7840000,1960000,4.5725109817,10.3153436485,1036.7068588
196,29650000,7880000,1970000,4.63086723998,15.4331205113,1041.6955609
197,29810000,7920000,1980000,4.62169561853,8.00314163081,1046.4321098
198,29970000,7960000,1990000,4.60252728952,13.5173113298,1051.1841788
199,30130000,8000000,2000000,4.61643164978,16.4018544285,1055.9343450
200,30300000,8040000,2010000,4.60066790869,20.1916751875,1060.9129309
201,30460000,8080000,2020000,4.55540211877,9.1452248538,1065.6477649
202,30630000,8120000,2030000,4.62395682346,16.0912977135,1070.625315
203,30800000,8160000,2040000,4.54486281818,10.588977241,1075.5881159
204,30960000,8200000,2050000,4.5746709856,9.3170435876,1080.3200099
205,31120000,8240000,2060000,4.55076471904,14.2463068275,1085.0585849
206,31290000,8280000,2070000,4.55339878576,18.3522790129,1090.0479719
207,31450000,8320000,2080000,4.51548648791,6.05714996732,1094.7882058
208,31610000,8360000,2090000,4.55588497177,9.31111497089,1099.5195698
209,31770000,8400000,2100000,4.53929367382,10.3403761379,1104.2355768
210,31930000,8440000,2110000,4.51794427715,10.702225618,1108.9761438
211,32100000,8480000,2120000,4.50279491208,11.165626759,1113.9316208
212,32250000,8520000,2130000,4.46396516477,5.56528981241,1118.453440
213,32410000,8560000,2140000,4.49576619612,12.4720822987,1123.2028999
214,32570000,8600000,2150000,4.51146285129,11.8624166663,1127.9503128
215,32740000,8640000,2160000,4.42750205119,14.2235266011,1132.9379818
216,32900000,8680000,2170000,4.42388718181,7.8827072206,1137.6880109
217,33060000,8720000,2180000,4.44345611673,10.1674186597,1142.4439339
218,33220000,8760000,2190000,4.43237487187,9.29303732769,1147.2046768
219,33380000,8800000,2200000,4.4304578078,11.8053849593,1151.9390888
220,33550000,8840000,2210000,4.4654939587,18.2796995528,1156.9016678
221,33710000,8880000,2220000,4.43079205191,9.03747438209,1161.6393969
222,33880000,8920000,2230000,4.44846590757,14.199204299,1166.6002428
223,34040000,8960000,2240000,4.43929278378,7.69633074977,1171.3344960
224,34200000,9000000,2250000,4.41207840939,10.9227683409,1176.07173
225,34360000,9040000,2260000,4.4149508201,14.7911422569,1180.813268
226,34520000,9080000,2270000,4.37233051421,17.5560654363,1185.5663549
227,34680000,9120000,2280000,4.42113386388,19.6860662773,1190.3070299
228,34850000,9160000,2290000,4.36093767301,22.8299995661,1195.2835559
229,35010000,9200000,2300000,4.32363282356,8.00257678437,1200.0282368
230,35170000,9240000,2310000,4.31757321366,11.1231460711,1204.7839100
231,35340000,9280000,2320000,4.41046412342,15.2344503225,1209.7712149
232,35500000,9320000,2330000,4.33442730354,9.05795799995,1214.4993369
233,35670000,9360000,2340000,4.34377427417,14.824948314,1219.45421
234,35830000,9400000,2350000,4.30187311579,6.65720487622,1224.1697199
235,35990000,9440000,2360000,4.29700762571,8.5432700605,1228.9035878
236,36160000,9480000,2370000,4.29696329813,10.2619125077,1233.8408768
237,36310000,9520000,2380000,4.25916473869,4.95317677829,1238.2758908
238,36470000,9560000,2390000,4.29534627721,15.8809862366,1242.9818179
239,36640000,9600000,2400000,4.37872293248,22.6453844285,1247.9234578
240,36800000,9640000,2410000,4.24120981015,7.9165392784,1252.6362578
241,36970000,9680000,2420000,4.30551333571,14.3869950148,1257.5446238
242,37140000,9720000,2430000,4.22209225627,8.78085175347,1262.4831199
243,37300000,9760000,2440000,4.26920851138,6.64902123869,1267.1963179
244,37460000,9800000,2450000,4.30639619225,10.2197559634,1271.9122519
245,37630000,9840000,2460000,4.30200547743,15.7221964446,1276.8559708
246,37790000,9880000,2470000,4.24707049735,8.13783433704,1281.5910618
247,37960000,9920000,2480000,4.26199370781,15.2274708141,1286.5171859
248,38130000,9960000,2490000,4.26212051602,9.84843159162,1291.4559760
249,38290000,10000000,2500000,4.26946071195,8.80949419943,1296.1697559
250,38460000,10040000,2510000,4.20168489086,14.0443865898,1301.1155078
251,38620000,10080000,2520000,4.26440087851,8.93635698258,1305.829598
252,38790000,10120000,2530000,4.23337114995,13.3473056072,1310.7675919
253,38950000,10160000,2540000,4.22141947315,5.63306224199,1315.46801
254,39110000,10200000,2550000,4.22102864184,9.2726732899,1320.1933829
255,39280000,10240000,2560000,4.21532230758,15.3907868564,1325.1669130
256,39450000,10280000,2570000,4.22296041007,10.0001005251,1330.1341190
257,39620000,10320000,2580000,4.26802075672,9.83938251031,1335.0725438
258,39790000,10360000,2590000,4.20679506128,8.89817926082,1340.0313060
259,39950000,10400000,2600000,4.1469153222,8.30218643792,1344.7639629
260,40120000,10440000,2610000,4.2011947131,13.4185967474,1349.7305419
261,40280000,10480000,2620000,4.19014468544,6.50271393417,1354.4498298
262,40450000,10520000,2630000,4.21446713797,11.6683770645,1359.3932609
263,40620000,10560000,2640000,4.20363904354,9.37250991018,1364.3498048
264,40790000,10600000,2650000,4.18373492438,9.16820515514,1369.2962048
265,40950000,10640000,2660000,4.17667859298,7.56280676088,1373.9999489
266,41120000,10680000,2670000,4.20594956787,12.6010508553,1378.9614009
267,41280000,10720000,2680000,4.12051954331,7.52008390511,1383.6818590
268,41450000,10760000,2690000,4.16563534133,9.49343954873,1388.6230950
269,41610000,10800000,2700000,4.10435530317,9.97427493145,1393.3433408
270,41770000,10840000,2710000,4.19634294205,14.2024948066,1398.1074619
271,41940000,10880000,2720000,4.15582578271,18.2546196468,1403.0943779
272,42110000,10920000,2730000,4.12043038097,9.7758533558,1408.1317899
273,42270000,10960000,2740000,4.14184589468,8.54569280965,1412.8856749
274,42440000,11000000,2750000,4.10112039563,12.1887696698,1417.8730418
275,42590000,11040000,2760000,4.11174036897,5.86091259514,1422.3785438
276,42750000,11080000,2770000,4.13195969293,11.6488204341,1427.091641
277,42920000,11120000,2780000,4.10580534679,13.5747079708,1432.0741319
278,43080000,11160000,2790000,4.09797337021,8.94237049963,1436.7899408
279,43250000,11200000,2800000,4.11864146863,15.3419558513,1441.7319138
280,43410000,11240000,2810000,4.10653407941,8.23854099124,1446.4333639
281,43580000,11280000,2820000,4.08006856189,13.4429401887,1451.5745499
282,43740000,11320000,2830000,4.06412958838,6.90837494533,1456.3098959
283,43910000,11360000,2840000,4.04928699605,10.2830635977,1461.2837929
284,44070000,11400000,2850000,4.03171007724,6.52061185766,1466.0438139
285,44230000,11440000,2860000,4.06482495094,10.3678998316,1470.8056199
286,44400000,11480000,2870000,4.07249357466,15.4558316697,1475.787427
287,44570000,11520000,2880000,4.06909982173,9.67891913266,1480.7884819
288,44730000,11560000,2890000,4.05333612046,7.80320347904,1485.5488228
289,44900000,11600000,2900000,4.04644335586,10.9453468311,1490.534861
290,45060000,11640000,2910000,4.04397479721,7.69520055586,1495.3014650
291,45220000,11680000,2920000,4.04787122694,9.99438736754,1500.0339198
292,45380000,11720000,2930000,4.09081525744,11.1407067477,1504.7617099
293,45550000,11760000,2940000,4.04828524576,12.9786347168,1509.7579009
294,45710000,11800000,2950000,4.02941293096,7.70505832475,1514.51358
295,45880000,11840000,2960000,4.01663325142,13.8820338218,1519.4921708
296,46050000,11880000,2970000,4.02840178078,9.35523587526,1524.4674828
297,46210000,11920000,2980000,3.93363890275,7.09362264472,1529.2164268
298,46380000,11960000,2990000,3.95378316595,11.2551465127,1534.1814439
299,46540000,12000000,3000000,4.01477212717,7.03559682429,1538.9299359
300,46710000,12040000,3010000,3.98739433225,10.2162950167,1543.9128229
301,46870000,12080000,3020000,3.95713725689,6.34386641365,1548.6391968
302,47040000,12120000,3030000,3.96219317162,11.0929295315,1553.597961
303,47210000,12160000,3040000,3.95166348605,8.46908170819,1558.5564060
304,47380000,12200000,3050000,3.9355755694,8.68633661744,1563.5270619
305,47550000,12240000,3060000,3.94598891663,7.12942162324,1568.4726870
306,47710000,12280000,3070000,3.95886773385,7.44963355421,1573.2099368
307,47880000,12320000,3080000,3.97801988108,11.8691268672,1578.2177939
308,48040000,12360000,3090000,3.96230909629,6.12258759417,1582.941181
309,48200000,12400000,3100000,3.93580323955,9.33037043579,1587.6637668
310,48370000,12440000,3110000,3.97500821585,14.0426013532,1592.6201360
311,48530000,12480000,3120000,3.91229208458,6.73021055426,1597.34659
312,48700000,12520000,3130000,3.91431505255,9.50546581063,1602.3157160
313,48860000,12560000,3140000,3.93355871084,8.03651108806,1607.0491619
314,49030000,12600000,3150000,3.9343807299,12.3648497099,1611.9961259
315,49200000,12640000,3160000,3.92933429187,8.15652454178,1616.9673290
316,49370000,12680000,3170000,3.90057861788,7.77677606985,1621.9337818
317,49530000,12720000,3180000,3.91850930647,7.17301501846,1626.6802768
318,49700000,12760000,3190000,3.931485741,12.9557135693,1631.6241660
319,49860000,12800000,3200000,3.89644855711,6.95538251139,1636.3619120
320,50030000,12840000,3210000,3.84733965521,10.4640057768,1641.3228149
321,50190000,12880000,3220000,3.87366672995,6.38563498175,1646.0447838
322,50350000,12920000,3230000,3.89286288907,10.2154439408,1650.7631750
323,50520000,12960000,3240000,3.8845782242,13.3669182062,1655.7319560
324,50680000,13000000,3250000,3.84812514313,6.76017961024,1660.4654719
325,50850000,13040000,3260000,3.85725323934,12.9536178806,1665.4276969
326,51010000,13080000,3270000,3.86877807998,6.22248460305,1670.1486308
327,51170000,13120000,3280000,3.8448979537,9.80502469688,1674.8764619
328,51340000,13160000,3290000,3.89959384008,14.8247765274,1679.8256528
329,51510000,13200000,3300000,3.83503358099,8.42769486352,1684.7448089
330,51680000,13240000,3310000,3.82447163728,7.85300434033,1689.6728789
331,51850000,13280000,3320000,3.84040051835,8.15080281828,1694.6095049
332,52020000,13320000,3330000,3.82575009137,8.99672776858,1699.5148389
333,52190000,13360000,3340000,3.82001569814,8.36767977266,1704.4414269
334,52360000,13400000,3350000,3.82493483689,8.71614617295,1709.3683638
335,52530000,13440000,3360000,3.85824560662,8.06612221739,1714.3101828
336,52690000,13480000,3370000,3.83948924248,8.69874100267,1719.0120348
337,52860000,13520000,3380000,3.81834268314,12.1822471575,1723.9399368
338,53010000,13560000,3390000,3.83627393714,4.88287840247,1728.4080278
339,53180000,13600000,3400000,3.81904000713,12.7269445055,1733.370042
340,53340000,13640000,3410000,3.80867756376,5.92890438408,1738.0782828
341,53510000,13680000,3420000,3.80623470634,8.76910278852,1743.0040829
342,53670000,13720000,3430000,3.79879657373,5.54068776379,1747.6919479
343,53830000,13760000,3440000,3.80344869546,8.50475525242,1752.3697738
344,54000000,13800000,3450000,3.81550508579,14.2884757918,1757.3027539
345,54160000,13840000,3460000,3.76057496407,7.87748135217,1761.9856038
346,54330000,13880000,3470000,3.77290882378,11.3386961066,1766.90825
347,54500000,13920000,3480000,3.76183848649,8.1901577653,1771.8562419
348,54660000,13960000,3490000,3.78380161572,7.31302570222,1776.5486829
349,54830000,14000000,3500000,3.74516338876,13.0216028644,1781.4755668
350,54990000,14040000,3510000,3.76943560509,8.29890850535,1786.1621129
351,55160000,14080000,3520000,3.75018521686,13.360568271,1791.0790119
352,55320000,14120000,3530000,3.7409429694,7.56369109765,1795.7905290
353,55490000,14160000,3540000,3.75905857778,14.7580094816,1800.7145810
354,55660000,14200000,3550000,3.74460557534,9.52947189383,1805.6565399
355,55820000,14240000,3560000,3.72168745775,6.6146433722,1810.3882689
356,55980000,14280000,3570000,3.72762133095,10.1433417189,1815.1260318
357,56150000,14320000,3580000,3.73639158915,13.5434651194,1820.0681319
358,56320000,14360000,3590000,3.73209126423,7.41884625594,1825.0357198
359,56480000,14400000,3600000,3.720463189,5.65231952457,1829.7793719
360,56650000,14440000,3610000,3.71188346919,8.69330604402,1834.7664649
361,56820000,14480000,3620000,3.71888901583,10.2369103988,1839.7523260
362,56980000,14520000,3630000,3.73938222961,7.22716404284,1844.4869608
363,57150000,14560000,3640000,3.71370951871,10.6367492598,1849.4347238
364,57310000,14600000,3650000,3.69622023258,5.71494707389,1854.1656649
365,57470000,14640000,3660000,3.68813242906,8.40421656852,1858.8837609
366,57630000,14680000,3670000,3.68395408617,9.04380161277,1863.5961480
367,57800000,14720000,3680000,3.65876431324,11.16597514,1868.5410358
368,57960000,14760000,3690000,3.69071117714,7.08645905986,1873.2613689
369,58130000,14800000,3700000,3.6941872176,14.9735166623,1878.201397
370,58300000,14840000,3710000,3.68557561742,9.67366727945,1883.1504068
371,58460000,14880000,3720000,3.65608066203,7.54272819872,1887.8628239
372,58630000,14920000,3730000,3.67769399669,12.7651155718,1892.8137450
373,58790000,14960000,3740000,3.65880153568,7.25298460072,1897.5375518
374,58960000,15000000,3750000,3.69159513036,12.2781061811,1902.503856
375,59130000,15040000,3760000,3.63960245536,8.93184283324,1907.4655408
376,59290000,15080000,3770000,3.62756724624,7.13332300922,1912.1854958
377,59460000,15120000,3780000,3.6798349042,11.553945273,1917.1456048
378,59620000,15160000,3790000,3.62922510223,6.430587176,1921.8586640
379,59790000,15200000,3800000,3.63626929938,12.7312056473,1926.8267328
380,59960000,15240000,3810000,3.64050398813,10.9422166953,1931.7921149
381,60130000,15280000,3820000,3.64188518524,9.76496901834,1936.762844
382,60290000,15320000,3830000,3.61603601238,5.77775065772,1941.4794528
383,60460000,15360000,3840000,3.62498257312,10.437507981,1946.4149630
384,60620000,15400000,3850000,3.62534419605,6.28151939243,1951.2101259
385,60790000,15440000,3860000,3.62668525705,9.68002974164,1956.3056688
386,60960000,15480000,3870000,3.59710540476,7.02701718073,1961.4242548
