0,8000,4000,1000,77.8645727497,65.6067277371,1.4824631214
1,17000,8000,2000,65.7993873728,77.0934993236,2.6610441207
2,27000,12000,3000,45.1120780531,55.6448958761,3.8042581081
3,37000,16000,4000,41.2125012381,52.748075941,4.7070260047
4,47000,20000,5000,39.1494542292,69.2691532485,5.9183650016
5,57000,24000,6000,37.5460267458,64.9739914081,6.9612290859
6,67000,28000,7000,34.1573820451,57.916337068,8.1315150260
7,78000,32000,8000,33.3697226352,68.9457227778,9.458675146
8,89000,36000,9000,29.118356995,42.3442969668,10.493133068
9,101000,40000,10000,28.9971655516,57.4090316214,11.642678022
10,113000,44000,11000,27.2376852404,42.4046228698,12.745352029
11,125000,48000,12000,27.1716051278,60.422184043,14.197211027
12,137000,52000,13000,27.1445049007,56.3568762746,15.863367080
13,150000,56000,14000,25.8441115367,54.9768553178,17.634391069
14,163000,60000,15000,24.7609400915,32.5860463227,19.478493213
15,177000,64000,16000,23.8064028904,34.3666876722,20.649110078
16,190000,68000,17000,23.0569697648,22.4156853934,21.638729095
17,203000,72000,18000,23.639150848,31.9742046674,22.994211196
18,216000,76000,19000,23.6299441433,36.5248098569,24.367007017
19,229000,80000,20000,22.5780017617,32.4899059662,25.399255037
20,242000,84000,21000,23.1299567288,45.7785111839,26.597398042
21,255000,88000,22000,23.6738723073,53.9880098082,27.562162160
22,268000,92000,23000,22.9269402297,51.9449514909,28.513357162
23,281000,96000,24000,22.5225953607,45.615839818,29.448065996
24,294000,100000,25000,22.2463991692,50.3584343731,30.403604984
25,307000,104000,26000,22.318201255,52.8785805365,31.343039035
26,320000,108000,27000,22.0219568361,47.9280127655,32.34154510
27,334000,112000,28000,21.3542046622,58.6076670773,33.497452020
28,348000,116000,29000,19.6866130715,26.6686621538,34.723723173
29,362000,120000,30000,20.0622532021,31.6782318881,36.346660137
30,376000,124000,31000,19.4609352553,28.5282700296,38.026602029
31,390000,128000,32000,18.9326543883,28.868932966,39.62795901
32,404000,132000,33000,19.1703828409,32.8390849277,41.242844104
33,418000,136000,34000,19.2445121905,36.0787170499,42.858570098
34,432000,140000,35000,18.7388807004,34.6695466969,44.497763156
35,447000,144000,36000,18.2667302656,32.9985440392,46.263478040
36,461000,148000,37000,18.197483905,19.1236151781,47.870881080
37,475000,152000,38000,19.062165909,34.5901052369,49.097706079
38,489000,156000,39000,18.7959558104,40.9899968319,50.122806072
39,503000,160000,40000,18.8870554068,42.472196121,51.130263090
40,517000,164000,41000,18.4882490176,45.7937140377,52.168934106
41,531000,168000,42000,18.1289343193,43.5172390804,53.260125160
42,545000,172000,43000,17.7883058333,43.6611434226,54.340110063
43,559000,176000,44000,18.0919227199,46.8494547133,55.650015115
44,573000,180000,45000,17.5456732474,33.8586991287,56.982582092
45,588000,184000,46000,17.7226027086,32.8553039941,58.066884994
46,603000,188000,47000,16.7879157437,24.3321203118,59.215335130
47,618000,192000,48000,16.840892223,32.8476604852,60.338644027
48,633000,196000,49000,16.8548089246,26.7122769058,61.418313980
49,648000,200000,50000,16.5844186928,24.7878865196,62.524116039
50,663000,204000,51000,17.0772753676,30.8869758538,63.59505605
51,678000,208000,52000,16.6588764282,35.2720036341,64.653416156
52,693000,212000,53000,16.441037363,29.1509981009,65.729938030
53,708000,216000,54000,16.6139524862,23.8947251931,66.976453065
54,723000,220000,55000,16.5886409681,33.4776979018,68.11415100
55,738000,224000,56000,16.5450378382,29.4653842673,69.252125024
56,752000,228000,57000,16.3430240293,24.0409520868,70.416522979
57,767000,232000,58000,16.4276151506,35.9442049156,71.724622011
58,781000,236000,59000,15.9431072611,17.6547659231,72.743185043
59,796000,240000,60000,16.0444378439,28.2236890403,73.878236055
60,811000,244000,61000,15.6979214394,27.977162701,75.117619037
61,826000,248000,62000,15.6431056038,24.9145487188,76.207392215
62,841000,252000,63000,15.4409774358,20.3384577163,77.291390180
63,856000,256000,64000,15.6700439237,21.2891798089,78.460273981
64,871000,260000,65000,15.5330310689,29.9390464885,79.54907417
65,886000,264000,66000,15.6608776622,30.9300296572,80.630501985
66,901000,268000,67000,15.7464470524,24.7949321322,81.692242145
67,916000,272000,68000,15.5358864496,24.3361514993,82.923413038
68,931000,276000,69000,15.3299877022,30.2934711855,84.13321518
69,946000,280000,70000,15.5954521723,27.8797459601,85.400606155
70,961000,284000,71000,15.012915621,18.0555313048,86.580137014
71,976000,288000,72000,15.3579709774,22.885006627,87.675533056
72,991000,292000,73000,15.0554499665,29.1375631643,88.903640985
73,1006000,296000,74000,15.2251596097,34.5168048614,89.996773004
74,1021000,300000,75000,15.0540952953,36.3625738068,91.328629016
75,1036000,304000,76000,14.6628995685,34.2015509338,92.51343607
76,1051000,308000,77000,15.087341888,30.2125250791,93.645506143
77,1066000,312000,78000,15.0478055316,27.6598467515,94.780379056
78,1081000,316000,79000,14.8581566232,32.5022802451,95.865189075
79,1096000,320000,80000,14.7887391352,33.5180188301,96.941812992
80,1111000,324000,81000,15.0186212807,31.443474582,97.991670131
81,1126000,328000,82000,14.8619440628,22.5034494147,99.055605173
82,1141000,332000,83000,14.6117974903,21.7196166162,100.11415910
83,1157000,336000,84000,14.5333909366,32.7770874104,101.23470997
84,1172000,340000,85000,14.5382918756,23.8727028542,102.28909516
85,1187000,344000,86000,14.5646990202,27.6018964211,103.35232710
86,1202000,348000,87000,14.2962725567,32.0128238362,104.40956711
87,1217000,352000,88000,14.6838556604,38.7354235169,105.47569918
88,1232000,356000,89000,14.4532566096,36.2727450863,106.52324104
89,1247000,360000,90000,14.4498865626,29.5520274564,107.59089803
90,1262000,364000,91000,13.939509482,26.13755104,108.80283999
91,1277000,368000,92000,14.3988906631,37.9337124337,110.00156402
92,1292000,372000,93000,14.4790776853,35.5361386326,111.09020113
93,1307000,376000,94000,14.0826568397,31.1584160513,112.19730806
94,1322000,380000,95000,14.3416994254,26.7709177653,113.26407599
95,1337000,384000,96000,13.8421473076,24.8975723474,114.3359601
96,1352000,388000,97000,14.045169043,34.4012838046,115.38735508
97,1367000,392000,98000,14.420119788,44.703150584,116.43703699
98,1382000,396000,99000,14.1196887987,35.6274040326,117.50110602
99,1397000,400000,100000,13.9443483338,24.7632181176,118.58150100
100,1412000,404000,101000,13.9048978327,27.5968094947,119.6328411
101,1427000,408000,102000,13.6796067451,30.6062414547,120.68132519
102,1442000,412000,103000,13.9016420862,33.6390505153,121.70845913
103,1457000,416000,104000,14.0089231734,34.8762917963,122.75656008
104,1472000,420000,105000,13.8747453697,41.0733638266,123.80644917
105,1487000,424000,106000,14.0602494834,42.4045521837,124.85948014
106,1502000,428000,107000,13.8220061876,36.0888520009,125.89482903
107,1517000,432000,108000,13.6580815337,38.9504614243,126.9594600
108,1532000,436000,109000,13.5954908493,40.5629507952,128.01659917
109,1547000,440000,110000,13.3970538128,34.0724728205,129.21109700
110,1562000,444000,111000,13.6087251482,33.0172009888,130.73485517
111,1577000,448000,112000,13.7598454019,39.9559528003,131.84807300
112,1592000,452000,113000,13.6376319582,44.0600484644,132.96210312
113,1607000,456000,114000,13.5404085756,49.1894322542,134.04069614
114,1622000,460000,115000,14.155803744,47.8694425833,135.06851100
115,1637000,464000,116000,13.3674300764,31.2441094689,136.19060206
116,1652000,468000,117000,12.826201412,23.7669983234,137.2812771
117,1667000,472000,118000,13.2419803459,33.4724259255,138.29165506
118,1682000,476000,119000,13.4316879681,40.5855178309,139.31930303
119,1698000,480000,120000,13.3157427848,45.6762427815,140.52857112
120,1714000,484000,121000,12.8043486434,20.563996741,141.59902501
121,1729000,488000,122000,13.0084704155,24.4004146095,142.62703418
122,1744000,492000,123000,13.4058043694,35.8692454492,143.64142203
123,1760000,496000,124000,13.1688864508,39.0389459921,144.79347920
124,1775000,500000,125000,12.7679577107,12.6895471747,145.84435820
125,1791000,504000,126000,12.4521944881,25.1638811732,147.04976820
126,1806000,508000,127000,12.5671872335,16.8871691262,148.06650519
127,1821000,512000,128000,12.3235547683,24.0992622099,149.09241199
128,1837000,516000,129000,12.8578708384,32.0885692426,150.16098308
129,1852000,520000,130000,12.5054120124,17.8775354599,151.24107813
130,1867000,524000,131000,12.3495161935,23.3130544663,152.25689721
131,1883000,528000,132000,12.5541977657,36.1989057406,153.33513021
132,1899000,532000,133000,12.3099946914,25.6337948006,154.45696616
133,1915000,536000,134000,12.5892352538,23.7518588886,155.81918215
134,1931000,540000,135000,12.6191645819,26.0161976293,156.88991403
135,1946000,544000,136000,12.221927097,19.302000972,157.93044900
136,1962000,548000,137000,12.2021385811,23.0029396731,159.1389892
137,1977000,552000,138000,12.1226543783,17.5411901824,160.21112704
138,1992000,556000,139000,12.0836343757,29.5102129635,161.23437404
139,2007000,560000,140000,12.6927120276,34.2791548838,162.27428007
140,2022000,564000,141000,12.7122414322,33.9449439426,163.28974819
141,2037000,568000,142000,12.6100672982,40.5874084535,164.30792808
142,2052000,572000,143000,12.7323946257,43.7493408179,165.3196370
143,2068000,576000,144000,12.5719654993,35.420378547,166.38896012
144,2084000,580000,145000,12.1491623114,28.7025128543,167.48281407
145,2100000,584000,146000,12.0990342503,21.7656119778,168.60745215
146,2116000,588000,147000,11.9480505014,17.2692446384,169.682974
147,2132000,592000,148000,12.0361823888,23.7888918526,170.7742350
148,2147000,596000,149000,11.8879385215,19.2662348961,171.81193518
149,2162000,600000,150000,12.0188090245,20.5176302777,172.85165715
150,2178000,604000,151000,12.0448877405,34.2588350045,173.92525720
151,2194000,608000,152000,12.0000893637,28.5817349592,175.01429319
152,2210000,612000,153000,11.8490741163,22.3888280275,176.09601306
153,2226000,616000,154000,11.8605762507,18.8345560903,177.17263603
154,2241000,620000,155000,11.7335868854,14.3982956231,178.19917511
155,2257000,624000,156000,11.6826334935,27.6058227878,179.27384114
156,2273000,628000,157000,11.9474534279,26.3683932585,180.35730600
157,2289000,632000,158000,11.6550010956,25.1296133722,181.41529798
158,2305000,636000,159000,11.9131602977,27.2101939884,182.48949003
159,2321000,640000,160000,11.5097301847,17.8374483381,183.56741905
160,2336000,644000,161000,11.4819807279,15.901385473,184.59079217
161,2351000,648000,162000,11.7415075554,17.241619953,185.59654307
162,2367000,652000,163000,11.7503243793,28.8839706043,186.65534901
163,2383000,656000,164000,11.5426748597,22.2603541961,187.7164101
164,2399000,660000,165000,11.7310909427,23.1874863384,188.7785980
165,2415000,664000,166000,11.4286748866,23.8365306204,189.84286403
166,2431000,668000,167000,11.6323424593,27.0712237478,190.89317917
167,2447000,672000,168000,11.3441031084,20.6282207038,191.94532918
168,2463000,676000,169000,11.4987981743,21.229824664,193.01489806
169,2479000,680000,170000,11.4076096996,27.3938849245,194.09220218
170,2495000,684000,171000,11.5649509097,35.9807746155,195.16204619
171,2511000,688000,172000,11.6899534124,42.567862136,196.22399902
172,2527000,692000,173000,11.5570855532,26.8571351815,197.27917408
173,2543000,696000,174000,11.6190091191,19.3588190265,198.32618904
174,2559000,700000,175000,11.6092892861,22.5331841088,199.3926150
175,2575000,704000,176000,11.3436315236,26.8628281419,200.45728015
176,2591000,708000,177000,11.2813153367,23.5413014777,201.52002215
177,2606000,712000,178000,11.3406197191,16.6180630911,202.54803705
178,2622000,716000,179000,11.5940096076,24.5697917573,203.61477398
179,2638000,720000,180000,11.3667723516,16.5260449455,204.71011209
180,2654000,724000,181000,11.3331255447,19.6910258268,205.84335708
181,2669000,728000,182000,11.3897714821,19.4924568211,206.95318198
182,2685000,732000,183000,11.678361305,32.4402563953,208.08837199
183,2701000,736000,184000,11.3995580003,24.3034397766,209.21349501
184,2717000,740000,185000,11.2033050387,25.4366148596,210.30910515
185,2733000,744000,186000,11.1821041458,23.9994973522,211.38545918
186,2749000,748000,187000,11.2591706871,25.0370267219,212.50696921
187,2765000,752000,188000,11.1819875604,27.5109821976,213.60263705
188,2780000,756000,189000,11.1401371253,21.492341197,214.67133998
189,2796000,760000,190000,11.3950904089,29.2159538651,215.74437999
190,2812000,764000,191000,11.0649922238,21.562048488,216.81324315
191,2828000,768000,192000,11.0140848075,23.4593969113,217.88137507
192,2844000,772000,193000,10.8679067335,20.9666774246,218.94916605
193,2860000,776000,194000,11.1021228364,18.0204237894,220.01701617
194,2876000,780000,195000,11.099790365,19.8126712792,221.08352613
195,2892000,784000,196000,10.9697260522,26.8117763838,222.15387606
196,2908000,788000,197000,11.0840409222,28.1360796924,223.21540498
197,2924000,792000,198000,10.9086169567,21.8550783921,224.28104400
198,2939000,796000,199000,10.9247269417,16.7911946453,225.29082012
199,2955000,800000,200000,11.1773946987,32.2951263852,226.33953905
200,2971000,804000,201000,10.7441952172,21.4543909073,227.3852171
201,2986000,808000,202000,11.1305168523,17.8266672249,228.38588404
202,3002000,812000,203000,11.0420007806,32.0361771888,229.44314312
203,3018000,816000,204000,10.8653589697,26.8890875877,230.49734520
204,3034000,820000,205000,10.9140191297,25.9546657413,231.5537180
205,3050000,824000,206000,10.9624891375,20.8532045669,232.61201119
206,3066000,828000,207000,10.9026191251,17.0569489347,233.67307710
207,3082000,832000,208000,11.1710532625,17.0660802851,234.72490501
208,3098000,836000,209000,10.5759999049,19.7541000402,235.77460813
209,3113000,840000,210000,10.8625801865,20.9299297186,236.77476811
210,3129000,844000,211000,10.8880496368,30.9914540077,237.82710909
211,3145000,848000,212000,10.6553322434,22.5165426935,238.87407398
212,3161000,852000,213000,11.0021717963,26.2485993171,239.92385220
213,3177000,856000,214000,10.8304744741,21.3803809179,240.96688818
214,3193000,860000,215000,10.812559958,16.1151770253,242.01439404
215,3209000,864000,216000,10.8480801096,23.2011177611,243.0578792
216,3225000,868000,217000,10.8146202115,26.507611748,244.10761308
217,3241000,872000,218000,10.5828204981,24.1603786758,245.15837812
218,3257000,876000,219000,10.56551185,23.7059610431,246.20902109
219,3273000,880000,220000,10.2388055806,28.0673181294,247.25592112
220,3289000,884000,221000,10.444892425,21.9781234132,248.3100440
221,3305000,888000,222000,10.3679598437,19.5860464985,249.36368513
222,3321000,892000,223000,10.5222919033,21.693969159,250.41841721
223,3337000,896000,224000,10.336857056,20.173747569,251.46955108
224,3353000,900000,225000,10.5190908157,19.5371279688,252.51722598
225,3369000,904000,226000,10.6670159978,21.3924650812,253.56845116
226,3385000,908000,227000,10.5746308742,29.2280282125,254.64026212
227,3401000,912000,228000,10.472676924,25.0477456591,255.72133803
228,3417000,916000,229000,10.726202614,29.3164924665,256.79340815
229,3433000,920000,230000,10.4517754732,29.037375503,257.85431313
230,3449000,924000,231000,10.5317945422,28.0806888972,258.91512513
231,3465000,928000,232000,10.5108624834,25.8261365848,259.96415901
232,3481000,932000,233000,10.6035220826,23.7045174513,261.01236820
233,3497000,936000,234000,10.4525037408,21.3521159968,262.07296800
234,3513000,940000,235000,10.2143724369,15.6023500435,263.13437318
235,3529000,944000,236000,10.3405535739,26.4959606705,264.21230316
236,3545000,948000,237000,10.4496959423,26.154009152,265.28382706
237,3561000,952000,238000,10.5118024689,25.581301189,266.34800410
238,3577000,956000,239000,10.3948874634,24.1860043707,267.48160719
239,3593000,960000,240000,10.447551789,19.8903836767,268.60433721
240,3609000,964000,241000,10.118116199,20.8764593823,269.71412801
241,3625000,968000,242000,10.1672165483,23.2203134488,270.80210208
242,3641000,972000,243000,10.2853926418,27.8679787715,271.9129030
243,3657000,976000,244000,10.4641251801,19.5527949171,272.98785710
244,3673000,980000,245000,10.2429543831,17.3171472745,274.0665600
245,3689000,984000,246000,10.2031580868,24.2578956846,275.13212299
246,3705000,988000,247000,10.1392087608,23.7669799947,276.19973611
247,3721000,992000,248000,9.96448723313,21.6914877133,277.27119803
248,3736000,996000,249000,10.4029801056,24.4880179794,278.28876519
249,3751000,1000000,250000,10.7190130214,38.2149578996,279.29487419
250,3767000,1004000,251000,10.6597150377,41.2346372026,280.35437798
251,3783000,1008000,252000,10.6242182053,27.5372680239,281.44566607
252,3799000,1012000,253000,10.1415759942,25.41700225,282.61022615
253,3815000,1016000,254000,10.1076690722,23.5282264762,283.7241110
254,3831000,1020000,255000,10.0013567319,23.7227330347,284.82389402
255,3847000,1024000,256000,10.0187255018,23.9432372371,285.89930701
256,3863000,1028000,257000,10.2011177477,19.7540588074,287.00422000
257,3879000,1032000,258000,9.89462368528,20.1282158385,288.10243701
258,3895000,1036000,259000,10.0732172638,26.2005173378,289.16539406
259,3911000,1040000,260000,10.1542812099,26.462435075,290.22271
260,3927000,1044000,261000,10.0762421056,26.6451367679,291.28332018
261,3943000,1048000,262000,10.0648477623,27.678336193,292.34865117
262,3959000,1052000,263000,10.0598941227,32.4241325904,293.40653204
263,3975000,1056000,264000,10.0411613565,36.6652124873,294.45488810
264,3991000,1060000,265000,10.0277929208,28.7554269102,295.50851917
265,4007000,1064000,266000,10.1354840212,25.2025460214,296.55557608
266,4023000,1068000,267000,10.0161814866,25.3935016838,297.62849211
267,4039000,1072000,268000,9.94577735032,28.295018515,298.70104503
268,4055000,1076000,269000,9.91353192849,35.2243019455,299.79901909
269,4071000,1080000,270000,10.0714572964,31.7478716264,300.8645250
270,4087000,1084000,271000,9.99380432066,24.9916516426,301.94158506
271,4103000,1088000,272000,9.87114239031,25.3105113697,303.00024199
272,4119000,1092000,273000,9.81269158057,21.0287996655,304.04731321
273,4135000,1096000,274000,9.76240102478,23.3632210862,305.09951305
274,4151000,1100000,275000,10.1035833753,33.9787552692,306.15281009
275,4167000,1104000,276000,9.86523248989,29.5426095427,307.30443000
276,4182000,1108000,277000,9.98779484424,18.4511214446,308.33579611
277,4198000,1112000,278000,9.83590597136,25.1277164027,309.43169617
278,4214000,1116000,279000,9.80972399331,21.5238603695,310.53783917
279,4230000,1120000,280000,9.74876475512,17.0056843343,311.60851597
280,4246000,1124000,281000,9.55508241419,16.7665901687,312.68006920
281,4262000,1128000,282000,9.51651482161,17.8826300145,313.74544119
282,4277000,1132000,283000,9.81455585629,17.1698123387,314.75463199
283,4293000,1136000,284000,10.0604647258,35.9328182384,315.82016420
284,4309000,1140000,285000,9.86162982666,25.2011028923,316.88318800
285,4325000,1144000,286000,9.63455145615,19.6301360426,317.98300409
286,4341000,1148000,287000,9.79818741473,17.7283037604,319.04276013
287,4357000,1152000,288000,9.79573565086,34.3391337553,320.11434698
288,4373000,1156000,289000,9.87187377777,34.3156074769,321.21143913
289,4389000,1160000,290000,9.57312772263,20.4949470007,322.3725531
290,4405000,1164000,291000,9.54607962936,19.3900402688,323.45408511
291,4420000,1168000,292000,9.7539241779,12.8711788653,324.49376702
292,4436000,1172000,293000,9.87440518815,26.7248849357,325.55715513
293,4452000,1176000,294000,9.47239610553,28.0455297203,326.78317999
294,4468000,1180000,295000,9.70557800265,30.4737816691,327.85907316
295,4484000,1184000,296000,9.30118800056,26.8169877591,328.92515420
296,4500000,1188000,297000,9.52267397588,25.6048053946,329.99238705
297,4516000,1192000,298000,9.33208863632,24.5802670538,331.05146598
298,4532000,1196000,299000,9.55978982131,25.4711860319,332.10530400
299,4548000,1200000,300000,9.43221390817,22.3917628121,333.15634703
300,4564000,1204000,301000,9.506605831,28.1042675664,334.20667600
301,4580000,1208000,302000,9.28582088313,26.3340339587,335.25727009
302,4596000,1212000,303000,9.32771204902,22.2664609933,336.30905699
303,4612000,1216000,304000,9.40293017899,25.3332158652,337.35249400
304,4628000,1220000,305000,9.35045843185,25.6901448423,338.40079617
305,4644000,1224000,306000,9.37239440561,25.7175476151,339.46430420
306,4660000,1228000,307000,9.29605323895,22.9466638271,340.74401712
307,4676000,1232000,308000,9.23038706104,23.0202960687,341.90569114
308,4692000,1236000,309000,9.48138773053,32.9240976177,342.97497105
309,4708000,1240000,310000,9.3582744667,32.444769628,344.04670000
310,4724000,1244000,311000,9.57559784786,32.1675451868,345.10465908
311,4740000,1248000,312000,9.43792364672,37.4035758403,346.16615819
312,4756000,1252000,313000,9.51169735074,31.9370088113,347.23526620
313,4772000,1256000,314000,9.24511077332,25.7747430044,348.49480414
314,4788000,1260000,315000,9.21675851515,25.2762381574,349.55956602
315,4804000,1264000,316000,9.27516675211,30.8091843088,350.66382312
316,4820000,1268000,317000,9.46777130216,23.5341211723,351.74201321
317,4836000,1272000,318000,9.33533677694,22.1427754955,352.89050698
318,4852000,1276000,319000,9.35778204471,28.9416134446,354.02568912
319,4868000,1280000,320000,9.3202650429,23.7305746366,355.1191580
320,4884000,1284000,321000,9.24044014035,28.971829152,356.23983907
321,4900000,1288000,322000,9.44102470708,30.980167458,357.41020107
322,4916000,1292000,323000,9.41448720772,36.2168767826,358.5016779
323,4932000,1296000,324000,9.28976261422,32.7123965052,359.58494305
324,4948000,1300000,325000,9.22053513059,28.2521762326,360.78745198
325,4964000,1304000,326000,9.28641325327,26.373603271,361.91117000
326,4980000,1308000,327000,9.0916611767,29.1355956946,363.05528402
327,4996000,1312000,328000,9.08792034141,26.6438020729,364.15266203
328,5012000,1316000,329000,9.09568910601,26.2829266733,365.24036502
329,5028000,1320000,330000,9.11884106283,20.4992630155,366.3316121
330,5044000,1324000,331000,8.87305538533,17.6381683599,367.4434430
331,5060000,1328000,332000,9.14320061234,27.4309454626,368.60606598
332,5077000,1332000,333000,9.13738443765,38.6576430502,369.78170299
333,5093000,1336000,334000,8.94041071976,13.5895433292,370.90681314
334,5109000,1340000,335000,9.11152417836,19.6435488348,372.05998420
335,5125000,1344000,336000,9.00068101839,22.695765763,373.17292904
336,5141000,1348000,337000,9.00982607805,30.0204011105,374.27766418
337,5157000,1352000,338000,9.06417014413,36.0837350243,375.46759915
338,5173000,1356000,339000,9.06633164565,29.4507904436,376.55349898
339,5189000,1360000,340000,9.08139177605,28.7198837208,377.63101315
340,5205000,1364000,341000,9.02540356846,26.1538361905,378.73120307
341,5221000,1368000,342000,8.86470674731,26.9311711426,379.80454206
342,5237000,1372000,343000,9.06523883363,26.2564031677,380.87945103
343,5253000,1376000,344000,8.72125998388,25.2765548178,381.94082117
344,5269000,1380000,345000,9.07035625781,31.1078975031,382.99221110
345,5285000,1384000,346000,9.0043735834,27.0173298934,384.07787704
346,5301000,1388000,347000,9.00590539266,28.066687652,385.16069698
347,5317000,1392000,348000,8.93400150931,25.8896359814,386.23942112
348,5333000,1396000,349000,8.8978428478,29.999104435,387.31347513
349,5349000,1400000,350000,9.02269086714,31.3644587414,388.42184805
350,5365000,1404000,351000,8.863892996,30.9008037872,389.50573515
351,5381000,1408000,352000,8.80483345168,25.7154123636,390.58955001
352,5397000,1412000,353000,8.87201245493,21.171184985,391.65795612
353,5413000,1416000,354000,8.91235383117,20.3476429543,392.73414301
354,5429000,1420000,355000,8.62212762774,14.560352783,393.80753397
355,5445000,1424000,356000,8.75409304262,18.8662360901,394.90545415
356,5461000,1428000,357000,8.75350032348,19.1320937339,395.98118400
357,5477000,1432000,358000,9.01679105311,27.8814431313,397.05996918
358,5493000,1436000,359000,8.80979889587,25.8478232902,398.12280607
359,5509000,1440000,360000,8.80127064736,25.3257588617,399.20097899
360,5525000,1444000,361000,8.8333250862,29.6559551059,400.2811610
361,5541000,1448000,362000,8.83251086525,29.9848681323,401.35479402
362,5557000,1452000,363000,8.82238687252,22.2846570424,402.42206406
363,5574000,1456000,364000,8.57659035503,25.060431849,403.54423499
364,5590000,1460000,365000,8.75059747128,17.9959311668,404.60692405
365,5606000,1464000,366000,8.63536050295,18.1057571006,405.67091798
366,5623000,1468000,367000,8.61478919511,24.2303678037,406.77631306
367,5639000,1472000,368000,8.52276500575,17.7179524821,407.83049106
368,5655000,1476000,369000,8.68429834499,26.0932314656,408.88505721
369,5672000,1480000,370000,8.67004835606,31.1917830232,410.00091600
370,5689000,1484000,371000,8.61184962577,23.2418897384,411.11019301
371,5705000,1488000,372000,8.77208097718,19.0893979893,412.17230510
372,5722000,1492000,373000,8.67143534747,26.7218866184,413.29229116
373,5738000,1496000,374000,8.40763848005,20.3448958936,414.3529419
374,5754000,1500000,375000,8.76280690484,36.5465812968,415.4155399
375,5770000,1504000,376000,8.82885689365,39.788710721,416.47649812
376,5786000,1508000,377000,8.7145199905,31.4873918357,417.53559017
377,5802000,1512000,378000,8.7078660047,24.6113257397,418.65107703
378,5818000,1516000,379000,8.64384846521,21.6954952385,419.78958201
379,5834000,1520000,380000,8.51953675222,24.8040044102,420.87042212
380,5850000,1524000,381000,8.59091947171,27.3981435455,421.96663403
381,5866000,1528000,382000,8.52290786375,28.1250018133,423.02909517
382,5882000,1532000,383000,8.58528996597,33.2167881559,424.0923931
383,5898000,1536000,384000,8.7790020449,38.1630986979,425.15756201
384,5914000,1540000,385000,8.62584152434,33.1903711283,426.23599600
385,5930000,1544000,386000,8.53622870437,25.4963317938,427.30008101
386,5947000,1548000,387000,8.38914506695,29.8069450138,428.47852706
387,5963000,1552000,388000,8.40760280812,16.5494309295,429.60252618
388,5979000,1556000,389000,8.61846911199,25.7959618424,430.75993609
389,5995000,1560000,390000,8.54874993209,25.6180176886,431.8705751
390,6011000,1564000,391000,8.37207175622,26.6674610072,432.92981600
391,6027000,1568000,392000,8.57409321125,32.6274735417,434.01332116
392,6043000,1572000,393000,8.3889031478,26.0281589991,435.13757801
393,6059000,1576000,394000,8.2707596805,27.4884235229,436.2681140
394,6075000,1580000,395000,8.47992304692,35.2099951699,437.32912516
395,6091000,1584000,396000,8.6373823178,35.2298093381,438.40256309
396,6107000,1588000,397000,8.46092670071,27.0823552019,439.45793700
397,6123000,1592000,398000,8.3957079894,22.8181065319,440.51431918
398,6139000,1596000,399000,8.35712646427,24.6167760284,441.57062101
399,6155000,1600000,400000,8.39362040847,29.9810467632,442.6492772
400,6171000,1604000,401000,8.55458358642,30.1576188346,443.73197507
401,6187000,1608000,402000,8.24576487783,30.2750744165,444.82484221
402,6203000,1612000,403000,8.21904470967,29.5906054513,445.93791508
403,6219000,1616000,404000,8.29824099784,30.3413343197,447.05756616
404,6235000,1620000,405000,8.31785389757,28.3995289779,448.17001199
405,6251000,1624000,406000,8.27165185046,30.1123850107,449.26776218
406,6267000,1628000,407000,8.39772750864,30.615191379,450.36273217
407,6283000,1632000,408000,8.40838341084,31.9802229572,451.44840908
408,6299000,1636000,409000,8.35800914264,34.1819580397,452.54044914
409,6315000,1640000,410000,8.03831427117,25.6322664755,453.73359417
410,6331000,1644000,411000,8.08027727602,28.0611158116,454.90265107
411,6347000,1648000,412000,8.04826843905,20.4155008947,456.01929616
412,6363000,1652000,413000,8.20760252612,27.2743532721,457.18085813
413,6379000,1656000,414000,8.29235822625,31.1519007541,458.2550611
414,6396000,1660000,415000,8.30749287345,41.6775486658,459.3980832
415,6412000,1664000,416000,8.22479914424,19.9546111307,460.4779992
416,6428000,1668000,417000,8.07689471029,33.6684365069,461.55833220
417,6444000,1672000,418000,8.21960992776,41.523286962,462.73557901
418,6460000,1676000,419000,8.51070873586,40.7817121107,463.90246820
419,6476000,1680000,420000,8.09541837852,28.3264056776,465.08423018
420,6492000,1684000,421000,8.18100404619,24.1533361896,466.16215515
421,6509000,1688000,422000,8.12064732296,35.4257295942,467.29472613
422,6525000,1692000,423000,7.91716289213,17.4657480939,468.35343217
423,6541000,1696000,424000,8.16438378017,26.4385062446,469.41293215
424,6557000,1700000,425000,8.1687404061,29.0355675495,470.47681498
425,6573000,1704000,426000,8.12391965473,28.7400534051,471.54153609
426,6589000,1708000,427000,8.23455295779,26.883880186,472.60343098
427,6605000,1712000,428000,8.09180138776,26.5900745075,473.66607713
428,6621000,1716000,429000,8.12423536695,31.5550009079,474.7263801
429,6638000,1720000,430000,7.98705915936,36.7637808487,475.84177708
430,6654000,1724000,431000,8.09477696072,23.3043339272,476.89990115
431,6670000,1728000,432000,8.41549452286,45.307276269,477.96575403
432,6686000,1732000,433000,8.21260400246,42.8903289071,479.03184819
433,6702000,1736000,434000,8.16446459803,30.4710177216,480.09829902
434,6718000,1740000,435000,7.95555211751,27.3959370328,481.20145416
435,6734000,1744000,436000,8.20520474031,38.8639160723,482.4054570
436,6750000,1748000,437000,7.90122023973,30.0804110868,483.52951121
437,6766000,1752000,438000,7.88554014387,26.1202310979,484.64113116
438,6782000,1756000,439000,8.26226192749,43.7859596197,485.83573412
439,6798000,1760000,440000,8.17145633286,42.8285835848,486.99444818
440,6814000,1764000,441000,7.98996923757,30.2562400673,488.07051706
441,6830000,1768000,442000,8.03272369115,25.2016671094,489.25461721
442,6846000,1772000,443000,7.89397422114,19.6253335615,490.50065302
443,6862000,1776000,444000,7.88189285996,24.9878524181,491.57308411
444,6878000,1780000,445000,8.07388332529,29.2029198619,492.64918613
445,6894000,1784000,446000,7.83502311125,28.5794700242,493.71513199
446,6910000,1788000,447000,8.00688229663,27.1478629973,494.78905105
447,6926000,1792000,448000,7.89478238352,24.9404542886,495.97066211
448,6942000,1796000,449000,7.76985619501,24.4387256058,497.19512510
449,6958000,1800000,450000,7.97548003784,22.8450676563,498.34595203
450,6975000,1804000,451000,7.76530086595,28.0559584293,499.51608204
451,6991000,1808000,452000,7.71834318931,20.8590546671,500.62226104
452,7008000,1812000,453000,7.72461683318,31.7158114659,501.83807110
453,7024000,1816000,454000,7.79437650123,18.9723434987,503.02678918
454,7040000,1820000,455000,7.74098858148,33.8391692043,504.11181712
455,7056000,1824000,456000,7.93053285415,37.6334035264,505.19224715
456,7072000,1828000,457000,7.95955659634,32.2917121002,506.25848412
457,7088000,1832000,458000,7.92485450277,30.4230367362,507.32170605
458,7105000,1836000,459000,7.72479174738,32.6557036183,508.43864607
459,7121000,1840000,460000,7.52509935111,20.6998221952,509.49438619
460,7137000,1844000,461000,7.7546989593,28.6358260073,510.54676818
461,7153000,1848000,462000,7.6887037969,30.8594684234,511.62180614
462,7170000,1852000,463000,7.74117564602,36.9283332291,512.76399707
463,7186000,1856000,464000,7.58877849908,15.3050036713,513.83818221
464,7202000,1860000,465000,7.57761020927,18.1643468494,514.91875004
465,7218000,1864000,466000,7.55285173703,19.5774271668,516.0036680
466,7234000,1868000,467000,7.59804752471,25.3234309994,517.17255616
467,7250000,1872000,468000,7.79854280307,25.8172807513,518.30399203
468,7267000,1876000,469000,7.71823884955,36.112419536,519.51889109
469,7283000,1880000,470000,7.56467909733,18.4392928432,520.60879516
470,7299000,1884000,471000,7.85884062477,25.0561171725,521.71113705
471,7315000,1888000,472000,7.79307695355,30.9219017871,522.79513907
472,7331000,1892000,473000,7.72066250144,38.7203228475,524.14455699
473,7347000,1896000,474000,7.65762244652,39.7404622068,525.27311301
474,7363000,1900000,475000,7.8684725587,40.609659369,526.50566911
475,7379000,1904000,476000,7.6904309031,37.905583983,527.60289311
476,7396000,1908000,477000,7.72671237247,30.5269730468,528.74021601
477,7412000,1912000,478000,7.56873775525,17.2154685543,529.83256816
478,7429000,1916000,479000,7.77107702836,44.3671437427,530.98108315
479,7445000,1920000,480000,7.59004034014,25.7626718491,532.08111715
480,7461000,1924000,481000,7.5131752714,28.5348592063,533.16643500
481,7478000,1928000,482000,7.33666985455,25.412106094,534.29636502
482,7494000,1932000,483000,7.48739543446,15.6591487979,535.3764021
483,7510000,1936000,484000,7.44595782726,21.508567304,536.46991920
484,7527000,1940000,485000,7.45409405201,25.7419404709,537.61912202
485,7543000,1944000,486000,7.48383931668,18.0679243444,538.72369313
486,7559000,1948000,487000,7.55278224588,26.8676403838,539.83670020
487,7575000,1952000,488000,7.52859735737,28.920491776,540.93065619
488,7591000,1956000,489000,7.74159409601,33.7882482987,542.00066399
489,7607000,1960000,490000,7.51223648754,33.8535992445,543.08467602
490,7623000,1964000,491000,7.59546048464,35.9193066553,544.20201516
491,7639000,1968000,492000,7.54198437355,36.3013846241,545.28438520
492,7655000,1972000,493000,7.67897154472,38.8635281432,546.44214010
493,7671000,1976000,494000,7.5873570009,36.1236390944,547.55059504
494,7687000,1980000,495000,7.48581483048,25.6779463118,548.68062210
495,7703000,1984000,496000,7.55617240981,21.060683881,549.79956221
496,7719000,1988000,497000,7.44549580548,21.8478722211,550.88640499
497,7735000,1992000,498000,7.28689263067,22.3590448574,552.00886917
498,7751000,1996000,499000,7.46690918465,29.1058716502,553.13272714
499,7767000,2000000,500000,7.55759293974,27.4341077096,554.25878405
500,7783000,2004000,501000,7.22263230132,25.6591206742,555.34135317
