0,900,400,100,80.8386550044,95.4715533879,0.80034303665
1,2100,800,200,11.5951846465,74.9010168865,0.9762670993
2,3300,1200,300,11.2457649605,72.4781265086,1.1515040397
3,4400,1600,400,11.8996268584,85.6104642408,1.3164050579
4,5500,2000,500,14.2108389579,68.8326427493,1.4814128875
5,6600,2400,600,12.2252587117,73.8964677694,1.6455850601
6,7700,2800,700,12.3910865535,63.1531459301,1.8090798854
7,8800,3200,800,10.3571714243,51.4075452133,1.9719779491
8,9900,3600,900,12.4853230304,68.103943255,2.135406017
9,11100,4000,1000,14.8431475166,87.8664502332,2.3096959590
10,12400,6400,2100,10.3574865893,83.8802624212,4.0009510517
11,13600,6800,2200,13.0263965424,90.3729158724,4.1757149696
12,14700,7200,2300,13.3186438763,60.3708239222,4.3399059772
13,15800,7600,2400,16.2320895061,98.8137307079,4.5054869651
14,16900,8000,2500,17.2315523794,111.296061082,4.6707689762
15,18000,8400,2600,14.4007641564,75.9741804724,4.8358719348
16,19100,8800,2700,11.2548879761,58.5456664949,5.0016410350
17,20300,9200,2800,11.4448126007,64.8663666832,5.1779839992
18,21500,9600,2900,10.7025824904,67.8763060113,5.3535389900
19,22600,10000,3000,14.8872403168,63.6486507804,5.518017053
20,23800,12400,4100,12.1913428921,80.9633343814,8.4673399925
21,24100,12800,4200,9.22979959917,47.3046388321,8.546576023
22,24400,13200,4300,10.0821443106,57.5451552536,8.6267631053
23,24700,13600,4400,12.8503249383,80.1664405518,8.7056770324
24,25000,14000,4500,12.9652307052,78.0472115995,8.7843279838
25,25300,14400,4600,14.1796057931,117.29924571,8.8627090454
26,25600,14800,4700,12.5318259136,80.5649168221,8.941073894
27,25900,15200,4800,10.0600293976,51.0448572703,9.0198230743
28,26200,15600,4900,11.5841805859,59.0524778068,9.0977270603
29,26500,16000,5000,9.42250239659,51.8949652567,9.1758689880
30,26800,18400,6100,10.1445335294,85.2690339347,13.277786970
31,27100,18800,6200,10.4765300673,83.3584105297,13.357428073
32,27400,19200,6300,11.1060603301,50.8852206807,13.436397075
33,27700,19600,6400,8.18873929687,46.663305952,13.514463901
34,28000,20000,6500,7.8982986578,68.1762945613,13.592598915
35,28300,20400,6600,8.80431442328,54.5602346367,13.671976089
36,28600,20800,6700,7.18260350316,50.0232554306,13.750184059
37,28900,21200,6800,7.57014243268,45.5564431916,13.828538894
38,29200,21600,6900,8.00355224801,56.4989636764,13.906901121
39,29500,22000,7000,8.22341860343,47.6443495303,13.984690904
40,29800,24400,8100,7.15027004391,66.3358306705,19.352616071
41,30100,24800,8200,7.63211729665,63.671021758,19.431962013
42,30400,25200,8300,5.40697878552,38.9164769337,19.510124921
43,30700,25600,8400,6.45894877519,66.1059770079,19.588363885
44,31000,26000,8500,5.79716192017,59.3423530227,19.667119026
45,31300,26400,8600,6.39497461301,59.4763763828,19.745368957
46,31600,26800,8700,5.48728181562,56.3334173717,19.823326110
47,31900,27200,8800,5.82695602656,46.7143743678,19.901010990
48,32200,27600,8900,5.34194299523,59.1293736193,19.978638887
49,32500,28000,9000,5.67937571051,48.9360431396,20.056612968
50,32800,30400,10100,4.31392820406,44.1613679453,26.327908039
51,33100,30800,10200,6.13946969688,56.0339915328,26.405910968
52,33400,31200,10300,4.65835543033,39.0721699025,26.484078884
53,33700,31600,10400,5.26229142355,53.3036141048,26.562546968
54,34000,32000,10500,5.18747936522,52.2891012925,26.640537023
55,34300,32400,10600,5.52780741811,63.3690857659,26.719441890
56,34600,32800,10700,6.53159036605,48.9489332848,26.798547983
57,34900,33200,10800,6.17515858487,70.580024432,26.877099990
58,35200,33600,10900,4.41663554902,71.2708247641,26.955668926
59,35500,34000,11000,4.94440709939,57.2327262403,27.038057088
60,35800,36400,12100,5.38269975963,61.8867708077,34.072628021
61,36100,36800,12200,5.27489097347,59.8583247432,34.148636102
62,36400,37200,12300,7.03846535276,80.251832646,34.223289966
63,36700,37600,12400,3.00582402233,40.6184203379,34.29841804
64,37000,38000,12500,4.96238198816,54.9206881234,34.37340402
65,37300,38400,12600,5.13477063903,50.6644752291,34.44867706
66,37600,38800,12700,6.45261756692,67.4157890551,34.524671077
67,37900,39200,12800,4.7761158242,57.5579989916,34.599884033
68,38200,39600,12900,5.69871310864,72.5688158368,34.675503015
69,38500,40000,13000,4.80667999158,62.3953730281,34.75038790
70,38800,42400,14100,4.47033349983,57.7220382875,41.61258292
71,39100,42800,14200,4.12154144455,54.9446129272,41.69113111
72,39400,43200,14300,5.28231068902,70.5293876871,41.769361972
73,39700,43600,14400,3.93576858253,48.9635725543,41.848027944
74,40000,44000,14500,3.97124397143,52.5609146868,41.926356077
75,40300,44400,14600,3.2795018687,48.3804439381,42.009346008
76,40600,44800,14700,3.4451003071,71.3854865905,42.088882923
77,40900,45200,14800,4.56050481398,53.5554148297,42.167572021
78,41200,45600,14900,3.54630614598,46.7445988053,42.247922897
79,41500,46000,15000,3.52627432301,44.8455733098,42.326358079
80,41800,48400,16100,3.36816793137,36.8965929671,49.040191888
81,42100,48800,16200,3.17636438462,37.1287833038,49.120131015
82,42400,49200,16300,4.04189264734,46.3799839059,49.19953489
83,42700,49600,16400,2.86920784944,38.9350724458,49.279257059
84,43000,50000,16500,3.08777422998,50.4023419192,49.358738899
85,43300,50400,16600,3.05519642196,25.2135941682,49.438478946
86,43600,50800,16700,3.81558139958,48.2939356044,49.518863916
87,43900,51200,16800,3.59216284848,61.8906910097,49.597810983
88,44200,51600,16900,3.79012645247,59.6402032579,49.677329063
89,44500,52000,17000,3.20294615356,53.3494732819,49.757920026
90,44800,54400,18100,3.47121036988,49.4055592929,57.35239696
91,45100,54800,18200,3.43002342449,40.7275728272,57.423470020
92,45400,55200,18300,3.09965394435,59.8269872993,57.517927885
93,45700,55600,18400,3.27492080998,60.5498455374,57.588753938
94,46000,56000,18500,3.84527784242,46.3337364068,57.66638302
95,46300,56400,18600,4.31791646316,50.97833924,57.7376239
96,46600,56800,18700,3.43328098818,72.3051311067,57.808324098
97,46900,57200,18800,3.38498429787,40.3171116935,57.88299989
98,47200,57600,18900,3.04096126912,40.1960384575,57.955392122
99,47500,58000,19000,2.60255683283,37.7994352996,58.025774955
100,47800,60400,20100,3.3952877943,49.2668257483,65.536520957
101,48100,60800,20200,3.45835320962,73.1567714104,65.60982894
102,48400,61200,20300,3.54901343237,60.9727355861,65.682869911
103,48700,61600,20400,3.62804107208,60.7262680053,65.756077051
104,49000,62000,20500,3.75903049987,65.8590750631,65.83116602
105,49300,62400,20600,2.79645824446,45.586866498,65.903270006
106,49600,62800,20700,2.3540034988,35.1876222805,65.97461509
107,49900,63200,20800,3.58592583547,59.4919654651,66.045495986
108,50200,63600,20900,3.00897970667,46.0139263311,66.115571975
109,50500,64000,21000,3.20724957844,43.4959117781,66.186006069
110,50800,66400,22100,3.39280259364,45.7579833779,73.547800064
111,51100,66800,22200,2.64507709354,46.1582634759,73.619630098
112,51400,67200,22300,3.57863008574,58.3699126641,73.690860986
113,51700,67600,22400,2.99726747544,61.5689345876,73.762800931
114,52000,68000,22500,2.3749502917,54.0518034092,73.834827899
115,52300,68400,22600,3.65565071929,64.9699383481,73.907994985
116,52600,68800,22700,2.87925760753,74.7525652788,73.980329036
117,52900,69200,22800,2.16997205778,41.2357499019,74.052707910
118,53200,69600,22900,2.77008014755,47.2768939269,74.125724077
119,53500,70000,23000,3.08783872618,50.1995484905,74.198030948
120,53800,72400,24100,3.03030877521,42.9459457821,82.251380920
121,54100,72800,24200,2.07415648164,37.4946252053,82.329631090
122,54400,73200,24300,2.55216175936,31.9142984102,82.406657934
123,54700,73600,24400,2.6285740315,55.7632096606,82.484339952
124,55000,74000,24500,2.59842243785,42.9901885516,82.562266111
125,55300,74400,24600,2.68491994665,55.3413035466,82.640649080
126,55600,74800,24700,2.78851446306,68.9021975907,82.718319892
127,55900,75200,24800,2.3061112365,39.9989875755,82.795757055
128,56200,75600,24900,2.67766238526,54.3034228769,82.871716022
129,56500,76000,25000,1.97983501645,40.2564289758,82.94442510
130,56800,78400,26100,2.52433627307,59.6052754181,90.595369100
131,57100,78800,26200,2.57454152445,47.4443232579,90.673931121
132,57400,79200,26300,2.12564046083,34.2014035906,90.752521991
133,57700,79600,26400,2.04993732835,46.0909026068,90.831116914
134,58000,80000,26500,2.22426736757,36.1884673984,90.909013032
135,58300,80400,26600,2.41137744159,58.0375248062,90.992444038
136,58600,80800,26700,2.76100554242,52.4494523574,91.071401119
137,58900,81200,26800,2.03502690273,42.4150356043,91.149246931
138,59200,81600,26900,2.0789437952,47.2540063824,91.229877948
139,59500,82000,27000,2.42772264793,62.7205954056,91.308649063
140,59800,84400,28100,2.64187000926,61.0256990075,98.900876998
141,60100,84800,28200,1.88525261659,49.3533275473,98.972585916
142,60400,85200,28300,1.8382552869,29.5322291413,99.04487800
143,60700,85600,28400,2.44200413131,38.3089057808,99.116306066
144,61000,86000,28500,2.0837926127,36.7898846836,99.187551021
145,61300,86400,28600,2.18071078641,53.1340893398,99.25930595
146,61600,86800,28700,2.31781849539,40.1282589249,99.330609083
147,61900,87200,28800,2.37180259742,43.1809669503,99.401765108
148,62200,87600,28900,1.85016322367,38.7640039187,99.473575115
149,62500,88000,29000,1.87206802594,42.8240225601,99.549668073
150,62800,90400,30100,1.96854779354,51.0032692103,107.13483309
151,63100,90800,30200,2.16058418328,59.9037240667,107.20918703
152,63400,91200,30300,2.21278121564,46.8644722014,107.28357100
153,63700,91600,30400,2.4110311723,42.8081717604,107.35791397
154,64000,92000,30500,2.0043371143,57.3975132689,107.43297791
155,64300,92400,30600,1.92567996716,41.6792698515,107.50969004
156,64600,92800,30700,1.55928061161,42.034092295,107.58239102
157,64900,93200,30800,1.71384662826,45.6176423355,107.65595507
158,65200,93600,30900,2.21253912237,53.8577722136,107.729209
159,65500,94000,31000,1.92546973844,31.3038105658,107.80159211
160,65800,96400,32100,1.82669975811,45.0858467243,114.82607388
161,66100,96800,32200,1.75425253462,37.455130901,114.92058992
162,66400,97200,32300,2.34006746466,46.2102902691,115.00529098
163,66700,97600,32400,2.01729724262,37.6734578712,115.09242606
164,67000,98000,32500,1.70874531661,44.5120239655,115.19029092
165,67300,98400,32600,1.81588672768,41.1551116328,115.2771959
166,67600,98800,32700,1.93555117227,52.7522409393,115.36111807
167,67900,99200,32800,2.19498698419,55.2984476946,115.44031095
168,68200,99600,32900,1.94739844057,38.6185891278,115.51687407
169,68500,100000,33000,2.25864932234,68.5836905743,115.60025310
170,68800,102400,34100,1.62780294226,41.8312281648,123.56468009
171,69100,102800,34200,1.75526957965,41.0491522462,123.64663100
172,69400,103200,34300,1.53142548724,41.6268971516,123.72995305
173,69700,103600,34400,1.82432583938,42.3919767993,123.81474399
174,70000,104000,34500,1.68970549991,41.8416658908,123.89839792
175,70300,104400,34600,1.87813747333,35.5200946311,123.9811170
176,70600,104800,34700,1.49985437558,45.0205056663,124.06250500
177,70900,105200,34800,1.92064062833,44.7053655317,124.15609312
178,71200,105600,34900,1.7002299787,35.4405270361,124.24001908
179,71500,106000,35000,2.10013834511,55.8483500757,124.32197904
180,71800,108400,36100,1.45167093922,39.2982694245,131.56702494
181,72100,108800,36200,1.69192772836,51.722432779,131.64075088
182,72400,109200,36300,1.89650325028,58.2537384309,131.71670389
183,72700,109600,36400,1.48494856488,32.4942325243,131.79402208
184,73000,110000,36500,1.82651989534,36.0356729931,131.87190508
185,73300,110400,36600,1.62979709818,53.4044139755,131.95390510
186,73600,110800,36700,1.56979257084,35.8868091203,132.06157708
187,73900,111200,36800,1.56068008633,31.7756046492,132.13533496
188,74200,111600,36900,1.85613566074,54.6135466806,132.20833206
189,74500,112000,37000,1.36295768158,36.083580862,132.2823460
190,74800,114400,38100,1.81080858995,48.7858714595,139.74024391
191,75100,114800,38200,1.91754423997,36.4471211598,139.81117296
192,75400,115200,38300,1.57258160101,38.4388958491,139.88302493
193,75700,115600,38400,1.90162934396,40.250186289,139.95507693
194,76000,116000,38500,1.96519946698,52.3174245132,140.02625489
195,76300,116400,38600,1.69035327998,53.3307446074,140.09793400
196,76600,116800,38700,1.48803688736,26.5682612926,140.17014789
197,76900,117200,38800,1.50709489253,31.4552897157,140.24303698
198,77200,117600,38900,1.7532692625,62.2905332953,140.31422305
199,77500,118000,39000,1.78469035103,51.5724002896,140.38584804
200,77800,120400,40100,1.80318019732,50.3815727274,148.13659095
201,78100,120800,40200,1.60249853119,48.5117383947,148.20758795
202,78400,121200,40300,1.62883010597,39.7836867896,148.27897691
203,78700,121600,40400,1.92746330055,50.3632853871,148.35007810
204,79000,122000,40500,1.56153580899,35.0469024883,148.42102289
205,79300,122400,40600,1.4798314731,42.0903215725,148.49243092
206,79600,122800,40700,1.59786537804,45.4705337916,148.5665268
207,79900,123200,40800,1.45471026393,43.7996389909,148.63981008
208,80200,123600,40900,1.80789277998,41.6455500747,148.71246099
209,80500,124000,41000,1.2967105644,49.8796005872,148.78540897
210,80800,126400,42100,1.56509942474,35.9535083938,156.25575399
211,81100,126800,42200,1.43329337025,45.8252234363,156.32774996
212,81400,127200,42300,1.55689381476,61.6309579381,156.40011596
213,81700,127600,42400,1.34019874708,27.2201440388,156.47389793
214,82000,128000,42500,1.44216092291,55.0183222006,156.54565310
215,82300,128400,42600,1.48911649066,41.0712940667,156.61748790
216,82600,128800,42700,1.57308130666,53.290450927,156.69012498
217,82900,129200,42800,1.91525866366,46.672526799,156.76230001
218,83200,129600,42900,1.7418395127,50.4533056149,156.83429288
219,83500,130000,43000,1.41540119374,34.3400049632,156.90591907
220,83800,132400,44100,1.68674923166,54.2740824982,164.5451819
221,84100,132800,44200,1.46778097392,37.0939152951,164.61869192
222,84400,133200,44300,1.62608589312,37.307501752,164.69154095
223,84700,133600,44400,1.36689948037,37.1091506881,164.76556205
224,85000,134000,44500,1.37156262495,44.7702437438,164.84019994
225,85300,134400,44600,1.41108142284,34.7421147604,164.91151809
226,85600,134800,44700,1.37959159248,42.7182128226,164.98731398
227,85900,135200,44800,1.45789885633,42.4941602622,165.06029009
228,86200,135600,44900,1.80502009054,57.8100901715,165.13197708
229,86500,136000,45000,1.54220436898,31.0165109539,165.20864009
230,86800,138400,46100,1.31352923489,38.3291528175,172.1911499
231,87100,138800,46200,1.61604335337,51.4332690508,172.27292704
232,87400,139200,46300,1.31385765718,36.6578853723,172.3611600
233,87700,139600,46400,1.86698568369,33.0442115967,172.44575095
234,88000,140000,46500,1.43392687273,44.9935280338,172.52078890
235,88300,140400,46600,1.39476332695,35.9575443348,172.59342002
236,88600,140800,46700,1.4494016576,39.4608863112,172.66685795
237,88900,141200,46800,1.27196245371,38.0237215556,172.7407898
238,89200,141600,46900,1.30957849915,41.1442909381,172.81309890
239,89500,142000,47000,1.09724135124,37.1971848843,172.88703393
240,89800,144400,48100,1.71588814998,39.8660418954,180.48731398
241,90100,144800,48200,1.28552306811,42.4925051419,180.57014298
242,90400,145200,48300,1.37813713837,45.457902744,180.65143799
243,90700,145600,48400,1.26116028623,55.2340438284,180.73350000
244,91000,146000,48500,1.58103296626,57.7130132504,180.81527805
245,91300,146400,48600,1.4043457695,42.2173352023,180.89530801
246,91600,146800,48700,1.41265584999,47.1657336612,180.97967696
247,91900,147200,48800,1.44678128468,34.5673786487,181.06320595
248,92200,147600,48900,1.56542621672,39.2404520478,181.14577102
249,92500,148000,49000,1.45001617034,40.4531495984,181.2269680
250,92800,150400,50100,1.31446221066,51.3707952778,188.3891460
251,93100,150800,50200,1.27189646044,32.8310705362,188.46202707
252,93400,151200,50300,1.5011956827,39.4141855762,188.53570890
253,93700,151600,50400,1.48892123435,40.5371520119,188.61002802
254,94000,152000,50500,1.32108742237,36.714254538,188.68336200
255,94300,152400,50600,1.21123249036,34.8220203021,188.75652694
256,94600,152800,50700,1.30615957517,37.1237957945,188.83044290
257,94900,153200,50800,1.16567065144,33.1712297566,188.90457105
258,95200,153600,50900,1.67909604896,56.2178593942,188.97673606
259,95500,154000,51000,1.49450940734,36.560302526,189.05009698
260,95800,156400,52100,1.36107274011,39.8521844707,196.50392794
261,96100,156800,52200,1.31959409857,47.6297420971,196.58682489
262,96400,157200,52300,1.24552000901,49.5277597742,196.66769695
263,96700,157600,52400,1.50095609761,44.3373883428,196.75167608
264,97000,158000,52500,1.32886440789,37.612810384,196.83505201
265,97300,158400,52600,1.34525370752,35.3053896159,196.91712689
266,97600,158800,52700,1.33646359089,52.2296885006,197.00977492
267,97900,159200,52800,1.29319400561,47.573062253,197.0910890
268,98200,159600,52900,1.43604664407,36.6390424248,197.17300891
269,98500,160000,53000,1.47532113948,33.1350129505,197.25767493
270,98800,162400,54100,1.31745846769,41.3180767865,204.6726679
271,99100,162800,54200,1.21697305145,44.7028850477,204.74532699
272,99400,163200,54300,1.32912779303,38.0360395057,204.82476210
273,99700,163600,54400,1.19693036903,43.1744251446,204.90242099
274,100000,164000,54500,1.29101492387,54.6167583156,204.97787499
275,100300,164400,54600,1.13554372669,44.5657272554,205.04951691
276,100600,164800,54700,1.43304884874,46.3259644823,205.14138603
277,100900,165200,54800,1.32753016564,37.5189687658,205.22851800
278,101200,165600,54900,1.2466177433,31.2509700448,205.30516290
279,101500,166000,55000,1.78272081137,43.3203681587,205.3781659
280,101800,168400,56100,1.19712077269,34.0421767799,212.9437429
281,102100,168800,56200,1.1653506171,38.5167217953,213.01706910
282,102400,169200,56300,1.27369650501,35.9261835617,213.09169411
283,102700,169600,56400,1.21146667575,31.2276323324,213.16671109
284,103000,170000,56500,1.32028368311,41.6278196193,213.23797202
285,103300,170400,56600,1.38761672423,47.8448973121,213.31002497
286,103600,170800,56700,1.07892920745,36.8808160597,213.38471007
287,103900,171200,56800,1.54035956718,42.2023985092,213.45685911
288,104200,171600,56900,1.40033718122,51.0371289287,213.53006696
289,104500,172000,57000,1.1424254499,37.71772844,213.60212206
290,104800,174400,58100,1.51627487007,47.0882092139,221.22322702
291,105100,174800,58200,1.13684912278,57.411359926,221.29693889
292,105400,175200,58300,1.50041741546,39.0028490379,221.37099194
293,105700,175600,58400,1.26747335574,69.8031129905,221.4433119
294,106000,176000,58500,1.24538302225,60.1620931373,221.52745389
295,106300,176400,58600,1.19308163234,43.9403209497,221.60152411
296,106600,176800,58700,1.37068273641,51.6688641906,221.67428588
297,106900,177200,58800,1.19040016231,41.4388507092,221.74652910
298,107200,177600,58900,1.42029996093,56.8548751561,221.82338
299,107500,178000,59000,1.27522443272,35.3369700046,221.90916705
300,107800,180400,60100,1.33617321455,38.1630748371,229.45553994
301,108100,180800,60200,1.21654387449,36.9338343193,229.52761292
302,108400,181200,60300,1.1794280657,40.2407179132,229.61073088
303,108700,181600,60400,1.24774505067,52.0764989515,229.68479800
304,109000,182000,60500,1.38152307412,34.4466949252,229.75839304
305,109300,182400,60600,1.33937025202,39.1426317226,229.83077001
306,109600,182800,60700,1.23988126666,48.4324362573,229.90439391
307,109900,183200,60800,1.4871551788,40.0575056024,229.98250007
308,110200,183600,60900,1.24844855263,57.5073552923,230.05358409
309,110500,184000,61000,1.20163830149,58.1573662928,230.12860202
310,110800,186400,62100,1.14697857256,43.9457544569,237.66440701
311,111100,186800,62200,1.32090452026,35.2106671251,237.73547005
312,111400,187200,62300,1.35529763664,47.711624078,237.81446003
313,111700,187600,62400,1.47410828884,43.3830909911,237.88771891
314,112000,188000,62500,1.32105612518,45.370830547,237.96418595
315,112300,188400,62600,1.2851395761,34.100584822,238.03474211
316,112600,188800,62700,1.46154802981,51.0659165607,238.11263394
317,112900,189200,62800,1.32361769835,38.0324898154,238.18624305
318,113200,189600,62900,1.41687784918,37.7544907705,238.26041603
319,113500,190000,63000,1.35394634402,37.4762082294,238.33212995
320,113800,192400,64100,1.29165895959,47.1807866199,245.80832099
321,114100,192800,64200,1.43030349957,58.6714481868,245.88109588
322,114400,193200,64300,1.24262021407,38.2348016126,245.9531989
323,114700,193600,64400,1.19068844965,45.9217530592,246.02544307
324,115000,194000,64500,1.26430772777,68.3325630817,246.09764909
325,115300,194400,64600,1.39412616731,53.3231376229,246.17015910
326,115600,194800,64700,1.15598024718,47.3319928569,246.24319791
327,115900,195200,64800,1.27329786665,39.3811304833,246.31720209
328,116200,195600,64900,1.38339206181,45.4988585089,246.38986706
329,116500,196000,65000,1.20135344072,28.9763004903,246.46180009
330,116800,198400,66100,1.11740939142,38.3562974844,253.95872092
331,117100,198800,66200,1.3949134575,43.8226542046,254.05466103
332,117400,199200,66300,1.31354154208,38.5185456794,254.15931510
333,117700,199600,66400,1.16135734752,34.174263708,254.27126693
334,118000,200000,66500,1.19205012562,45.6092372036,254.36323189
335,118300,200400,66600,1.29304223068,34.178690861,254.44531011
336,118600,200800,66700,1.09121926486,31.5387748498,254.52350711
337,118900,201200,66800,1.26864169016,39.1633911056,254.6644530
338,119200,201600,66900,1.12659718397,38.1910057223,254.79322004
339,119500,202000,67000,1.20422173865,43.0352938866,254.86473488
340,119800,204400,68100,1.29414605095,39.0306689394,262.41665506
341,120100,204800,68200,1.03712543391,32.8206459183,262.49832606
342,120400,205200,68300,1.1937322537,38.2872127824,262.57806205
343,120700,205600,68400,1.45038856245,39.9366505962,262.65814089
344,121000,206000,68500,1.37547346585,38.4019376344,262.73987388
345,121300,206400,68600,1.43343530887,29.6934403407,262.82007503
346,121600,206800,68700,1.27000865222,30.7382571375,262.89970302
347,121900,207200,68800,1.22290759171,40.5431172229,262.97915291
348,122200,207600,68900,1.45672313163,49.9986369554,263.06033611
349,122500,208000,69000,1.81512270155,69.5158230931,263.1404380
350,122800,210400,70100,1.17006150435,38.2641011868,269.98637604
351,123100,210800,70200,1.37863049806,50.6627415643,270.05740094
352,123400,211200,70300,1.10143529051,28.7651333612,270.12844896
353,123700,211600,70400,1.34088342291,35.474885169,270.17707991
354,124000,212000,70500,1.46464651265,64.644881666,270.22901511
355,124300,212400,70600,1.21071491644,33.1789488936,270.29613709
356,124600,212800,70700,1.30984472557,35.5902421898,270.34720492
357,124900,213200,70800,1.27718276902,39.6808898783,270.39314007
358,125200,213600,70900,1.153643681,34.78488726,270.44141697
359,125500,214000,71000,1.26960961834,62.6842802633,270.48685908
360,125800,216400,72100,1.3453840175,35.5036650938,276.1003789
361,126100,216800,72200,1.19456809434,43.840323686,276.17319607
362,126400,217200,72300,1.21457366908,47.1384958318,276.24560594
363,126700,217600,72400,1.25614724547,33.2823095712,276.31818699
364,127000,218000,72500,1.11654623073,25.2040267103,276.39033889
365,127300,218400,72600,1.31096550184,43.5735568387,276.45811510
366,127600,218800,72700,1.31599587337,31.8727927149,276.50227689
367,127900,219200,72800,1.14558430906,38.2166842141,276.54647803
368,128200,219600,72900,1.23108139946,45.7089798983,276.60936188
369,128500,220000,73000,1.28628183045,35.62255905,276.68219709
370,128800,222400,74100,1.27669576547,53.1086998834,283.30280089
371,129100,222800,74200,1.22635003698,37.3511341618,283.34685897
372,129400,223200,74300,1.17183199264,32.6153805869,283.39116907
373,129700,223600,74400,1.30318621823,46.2324685693,283.43605709
374,130000,224000,74500,1.43098261835,33.3633726574,283.48140096
375,130300,224400,74600,1.15001127002,31.6447046325,283.52674388
376,130600,224800,74700,1.26872771631,44.2986952352,283.57313489
377,130900,225200,74800,1.27452672951,40.0333353282,283.61887788
378,131200,225600,74900,1.2646563745,44.9493053066,283.66451597
379,131500,226000,75000,1.23207358346,43.7484229418,283.70992803
380,131800,228400,76100,1.15155362686,31.9776662523,290.85198903
381,132100,228800,76200,1.24360956389,64.4000696294,290.93301296
382,132400,229200,76300,1.28654917446,42.7208812972,291.01331996
383,132700,229600,76400,1.24683021696,47.631837294,291.09398198
384,133000,230000,76500,1.24577754098,45.4331220642,291.17367911
385,133300,230400,76600,1.34992673382,33.1230527841,291.25386905
386,133600,230800,76700,1.41539857003,57.2137688558,291.33352494
387,133900,231200,76800,1.21634257147,34.6928732144,291.41383910
388,134200,231600,76900,1.26064508408,34.9403551884,291.49419307
389,134500,232000,77000,1.14472700811,34.1079877547,291.57462906
390,134800,234400,78100,1.05033168117,31.4177881063,298.72863793
391,135100,234800,78200,1.11137068093,46.1862545637,298.8042728
392,135400,235200,78300,1.25003048275,27.4168348491,298.87997198
393,135700,235600,78400,1.26184489531,33.0396943403,298.95550489
394,136000,236000,78500,1.18367127184,36.6527500435,299.03054308
395,136300,236400,78600,1.4247346491,44.3767876895,299.1036701
396,136600,236800,78700,1.10605703023,33.3909226959,299.17705988
397,136900,237200,78800,1.15561683887,46.198789509,299.2499079
398,137200,237600,78900,1.43890115685,59.3297261989,299.32238197
399,137500,238000,79000,1.31650519218,34.2495304929,299.39551210
400,137800,240400,80100,1.08246470508,37.711890475,306.52178096
401,138100,240800,80200,1.38219321206,55.1797791463,306.6020600
402,138400,241200,80300,1.18448725194,33.6819700128,306.68236589
403,138700,241600,80400,1.18176970267,30.5290812759,306.76224398
404,139000,242000,80500,1.24002663258,32.7908963917,306.84210610
405,139300,242400,80600,1.23269006526,46.073361113,306.92134308
406,139600,242800,80700,1.20888171471,42.4403378372,307.0006558
407,139900,243200,80800,1.36242196155,39.8491645875,307.07932710
408,140200,243600,80900,1.27982915707,38.4689449436,307.15824103
409,140500,244000,81000,1.22432813714,30.9105746336,307.23857593
410,140800,246400,82100,1.07857436624,25.100789254,314.54706406
411,141100,246800,82200,1.13411153098,37.0032660538,314.61877703
412,141400,247200,82300,1.1571639107,39.4548816211,314.69032692
413,141700,247600,82400,1.17211018987,22.049450872,314.76241588
414,142000,248000,82500,1.29055339457,42.5982319755,314.83686804
415,142300,248400,82600,1.21351890775,51.496047996,314.91181206
416,142600,248800,82700,1.13777944514,41.1746009865,314.98611903
417,142900,249200,82800,1.13296698303,32.8993232244,315.06018304
418,143200,249600,82900,1.23246378231,41.6029299698,315.13429403
419,143500,250000,83000,1.18374876716,52.374866532,315.20902490
420,143800,252400,84100,1.09997023494,33.7932035961,322.14207506
421,144100,252800,84200,1.26044714109,52.9049085703,322.22201108
422,144400,253200,84300,1.07088926964,33.8787694467,322.30250692
423,144700,253600,84400,1.24040968971,53.6663570951,322.38267993
424,145000,254000,84500,1.19045334214,35.4624559756,322.46267604
425,145300,254400,84600,1.21938911939,49.2173229815,322.54355001
426,145600,254800,84700,1.06625954498,31.5828903126,322.62521910
427,145900,255200,84800,1.13376153135,34.2374578904,322.70522308
428,146200,255600,84900,1.1152310152,30.4601769027,322.78515696
429,146500,256000,85000,1.16430286445,45.2326695449,322.86593198
430,146800,258400,86100,1.12477363559,30.1788179263,330.36305999
431,147100,258800,86200,1.40604573897,56.2417111098,330.43696093
432,147400,259200,86300,1.06369045675,30.5434019765,330.5110809
433,147700,259600,86400,1.13929181154,43.4899203335,330.58511400
434,148000,260000,86500,1.05962139337,35.2505813241,330.65915203
435,148300,260400,86600,1.15258694674,34.5800214228,330.73316192
436,148600,260800,86700,1.23186935688,37.814041113,330.80619311
437,148900,261200,86800,1.25183727006,24.9949677903,330.8792409
438,149200,261600,86900,1.15625649499,45.6242879648,330.95247101
439,149500,262000,87000,1.18521452237,49.4904291575,331.03077697
440,149800,264400,88100,1.12333854855,27.9144663235,337.84958696
441,150100,264800,88200,1.16898834173,42.7808740503,337.92094707
442,150400,265200,88300,1.11295848471,30.4390223186,337.99213099
443,150700,265600,88400,1.0827712394,27.2545901274,338.06339693
444,151000,266000,88500,1.28979399951,50.8153717903,338.14089298
445,151300,266400,88600,1.301647857,54.9867544143,338.21446204
446,151600,266800,88700,1.15855992919,43.4028219843,338.28803992
447,151900,267200,88800,1.24554194435,70.186425441,338.36208605
448,152200,267600,88900,1.41341343777,33.0562276215,338.43499994
449,152500,268000,89000,1.16451147164,38.3353393564,338.5076179
450,152800,270400,90100,1.2302500622,32.0376516865,346.10422706
451,153100,270800,90200,1.14718612122,47.6100342548,346.18481206
452,153400,271200,90300,1.21614822485,47.4552265434,346.26533198
453,153700,271600,90400,1.23001775834,34.3555517982,346.34606909
454,154000,272000,90500,1.28918087334,46.445325294,346.42593097
455,154300,272400,90600,1.06836619007,28.0389006848,346.50587892
456,154600,272800,90700,1.26866827809,39.5621514268,346.58496308
457,154900,273200,90800,1.24094846714,48.5708829445,346.66425490
458,155200,273600,90900,0.940510539034,26.5270552573,346.74386596
459,155500,274000,91000,1.24320818313,48.4222250601,346.82331895
460,155800,276400,92100,1.22924054651,37.4918577645,353.80133891
461,156100,276800,92200,1.20005134609,48.3715901932,353.87687206
462,156400,277200,92300,1.185405545,34.1886630529,353.95161294
463,156700,277600,92400,1.01569722669,24.7870427606,354.02595996
464,157000,278000,92500,1.1531782353,49.839648794,354.10036110
465,157300,278400,92600,1.08021304856,32.3949772039,354.17467689
466,157600,278800,92700,1.2929631212,43.3276366643,354.2495899
467,157900,279200,92800,1.31085532734,55.1626242974,354.32134699
468,158200,279600,92900,1.10301912322,26.8986270439,354.39318609
469,158500,280000,93000,1.18371414203,33.5173055011,354.46495699
470,158800,282400,94100,1.11727968402,34.0664605555,361.7877070
471,159100,282800,94200,1.14600589446,41.5602146316,361.86758804
472,159400,283200,94300,1.10047415324,37.945298251,361.94693589
473,159700,283600,94400,1.0698381757,40.7072259264,362.02589297
474,160000,284000,94500,0.997304279388,38.4347209471,362.10488390
475,160300,284400,94600,1.24736670181,26.4427660641,362.18369293
476,160600,284800,94700,1.08484527839,40.040783393,362.26241707
477,160900,285200,94800,1.13499752999,30.4697904917,362.34133100
478,161200,285600,94900,1.13069300735,27.2569528593,362.4204759
479,161500,286000,95000,1.16084313206,38.0162367278,362.49909806
480,161800,288400,96100,1.15406211153,24.2975610904,369.67245793
481,162100,288800,96200,1.05823164737,32.9845217571,369.7461268
482,162400,289200,96300,1.14840275694,45.9214741053,369.8198270
483,162700,289600,96400,1.12269275857,29.4743468472,369.89266109
484,163000,290000,96500,1.08957146573,47.345521939,369.96456003
485,163300,290400,96600,1.1477962784,36.066730641,370.03625798
486,163600,290800,96700,1.15013142902,62.0059309224,370.11075210
487,163900,291200,96800,1.49255506993,44.3479527018,370.18674707
488,164200,291600,96900,1.1845515444,35.6505150986,370.26288294
489,164500,292000,97000,1.100801057,37.8113712793,370.33886504
490,164800,294400,98100,1.06232187529,28.3075255696,377.48132801
491,165100,294800,98200,1.23025324224,50.786826283,377.56160497
492,165400,295200,98300,1.08457055912,40.3243485416,377.64212107
493,165700,295600,98400,1.11037729851,33.3898038824,377.72286105
494,166000,296000,98500,1.12704784625,50.4208042946,377.80394601
495,166300,296400,98600,1.08570799503,55.458866258,377.88394498
496,166600,296800,98700,1.10942086532,34.0035606885,377.9640688
497,166900,297200,98800,1.48996345453,48.6527803704,378.04476499
498,167200,297600,98900,0.980375870896,37.4164346946,378.12356996
499,167500,298000,99000,1.31928499673,38.5151909175,378.20310711
500,167800,300400,100100,1.29524461462,30.4024117221,385.57008695
