0,900,400,100,77.2226952533,76.6498455248,0.52106690406
1,1800,800,200,64.6853035715,59.4768897843,0.59996604919
2,2800,1200,300,52.5712806117,82.5204051256,0.68241596221
3,3800,1600,400,50.1356843984,88.0998194522,0.76289606094
4,4800,2000,500,46.5311803911,76.4875236175,0.8432650566
5,5800,2400,600,45.0725085263,85.2152558405,0.92406892776
6,6800,2800,700,40.4893384091,78.9829467988,1.0046460628
7,7900,3200,800,38.5681924612,77.9666378494,1.090940952
8,8900,3600,900,38.160474044,74.1373303874,1.1714730262
9,9900,4000,1000,40.2183987437,80.4156059423,1.2521700859
10,10900,4400,1100,34.590766748,78.6746061906,1.3320600986
11,12000,4800,1200,32.4562332356,79.7868887448,1.4181780815
12,13100,5200,1300,31.2934371234,71.9760457376,1.503756046
13,14300,5600,1400,28.6058544974,84.1713202013,1.5953209400
14,15300,6000,1500,29.2294298869,62.6582780107,1.6755390167
15,16300,6400,1600,30.7476978191,72.0110174774,1.7623529434
16,17300,6800,1700,30.2455354346,75.8858178599,1.8453030586
17,18300,7200,1800,26.5588126406,67.2855944484,1.9262340068
18,19400,7600,1900,27.8633605884,93.0806950875,2.0120670795
19,20400,8000,2000,29.5389317841,97.3576917735,2.0925738811
20,21300,8400,2100,26.7177281215,56.9723661262,2.1665918827
21,22300,8800,2200,27.7404103325,68.4392866712,2.2467739582
22,23400,9200,2300,24.0264445428,74.9806337905,2.3322548866
23,24400,9600,2400,23.706054203,79.5756811722,2.4162259101
24,25400,10000,2500,26.4725455218,93.3864266916,2.4965028762
25,26400,10400,2600,21.6562097333,60.8583226134,2.5761599540
26,27900,10800,2700,20.1910581927,59.8155014814,2.6838750839
27,28900,11200,2800,21.5843219122,66.9758664972,2.7632670402
28,30000,11600,2900,22.3938542694,86.5273261744,2.8482089042
29,31000,12000,3000,20.2124401654,59.0363272882,2.9291439056
30,32000,12400,3100,21.4894790717,51.4876044258,3.0087199211
31,33000,12800,3200,18.6601169316,60.4702223257,3.0880980491
32,34100,13200,3300,20.3917096647,102.445620507,3.1731960773
33,35100,13600,3400,19.3487064511,81.8315415376,3.2527101039
34,36100,14000,3500,19.0704798456,61.2637606302,3.3322970867
35,37200,14400,3600,15.6419587308,52.0032140965,3.4170989990
36,38400,14800,3700,15.9956012797,82.1771925967,3.5089271068
37,39500,15200,3800,14.5706887978,54.7147889416,3.5941069126
38,40700,15600,3900,16.7490227623,86.0222619853,3.6845569610
39,41900,16000,4000,13.258313336,82.08963474,3.7748188972
40,43000,16400,4100,15.5090179061,74.2955152009,3.8606529235
41,44200,16800,4200,15.9749490696,70.1558106302,3.9514260292
42,45300,17200,4300,16.1443372108,70.0188762901,4.036143064
43,46500,17600,4400,14.3726146755,74.6376863442,4.1283490657
44,47600,18000,4500,13.9419655915,52.9944733455,4.214377880
45,48700,18400,4600,14.5113652412,57.0595715967,4.2993090152
46,49800,18800,4700,15.8223753573,97.4934990723,4.3854050636
47,50800,19200,4800,17.5778197889,68.675034308,4.465692043
48,51900,19600,4900,16.4758570199,62.6884799502,4.5508069992
49,52900,20000,5000,18.1750328288,61.2286615023,4.6300718784
50,54000,20400,5100,18.6859883936,92.7624308782,4.7148029804
51,55100,20800,5200,16.7298350609,69.7510752037,4.8000400066
52,56300,21200,5300,12.5442910883,61.1750267112,4.8909559249
53,57500,21600,5400,10.9346043177,39.5031501701,4.9812819957
54,58600,22000,5500,13.5329611372,62.4149817001,5.0656249523
55,59700,22400,5600,14.9396138115,93.2340469569,5.1504259109
56,60800,22800,5700,15.1997062593,63.4076269208,5.2370870113
57,62000,23200,5800,10.3933599758,47.5227206501,5.3289499282
58,63200,23600,5900,12.5298132246,66.5038252295,5.4212329387
59,64400,24000,6000,12.3605809394,58.747770168,5.5120079517
60,65600,24400,6100,9.97012019315,50.3033621945,5.6029648780
61,66900,24800,6200,12.5111709432,85.3937960707,5.6995000839
62,68100,25200,6300,11.0482062329,56.0043416657,5.7900319099
63,69400,25600,6400,7.87388059674,39.0213510617,5.8866229057
64,70700,26000,6500,11.3136288207,66.0942026275,5.9824209213
65,72000,26400,6600,7.78967163164,49.493422706,6.0781419277
66,73300,26800,6700,9.58771727743,64.6660601313,6.1734299659
67,74700,27200,6800,11.3541474384,99.2906534401,6.2747709751
68,75900,27600,6900,12.4743869214,66.0092302971,6.3651270866
69,77100,28000,7000,13.6613748367,97.885919211,6.4556510448
70,78200,28400,7100,14.7452794882,89.2510950436,6.5407168865
71,79300,28800,7200,16.9846823062,105.700820091,6.6254830360
72,80400,29200,7300,15.322197012,74.3758368484,6.7107470035
73,81600,29600,7400,13.9731169645,85.5012161754,6.8032419681
74,82700,30000,7500,13.6252740161,60.0508599765,6.8903849124
75,83800,30400,7600,15.6303179424,80.2942950125,6.9755489826
76,84900,30800,7700,14.529181443,79.7260872912,7.060620069
77,86000,31200,7800,12.9761149712,58.8363101826,7.1458950042
78,87200,31600,7900,10.6883010645,44.7482241565,7.2362899780
79,88400,32000,8000,11.0478651396,51.9149543445,7.327349901
80,89600,32400,8100,12.1938629225,75.9568554336,7.4224250316
81,90800,32800,8200,13.9251531698,94.8025154135,7.5134840011
82,92000,33200,8300,12.6673750091,70.2571541381,7.6043698787
83,93200,33600,8400,9.48066921033,47.4171470605,7.6951138973
84,94400,34000,8500,13.357364785,72.8996634629,7.7859969139
85,95500,34400,8600,13.3799728446,74.4869819526,7.8714349269
86,96700,34800,8700,12.7365369236,67.6453169245,7.9628820419
87,97900,35200,8800,12.7060230986,64.3124281917,8.0533130168
88,99200,35600,8900,10.0974205138,73.422932788,8.1492929458
89,100400,36000,9000,12.4090634198,68.4113881378,8.2392289638
90,101600,36400,9100,12.2736039176,66.2748403408,8.3294639587
91,102900,36800,9200,10.1574095685,82.24021456,8.4253070354
92,104100,37200,9300,11.8999332721,110.380954264,8.5177960395
93,105200,37600,9400,12.9784493875,65.828540772,8.6036369800
94,106400,38000,9500,12.2501173167,68.5417772017,8.6948900222
95,107600,38400,9600,11.2564497615,62.9482455508,8.7860710620
96,108800,38800,9700,10.6608369985,55.5176638444,8.8776190280
97,110000,39200,9800,11.7591592304,67.7825171325,8.9820430278
98,111300,39600,9900,11.845421417,93.6691141482,9.0802450180
99,112600,40000,10000,9.51374281695,58.8275635051,9.1783878803
100,113800,40400,10100,9.57517106663,65.0989549169,9.2722969055
101,114900,40800,10200,13.7011805762,73.3887063293,9.3621881008
102,116000,41200,10300,12.6420932669,66.7633580366,9.45223188
103,117100,41600,10400,11.6172698505,54.5573924085,9.5468978881
104,118200,42000,10500,14.7528909237,72.0848464624,9.6446099281
105,119400,42400,10600,13.5510234783,79.2210486926,9.7514379024
106,120600,42800,10700,10.3420669909,61.8611818603,9.8466138839
107,121700,43200,10800,10.5973511374,49.9051075749,9.9538800716
108,122800,43600,10900,14.1923840041,72.904670013,10.059676885
109,123900,44000,11000,14.009934793,63.9326914162,10.15598797
110,124900,44400,11100,14.8831537274,70.3395595316,10.239768981
111,125900,44800,11200,17.2016405986,82.9006241861,10.322036981
112,126900,45200,11300,17.8168600445,63.2517235965,10.403476953
113,128000,45600,11400,17.4199698922,87.6731962402,10.49065303
114,129100,46000,11500,13.7548845334,64.9228297943,10.577265024
115,130300,46400,11600,13.0522336031,63.6899898601,10.669810056
116,131500,46800,11700,11.7538330833,79.0494404574,10.762808084
117,132600,47200,11800,13.9967386149,57.603763689,10.849994897
118,133800,47600,11900,14.8236611794,67.1204516248,10.942302942
119,135000,48000,12000,10.7540546185,54.5724372562,11.036308050
120,136200,48400,12100,11.9649097777,67.5576669186,11.132755994
121,137300,48800,12200,14.1228622866,80.4280113083,11.224450111
122,138400,49200,12300,16.0322492665,85.1768885128,11.315834999
123,139500,49600,12400,15.7556689648,82.3404530049,11.4061520
124,140600,50000,12500,14.4023937158,73.208779124,11.498039960
125,141700,50400,12600,18.0144281872,87.3492456628,11.588376998
126,142800,50800,12700,14.3463640877,71.7055031615,11.676531076
127,143900,51200,12800,14.9372112131,75.727398609,11.763737916
128,145000,51600,12900,14.4208993782,65.6258527915,11.852884054
129,146100,52000,13000,14.1512684494,81.588215965,11.940721988
130,147300,52400,13100,14.4500735622,100.372101129,12.034259080
131,148400,52800,13200,12.323777664,43.750750905,12.119749069
132,149500,53200,13300,12.5526970063,58.9612427376,12.205122947
133,150700,53600,13400,13.0826952888,84.8647115002,12.296760082
134,151900,54000,13500,9.87678655345,73.5798517972,12.39520907
135,153000,54400,13600,13.4561392832,58.5656890771,12.484574079
136,154100,54800,13700,14.7740548306,83.1218887371,12.570755004
137,155200,55200,13800,10.9192881624,60.8296830771,12.656246900
138,156300,55600,13900,14.4319522573,71.4584844708,12.742037057
139,157500,56000,14000,14.1470817862,106.480960371,12.833184003
140,158600,56400,14100,12.7558253107,51.8059171306,12.919734954
141,160000,56800,14200,10.6712182957,89.6871203088,13.024466991
142,161200,57200,14300,12.1439675341,77.0321289126,13.120089054
143,162300,57600,14400,13.3991698632,60.6550300485,13.208626031
144,163500,58000,14500,13.9194634078,88.4560588742,13.303103923
145,164700,58400,14600,11.4051817707,59.9172006697,13.397284030
146,165800,58800,14700,12.323887803,59.5680677321,13.486960887
147,166900,59200,14800,12.912349342,67.6498607958,13.576601982
148,168100,59600,14900,13.1984409795,73.9830169301,13.674905061
149,169200,60000,15000,12.2254278438,69.6300613813,13.765604972
150,170300,60400,15100,12.6114991501,55.4217254133,13.85830187
151,171500,60800,15200,11.6008691587,72.7175136006,13.958167076
152,172600,61200,15300,13.1113241711,76.8047601874,14.049935102
153,173700,61600,15400,14.0763375459,68.4917796855,14.14829397
154,174900,62000,15500,11.9411949741,62.8519895466,14.253477096
155,176000,62400,15600,11.4062480767,54.5356440195,14.348278999
156,177100,62800,15700,16.0627283575,110.096213395,14.439553022
157,178200,63200,15800,14.9503210224,89.69034427,14.528532981
158,179400,63600,15900,12.287238149,74.2309012668,14.630403041
159,180600,64000,16000,13.3459802754,69.3035940508,14.726876020
160,181700,64400,16100,14.2553392535,83.2483832897,14.817883014
161,182900,64800,16200,13.9105704231,101.102985237,14.914709091
162,183900,65200,16300,14.9252115557,59.7076745309,14.995383024
163,185000,65600,16400,17.2035616647,92.5961138435,15.083574056
164,186100,66000,16500,13.5144833198,87.6835195692,15.169961929
165,187100,66400,16600,17.9211093809,63.8437601628,15.251765966
166,188100,66800,16700,16.2750830091,55.7039886424,15.336257934
167,189200,67200,16800,14.3321601578,76.5116000526,15.423177003
168,190300,67600,16900,12.2329613776,72.3290463446,15.510847091
169,191400,68000,17000,14.3653186978,58.341163915,15.601521015
170,192600,68400,17100,15.0570729664,98.9899099212,15.703636884
171,193700,68800,17200,12.2628176692,46.0356052103,15.871978998
172,194900,69200,17300,10.6433320513,54.1274103586,16.048557996
173,196000,69600,17400,12.9396856927,54.4458458294,16.215699911
174,197100,70000,17500,16.0701135161,74.7860193015,16.382850885
175,198100,70400,17600,16.4117541408,79.2927349155,16.538991928
176,199100,70800,17700,16.4428609232,65.8968733493,16.682965040
177,200100,71200,17800,15.3112912522,70.5483483301,16.838823080
178,201100,71600,17900,16.6835961917,77.6580075791,16.978527069
179,202300,72000,18000,14.8813829978,67.2784202443,17.086688041
180,203400,72400,18100,14.2819521412,70.700496898,17.20046901
181,204500,72800,18200,12.3846739531,59.091523523,17.366214036
182,205700,73200,18300,12.8078263405,67.2428588135,17.549501895
183,207000,73600,18400,13.7204163175,89.7827549048,17.760071039
184,208200,74000,18500,10.2806244411,52.0637226744,17.93730688
185,209300,74400,18600,12.2373080064,59.1769351599,18.097266912
186,210400,74800,18700,15.767492013,67.9329819858,18.267484903
187,211600,75200,18800,14.3634594246,91.0306822355,18.435404062
188,212700,75600,18900,10.4593482439,44.2244128561,18.590683937
189,213800,76000,19000,11.3647315933,79.4938750618,18.758131027
190,214900,76400,19100,16.0266019644,85.0122065758,18.930165052
191,216000,76800,19200,16.1364045565,81.7924031991,19.098767995
192,217100,77200,19300,12.3335143483,56.6728185687,19.263516902
193,218200,77600,19400,11.5051140254,68.9760970471,19.418701887
194,219300,78000,19500,14.9270395504,78.8031832194,19.569778919
195,220400,78400,19600,12.77293898,70.9208018373,19.721618890
196,221600,78800,19700,14.3587952785,92.4157000909,19.894627094
197,222800,79200,19800,9.34390891632,58.8974480304,20.063678026
198,224000,79600,19900,11.0247814801,66.3237667265,20.239979028
199,225300,80000,20000,9.27983601538,53.3227197913,20.417108058
200,226500,80400,20100,9.3621677171,51.0725848892,20.588016033
201,227700,80800,20200,9.12794204297,57.34115282,20.764436006
202,229000,81200,20300,10.2532381854,88.7181564584,20.940754890
203,230200,81600,20400,9.71440835057,50.9565645539,21.114763021
204,231500,82000,20500,7.09868378636,44.2174392078,21.304486036
205,232800,82400,20600,8.50251771032,56.3797855049,21.482300996
206,233900,82800,20700,11.6059543783,70.2570726727,21.637136936
207,235100,83200,20800,13.292858768,71.6371205502,21.79863500
208,236200,83600,20900,13.3170761208,72.9363472481,21.947979927
209,237300,84000,21000,13.2206402617,87.4343372526,22.100883960
210,238400,84400,21100,13.8193718329,72.5367662545,22.24991798
211,239600,84800,21200,13.6489339264,72.2857939845,22.424841880
212,240800,85200,21300,9.15412229222,59.1460708544,22.600198030
213,242000,85600,21400,11.3428470712,55.9170615671,22.765624046
214,243200,86000,21500,10.6935471598,86.2894412632,22.941817045
215,244400,86400,21600,9.04055543133,63.6925942083,23.108474969
216,245600,86800,21700,11.9460276219,75.7144898008,23.273873090
217,246800,87200,21800,10.4982299959,62.6496135652,23.459331035
218,248000,87600,21900,8.67314248512,59.4123203879,23.628921985
219,249200,88000,22000,10.0801036679,72.1474356636,23.79836392
220,250400,88400,22100,10.2118329918,70.3974944568,23.971265077
221,251600,88800,22200,10.8010738626,64.816442864,24.150959968
222,252800,89200,22300,9.48329057904,62.6540710177,24.33102989
223,254100,89600,22400,8.89541519463,68.9541234374,24.520767927
224,255400,90000,22500,9.12429198826,57.4220039366,24.720284938
225,256700,90400,22600,9.76617776741,103.256909481,24.910552978
226,257900,90800,22700,10.9488857581,63.6425542833,25.028106927
227,259200,91200,22800,9.65254544964,80.3145279041,25.20771193
228,260500,91600,22900,7.07248447385,57.0661835003,25.393086910
229,261900,92000,23000,7.88391501895,71.9093361133,25.634152889
230,263200,92400,23100,10.3761686692,95.3265645641,25.891330957
231,264500,92800,23200,10.135712866,89.7476216274,26.124461889
232,265800,93200,23300,10.1668266259,70.1888707866,26.313687086
233,267100,93600,23400,8.92188785615,56.7858624342,26.503108024
234,268400,94000,23500,7.48396096315,68.6666907322,26.691195011
235,269800,94400,23600,10.0250943684,99.8579306032,26.894267082
236,271200,94800,23700,6.91042090981,82.2858244388,27.09358596
237,272600,95200,23800,4.45616136372,45.7682234237,27.34068107
238,273900,95600,23900,6.49071890845,67.3389096397,27.617824077
239,275200,96000,24000,7.61585310472,71.0577017812,27.814590930
240,276500,96400,24100,7.92243061633,64.2251530022,28.008275985
241,277800,96800,24200,8.18594110013,96.8266186978,28.20736503
242,279100,97200,24300,8.63272121504,73.9265424598,28.440181016
243,280300,97600,24400,10.0080771452,89.5548424093,28.632018089
244,281400,98000,24500,13.1321580185,70.8291971235,28.807976007
245,282500,98400,24600,11.523906143,68.1133468581,28.982789039
246,283700,98800,24700,10.1110852836,68.8274970714,29.170520067
247,284800,99200,24800,9.96107396302,58.9911907244,29.351283073
248,285900,99600,24900,14.6326262486,74.9020171273,29.527961015
249,287100,100000,25000,13.5705458696,87.583401368,29.716157913
250,288200,100400,25100,14.0354453999,92.119455639,29.898398876
251,289300,100800,25200,16.3189195128,105.450955428,30.08580708
252,290400,101200,25300,14.448396847,61.8904024953,30.271869897
253,291500,101600,25400,15.5888844205,76.4451698785,30.448426961
254,292700,102000,25500,11.6872443249,63.6870503363,30.638154983
255,293900,102400,25600,10.188348409,51.0334848288,30.828136920
256,295100,102800,25700,11.1116765062,73.7323368194,31.015589952
257,296200,103200,25800,12.2001952368,49.5070182313,31.192625999
258,297300,103600,25900,12.9645964736,74.5431795698,31.369283914
259,298500,104000,26000,14.1707741675,69.3482946679,31.557715892
260,299700,104400,26100,11.6349369664,54.5707472002,31.743490934
261,300900,104800,26200,11.7532279513,62.8100056352,31.928925037
262,302100,105200,26300,13.2233025165,87.191579952,32.11416411
263,303200,105600,26400,13.911449755,71.382789554,32.290007114
264,304300,106000,26500,14.8356287132,77.681005729,32.536998033
265,305500,106400,26600,12.3132134336,83.162027931,32.749757051
266,306600,106800,26700,10.5300620543,52.9489749776,32.951315879
267,307700,107200,26800,14.1802173901,81.6713152469,33.155746936
268,308800,107600,26900,12.141764314,55.8830581685,33.350032091
269,310100,108000,27000,10.9688739032,91.2804522428,33.564325094
270,311400,108400,27100,9.95015153791,56.4759639719,33.754354000
271,312600,108800,27200,12.3811208689,68.2768145186,33.934395074
272,313800,109200,27300,12.0253573171,63.2914052595,34.113408088
273,315000,109600,27400,10.2039231743,61.9624092575,34.293622016
274,316200,110000,27500,11.4651664663,88.3434279892,34.471679925
275,317400,110400,27600,13.3787634291,96.073964754,34.652447938
276,318600,110800,27700,11.8046780601,68.7487027591,34.829324960
277,319800,111200,27800,11.2492461619,78.2861300454,35.008661031
278,321000,111600,27900,12.5409569013,61.5578257131,35.187550067
279,322200,112000,28000,11.7338558428,74.5699900154,35.36457705
280,323400,112400,28100,9.25341227496,51.285497636,35.576508045
281,324700,112800,28200,9.74527144474,71.5122999265,35.796530008
282,326100,113200,28300,9.36435966619,120.865167792,36.107492923
283,327300,113600,28400,9.71912732562,78.0811036164,36.305294036
284,328600,114000,28500,10.3477426818,67.3604332657,36.535338878
285,329700,114400,28600,12.0602161647,75.3572294875,36.709491014
286,330800,114800,28700,14.2210416185,72.729418742,36.916364908
287,331900,115200,28800,14.8214473589,86.0430142246,37.106829881
288,333000,115600,28900,13.3783087638,68.0885970972,37.273407936
289,334300,116000,29000,11.1006047158,88.7030018568,37.47566199
290,335600,116400,29100,10.0940836239,73.2647130986,37.70810890
291,336800,116800,29200,10.3124849789,70.5711235779,37.941621065
292,338000,117200,29300,13.1748554536,77.778562986,38.128093004
293,339200,117600,29400,13.6526918799,77.5159282799,38.345326900
294,340300,118000,29500,11.4174990646,52.8568594153,38.579083919
295,341400,118400,29600,16.3668865596,86.2726164385,38.796132087
296,342500,118800,29700,14.7607242503,69.590093742,39.008896112
297,343600,119200,29800,11.4514917492,50.1737922028,39.242997884
298,344800,119600,29900,11.8707018871,94.1383322142,39.443727970
299,345900,120000,30000,10.8421339039,52.6767878756,39.611654043
300,347000,120400,30100,14.0396934067,86.1189756544,39.779100894
301,348100,120800,30200,12.6022224454,63.0386921799,39.946952104
302,349200,121200,30300,12.3191406527,79.0695428692,40.148441076
303,350200,121600,30400,16.8595249003,82.1479491461,40.325618028
304,351200,122000,30500,17.0298433491,79.6614036714,40.535109996
305,352200,122400,30600,19.0281136099,83.7256145596,40.703574895
306,353300,122800,30700,17.7494613913,115.693688384,40.875957965
307,354400,123200,30800,14.2115110563,63.4630083171,41.052728891
308,355500,123600,30900,17.7392970334,108.227649696,41.232152938
309,356600,124000,31000,13.693952428,61.0987618067,41.533648967
310,357700,124400,31100,12.5819751445,47.1575211453,41.793457031
311,359000,124800,31200,10.8595574355,45.3454428023,42.010268926
312,360100,125200,31300,14.0382850328,69.8164278103,42.209785938
313,361200,125600,31400,13.7180483563,74.3757056702,42.421166896
314,362300,126000,31500,16.514945091,91.2682750573,42.628518104
315,363500,126400,31600,11.9429380409,77.6777905685,42.877003908
316,364700,126800,31700,9.98294647732,77.0195474156,43.06336808
317,365900,127200,31800,12.9661691526,73.0979452392,43.242830038
318,367000,127600,31900,14.3419956227,73.5155292279,43.416518926
319,368200,128000,32000,11.4916321324,52.9942870273,43.593842029
320,369500,128400,32100,11.3703192271,85.2225238097,43.781795024
321,370600,128800,32200,12.4824603848,57.4643158359,43.949392080
322,371700,129200,32300,11.8563021987,63.819134552,44.116990089
323,372900,129600,32400,13.0272151089,94.4278801006,44.296411037
324,374000,130000,32500,13.4985289573,76.4392729342,44.464390993
325,375200,130400,32600,12.7894568461,81.4568100055,44.647145986
326,376400,130800,32700,11.2482478185,74.065583349,44.835716009
327,377600,131200,32800,11.5902233718,77.30763188,45.023808002
328,378700,131600,32900,14.1638437694,86.489687278,45.197972059
329,379800,132000,33000,14.1650469663,72.1574259012,45.378963947
330,380900,132400,33100,14.5868668307,80.3408381311,45.553339004
331,382000,132800,33200,12.1417785938,66.1834076672,45.728632926
332,383100,133200,33300,14.0730377977,66.6124437906,45.909179925
333,384300,133600,33400,13.4639088696,90.6205794819,46.096677064
334,385400,134000,33500,13.6758031306,66.6816475541,46.272181987
335,386500,134400,33600,11.3348969567,67.1522142559,46.446758031
336,387700,134800,33700,11.0959927215,67.7632635955,46.626806974
337,388800,135200,33800,12.5995683103,53.6190173039,46.794799089
338,390000,135600,33900,10.5624038094,69.0928782769,46.973548889
339,391200,136000,34000,12.338185089,64.2756536455,47.151427984
340,392300,136400,34100,11.3628063844,69.6736716395,47.317543983
341,393300,136800,34200,16.4879811471,67.8206228137,47.478549957
342,394400,137200,34300,14.172897148,65.4590089165,47.645992040
343,395500,137600,34400,12.7424269123,55.3262714503,47.812632083
344,396600,138000,34500,12.7416766177,71.3012553651,47.980190038
345,397900,138400,34600,11.0827232134,50.6507263403,48.17084288
346,399100,138800,34700,12.9093636771,66.6314585413,48.352624893
347,400200,139200,34800,12.3712228899,68.8973204763,48.520740032
348,401300,139600,34900,15.5624865556,88.2137761051,48.688930988
349,402400,140000,35000,14.6727479417,74.1644121021,48.859548091
350,403600,140400,35100,13.0943767883,73.569913435,49.037592887
351,404700,140800,35200,13.5770162506,82.0477605195,49.204534053
352,405800,141200,35300,14.2475947682,77.9658582007,49.371359109
353,406900,141600,35400,14.2194847579,72.3389664582,49.552592039
354,408100,142000,35500,12.5603460467,77.0907799466,49.740748882
355,409200,142400,35600,12.3047645946,61.5664411356,49.91786909
356,410300,142800,35700,14.3713709241,104.579719049,50.10726809
357,411400,143200,35800,11.8542295053,71.428024904,50.287066936
358,412600,143600,35900,13.8251372438,80.9908214348,50.479194879
359,413800,144000,36000,11.6638704429,89.2334891427,50.676012039
360,414900,144400,36100,15.5859220321,85.2863514142,50.853810071
361,416000,144800,36200,14.7747965675,87.1827675595,51.032512903
362,417100,145200,36300,13.2875416241,72.7052789985,51.218199968
363,418300,145600,36400,11.8658041825,73.6654433011,51.410047054
364,419400,146000,36500,12.8235036659,72.524631943,51.585314989
365,420500,146400,36600,14.3723745435,74.7713520157,51.761637926
366,421700,146800,36700,12.7964676925,84.0812576707,51.958745956
367,422900,147200,36800,10.7584705954,67.0884053435,52.147392034
368,424100,147600,36900,11.4996542885,67.1036748577,52.334705114
369,425300,148000,37000,10.8958764908,62.2207803955,52.546333074
370,426400,148400,37100,11.6040623522,65.8549546927,52.725132942
371,427500,148800,37200,14.232957447,81.9497412586,52.90098810
372,428600,149200,37300,16.0641216531,87.7140160578,53.092071056
373,429700,149600,37400,15.0993151985,69.3568399108,53.268516063
374,430800,150000,37500,13.1103438078,76.2382519973,53.445137023
375,431900,150400,37600,15.0045153422,86.6720307014,53.633544921
376,433000,150800,37700,16.6984250242,83.8356661841,53.811765909
377,434100,151200,37800,12.8537864406,66.4455324456,53.988496065
378,435200,151600,37900,15.3536485012,80.3235455963,54.16662907
379,436300,152000,38000,15.0734183469,97.0953160649,54.357012987
380,437400,152400,38100,14.03120523,75.4881443142,54.531780004
381,438600,152800,38200,11.7562953089,75.6419360564,54.715748071
382,439800,153200,38300,15.0019450851,101.108957706,54.910521030
383,440800,153600,38400,13.9418081757,58.2237502834,55.071209907
384,441800,154000,38500,18.3944279543,87.5228822675,55.232678890
385,442800,154400,38600,17.6722637134,97.3166148529,55.398185968
386,443900,154800,38700,17.074908101,116.899163802,55.594484090
387,445000,155200,38800,16.1006993386,77.5908139657,55.770852088
388,446100,155600,38900,12.5929749032,58.4679748194,55.950989007
389,447100,156000,39000,14.274140916,58.0319645304,56.128658056
390,448200,156400,39100,13.2486565612,66.5212955261,56.30641508
391,449300,156800,39200,12.7625369935,54.4880326228,56.486636877
392,450500,157200,39300,14.3470451486,83.2945692473,56.684634923
393,451600,157600,39400,13.05490219,77.4061465375,56.861601114
394,452800,158000,39500,14.6808924786,86.730108754,57.049190998
395,454000,158400,39600,11.0796739038,60.2629773849,57.268290042
396,455200,158800,39700,11.3494578262,46.4715330867,57.461045980
397,456500,159200,39800,11.7909676985,81.2050287079,57.659823894
398,457700,159600,39900,11.1912751814,68.0243770359,57.859869003
399,459000,160000,40000,9.87926477878,70.5843359366,58.060775995
400,460300,160400,40100,10.8233982872,80.7012229284,58.259294986
401,461600,160800,40200,9.08247386097,63.3442619478,58.466269016
402,462900,161200,40300,10.1351963264,66.8750076972,58.664639949
403,464100,161600,40400,12.4341927007,69.5754022301,58.854701042
404,465200,162000,40500,14.3937699917,80.9029877104,59.029375076
405,466300,162400,40600,16.0744269563,93.9029043968,59.213871955
406,467400,162800,40700,13.1118671278,81.0823542127,59.436722993
407,468400,163200,40800,13.4465776816,52.6737939095,59.602509021
408,469600,163600,40900,13.790107896,90.6030941486,59.800143003
409,470700,164000,41000,13.6034725663,87.0329515251,59.975418090
410,471800,164400,41100,15.1958192274,84.2425496877,60.152298927
411,472900,164800,41200,13.9397177429,69.72684868,60.365214109
412,474000,165200,41300,11.9827898686,58.8043548469,60.604830026
413,475100,165600,41400,14.8126990345,83.4099187196,60.832566976
414,476300,166000,41500,12.1078748235,58.3484643211,61.043590068
415,477500,166400,41600,11.4681527165,53.053194327,61.239496946
416,478700,166800,41700,10.9362946942,60.8438945284,61.421065092
417,479900,167200,41800,8.82645028947,56.4263534559,61.634404897
418,481100,167600,41900,11.4591671988,75.8673536541,61.851412057
419,482400,168000,42000,7.28579103714,55.1163045605,62.076916933
420,483600,168400,42100,11.0079564371,83.2319156744,62.283927917
421,484800,168800,42200,12.1065358416,75.2646760899,62.480928897
422,485900,169200,42300,13.1604885466,62.3601494255,62.680025100
423,487100,169600,42400,13.1763349027,80.2000826485,62.887074947
424,488200,170000,42500,12.9978228549,75.4077804763,63.104376077
425,489300,170400,42600,15.0257868011,82.1301108423,63.307593107
426,490300,170800,42700,14.8662331318,65.3029278116,63.490871906
427,491300,171200,42800,15.0732317562,68.7506927386,63.673610925
428,492300,171600,42900,14.2284274117,64.1658928063,63.861282110
429,493400,172000,43000,15.0937355772,59.7413230105,64.078257083
430,494600,172400,43100,13.2445604636,62.7144624744,64.298738956
431,495700,172800,43200,13.2613224888,54.9761098165,64.508207082
432,496800,173200,43300,12.6360846455,74.3198435393,64.723488092
433,497900,173600,43400,12.1601405031,66.7372566456,64.911941051
434,499000,174000,43500,14.0955468301,57.3483955397,65.136585950
435,500200,174400,43600,12.2966797148,80.6001706114,65.352160930
436,501300,174800,43700,14.0626584374,61.326452607,65.553379058
437,502500,175200,43800,11.9960427511,57.8707937747,65.769180059
438,503700,175600,43900,11.9631800839,75.8428104955,65.99741005
439,504800,176000,44000,12.932841267,64.5191694537,66.201337099
440,505900,176400,44100,12.785393766,79.5519141964,66.423067092
441,507000,176800,44200,12.4841826643,73.5416614401,66.631014108
442,508100,177200,44300,14.6962286617,83.9527619151,66.816494941
443,509300,177600,44400,12.7869156841,86.0372495389,67.049549102
444,510500,178000,44500,9.03434950792,42.281912862,67.285863876
445,511600,178400,44600,14.8247007133,63.5713129325,67.496665000
446,512700,178800,44700,12.5444211032,75.2178764977,67.716305017
447,513900,179200,44800,13.4548057698,86.0262926542,67.922019958
448,515100,179600,44900,10.2933071855,62.1849702984,68.148885965
449,516300,180000,45000,10.5166043033,63.6278011676,68.348484039
450,517500,180400,45100,11.1202336753,74.1428119373,68.557100057
451,518700,180800,45200,12.7415868458,97.3105247374,68.788737058
452,519800,181200,45300,12.2265830492,54.6015303851,68.960511922
453,520900,181600,45400,12.0638827491,62.3725191992,69.179939031
454,522100,182000,45500,10.7982654662,61.4972051256,69.421616077
455,523200,182400,45600,13.8246204865,86.9563336466,69.610408067
456,524300,182800,45700,16.1562007682,86.05429302,69.828722000
457,525500,183200,45800,10.1015608523,53.6459278144,70.047408103
458,526600,183600,45900,12.8875617814,45.7388853715,70.242614984
459,527700,184000,46000,13.589592745,77.3682515593,70.458025932
460,528900,184400,46100,12.8285959985,87.4977390704,70.657397985
461,530000,184800,46200,11.8746563861,58.0722796025,70.892833948
462,531100,185200,46300,11.8234889331,50.4069880718,71.108916044
463,532300,185600,46400,11.4854689026,77.8383827455,71.319672107
464,533500,186000,46500,10.5482885261,84.4169180413,71.540935993
465,534700,186400,46600,11.4768385967,67.3488148855,71.780832052
466,535900,186800,46700,10.8989990271,64.4685423606,72.000890970
467,537000,187200,46800,12.4041939903,58.0956730847,72.1927208
468,538100,187600,46900,13.4797235044,78.5081646853,72.388437032
469,539200,188000,47000,12.5608731687,74.7654594955,72.56351900
470,540400,188400,47100,14.5769519448,81.3364695294,72.753743886
471,541500,188800,47200,12.4150011632,66.6696333153,72.958992958
472,542600,189200,47300,13.8273307885,72.4887815402,73.164086103
473,543700,189600,47400,11.5813521027,51.1014864174,73.374701023
474,544900,190000,47500,12.4978564902,90.7062729477,73.59646296
475,546000,190400,47600,17.1707051693,102.794496714,73.786779880
476,547100,190800,47700,13.8794949513,68.6962971236,73.967874050
477,548200,191200,47800,13.4459426145,83.7087995697,74.153276920
478,549300,191600,47900,13.3323931872,58.5444937417,74.385140895
479,550400,192000,48000,15.9133028828,82.6678885903,74.592737913
480,551600,192400,48100,12.875364189,81.753665183,74.819035053
481,552700,192800,48200,13.2854633947,79.858550548,75.018148899
482,553800,193200,48300,12.5624314245,57.7240490751,75.187238931
483,555000,193600,48400,12.0910566102,78.7855295777,75.366987943
484,556200,194000,48500,9.69692696821,39.7021882246,75.556361913
485,557500,194400,48600,11.7313975878,93.8269553765,75.768784046
486,558700,194800,48700,11.8337124271,66.0370156832,75.947911977
487,560000,195200,48800,10.9492649668,85.1344953409,76.138751983
488,561200,195600,48900,9.64004282567,74.137240638,76.318464994
489,562500,196000,49000,9.95684665945,67.824089323,76.50845098
490,563800,196400,49100,9.98787606923,64.6592102434,76.698554992
491,565100,196800,49200,9.73023580165,59.4788762719,76.887459993
492,566400,197200,49300,9.27715359992,75.6724283629,77.075923919
493,567700,197600,49400,10.2757851509,81.1525144405,77.26409792
494,569000,198000,49500,8.29041071197,70.2796924789,77.483903884
495,570300,198400,49600,9.74268421852,70.4045283244,77.682229995
496,571700,198800,49700,8.14201363872,69.2076710352,77.883634090
497,573000,199200,49800,6.59265705124,52.7804314179,78.074692964
498,574200,199600,49900,9.53532175868,81.2079729789,78.254710912
499,575500,200000,50000,11.8303463775,91.6196488013,78.447763919
500,576800,200400,50100,10.3428326612,81.0494559262,78.65894699
