0,900,400,100,79.0226898749,82.7374745187,1.0289449691
1,2200,800,200,8.22554330782,49.1174528748,1.3387959003
2,3500,1200,300,7.15605296995,53.5724133005,1.5219349861
3,4800,1600,400,9.75927573805,79.880553675,1.6873888969
4,6000,2000,500,11.2195052025,94.0883521359,1.8443329334
5,7200,2400,600,9.94965046759,51.4416543781,2.0027101039
6,8500,2800,700,11.727267544,85.5681122899,2.2258899211
7,9700,3200,800,8.39073886661,55.2948072599,2.3854820728
8,10900,3600,900,9.65554747831,57.6837595548,2.5430779457
9,12100,4000,1000,10.1837829831,71.2168609967,2.7024369239
10,13400,12400,5100,10.7707411307,79.4712048501,5.106707096
11,14600,12800,5200,10.6334425498,60.5449897678,5.2616369724
12,15700,13200,5300,13.6110336672,84.0454586908,5.4109599590
13,16800,13600,5400,17.0186965592,119.143408643,5.5682380199
14,17900,14000,5500,15.4861595562,96.5004699657,5.725626945
15,19000,14400,5600,16.3623646975,81.6633106908,5.8840830326
16,20200,14800,5700,11.3516019653,69.9981091319,6.052606105
17,21400,15200,5800,13.6170379233,93.2161470609,6.2203390598
18,22600,15600,5900,11.8881265082,73.1975515011,6.3887300491
19,23800,16000,6000,13.0613796332,76.6615406685,6.5436980724
20,24900,24400,10100,13.417623388,87.6259753245,10.310060977
21,26700,24800,10200,14.4993605067,74.9637523673,10.541330099
22,27300,25200,10300,14.7734965542,65.0811179864,10.648132085
23,27600,25600,10400,14.919937047,59.9237984092,10.72420096
24,27900,26000,10500,16.6539422544,82.8548361702,10.799504041
25,28300,26400,10600,12.8545911522,85.356701399,10.883846998
26,28600,26800,10700,13.5609672445,73.0697791511,10.960999965
27,28900,27200,10800,14.0136953042,74.523227232,11.034852981
28,29200,27600,10900,13.7074013108,71.2149573867,11.114242076
29,29500,28000,11000,14.6179251992,89.754851003,11.188659906
30,29800,36400,15100,15.5866180112,72.6976876781,16.240052938
31,30200,36800,15200,14.3600778989,74.3104632077,16.366100072
32,30700,37200,15300,15.1396529482,98.5440614718,16.469806909
33,31200,37600,15400,12.7161085949,57.9220727356,16.57561993
34,31900,38000,15500,6.00584883834,40.7118914244,16.705490112
35,32300,38400,15600,8.03156302257,79.3153446016,16.79800391
36,32900,38800,15700,8.46624743009,67.4734451264,16.909668922
37,33500,39200,15800,10.3240711961,96.2591911578,17.028398990
38,34200,39600,15900,11.0144587375,85.892838839,17.157808065
39,35000,40000,16000,5.67179989589,50.4724450254,17.292800903
40,35600,48400,20100,5.52140260012,64.4102091355,24.39649009
41,35900,48800,20200,7.78301790602,79.5442045333,24.472502946
42,36200,49200,20300,5.2068120243,58.2660905843,24.568238973
43,36500,49600,20400,5.31517683929,56.1435825137,24.643443107
44,36800,50000,20500,4.80561911037,65.6106771248,24.72031807
45,37100,50400,20600,5.90879368017,50.2504764223,24.797643899
46,37400,50800,20700,3.96360820226,52.8355449777,24.873547077
47,37700,51200,20800,5.60808038718,69.4078699708,24.948744058
48,38000,51600,20900,5.6691016816,73.1875714022,25.040656089
49,38300,52000,21000,6.18038122311,63.9796863671,25.117794036
50,38600,60400,25100,5.24818890648,71.2435290575,33.944029092
51,38900,60800,25200,4.608086597,50.838505154,34.018758058
52,39200,61200,25300,3.96300630288,46.2240295773,34.098311901
53,39500,61600,25400,3.38913262763,38.8611628465,34.18023204
54,39800,62000,25500,3.41311827775,60.5537998698,34.254653930
55,40100,62400,25600,3.79404957415,45.8380505442,34.32787609
56,40400,62800,25700,3.44519034848,47.6730838862,34.404366970
57,40700,63200,25800,4.44430597697,50.5246108624,34.49230599
58,41000,63600,25900,3.59113536201,50.9471390909,34.56979703
59,41300,64000,26000,4.08201487656,67.7772113627,34.641812086
60,41600,72400,30100,4.77814414158,60.0745837116,43.051151037
61,41900,72800,30200,3.55274445308,57.1930914817,43.124442100
62,42200,73200,30300,2.87933940844,35.2722650104,43.196585893
63,42500,73600,30400,4.086878561,63.7625230929,43.292314052
64,42800,74000,30500,4.24785165337,57.5525597672,43.369153022
65,43100,74400,30600,3.27545578014,74.1571387824,43.440213918
66,43400,74800,30700,3.44617964555,53.5974159099,43.511507034
67,43700,75200,30800,2.70503281282,40.3940817132,43.593074083
68,44000,75600,30900,3.7411841019,68.7394049625,43.663734912
69,44300,76000,31000,4.79160077494,42.0949323801,43.736176967
70,44600,84400,35100,3.90797274085,50.3921069954,52.462821006
71,44900,84800,35200,3.95398782234,45.9770169456,52.535218000
72,45200,85200,35300,3.66733201949,43.6328997231,52.607106924
73,45500,85600,35400,2.80541698147,41.7993933824,52.678006887
74,45800,86000,35500,3.41357824868,33.2207610345,52.750930070
75,46100,86400,35600,4.04352683276,42.1202704466,52.823215007
76,46400,86800,35700,3.3378524212,45.0817928539,52.896745920
77,46700,87200,35800,3.41166999284,44.7817466369,52.967736959
78,47000,87600,35900,3.7758648452,39.3006438718,53.040048122
79,47300,88000,36000,2.87757070599,39.6105497576,53.111797094
80,47600,96400,40100,3.15531093582,42.3435725454,61.607182025
81,47900,96800,40200,3.27600620865,61.1482531859,61.679047107
82,48200,97200,40300,3.4711718512,56.5149309835,61.75260305
83,48500,97600,40400,3.48322753811,45.8609399277,61.827373981
84,48800,98000,40500,2.81045311369,35.4360705994,61.902637958
85,49100,98400,40600,3.11563245064,71.8172599022,61.981086969
86,49400,98800,40700,3.3407225602,41.3100863432,62.059494972
87,49700,99200,40800,3.09781541564,41.6126137474,62.139081001
88,50000,99600,40900,3.29864144547,63.5822745079,62.218905925
89,50300,100000,41000,2.45386038761,36.8027678957,62.297147035
90,50600,108400,45100,2.55573880629,37.0194873951,70.795735120
91,50900,108800,45200,3.04447960081,53.1084986986,70.891276121
92,51200,109200,45300,3.13658517241,41.2164385247,70.96943807
93,51500,109600,45400,3.56488101154,54.5992070374,71.051831960
94,51800,110000,45500,2.48537246986,59.1866279235,71.13558411
95,52100,110400,45600,3.89343310772,62.1399764629,71.210362911
96,52400,110800,45700,3.65448645158,71.2624217913,71.290771007
97,52700,111200,45800,3.00492149861,48.0211507714,71.387301921
98,53000,111600,45900,3.12976933976,40.483472495,71.466839075
99,53300,112000,46000,2.44636660815,39.2551473565,71.538707017
100,53600,120400,50100,3.38234207743,56.2898286043,80.194169044
101,53900,120800,50200,2.89344281463,49.5531341867,80.267024040
102,54200,121200,50300,2.58137154913,39.9050134506,80.339937925
103,54500,121600,50400,2.58350095747,34.7308097354,80.410371065
104,54800,122000,50500,2.69415947209,35.053490112,80.484704971
105,55100,122400,50600,3.35936817506,56.3589428446,80.557745933
106,55400,122800,50700,3.51986950772,61.6064705845,80.62753009
107,55700,123200,50800,3.17344699606,70.3554287889,80.701061010
108,56000,123600,50900,3.06810168603,50.0278163837,80.773714065
109,56300,124000,51000,2.022658707,53.6933891015,80.848335027
110,56600,132400,55100,2.60213491438,37.6328266906,88.291857004
111,56900,132800,55200,3.10217663641,68.0253087001,88.369460105
112,57200,133200,55300,2.58873368742,51.0314082518,88.446772098
113,57500,133600,55400,2.85418278926,51.3078184237,88.524496078
114,57800,134000,55500,2.5841483592,48.9970423415,88.601296901
115,58100,134400,55600,1.62882803978,35.3586232715,88.678239107
116,58400,134800,55700,2.48748541162,44.1403959771,88.755342006
117,58700,135200,55800,3.00309823202,55.6701579733,88.832338094
118,59000,135600,55900,2.81030421639,45.7411995819,88.909620046
119,59300,136000,56000,2.4865645244,40.6743741072,88.986900091
120,59600,144400,60100,2.59361763763,42.7682992999,96.376768112
121,59900,144800,60200,2.38762157484,64.7023283063,96.452661037
122,60200,145200,60300,2.47620932624,38.7692986876,96.528563976
123,60500,145600,60400,2.20701247633,39.8226460653,96.604613065
124,60800,146000,60500,2.08265351347,43.003047848,96.681029081
125,61100,146400,60600,2.71997491959,53.0018771885,96.757316112
126,61400,146800,60700,2.44825207811,51.9913464404,96.833339929
127,61700,147200,60800,2.31403416877,45.5001803252,96.910974025
128,62000,147600,60900,2.35889395226,67.915635172,96.988482952
129,62300,148000,61000,1.86130974889,48.4904342715,97.065843105
130,62600,156400,65100,1.86466983466,44.3658767063,104.46093010
131,62900,156800,65200,1.6623981125,40.1612216637,104.53811502
132,63200,157200,65300,2.31799781494,47.8808718487,104.61548495
133,63500,157600,65400,2.64449166948,41.0751753735,104.69281911
134,63800,158000,65500,1.70709502128,45.1546102569,104.77291703
135,64100,158400,65600,2.3045791445,48.5777225502,104.84797811
136,64400,158800,65700,2.12527237403,55.0123601465,104.92224788
137,64700,159200,65800,1.97783313622,38.8326831389,104.9919810
138,65000,159600,65900,2.39768825363,43.9136658888,105.06597900
139,65300,160000,66000,2.36342833206,40.6371221114,105.14108800
140,65600,168400,70100,2.24014806889,51.7512635996,113.53155994
141,65900,168800,70200,2.04448334592,49.6880677378,113.63560700
142,66200,169200,70300,2.04680950472,45.6844589217,113.71027493
143,66500,169600,70400,2.25163740019,37.3065628174,113.79504704
144,66800,170000,70500,1.81004681777,59.5252159765,113.90260410
145,67100,170400,70600,1.73126778646,31.465507422,113.97745108
146,67400,170800,70700,1.6890790039,30.4631217538,114.04975795
147,67700,171200,70800,2.06868717538,48.1640844888,114.12174797
148,68000,171600,70900,2.12011772598,41.3596128395,114.19429111
149,68300,172000,71000,2.03984014855,50.3637709081,114.2669200
150,68600,180400,75100,1.80572753731,39.3895760858,122.88820409
151,68900,180800,75200,1.88628325511,40.5927348489,122.96059489
152,69200,181200,75300,2.40800045355,53.8624798453,123.03170704
153,69500,181600,75400,1.71173554634,43.2591171085,123.10320305
154,69800,182000,75500,1.61313451189,48.1860924694,123.17443990
155,70100,182400,75600,1.7587381864,41.3954573782,123.24930095
156,70400,182800,75700,1.80723315189,40.4387338597,123.34584093
157,70700,183200,75800,1.64248742391,52.2734158892,123.41717290
158,71000,183600,75900,1.89604416704,41.4292536972,123.49209499
159,71300,184000,76000,1.81380884963,37.905649059,123.56472396
160,71600,192400,80100,1.80264426645,40.73158429,131.59404110
161,71900,192800,80200,1.68175673014,74.76723092,131.67190504
162,72200,193200,80300,1.71166501487,39.2827668091,131.75051212
163,72500,193600,80400,1.78566972948,37.3332112216,131.82849001
164,72800,194000,80500,1.50286994234,52.8760016774,131.90653300
165,73100,194400,80600,1.47102957349,41.9886076414,131.98433995
166,73400,194800,80700,1.75660574992,38.9913227687,132.06193399
167,73700,195200,80800,1.66503103224,43.4051698371,132.13988304
168,74000,195600,80900,1.42657451502,45.6271589059,132.21775388
169,74300,196000,81000,1.78551769595,44.4446945689,132.29555606
170,74600,204400,85100,1.48217155083,37.1386590499,139.70008993
171,74900,204800,85200,1.45455607732,43.4311732697,139.77620410
172,75200,205200,85300,1.62081555918,45.9654039186,139.85215306
173,75500,205600,85400,1.66170230241,50.8221884151,139.92858600
174,75800,206000,85500,1.87089668617,74.9034166758,140.00450992
175,76100,206400,85600,1.83517337182,42.9425690939,140.08031892
176,76400,206800,85700,1.64983154272,44.6984459673,140.15645098
177,76700,207200,85800,1.609588847,52.9545855068,140.23239302
178,77000,207600,85900,1.63233608783,56.2313001704,140.30858111
179,77300,208000,86000,1.62273915247,57.0361725091,140.38412404
180,77600,216400,90100,1.83576027346,40.9682626192,147.76360607
181,77900,216800,90200,1.47809363404,33.3690736264,147.84122610
182,78200,217200,90300,1.80970821517,76.3589943876,147.91881704
183,78500,217600,90400,1.70445396798,51.0265651522,147.99602198
184,78800,218000,90500,1.63958346463,36.1513129362,148.07381200
185,79100,218400,90600,1.76886074601,46.268942457,148.15242290
186,79400,218800,90700,1.56177839518,44.1366937723,148.2296938
187,79700,219200,90800,1.57343747367,44.2665399496,148.31347107
188,80000,219600,90900,1.65358332839,42.5401033406,148.39214301
189,80300,220000,91000,1.47900295132,38.6762522969,148.47066998
190,80600,228400,95100,1.5422560445,56.6142322128,155.86283898
191,80900,228800,95200,1.40930258138,39.0299075912,155.94052004
192,81200,229200,95300,1.51540460786,37.3376686875,156.01657009
193,81500,229600,95400,1.44805476037,53.4712077082,156.09215688
194,81800,230000,95500,1.60413015758,62.2914030447,156.16796588
195,82100,230400,95600,1.64049041904,90.6718306353,156.2439920
196,82400,230800,95700,1.6948430873,57.0893579637,156.32044601
197,82700,231200,95800,1.46655786904,28.9202179527,156.39638996
198,83000,231600,95900,1.74573505947,43.3892596135,156.47218799
199,83300,232000,96000,1.61164879783,55.5244980067,156.54839992
200,83600,240400,100100,1.75608595492,43.274700671,163.94789910
201,83900,240800,100200,1.59216933794,30.7322921708,164.02598500
202,84200,241200,100300,1.42193944826,30.1717200952,164.10333991
203,84500,241600,100400,1.65334487452,53.5567304964,164.18086504
204,84800,242000,100500,1.31347278035,68.3454978001,164.2581350
205,85100,242400,100600,1.50290613584,52.4545853476,164.33525109
206,85400,242800,100700,1.58336660825,33.6310218966,164.41238093
207,85700,243200,100800,1.66415275314,41.5620975978,164.48961496
208,86000,243600,100900,1.43399196359,33.4807453825,164.56662297
209,86300,244000,101000,2.07992828554,57.6292127449,164.64343404
210,86600,252400,105100,1.58413925077,38.8462110643,172.01320600
211,86900,252800,105200,1.339784807,52.928885594,172.08934497
212,87200,253200,105300,1.61270409663,53.8505633022,172.16579103
213,87500,253600,105400,1.51206976925,49.0090955649,172.24191498
214,87800,254000,105500,1.4114879045,43.2348820895,172.31980490
215,88100,254400,105600,1.331462092,33.7887640481,172.39738202
216,88400,254800,105700,1.40352893877,36.5001765288,172.47420501
217,88700,255200,105800,1.47438406821,45.7081314504,172.5505490
218,89000,255600,105900,1.44158786645,43.3067391872,172.6286740
219,89300,256000,106000,1.63465883523,55.6328066642,172.70625591
220,89600,264400,110100,1.3133163501,49.803568013,180.14893794
221,89900,264800,110200,1.13249575114,32.9799660086,180.22793197
222,90200,265200,110300,1.38479255919,40.4388204566,180.30534291
223,90500,265600,110400,1.69908284445,48.722162965,180.38277697
224,90800,266000,110500,1.54014834842,50.6031541027,180.45978999
225,91100,266400,110600,1.23629833108,30.2297714428,180.53648495
226,91400,266800,110700,1.26416004048,29.2632549008,180.61318397
227,91700,267200,110800,1.49703357675,41.9466317225,180.68999195
228,92000,267600,110900,1.50360575831,53.9963914044,180.76695609
229,92300,268000,111000,1.40533461892,40.3432047473,180.84403395
230,92600,276400,115100,1.47969057557,37.2823797956,188.72748398
231,92900,276800,115200,1.30071305889,35.0907556265,188.80033898
232,93200,277200,115300,1.61681364046,34.9772084766,188.87180495
233,93500,277600,115400,1.37083471394,37.0583692879,188.94424104
234,93800,278000,115500,1.28508703934,33.644250885,189.01670193
235,94100,278400,115600,1.45382265587,40.5313668243,189.08910489
236,94400,278800,115700,1.19996057571,36.7247562531,189.16051292
237,94700,279200,115800,1.55092680108,50.0296110354,189.23347091
238,95000,279600,115900,1.29602848362,49.6812296199,189.30619001
239,95300,280000,116000,1.21437549806,34.2956373649,189.37712907
240,95600,288400,120100,1.37902390066,45.1923012072,197.53810310
241,95900,288800,120200,1.33809959818,35.3744610587,197.60911989
242,96200,289200,120300,1.40195295194,44.4177773454,197.67902803
243,96500,289600,120400,1.23687331638,31.1178836884,197.74890589
244,96800,290000,120500,1.60706230447,52.0879871931,197.82082390
245,97100,290400,120600,1.16870195151,41.7372998149,197.8914420
246,97400,290800,120700,1.19285528738,39.9175172585,197.96341705
247,97700,291200,120800,1.26693683393,36.382779873,198.03322792
248,98000,291600,120900,1.29814259863,37.5425998929,198.10331797
249,98300,292000,121000,1.40691710232,45.8373832106,198.17339992
250,98600,300400,125100,1.32165720491,44.686754904,206.41811704
251,98900,300800,125200,1.64681853179,51.5264730366,206.49201703
252,99200,301200,125300,1.34573962162,40.1590722927,206.56559205
253,99500,301600,125400,1.37171584359,31.5658829373,206.63746
254,99800,302000,125500,1.43036361969,43.2758757757,206.71038007
255,100100,302400,125600,1.43007449672,59.3834152377,206.78389811
256,100400,302800,125700,1.58195896845,33.3688348133,206.85509395
257,100700,303200,125800,1.35151559488,32.29017288,206.92705392
258,101000,303600,125900,1.14303983127,40.8169065234,206.99770307
259,101300,304000,126000,1.43480864111,42.2745619452,207.06947588
260,101600,312400,130100,1.52177606777,41.355921034,215.21768593
261,101900,312800,130200,1.32916991517,37.20152969,215.28806996
262,102200,313200,130300,1.17818784407,37.2455943238,215.35837006
263,102500,313600,130400,1.31609478006,48.2979191354,215.42841196
264,102800,314000,130500,1.25195672577,38.9623248271,215.49837803
265,103100,314400,130600,1.28346050036,25.0447725936,215.56853890
266,103400,314800,130700,1.33502334058,29.7441372719,215.63909292
267,103700,315200,130800,1.26083812954,35.8516427731,215.71053910
268,104000,315600,130900,1.514179005,41.660410145,215.78358101
269,104300,316000,131000,1.0676707846,44.7074272582,215.85656309
270,104600,324400,135100,1.31972782552,38.5327531046,224.05559611
271,104900,324800,135200,1.25721252955,30.2950733612,224.12640595
272,105200,325200,135300,1.27068031397,37.0106247217,224.19687008
273,105500,325600,135400,1.42896396805,36.264177062,224.26797103
274,105800,326000,135500,1.38457141525,44.9278305511,224.33854007
275,106100,326400,135600,1.24417299687,56.1525328811,224.40914893
276,106400,326800,135700,1.29002856381,32.9629223812,224.479849
277,106700,327200,135800,1.25543074132,49.8869193102,224.55067205
278,107000,327600,135900,1.31528601715,40.099244285,224.62140107
279,107300,328000,136000,1.35669501362,51.4399076398,224.69212603
280,107600,336400,140100,1.45744808795,46.0280666794,233.57517409
281,107900,336800,140200,1.42662111818,39.7991874582,233.64837789
282,108200,337200,140300,1.23050493155,48.5202434043,233.73464989
283,108500,337600,140400,1.37901923928,62.1860645645,233.83971190
284,108800,338000,140500,1.21999724323,35.4075285189,233.91814708
285,109100,338400,140600,1.56401641711,37.0666389923,234.03863000
286,109400,338800,140700,1.51550871457,37.8350454557,234.1114780
287,109700,339200,140800,1.45970921188,31.890336003,234.18569111
288,110000,339600,140900,1.22359184692,55.0795150163,234.25882506
289,110300,340000,141000,1.3459815245,55.6556317552,234.33747696
290,110600,348400,145100,1.31792039332,42.5888094569,242.06105089
291,110900,348800,145200,1.18192754546,41.8948702943,242.13138794
292,111200,349200,145300,1.33230427313,89.7261566943,242.20128798
293,111500,349600,145400,1.16636616624,39.2017930658,242.27134704
294,111800,350000,145500,1.33099904366,44.8463604794,242.34123110
295,112100,350400,145600,1.44779763079,57.3763682874,242.41077899
296,112400,350800,145700,1.32517415104,39.5733090699,242.48863697
297,112700,351200,145800,1.36836576716,39.3146604482,242.56846189
298,113000,351600,145900,1.29800922396,45.3860033687,242.6492440
299,113300,352000,146000,1.19933566961,22.4558916069,242.72754406
300,113600,360400,150100,1.36336231323,41.5836354585,251.03601002
301,113900,360800,150200,1.37719185024,38.8173517197,251.10699009
302,114200,361200,150300,1.23832596464,36.8865678325,251.17879700
303,114500,361600,150400,1.19539606414,53.9084202759,251.24966311
304,114800,362000,150500,1.17045534847,27.9375799145,251.32046103
305,115100,362400,150600,1.12303631109,44.2259341481,251.39129400
306,115400,362800,150700,1.12837869198,32.7518736004,251.46205592
307,115700,363200,150800,1.39293588692,56.6557088131,251.53282499
308,116000,363600,150900,1.32514512813,61.3458419756,251.60340690
309,116300,364000,151000,1.17602354064,24.0748590577,251.67370510
310,116600,372400,155100,1.34781079133,46.7727649034,259.45762395
311,116900,372800,155200,1.34665049043,43.7658321071,259.50117301
312,117200,373200,155300,1.62104647815,67.226900847,259.54554390
313,117500,373600,155400,1.27645878856,46.6094335752,259.58920097
314,117800,374000,155500,1.28223923275,35.3358615559,259.63370704
315,118100,374400,155600,1.10070844832,29.5050835476,259.68304896
316,118400,374800,155700,1.24998443566,41.9018140089,259.72689890
317,118700,375200,155800,1.63781855051,45.960631149,259.7720580
318,119000,375600,155900,1.16734197,53.2962903808,259.81734609
319,119300,376000,156000,1.3072966309,50.3369196004,259.86212992
320,119600,384400,160100,1.14785608049,37.5070617534,265.83792710
321,119900,384800,160200,1.39256242763,49.5978087027,265.88227105
322,120200,385200,160300,1.25322831277,35.3603747102,265.92825102
323,120500,385600,160400,1.27789874344,32.3699422264,265.97155189
324,120800,386000,160500,1.19207217005,35.7203357717,266.01546311
325,121100,386400,160600,1.26763472331,37.7336296311,266.07552409
326,121400,386800,160700,1.28335188117,30.6293994296,266.12682104
327,121700,387200,160800,1.32963947899,39.808420848,266.17606806
328,122000,387600,160900,1.44136416396,43.5609757215,266.22019004
329,122300,388000,161000,1.19891403983,31.3144753623,266.26352596
330,122600,396400,165100,1.16512519723,34.4399839779,271.91188311
331,122900,396800,165200,1.13478381101,37.3977808329,271.96786689
332,123200,397200,165300,1.23583354334,30.3327338991,272.01307606
333,123500,397600,165400,1.43606629936,49.6347896654,272.05935692
334,123800,398000,165500,1.13786694939,40.3730444962,272.10906910
335,124100,398400,165600,1.18376566239,37.9760598171,272.16022896
336,124400,398800,165700,1.27381521261,25.1649377796,272.21066093
337,124700,399200,165800,1.12526436243,36.1720201701,272.27945995
338,125000,399600,165900,1.2898699609,50.8551095452,272.3286180
339,125300,400000,166000,1.16993223841,45.7489943207,272.37508702
340,125600,408400,170100,1.20952396741,32.2237648365,278.13949608
341,125900,408800,170200,1.25727598148,49.9258207622,278.18739700
342,126200,409200,170300,1.38484456675,37.7852768109,278.22960209
343,126500,409600,170400,1.15517493632,29.4600857185,278.29755210
344,126800,410000,170500,1.40161695645,42.2389315606,278.34466004
345,127100,410400,170600,1.16961527443,33.8967027199,278.39078807
346,127400,410800,170700,1.19915322267,27.6879120632,278.43893694
347,127700,411200,170800,1.17219791655,44.9223824734,278.49784803
348,128000,411600,170900,1.24625290654,42.7333711101,278.54462504
349,128300,412000,171000,1.50453880636,31.9265704561,278.59143400
350,128600,420400,175100,1.17602486203,31.2251246939,284.17565798
351,128900,420800,175200,1.3871149002,31.7737491823,284.22440409
352,129200,421200,175300,1.05484286421,36.3954145981,284.2793428
353,129500,421600,175400,1.34855649687,55.2488349352,284.32891297
354,129800,422000,175500,1.20152030264,49.9293579462,284.37453699
355,130100,422400,175600,1.39627041139,58.271501354,284.42053508
356,130400,422800,175700,1.09953794226,40.8083087351,284.46527504
357,130700,423200,175800,1.11049283818,32.8128785385,284.51144695
358,131000,423600,175900,1.22945121732,40.7055433745,284.55631208
359,131300,424000,176000,1.24681266756,40.0754821285,284.60181593
360,131600,432400,180100,1.27507552548,48.8925439103,290.25706410
361,131900,432800,180200,1.22869128996,70.6934555522,290.33373999
362,132200,433200,180300,1.25586857767,33.1228580789,290.41187310
363,132500,433600,180400,1.39630274323,59.8771392894,290.48469591
364,132800,434000,180500,1.23115715435,52.1032577899,290.56339001
365,133100,434400,180600,1.35256739904,35.9268207229,290.64232802
366,133400,434800,180700,1.29153404388,45.8921695539,290.6996650
367,133700,435200,180800,1.21650071081,38.9101360627,290.75315189
368,134000,435600,180900,1.33427885981,47.8316670277,290.8070590
369,134300,436000,181000,1.19562049732,40.2127410533,290.85608911
370,134600,444400,185100,1.32474459133,31.682278731,296.68414306
371,134900,444800,185200,1.20084654103,28.7252547252,296.73070406
372,135200,445200,185300,1.12706904845,39.2723045593,296.77561402
373,135500,445600,185400,1.47620333994,59.2829727482,296.82317495
374,135800,446000,185500,1.26388686213,45.7514067518,296.86829590
375,136100,446400,185600,1.22622286089,45.8233513803,296.91433501
376,136400,446800,185700,1.15976251171,39.7426581746,296.9609270
377,136700,447200,185800,1.22034293045,42.6510871726,297.00601601
378,137000,447600,185900,1.25939315836,42.2410718103,297.05144500
379,137300,448000,186000,1.23811787444,40.4560979931,297.09649300
380,137600,456400,190100,1.0325746634,36.8874800752,302.59600496
381,137900,456800,190200,1.22895860435,49.7028442481,302.64108204
382,138200,457200,190300,1.28733417485,32.2842381292,302.68720412
383,138500,457600,190400,1.23826838045,41.9029973961,302.73263001
384,138800,458000,190500,1.12412958056,30.7896645789,302.77843403
385,139100,458400,190600,1.33658603621,23.9285810081,302.8230910
386,139400,458800,190700,1.24131378623,36.5609265558,302.86972498
387,139700,459200,190800,1.19341358389,25.4201916419,302.91324400
388,140000,459600,190900,1.19620949552,41.4561362882,302.95790910
389,140300,460000,191000,1.19831132676,38.1874321583,303.00117611
390,140600,468400,195100,1.29196558874,44.4900735282,308.81416201
391,140900,468800,195200,1.07632714987,41.3434222642,308.85951805
392,141200,469200,195300,1.24120488712,39.6584459485,308.90573692
393,141500,469600,195400,1.21356530614,42.3719220566,308.94998693
394,141800,470000,195500,1.14982974116,38.3220413242,308.99583411
395,142100,470400,195600,1.24761087974,27.1935197336,309.04272103
396,142400,470800,195700,1.18633936992,47.1178537355,309.08781290
397,142700,471200,195800,1.32316885824,35.0075803227,309.13622593
398,143000,471600,195900,1.23940041417,57.0271977616,309.18320894
399,143300,472000,196000,1.17678774922,39.9067245577,309.22901701
400,143600,480400,200100,1.21108179212,42.0516672654,315.29024100
401,143900,480800,200200,1.20051533095,36.1454747981,315.33470010
402,144200,481200,200300,1.14785957607,49.9850080735,315.3799419
403,144500,481600,200400,1.41134322487,45.0095406697,315.42402410
404,144800,482000,200500,1.2857684276,43.2121193789,315.47409391
405,145100,482400,200600,1.05670167961,33.4317982723,315.51881694
406,145400,482800,200700,1.09683606227,41.6849520743,315.56444811
407,145700,483200,200800,1.19421579569,40.1232447239,315.60857510
408,146000,483600,200900,1.23417884912,35.085766093,315.65365910
409,146300,484000,201000,1.2336711707,34.8046236005,315.69779205
410,146600,492400,205100,1.20384505696,42.9728843723,321.14231109
411,146900,492800,205200,1.18898069212,43.0008671168,321.18760299
412,147200,493200,205300,1.31309286996,34.9581895641,321.23082804
413,147500,493600,205400,1.06621401542,33.109615816,321.27539300
414,147800,494000,205500,1.24718171321,49.0696250397,321.32146811
415,148100,494400,205600,1.27752455143,47.4190083119,321.36501908
416,148400,494800,205700,1.18275878865,40.2196181719,321.40907597
417,148700,495200,205800,1.12010694292,36.1052199528,321.45433211
418,149000,495600,205900,1.22649652894,37.6288965441,321.49945306
419,149300,496000,206000,1.35357217052,52.4237890902,321.54268598
420,149600,504400,210100,1.20917425923,31.7211544091,327.15436792
421,149900,504800,210200,1.20866277952,39.3722749284,327.20782494
422,150200,505200,210300,1.12348400717,36.9997567496,327.26477408
423,150500,505600,210400,1.09487849513,36.954811988,327.31669306
424,150800,506000,210500,1.17406357211,40.0837096796,327.36466693
425,151100,506400,210600,1.12357237889,46.2853325526,327.41182708
426,151400,506800,210700,1.2566474321,30.4266576438,327.4650819
427,151700,507200,210800,1.28276100751,41.0773879956,327.51220607
428,152000,507600,210900,1.14104741385,44.0060899091,327.55843305
429,152300,508000,211000,1.11105930927,26.4189056739,327.60320210
430,152600,516400,215100,1.13815325519,37.2940431452,333.24251508
431,152900,516800,215200,1.35040434174,38.1152538796,333.30552196
432,153200,517200,215300,1.10919404874,31.6181872585,333.35129809
433,153500,517600,215400,1.17244916685,37.3954119758,333.39853191
434,153800,518000,215500,1.0610062584,37.4832179208,333.44155192
435,154100,518400,215600,1.13919524924,46.2261080325,333.48587608
436,154400,518800,215700,1.10386958239,25.3851396916,333.52846002
437,154700,519200,215800,1.21214436806,31.8893101859,333.57767200
438,155000,519600,215900,1.21912575586,29.382129557,333.62041711
439,155300,520000,216000,1.1956371629,43.8482796803,333.66352391
440,155600,528400,220100,1.28451018823,38.9267574382,339.34602594
441,155900,528800,220200,1.12509945637,31.7976873166,339.39135098
442,156200,529200,220300,1.19439348795,28.8189592906,339.44143390
443,156500,529600,220400,1.20323105166,48.1025204882,339.48625206
444,156800,530000,220500,1.08260388297,36.4628461949,339.53330397
445,157100,530400,220600,1.28461862637,36.5099680231,339.57887506
446,157400,530800,220700,1.07270461286,43.8218540248,339.62907409
447,157700,531200,220800,1.16498481552,29.6322814072,339.68557691
448,158000,531600,220900,1.5193268583,41.4291906816,339.73579001
449,158300,532000,221000,1.06475846568,41.9976725257,339.78482508
450,158600,540400,225100,1.21171020468,31.9666941608,345.57032203
451,158900,540800,225200,1.19520197071,50.6883402856,345.61674499
452,159200,541200,225300,1.11816454676,39.3915880449,345.6623740
453,159500,541600,225400,1.09758331677,32.6837742816,345.70642709
454,159800,542000,225500,1.06818046254,50.8837047274,345.75057792
455,160100,542400,225600,1.29822467335,53.6588626409,345.79734206
456,160400,542800,225700,1.14959317286,43.0456976072,345.84123992
457,160700,543200,225800,1.17977012565,35.6056637394,345.88614702
458,161000,543600,225900,1.1896031999,24.6375583942,345.93177008
459,161300,544000,226000,1.31460354502,42.0789140632,345.97769403
460,161600,552400,230100,1.15280212225,31.7961743608,351.77048993
461,161900,552800,230200,1.27621127356,45.1078560929,351.8158800
462,162200,553200,230300,1.16641247007,39.3850983698,351.8598980
463,162500,553600,230400,1.22670259481,52.6348514338,351.90455508
464,162800,554000,230500,1.09591075086,43.1016363,351.95006704
465,163100,554400,230600,1.31110167966,34.1469721104,351.99525904
466,163400,554800,230700,1.32170108578,44.8836236219,352.04212093
467,163700,555200,230800,1.26165842449,41.3930369032,352.08842992
468,164000,555600,230900,1.13934430582,35.8380597381,352.13325309
469,164300,556000,231000,1.06646634725,38.8692891775,352.17836999
470,164600,564400,235100,1.36787151705,32.0760938787,357.92005109
471,164900,564800,235200,1.06598050636,35.3179711438,357.96643495
472,165200,565200,235300,1.12795724317,44.9172282094,358.00979590
473,165500,565600,235400,1.24035612384,33.0391576862,358.06184911
474,165800,566000,235500,1.04791199792,28.2582946475,358.11596298
475,166100,566400,235600,1.04115077616,32.2472616502,358.16376304
476,166400,566800,235700,1.11065352275,48.4080590879,358.21040892
477,166700,567200,235800,1.04088177035,33.2846464872,358.26247000
478,167000,567600,235900,1.22925563462,33.0142379637,358.31900811
479,167300,568000,236000,1.13308192994,41.0817915742,358.37510895
480,167600,576400,240100,1.23636986069,43.0940137241,363.70405292
481,167900,576800,240200,1.2374185546,35.1027822656,363.74840402
482,168200,577200,240300,1.16986998673,46.8335266048,363.79393601
483,168500,577600,240400,1.12439239975,45.9046312836,363.83840990
484,168800,578000,240500,1.08996141706,41.1548199753,363.88374209
485,169100,578400,240600,1.19657183205,41.3357333019,363.92783188
486,169400,578800,240700,1.36573253536,45.6133486015,363.97291898
487,169700,579200,240800,1.17995278682,36.5767516208,364.01743698
488,170000,579600,240900,1.13464551962,32.624574801,364.0611250
489,170300,580000,241000,1.48675567328,42.038079109,364.10550689
490,170600,588400,245100,1.20599234952,38.106425134,369.53479695
491,170900,588800,245200,1.10029001969,30.0724620631,369.57829308
492,171200,589200,245300,1.06063845127,42.630436447,369.62209701
493,171500,589600,245400,1.27109079916,32.8145540611,369.6659319
494,171800,590000,245500,1.14235120601,34.5751213884,369.70860910
495,172100,590400,245600,1.32154467544,40.2112571559,369.752005
496,172400,590800,245700,0.997282911134,30.6868907043,369.79529595
497,172700,591200,245800,1.20974211293,33.7969089184,369.83860492
498,173000,591600,245900,1.19429593815,30.843116869,369.88294601
499,173300,592000,246000,1.0935095812,37.9037678236,369.92813992
500,173600,600400,250100,1.20592881877,36.9227163564,375.35891795
